[
  [
    1597017600000,
    21.712316257960904
  ],
  [
    1597104000000,
    21.712316257960904
  ],
  [
    1597276800000,
    1131.883322406352
  ],
  [
    1597363200000,
    61.81886767213518
  ],
  [
    1597449600000,
    97.23344566579452
  ],
  [
    1597536000000,
    97.23344566579452
  ],
  [
    1597622400000,
    8.755715802387178
  ],
  [
    1597708800000,
    8.755715802387178
  ],
  [
    1597795200000,
    606.2281771580856
  ],
  [
    1597881600000,
    292.0156086361931
  ],
  [
    1597968000000,
    523.8609461757741
  ],
  [
    1598054400000,
    30505.31501676096
  ],
  [
    1598486400000,
    5078.841297487607
  ],
  [
    1598572800000,
    5078.841297487607
  ],
  [
    1598918400000,
    133.55227043486914
  ],
  [
    1599004800000,
    133.55227043486914
  ],
  [
    1599091200000,
    19657.594928166036
  ],
  [
    1599350400000,
    279.58263510070236
  ],
  [
    1599436800000,
    279.58263510070236
  ],
  [
    1599523200000,
    129.35383938867508
  ],
  [
    1599609600000,
    1042.0547203162605
  ],
  [
    1599696000000,
    1042.0547203162605
  ],
  [
    1599782400000,
    1070.306114410936
  ],
  [
    1599868800000,
    2.44864655187435
  ],
  [
    1600732800000,
    1331.9199443290834
  ],
  [
    1600819200000,
    1331.9199443290834
  ],
  [
    1601596800000,
    141.74435847629056
  ],
  [
    1601683200000,
    141.74435847629056
  ],
  [
    1601942400000,
    713.5536545086578
  ],
  [
    1602028800000,
    713.5536545086578
  ],
  [
    1602115200000,
    658.2133524332263
  ],
  [
    1602201600000,
    774.2140740972561
  ],
  [
    1602288000000,
    774.2140740972561
  ],
  [
    1602374400000,
    796.3343231204742
  ],
  [
    1602460800000,
    525.8397165704702
  ],
  [
    1602547200000,
    99.48569085681177
  ],
  [
    1602979200000,
    1.7174777299115556
  ],
  [
    1603065600000,
    1.7174777299115556
  ],
  [
    1603152000000,
    3.9760735100074447
  ],
  [
    1603238400000,
    128.82121743698355
  ],
  [
    1603584000000,
    1493.9167611427674
  ],
  [
    1603670400000,
    1493.9167611427674
  ],
  [
    1603756800000,
    386.8232087652501
  ],
  [
    1603843200000,
    541.4520052228071
  ],
  [
    1603929600000,
    64.73396236599261
  ],
  [
    1604016000000,
    1.8660319271325831
  ],
  [
    1604102400000,
    1.8660319271325831
  ],
  [
    1604448000000,
    60.37911795099696
  ],
  [
    1604534400000,
    60.37911795099696
  ],
  [
    1604620800000,
    798.020050778841
  ],
  [
    1604707200000,
    390.4639566573701
  ],
  [
    1604793600000,
    3.857243912142253
  ],
  [
    1604880000000,
    1.8903323330286947
  ],
  [
    1606176000000,
    4.447299826150349
  ],
  [
    1606262400000,
    4.447299826150349
  ],
  [
    1606348800000,
    623.7977448094128
  ],
  [
    1606435200000,
    623.7977448094128
  ],
  [
    1606694400000,
    1.3645003699219012
  ],
  [
    1606780800000,
    1.3645003699219012
  ],
  [
    1607040000000,
    2.6135149768486494
  ],
  [
    1607126400000,
    2.6135149768486494
  ],
  [
    1607212800000,
    2.5996963530658785
  ],
  [
    1607299200000,
    5.031719201414454
  ],
  [
    1607385600000,
    5.031719201414454
  ],
  [
    1607731200000,
    10.747037472722987
  ],
  [
    1607817600000,
    10.747037472722987
  ],
  [
    1608508800000,
    7.252575468640767
  ],
  [
    1608595200000,
    7.252575468640767
  ],
  [
    1608681600000,
    1329.3094931839278
  ],
  [
    1608768000000,
    833.3070615775299
  ],
  [
    1609459200000,
    336.8890814015298
  ],
  [
    1609545600000,
    336.8890814015298
  ],
  [
    1609632000000,
    1.3197462115171446
  ],
  [
    1611619200000,
    215.51220361377085
  ],
  [
    1611705600000,
    215.51220361377085
  ],
  [
    1611792000000,
    13832.050056728835
  ],
  [
    1611878400000,
    240.6529517150099
  ],
  [
    1612137600000,
    99.70025406363507
  ],
  [
    1612224000000,
    99.70025406363507
  ],
  [
    1612310400000,
    212.9040397027518
  ],
  [
    1612742400000,
    697.1130697726253
  ],
  [
    1612828800000,
    697.1130697726253
  ],
  [
    1612915200000,
    1280.4683319605012
  ],
  [
    1613001600000,
    1280.4683319605012
  ],
  [
    1613088000000,
    309.0665106011097
  ],
  [
    1613174400000,
    42.771083482972834
  ],
  [
    1613347200000,
    132.7622007159601
  ],
  [
    1613433600000,
    132.7622007159601
  ],
  [
    1613520000000,
    132.48900888915543
  ],
  [
    1613606400000,
    17.260994927254668
  ],
  [
    1613692800000,
    512.3429228835255
  ],
  [
    1613779200000,
    512.3429228835255
  ],
  [
    1613865600000,
    23570.520180476084
  ],
  [
    1613952000000,
    23570.520180476084
  ],
  [
    1614038400000,
    141.8286368450534
  ],
  [
    1614124800000,
    2462.980759539468
  ],
  [
    1614211200000,
    566.4832105422371
  ],
  [
    1614297600000,
    1415.536478360438
  ],
  [
    1614384000000,
    43.76901753880885
  ],
  [
    1614470400000,
    131.4816646379839
  ],
  [
    1614556800000,
    12.73440835920237
  ],
  [
    1614643200000,
    12.73440835920237
  ],
  [
    1614729600000,
    31.88314745633022
  ],
  [
    1614988800000,
    1.9478327734717427
  ],
  [
    1615075200000,
    1.9478327734717427
  ],
  [
    1615161600000,
    138.875
  ],
  [
    1615248000000,
    9319.340430669821
  ],
  [
    1615334400000,
    9319.340430669821
  ],
  [
    1615420800000,
    185.8815640353064
  ],
  [
    1615507200000,
    71.84227333058827
  ],
  [
    1615593600000,
    71.84227333058827
  ],
  [
    1615680000000,
    148.11783287976823
  ],
  [
    1615766400000,
    148.11783287976823
  ],
  [
    1615852800000,
    177.87449038952005
  ],
  [
    1615939200000,
    177.87449038952005
  ],
  [
    1616025600000,
    31.752327951546928
  ],
  [
    1616112000000,
    24.382185846588033
  ],
  [
    1616198400000,
    24.382185846588033
  ],
  [
    1616284800000,
    8.40111436183506
  ],
  [
    1616371200000,
    3775.351143000034
  ],
  [
    1616457600000,
    81.0537147930371
  ],
  [
    1616544000000,
    40.3821616533133
  ],
  [
    1617062400000,
    42.90336878991221
  ],
  [
    1617148800000,
    42.90336878991221
  ],
  [
    1617235200000,
    1470.1835547965522
  ],
  [
    1617321600000,
    1.94556
  ],
  [
    1617408000000,
    6.151526622987381
  ],
  [
    1617494400000,
    34.59357043661973
  ],
  [
    1617580800000,
    30.966386278208393
  ],
  [
    1617667200000,
    14954.086518258371
  ],
  [
    1617753600000,
    8.491956324582105
  ],
  [
    1617840000000,
    12486.676869236304
  ],
  [
    1617926400000,
    101.66010653809795
  ],
  [
    1618012800000,
    137.62610505389677
  ],
  [
    1618099200000,
    137.62610505389677
  ],
  [
    1618358400000,
    0.930999023071248
  ],
  [
    1618444800000,
    0.930999023071248
  ],
  [
    1618531200000,
    109.92145282500604
  ],
  [
    1618704000000,
    2338.307377478559
  ],
  [
    1618790400000,
    2338.307377478559
  ],
  [
    1618876800000,
    0.1694004748844468
  ],
  [
    1619049600000,
    310.8773764764439
  ],
  [
    1619136000000,
    310.8773764764439
  ],
  [
    1619222400000,
    106705.04718785486
  ],
  [
    1619308800000,
    146.61811230693567
  ],
  [
    1619481600000,
    611.7309695606787
  ],
  [
    1619568000000,
    611.7309695606787
  ],
  [
    1619740800000,
    588.440633941255
  ],
  [
    1619827200000,
    588.440633941255
  ],
  [
    1619913600000,
    2.5026587017358333
  ],
  [
    1620086400000,
    33030.656243584766
  ],
  [
    1620172800000,
    33030.656243584766
  ],
  [
    1620259200000,
    15.865871833319222
  ],
  [
    1620345600000,
    7.719010337499832
  ],
  [
    1620432000000,
    5.135582579841931
  ],
  [
    1620604800000,
    115551.16565130961
  ],
  [
    1620691200000,
    115551.16565130961
  ],
  [
    1620777600000,
    17342.418421126484
  ],
  [
    1620864000000,
    151502.11962993085
  ],
  [
    1620950400000,
    151502.11962993085
  ],
  [
    1621036800000,
    0.18054042850084223
  ],
  [
    1621123200000,
    0.17289113985283155
  ],
  [
    1621382400000,
    1.5703114709990182
  ],
  [
    1621468800000,
    1.5703114709990182
  ],
  [
    1621555200000,
    10.21780703056571
  ],
  [
    1621900800000,
    30.593947925049125
  ],
  [
    1621987200000,
    30.593947925049125
  ],
  [
    1622592000000,
    744.9472001815484
  ],
  [
    1622678400000,
    744.9472001815484
  ],
  [
    1622764800000,
    716.3549213002399
  ],
  [
    1622851200000,
    8.557999608526092
  ],
  [
    1622937600000,
    405.2232391060733
  ],
  [
    1623024000000,
    8.576024254946581
  ],
  [
    1623110400000,
    34.34737279439062
  ],
  [
    1623196800000,
    8.380397913057454
  ],
  [
    1623283200000,
    25.13094514505294
  ],
  [
    1623369600000,
    8.14082148319783
  ],
  [
    1623456000000,
    10626.507120188935
  ],
  [
    1623542400000,
    10626.507120188935
  ],
  [
    1623628800000,
    8.217519219730185
  ],
  [
    1623715200000,
    8.578691960512835
  ],
  [
    1623801600000,
    8.931498465663335
  ],
  [
    1623888000000,
    564.7155838018426
  ],
  [
    1623974400000,
    727.94106
  ],
  [
    1625443200000,
    1.3212686282977553
  ],
  [
    1625529600000,
    1.3212686282977553
  ],
  [
    1626825600000,
    610.0539765023512
  ],
  [
    1626912000000,
    610.0539765023512
  ],
  [
    1626998400000,
    27898.286287607094
  ],
  [
    1627084800000,
    28245.6910497721
  ],
  [
    1627776000000,
    8486.538715467486
  ],
  [
    1627862400000,
    8486.538715467486
  ],
  [
    1627948800000,
    1527.8060551114816
  ],
  [
    1628035200000,
    943.1010730863309
  ],
  [
    1628121600000,
    365.3696954106809
  ],
  [
    1628208000000,
    365.3696954106809
  ],
  [
    1628467200000,
    5087.255175306143
  ],
  [
    1628553600000,
    5087.255175306143
  ],
  [
    1628640000000,
    2105.6180895214748
  ],
  [
    1628726400000,
    2107.3275586458294
  ],
  [
    1628812800000,
    892.1598688536436
  ],
  [
    1628899200000,
    466.252
  ],
  [
    1628985600000,
    0.8837270753761782
  ],
  [
    1629072000000,
    37.76485283999613
  ],
  [
    1629244800000,
    13.653338938291299
  ],
  [
    1629331200000,
    13.653338938291299
  ],
  [
    1629590400000,
    84.711705
  ],
  [
    1629676800000,
    84.711705
  ],
  [
    1629763200000,
    485.1802373409351
  ],
  [
    1629849600000,
    2047.4910636933278
  ],
  [
    1629936000000,
    2176.52453368155
  ],
  [
    1630022400000,
    2086.88676839494
  ],
  [
    1630195200000,
    388.1261334583378
  ],
  [
    1630281600000,
    388.1261334583378
  ],
  [
    1630368000000,
    10.146793337233655
  ],
  [
    1630454400000,
    20.51699903981095
  ],
  [
    1630540800000,
    10.340116230359918
  ]
]