[
  [
    1624665600000,
    48.019658974554076
  ],
  [
    1624752000000,
    48.019658974554076
  ],
  [
    1624838400000,
    49.265519630397534
  ],
  [
    1624924800000,
    50.08156627599542
  ],
  [
    1625011200000,
    50.49029370061591
  ],
  [
    1625097600000,
    46.94364367235457
  ],
  [
    1625184000000,
    48.701912061950026
  ],
  [
    1625270400000,
    48.701912061950026
  ],
  [
    1625356800000,
    49.257796894533925
  ],
  [
    1625443200000,
    50.30138414991684
  ],
  [
    1625529600000,
    51.38319228715542
  ],
  [
    1625616000000,
    51.38319228715542
  ],
  [
    1625702400000,
    50.146246450094345
  ],
  [
    1625788800000,
    51.151040164030135
  ],
  [
    1626048000000,
    49.895148074348036
  ],
  [
    1626134400000,
    49.895148074348036
  ],
  [
    1626220800000,
    49.837096298270744
  ],
  [
    1626393600000,
    47.886199852471655
  ],
  [
    1626480000000,
    47.886199852471655
  ],
  [
    1626566400000,
    48.5934393999528
  ],
  [
    1626652800000,
    49.04573992199565
  ],
  [
    1626739200000,
    49.637400152975296
  ],
  [
    1626825600000,
    49.44087415228183
  ],
  [
    1626912000000,
    49.44087415228183
  ],
  [
    1626998400000,
    49.48697228323984
  ],
  [
    1627084800000,
    49.31195651966942
  ],
  [
    1627171200000,
    49.31195651966942
  ],
  [
    1627257600000,
    50.25273124077448
  ],
  [
    1627344000000,
    50.25273124077448
  ],
  [
    1627430400000,
    49.740522701925904
  ],
  [
    1627516800000,
    49.93539811377978
  ],
  [
    1627603200000,
    50.76170911486721
  ],
  [
    1627689600000,
    50.76170911486721
  ],
  [
    1627776000000,
    47.10520199377254
  ],
  [
    1627862400000,
    49.33431788746492
  ],
  [
    1627948800000,
    49.00693318051728
  ],
  [
    1628035200000,
    50.07897871405048
  ],
  [
    1628121600000,
    46.514135608982805
  ],
  [
    1628208000000,
    48.58129795413469
  ],
  [
    1628294400000,
    49.348691912876326
  ],
  [
    1628380800000,
    51.37525991124908
  ],
  [
    1628467200000,
    51.37525991124908
  ],
  [
    1628640000000,
    50.13757353089455
  ],
  [
    1628726400000,
    50.13757353089455
  ],
  [
    1628812800000,
    49.382217132002104
  ],
  [
    1628899200000,
    51.35312122730042
  ],
  [
    1628985600000,
    49.914229144470525
  ],
  [
    1629072000000,
    50.39939776741561
  ],
  [
    1629158400000,
    50.498219733773986
  ],
  [
    1629244800000,
    51.19770634741953
  ],
  [
    1629331200000,
    51.06040647255961
  ],
  [
    1629417600000,
    51.15613938001701
  ],
  [
    1629504000000,
    54.51504676247943
  ],
  [
    1629590400000,
    52.35338001032163
  ],
  [
    1629676800000,
    51.51230414310818
  ],
  [
    1629763200000,
    52.34689057126462
  ],
  [
    1629849600000,
    51.86784021116575
  ],
  [
    1629936000000,
    51.03045716394964
  ],
  [
    1630022400000,
    51.09534919137976
  ],
  [
    1630108800000,
    50.86730446950735
  ],
  [
    1630195200000,
    50.86730446950735
  ],
  [
    1630281600000,
    50.54932413632373
  ],
  [
    1630368000000,
    50.82966188799111
  ],
  [
    1630454400000,
    50.274539904497495
  ],
  [
    1630540800000,
    51.847109078174775
  ],
  [
    1630627200000,
    51.847109078174775
  ]
]