[
  [
    1576713600000,
    205.50297644456765
  ],
  [
    1576800000000,
    202.25
  ],
  [
    1576886400000,
    200.65894612692082
  ],
  [
    1576972800000,
    200.65894612692082
  ],
  [
    1577145600000,
    184.1827585948876
  ],
  [
    1577232000000,
    158.5379673083041
  ],
  [
    1577318400000,
    158.5379673083041
  ],
  [
    1578009600000,
    169.64965294323508
  ],
  [
    1578096000000,
    169.66156082721642
  ],
  [
    1578355200000,
    197.01973085920304
  ],
  [
    1578441600000,
    195.3703025139159
  ],
  [
    1578528000000,
    195.8574876779964
  ],
  [
    1578614400000,
    199.5429550968752
  ],
  [
    1578700800000,
    192.9360067983591
  ],
  [
    1578787200000,
    193.8
  ],
  [
    1578873600000,
    189.4407043701917
  ],
  [
    1578960000000,
    175.6215644644424
  ],
  [
    1579046400000,
    189.6984808066192
  ],
  [
    1579132800000,
    208.56123257155238
  ],
  [
    1579219200000,
    184.1079812025769
  ],
  [
    1579305600000,
    195.08043076317918
  ],
  [
    1579392000000,
    203.8
  ],
  [
    1579478400000,
    201.65
  ],
  [
    1579564800000,
    184.0104481433256
  ],
  [
    1579651200000,
    183.06503352587066
  ],
  [
    1579737600000,
    182.09900963479916
  ],
  [
    1579824000000,
    179.1591516550048
  ],
  [
    1579910400000,
    179.10804830672183
  ],
  [
    1580083200000,
    183.7015999132202
  ],
  [
    1580169600000,
    189.63417306458666
  ],
  [
    1580256000000,
    191.07833670172673
  ],
  [
    1580342400000,
    185.2354564569867
  ],
  [
    1580428800000,
    172.19754362221258
  ],
  [
    1580515200000,
    167.56274056558811
  ],
  [
    1580947200000,
    185.55493891550134
  ],
  [
    1581033600000,
    183.34176213298693
  ],
  [
    1581120000000,
    204.83224223537619
  ],
  [
    1581206400000,
    202.31049543878925
  ],
  [
    1581292800000,
    221.28595949764156
  ],
  [
    1581379200000,
    234.39098816191355
  ],
  [
    1581465600000,
    264.3
  ],
  [
    1581552000000,
    257.58021759402556
  ],
  [
    1581638400000,
    224.8566636245489
  ],
  [
    1581724800000,
    214.22902345468418
  ],
  [
    1581811200000,
    202.35
  ],
  [
    1581897600000,
    200.94248182630173
  ],
  [
    1581984000000,
    209.04555436594887
  ],
  [
    1582070400000,
    208.57869017242442
  ],
  [
    1582156800000,
    211.96531769995863
  ],
  [
    1582243200000,
    217.04854068021152
  ],
  [
    1582329600000,
    203.4072292524244
  ],
  [
    1582416000000,
    195.12975601136898
  ],
  [
    1582502400000,
    199.2501666030061
  ],
  [
    1582588800000,
    203.74103113888847
  ],
  [
    1582675200000,
    172.41218612162763
  ],
  [
    1582761600000,
    196.1897564021602
  ],
  [
    1582848000000,
    194.08714268535536
  ],
  [
    1582934400000,
    202.1182488556641
  ],
  [
    1583020800000,
    197.57770031786185
  ],
  [
    1583107200000,
    199.08572481732415
  ],
  [
    1583193600000,
    200.58232147825393
  ],
  [
    1583280000000,
    199.4066799830605
  ],
  [
    1583366400000,
    202.40881455281777
  ],
  [
    1583452800000,
    206.93181873016476
  ],
  [
    1583539200000,
    215.93377545103374
  ],
  [
    1583625600000,
    215.24163281648032
  ],
  [
    1583712000000,
    218.05937116632873
  ],
  [
    1583798400000,
    220.72927831925688
  ],
  [
    1583884800000,
    219.14671716401432
  ],
  [
    1583971200000,
    223.9391636643865
  ],
  [
    1584057600000,
    180.22617561567338
  ],
  [
    1584144000000,
    201.503997298639
  ],
  [
    1584230400000,
    185.4195855991644
  ],
  [
    1584316800000,
    199.56444702898193
  ],
  [
    1584403200000,
    181.43755841210753
  ],
  [
    1584489600000,
    209.1116901124257
  ],
  [
    1584576000000,
    207.4238621399322
  ],
  [
    1584662400000,
    242.42098468252638
  ],
  [
    1584748800000,
    228.24308806616847
  ],
  [
    1584835200000,
    249.7606541567774
  ],
  [
    1584921600000,
    236.11109510011988
  ],
  [
    1585008000000,
    253.7405578282189
  ],
  [
    1585094400000,
    261.7993458414151
  ],
  [
    1585180800000,
    261.3973021053394
  ],
  [
    1585353600000,
    254.0574974764211
  ],
  [
    1585440000000,
    263.7
  ],
  [
    1585526400000,
    272.8406583754966
  ],
  [
    1585612800000,
    306.2203500027479
  ],
  [
    1585699200000,
    295.8979514369482
  ],
  [
    1585785600000,
    297.7998867180368
  ],
  [
    1585872000000,
    285.4
  ],
  [
    1585958400000,
    285.3999999633624
  ],
  [
    1586044800000,
    305.9697936519467
  ],
  [
    1586131200000,
    290.4534171674836
  ],
  [
    1586217600000,
    299.636566624308
  ],
  [
    1586304000000,
    277.7064563605772
  ],
  [
    1586390400000,
    287.77007423153685
  ],
  [
    1586476800000,
    275.96341011130426
  ],
  [
    1586563200000,
    294.8
  ],
  [
    1586649600000,
    275.5051065180924
  ],
  [
    1586736000000,
    289.6999801650227
  ],
  [
    1586822400000,
    269.9
  ],
  [
    1586908800000,
    286.9589735996934
  ],
  [
    1587168000000,
    300.4
  ],
  [
    1587254400000,
    285.6729044650205
  ],
  [
    1587340800000,
    285.8028280968537
  ],
  [
    1587427200000,
    293.0222639489632
  ],
  [
    1587513600000,
    294.46317233302796
  ],
  [
    1587600000000,
    286.0592396522778
  ],
  [
    1587686400000,
    297.682655735569
  ],
  [
    1587772800000,
    285.4317748974395
  ],
  [
    1587859200000,
    285.20448586872243
  ],
  [
    1587945600000,
    275.821140122878
  ],
  [
    1588032000000,
    286.8208238672029
  ],
  [
    1588118400000,
    271.9500068263479
  ],
  [
    1588204800000,
    299.978333298299
  ],
  [
    1588291200000,
    292.3827019583663
  ],
  [
    1588377600000,
    276.94382262068285
  ],
  [
    1588464000000,
    285.3001694581893
  ],
  [
    1588550400000,
    274.90879547345264
  ],
  [
    1588636800000,
    287.9375105514368
  ],
  [
    1588723200000,
    277.13294601659857
  ],
  [
    1588809600000,
    267.21999948225834
  ],
  [
    1588896000000,
    275.09805301854107
  ],
  [
    1588982400000,
    269.7260808795503
  ],
  [
    1589068800000,
    274.40256974443963
  ],
  [
    1589155200000,
    294.9751295729684
  ],
  [
    1589241600000,
    271.49650465273936
  ],
  [
    1589328000000,
    296.67995763654045
  ],
  [
    1589414400000,
    277.4534824366979
  ],
  [
    1589500800000,
    274.2566692721646
  ],
  [
    1589587200000,
    283.32786824747296
  ],
  [
    1589673600000,
    273.23260098253843
  ],
  [
    1589760000000,
    283.8613579231482
  ],
  [
    1589846400000,
    273.3540405058179
  ],
  [
    1589932800000,
    274.7402760827144
  ],
  [
    1590019200000,
    302.088273503771
  ],
  [
    1590105600000,
    293.64728522645675
  ],
  [
    1590192000000,
    314.37866608871235
  ],
  [
    1590278400000,
    300.97367285237965
  ],
  [
    1590364800000,
    313.4778010954111
  ],
  [
    1590451200000,
    318.41706608917394
  ],
  [
    1590537600000,
    305.9755211776906
  ],
  [
    1590624000000,
    322.70109514448046
  ],
  [
    1590710400000,
    321.84897750776787
  ],
  [
    1590796800000,
    333.8730461006626
  ],
  [
    1590883200000,
    346
  ],
  [
    1590969600000,
    349.0079285662137
  ],
  [
    1591056000000,
    361.7585448451084
  ],
  [
    1591142400000,
    351.8982021383216
  ],
  [
    1591228800000,
    346.8817917322961
  ],
  [
    1591315200000,
    387.65792307692305
  ],
  [
    1591401600000,
    392
  ],
  [
    1591488000000,
    379.0864083364512
  ],
  [
    1591574400000,
    379.0864083364512
  ],
  [
    1591660800000,
    397.21736307421406
  ],
  [
    1591747200000,
    397.21736307421406
  ],
  [
    1591833600000,
    383.61536431918614
  ],
  [
    1591920000000,
    408.4764150872823
  ],
  [
    1592006400000,
    381.6889464391465
  ],
  [
    1592092800000,
    405.9223580597587
  ],
  [
    1592179200000,
    336.1
  ],
  [
    1592265600000,
    331.79474506104464
  ],
  [
    1592352000000,
    306.2698363416051
  ],
  [
    1592438400000,
    282.8356342327752
  ],
  [
    1592524800000,
    292.4620712031569
  ],
  [
    1592611200000,
    296.499999511888
  ],
  [
    1592697600000,
    313.39578056364417
  ],
  [
    1592784000000,
    306.4736108477518
  ],
  [
    1592870400000,
    306.4736108477518
  ],
  [
    1592956800000,
    318.3818081887103
  ],
  [
    1593043200000,
    345.48097595157964
  ],
  [
    1593129600000,
    363.0128614264027
  ],
  [
    1593216000000,
    392.0916593994154
  ],
  [
    1593302400000,
    410.3062173514991
  ],
  [
    1593388800000,
    419.364317951275
  ],
  [
    1593475200000,
    425.02144936682083
  ],
  [
    1593561600000,
    441.1275576767602
  ],
  [
    1593648000000,
    396.7
  ],
  [
    1593734400000,
    396.7
  ],
  [
    1593820800000,
    396.7448568002786
  ],
  [
    1593907200000,
    383.7241586031662
  ],
  [
    1593993600000,
    343.2950690487768
  ],
  [
    1594080000000,
    333.30112605432265
  ],
  [
    1594166400000,
    409.7
  ],
  [
    1594252800000,
    376.259714001067
  ],
  [
    1594339200000,
    362.50866571990673
  ],
  [
    1594425600000,
    362.50866571990673
  ],
  [
    1594512000000,
    356
  ],
  [
    1594598400000,
    315
  ],
  [
    1594684800000,
    298
  ],
  [
    1594771200000,
    301.7
  ],
  [
    1594857600000,
    322.3783648210547
  ],
  [
    1594944000000,
    328.4995208507217
  ],
  [
    1595030400000,
    328.3802526341735
  ],
  [
    1595116800000,
    329.7718864698589
  ],
  [
    1595203200000,
    329.6990706280599
  ],
  [
    1595376000000,
    372.8132677500589
  ],
  [
    1595462400000,
    372.8132677500589
  ],
  [
    1595548800000,
    375.00823557470056
  ],
  [
    1595635200000,
    374.60677287034446
  ],
  [
    1595721600000,
    390.6
  ],
  [
    1595808000000,
    415.03857784977214
  ],
  [
    1595894400000,
    442.1925769791534
  ],
  [
    1595980800000,
    423.89699861548473
  ],
  [
    1596067200000,
    445.774358481012
  ],
  [
    1596153600000,
    445.774358481012
  ],
  [
    1596240000000,
    451.82161191802754
  ],
  [
    1596326400000,
    471.56192381180904
  ],
  [
    1596412800000,
    398.81870855038784
  ],
  [
    1596499200000,
    424.90110653189157
  ],
  [
    1596585600000,
    448.7462422411212
  ],
  [
    1596672000000,
    427.00570612987866
  ],
  [
    1596758400000,
    440.68504129140405
  ],
  [
    1596844800000,
    458.10391914966084
  ],
  [
    1596931200000,
    447.22418025771293
  ],
  [
    1597017600000,
    421.0183711075162
  ],
  [
    1597104000000,
    401.4908901714553
  ],
  [
    1597190400000,
    391.5815826513422
  ],
  [
    1597276800000,
    392.37754000999973
  ],
  [
    1597363200000,
    409.8
  ],
  [
    1597449600000,
    412.6766010915489
  ],
  [
    1597536000000,
    406.3663659142955
  ],
  [
    1597622400000,
    406.26309292084915
  ],
  [
    1597708800000,
    390.3
  ],
  [
    1597795200000,
    395.0097924170537
  ],
  [
    1597881600000,
    375.5096371800053
  ],
  [
    1597968000000,
    379.2591731624661
  ],
  [
    1598054400000,
    386.1794102124502
  ],
  [
    1598140800000,
    380.2287098135444
  ],
  [
    1598227200000,
    377.63942860634256
  ],
  [
    1598313600000,
    389.5458580722309
  ],
  [
    1598400000000,
    388.05209863588726
  ],
  [
    1598486400000,
    378.0542300875398
  ],
  [
    1598572800000,
    386.2003283963368
  ],
  [
    1598659200000,
    370.7238732031245
  ],
  [
    1598745600000,
    379.89040800726764
  ],
  [
    1598832000000,
    375.2983264057573
  ],
  [
    1598918400000,
    382.5557435925573
  ],
  [
    1599004800000,
    370.54555389444874
  ],
  [
    1599091200000,
    363.55730082838573
  ],
  [
    1599177600000,
    344.98817908133265
  ],
  [
    1599264000000,
    362.60608529091706
  ],
  [
    1599350400000,
    288.4616743092849
  ],
  [
    1599436800000,
    336.511858855913
  ],
  [
    1599523200000,
    290.8163391214873
  ],
  [
    1599609600000,
    318.6462317576814
  ],
  [
    1599696000000,
    295.94000587162725
  ],
  [
    1599782400000,
    265.6687329424544
  ],
  [
    1599868800000,
    265.07937599044016
  ],
  [
    1599955200000,
    307.39627567342296
  ],
  [
    1600041600000,
    294.1061631721888
  ],
  [
    1600128000000,
    262.3488366100422
  ],
  [
    1600214400000,
    270.6589434278083
  ],
  [
    1600300800000,
    254.8992258614777
  ],
  [
    1600387200000,
    254.8992258614777
  ],
  [
    1600473600000,
    259.88645326266
  ],
  [
    1600560000000,
    279.1063762111155
  ],
  [
    1600646400000,
    274.11212059989236
  ],
  [
    1600732800000,
    270.91080962462246
  ],
  [
    1600819200000,
    295.1933003881406
  ],
  [
    1600905600000,
    283.0263650527295
  ],
  [
    1600992000000,
    278.0230117035314
  ],
  [
    1601078400000,
    288.00001197456544
  ],
  [
    1601164800000,
    283.70038118953005
  ],
  [
    1601251200000,
    309.24153903423223
  ],
  [
    1601337600000,
    303.72816004320816
  ],
  [
    1601424000000,
    328.6
  ],
  [
    1601510400000,
    328.6
  ],
  [
    1601596800000,
    313.1
  ],
  [
    1601683200000,
    306
  ],
  [
    1601769600000,
    284.0142254010251
  ],
  [
    1601856000000,
    290.53756376148675
  ],
  [
    1601942400000,
    268.55707537791625
  ],
  [
    1602028800000,
    249.7404352992314
  ],
  [
    1602115200000,
    264.80440750013105
  ],
  [
    1602201600000,
    282.50558830950337
  ],
  [
    1602288000000,
    292.474377637024
  ],
  [
    1602374400000,
    243.71265854450908
  ],
  [
    1602460800000,
    253.2
  ],
  [
    1602547200000,
    253.19956408860344
  ],
  [
    1602633600000,
    236.09947257409365
  ],
  [
    1602720000000,
    247.0010127419642
  ],
  [
    1602806400000,
    250.79770395073058
  ],
  [
    1602892800000,
    229.42301122106406
  ],
  [
    1602979200000,
    257.9
  ],
  [
    1603065600000,
    258.560141425482
  ],
  [
    1603152000000,
    258.3987863554876
  ],
  [
    1603238400000,
    268.1401367507462
  ],
  [
    1603324800000,
    283.449654887139
  ],
  [
    1603411200000,
    302.36092306963945
  ],
  [
    1603497600000,
    291.2973248176728
  ],
  [
    1603584000000,
    292.00949338389074
  ],
  [
    1603670400000,
    309.84545686570704
  ],
  [
    1603756800000,
    307.6982540662898
  ],
  [
    1603843200000,
    329.712113905922
  ],
  [
    1603929600000,
    330.1334823616707
  ],
  [
    1604016000000,
    295.64266744805394
  ],
  [
    1604102400000,
    318.137411204947
  ],
  [
    1604188800000,
    318.1008933485222
  ],
  [
    1604275200000,
    304.2695092471291
  ],
  [
    1604361600000,
    321.55092395671136
  ],
  [
    1604448000000,
    304.7536732701508
  ],
  [
    1604534400000,
    309.98306388573
  ],
  [
    1604620800000,
    296.31008825697705
  ],
  [
    1604707200000,
    337.82679008092674
  ],
  [
    1604793600000,
    322.82349267460927
  ],
  [
    1604880000000,
    318.22338269036027
  ],
  [
    1604966400000,
    346.4
  ],
  [
    1605052800000,
    343.54479966634125
  ],
  [
    1605139200000,
    342.10895261663285
  ],
  [
    1605225600000,
    306.8076958947869
  ],
  [
    1605312000000,
    304.75354566956605
  ],
  [
    1605398400000,
    298.7
  ],
  [
    1605484800000,
    289.9594921493832
  ],
  [
    1605571200000,
    328.5
  ],
  [
    1605657600000,
    328.5
  ],
  [
    1605744000000,
    330.00001308128776
  ],
  [
    1605830400000,
    273.3076479362699
  ],
  [
    1605916800000,
    273.3076479362699
  ],
  [
    1606003200000,
    308.39095664519016
  ],
  [
    1606089600000,
    286.22986152272034
  ],
  [
    1606176000000,
    288.1835251815288
  ],
  [
    1606262400000,
    301.60577726566646
  ],
  [
    1606521600000,
    339.54407379683363
  ],
  [
    1606608000000,
    339.54407379683363
  ],
  [
    1606694400000,
    384.3396243634222
  ],
  [
    1606780800000,
    354.8349764549925
  ],
  [
    1606867200000,
    349.44469822015367
  ],
  [
    1606953600000,
    430.12630574332997
  ],
  [
    1607126400000,
    385.26103251488456
  ],
  [
    1607212800000,
    385.26103251488456
  ],
  [
    1607299200000,
    384.947619204445
  ],
  [
    1607385600000,
    384.35426153361595
  ],
  [
    1607472000000,
    384.35426153361595
  ],
  [
    1607558400000,
    429.65444424245663
  ],
  [
    1607644800000,
    429.65444424245663
  ],
  [
    1608076800000,
    487.1932007013875
  ],
  [
    1608163200000,
    487.1932007013875
  ],
  [
    1608422400000,
    453.56759480814685
  ],
  [
    1608508800000,
    453.56759480814685
  ],
  [
    1608595200000,
    453.41318339562855
  ],
  [
    1608681600000,
    443.6096352080816
  ],
  [
    1609027200000,
    429.4591471210972
  ],
  [
    1609113600000,
    429.4591471210972
  ],
  [
    1609372800000,
    505.29931919326197
  ],
  [
    1609459200000,
    505.29931919326197
  ],
  [
    1609545600000,
    509.7831169126622
  ],
  [
    1609632000000,
    509.7831169126622
  ],
  [
    1609718400000,
    544.6898224785356
  ],
  [
    1609804800000,
    544.7649185998276
  ],
  [
    1609891200000,
    412.1164590054344
  ],
  [
    1609977600000,
    544.8599230832696
  ],
  [
    1610064000000,
    548.3372473352234
  ],
  [
    1610150400000,
    505.0910495481183
  ],
  [
    1610236800000,
    544.607969070626
  ],
  [
    1610323200000,
    486.25278436185084
  ],
  [
    1610409600000,
    467.1141733694891
  ],
  [
    1610496000000,
    469.30859582352895
  ],
  [
    1610582400000,
    505.3190994211009
  ],
  [
    1610668800000,
    543.8419789198251
  ],
  [
    1610755200000,
    554.3391838782248
  ],
  [
    1610928000000,
    588.6881694882748
  ],
  [
    1611014400000,
    588.6881694882748
  ],
  [
    1611100800000,
    527.3194272897993
  ],
  [
    1611187200000,
    575.345977819964
  ],
  [
    1611532800000,
    507.9571408093707
  ],
  [
    1611619200000,
    507.9571408093707
  ],
  [
    1611705600000,
    498.1611478461031
  ],
  [
    1611792000000,
    541.018571820837
  ],
  [
    1611878400000,
    541.018571820837
  ],
  [
    1611964800000,
    605.5844412141479
  ],
  [
    1612051200000,
    582.7898386154684
  ],
  [
    1612137600000,
    606.6269938905483
  ],
  [
    1612224000000,
    606.6269938905483
  ],
  [
    1612310400000,
    581.2580275938991
  ],
  [
    1612396800000,
    579.7294162754276
  ],
  [
    1612742400000,
    651.0961831681027
  ],
  [
    1612828800000,
    651.0961831681027
  ],
  [
    1612915200000,
    653.9998390692645
  ],
  [
    1613001600000,
    632.0141084504834
  ],
  [
    1613088000000,
    636.280317479139
  ],
  [
    1613174400000,
    619.67272506144
  ],
  [
    1613260800000,
    622.5244299967737
  ],
  [
    1613347200000,
    565.0455580301767
  ],
  [
    1613433600000,
    542.8175335952724
  ],
  [
    1613520000000,
    545.6776233909824
  ],
  [
    1613606400000,
    613.9019254332072
  ],
  [
    1613692800000,
    613.9019254332072
  ],
  [
    1613779200000,
    877.826904436299
  ],
  [
    1613865600000,
    965.0499373719647
  ],
  [
    1613952000000,
    882.4637035529702
  ],
  [
    1614038400000,
    1108.1867293788337
  ],
  [
    1614124800000,
    889.7231340416625
  ],
  [
    1614211200000,
    996.532670333391
  ],
  [
    1614297600000,
    1051.982144090611
  ],
  [
    1614384000000,
    1122.7474968054576
  ],
  [
    1614470400000,
    1098.4656569254519
  ],
  [
    1614556800000,
    916.0612968082376
  ],
  [
    1614643200000,
    1274.5048025969784
  ],
  [
    1614729600000,
    915.5513884219747
  ],
  [
    1614816000000,
    874.6524610960477
  ],
  [
    1614902400000,
    877.9876703932441
  ],
  [
    1614988800000,
    861.101335007117
  ],
  [
    1615075200000,
    850.461939144787
  ],
  [
    1615161600000,
    775.5279336628597
  ],
  [
    1615248000000,
    835.3841540995033
  ],
  [
    1615334400000,
    968.0237132331029
  ],
  [
    1615420800000,
    931.2054454869856
  ],
  [
    1615507200000,
    1060.3744850993198
  ],
  [
    1615593600000,
    875.577983911062
  ],
  [
    1615680000000,
    1030.7549271384528
  ],
  [
    1615766400000,
    937.2514371860194
  ],
  [
    1615852800000,
    857.1355607735176
  ],
  [
    1615939200000,
    952.9169210549218
  ],
  [
    1616025600000,
    1114.0545598470708
  ],
  [
    1616112000000,
    1104
  ],
  [
    1616198400000,
    1004.9450332685594
  ],
  [
    1616284800000,
    1078.7353896291343
  ],
  [
    1616371200000,
    1018.0373652424304
  ],
  [
    1616457600000,
    986.4937825276909
  ],
  [
    1616544000000,
    980.250155788923
  ],
  [
    1616630400000,
    1045.6841385811072
  ],
  [
    1616716800000,
    1076.001286425412
  ],
  [
    1616803200000,
    1076.321383428508
  ],
  [
    1616889600000,
    1110.9989212710707
  ],
  [
    1616976000000,
    1092.6316432518615
  ],
  [
    1617062400000,
    1042.0660840521982
  ],
  [
    1617148800000,
    940.8445030834943
  ],
  [
    1617235200000,
    881.9702987836084
  ],
  [
    1617321600000,
    890.534314414418
  ],
  [
    1617408000000,
    873.0912544925332
  ],
  [
    1617494400000,
    834.717988117799
  ],
  [
    1617580800000,
    800.1150985914297
  ],
  [
    1617667200000,
    833.9824318851312
  ],
  [
    1617753600000,
    872.7097963225556
  ],
  [
    1617840000000,
    875.3180924728982
  ],
  [
    1617926400000,
    917.4506664823518
  ],
  [
    1618012800000,
    865.489199540228
  ],
  [
    1618099200000,
    900.9048135600017
  ],
  [
    1618185600000,
    930.5725020560487
  ],
  [
    1618272000000,
    922.2691799002886
  ],
  [
    1618358400000,
    1009.7703718132109
  ],
  [
    1618444800000,
    978.3026917044315
  ],
  [
    1618531200000,
    1202.3518171835153
  ],
  [
    1618617600000,
    1089.790956307207
  ],
  [
    1618704000000,
    1118.7298580779616
  ],
  [
    1618790400000,
    991.916089804604
  ],
  [
    1618876800000,
    694.7014035278236
  ],
  [
    1618963200000,
    995.6375273830769
  ],
  [
    1619049600000,
    795.2594689141198
  ],
  [
    1619136000000,
    982.0993169355961
  ],
  [
    1619222400000,
    824.8374900063535
  ],
  [
    1619308800000,
    865.8527841953689
  ],
  [
    1619395200000,
    863.4540607535911
  ],
  [
    1619481600000,
    895.5462988750718
  ],
  [
    1619568000000,
    975.4830766817167
  ],
  [
    1619654400000,
    958.8753049298522
  ],
  [
    1619740800000,
    988.2113853377798
  ],
  [
    1619827200000,
    1109.6984560743438
  ],
  [
    1619913600000,
    1150.2062328646998
  ],
  [
    1620000000000,
    1155.037402885522
  ],
  [
    1620086400000,
    1122.985927862689
  ],
  [
    1620172800000,
    1258.7812829746358
  ],
  [
    1620259200000,
    1846.250967342787
  ],
  [
    1620345600000,
    1677.7210149371422
  ],
  [
    1620432000000,
    1625.8662624069323
  ],
  [
    1620518400000,
    1823.2823434216978
  ],
  [
    1620604800000,
    1841.4753163795706
  ],
  [
    1620691200000,
    2840.8693919477496
  ],
  [
    1620777600000,
    3512.6480059762757
  ],
  [
    1620864000000,
    3667.148770812406
  ],
  [
    1620950400000,
    2405.115949807086
  ],
  [
    1621036800000,
    2229.303002889907
  ],
  [
    1621123200000,
    3048.065061017196
  ],
  [
    1621209600000,
    2686.6825352365076
  ],
  [
    1621296000000,
    1792.5467079805508
  ],
  [
    1621382400000,
    1233.0575297449998
  ],
  [
    1621468800000,
    1645.5425874329803
  ],
  [
    1621555200000,
    1633.0657951411401
  ],
  [
    1621641600000,
    780.5473745321508
  ],
  [
    1621728000000,
    730.6475832319428
  ],
  [
    1621814400000,
    864.3116887591339
  ],
  [
    1621900800000,
    701.7592020668131
  ],
  [
    1621987200000,
    639.5480597176619
  ],
  [
    1622073600000,
    567.32599120345
  ],
  [
    1622160000000,
    500.8074037887766
  ],
  [
    1622246400000,
    506.1026149940401
  ],
  [
    1622332800000,
    509.4773841308929
  ],
  [
    1622419200000,
    648.4406008324347
  ],
  [
    1622505600000,
    727.4918399483921
  ],
  [
    1622592000000,
    1000.1877638278335
  ],
  [
    1622678400000,
    1101.6456013795673
  ],
  [
    1622764800000,
    1292.4884202930643
  ],
  [
    1622851200000,
    1015.5
  ],
  [
    1622937600000,
    911.4976473954462
  ],
  [
    1623024000000,
    819.5581727644247
  ],
  [
    1623110400000,
    768.1073121863967
  ],
  [
    1623196800000,
    943.5515623815254
  ],
  [
    1623283200000,
    795.5392357044451
  ],
  [
    1623369600000,
    696.5110342771635
  ],
  [
    1623456000000,
    752.1536482394653
  ],
  [
    1623542400000,
    737.25
  ],
  [
    1623628800000,
    1069.75
  ],
  [
    1623715200000,
    716.5
  ],
  [
    1623801600000,
    648.4766693596953
  ],
  [
    1623888000000,
    765.504437152945
  ],
  [
    1623974400000,
    755.6541609054475
  ],
  [
    1624060800000,
    779.25
  ],
  [
    1624147200000,
    726.75
  ],
  [
    1624233600000,
    766.75
  ],
  [
    1624320000000,
    649.2497671698447
  ],
  [
    1624406400000,
    693.75
  ],
  [
    1624492800000,
    660.75
  ],
  [
    1624579200000,
    610.75
  ],
  [
    1624665600000,
    572
  ],
  [
    1624752000000,
    427.25
  ],
  [
    1624838400000,
    371.3
  ],
  [
    1624924800000,
    519.3
  ],
  [
    1625011200000,
    481.1
  ],
  [
    1625097600000,
    510.75
  ],
  [
    1625184000000,
    540.0882020970364
  ],
  [
    1625270400000,
    508.3
  ],
  [
    1625356800000,
    498.1
  ],
  [
    1625443200000,
    483.4
  ],
  [
    1625529600000,
    578.5
  ],
  [
    1625616000000,
    772.5
  ],
  [
    1625702400000,
    779.5
  ],
  [
    1625788800000,
    823.75
  ],
  [
    1625875200000,
    982
  ],
  [
    1625961600000,
    891.5
  ],
  [
    1626048000000,
    945.5
  ],
  [
    1626134400000,
    944.2478360608293
  ],
  [
    1626220800000,
    945.75
  ],
  [
    1626307200000,
    1025.75
  ],
  [
    1626393600000,
    974.75
  ],
  [
    1626480000000,
    985.7893845321323
  ],
  [
    1626566400000,
    1015.5
  ],
  [
    1626652800000,
    1015.5
  ],
  [
    1626739200000,
    1017.5
  ],
  [
    1626825600000,
    1381.5
  ],
  [
    1626912000000,
    635
  ],
  [
    1626998400000,
    705.5
  ],
  [
    1627084800000,
    717.25
  ],
  [
    1627171200000,
    803.5
  ],
  [
    1627257600000,
    814.75
  ],
  [
    1627344000000,
    826.5
  ],
  [
    1627430400000,
    752.178177913547
  ],
  [
    1627516800000,
    971.75
  ],
  [
    1627603200000,
    791.5
  ],
  [
    1627689600000,
    863.25
  ],
  [
    1627776000000,
    1004.75
  ],
  [
    1627862400000,
    897.25
  ],
  [
    1627948800000,
    1062.25
  ],
  [
    1628035200000,
    899.75
  ],
  [
    1628121600000,
    906
  ],
  [
    1628208000000,
    923.4602213564406
  ],
  [
    1628294400000,
    983
  ],
  [
    1628380800000,
    882.25
  ],
  [
    1628467200000,
    905.75
  ],
  [
    1628553600000,
    925
  ],
  [
    1628640000000,
    917.5
  ],
  [
    1628726400000,
    832.5
  ],
  [
    1628812800000,
    837.75
  ],
  [
    1628899200000,
    874.75
  ],
  [
    1628985600000,
    871
  ],
  [
    1629072000000,
    864.25
  ],
  [
    1629158400000,
    869.4920370302489
  ],
  [
    1629244800000,
    844
  ],
  [
    1629331200000,
    799.75
  ],
  [
    1629417600000,
    838.7845668008675
  ],
  [
    1629504000000,
    819.5
  ],
  [
    1629590400000,
    837.5
  ],
  [
    1629676800000,
    822.5
  ],
  [
    1629763200000,
    818.75
  ],
  [
    1629849600000,
    750.75
  ],
  [
    1629936000000,
    806
  ],
  [
    1630022400000,
    747
  ],
  [
    1630108800000,
    808.25
  ],
  [
    1630195200000,
    851
  ],
  [
    1630281600000,
    836
  ],
  [
    1630368000000,
    867.75
  ],
  [
    1630454400000,
    805
  ],
  [
    1630540800000,
    903.25
  ],
  [
    1630627200000,
    785
  ]
]