[
  [
    1576627200000,
    7063.391538793801
  ],
  [
    1576713600000,
    3197.1964597054152
  ],
  [
    1576800000000,
    0
  ],
  [
    1576886400000,
    3303.76639868856
  ],
  [
    1576972800000,
    0
  ],
  [
    1577059200000,
    349.7171702624649
  ],
  [
    1577145600000,
    0
  ],
  [
    1577750400000,
    486.96406198879237
  ],
  [
    1577836800000,
    7.415333611378339
  ],
  [
    1577923200000,
    0
  ],
  [
    1578182400000,
    96.99829207421618
  ],
  [
    1578268800000,
    0
  ],
  [
    1578441600000,
    47.8975
  ],
  [
    1578528000000,
    0
  ],
  [
    1578700800000,
    69.26197425883629
  ],
  [
    1578787200000,
    0
  ],
  [
    1579219200000,
    48.848817312810894
  ],
  [
    1579737600000,
    100.00648930396198
  ],
  [
    1579824000000,
    82.92935000691527
  ],
  [
    1579910400000,
    41.04956729818466
  ],
  [
    1580601600000,
    1.9933094650825987
  ],
  [
    1580774400000,
    665.431400227722
  ],
  [
    1580860800000,
    761.7758313388395
  ],
  [
    1580947200000,
    1.5084699255393044
  ],
  [
    1581120000000,
    1361.3013556061778
  ],
  [
    1581206400000,
    65.52376214966414
  ],
  [
    1581292800000,
    3856.3292494356
  ],
  [
    1581379200000,
    9849.963646247259
  ],
  [
    1581465600000,
    17443.96210768643
  ],
  [
    1581552000000,
    44817.27440536212
  ],
  [
    1581638400000,
    10624.62417264042
  ],
  [
    1581724800000,
    8401.117019023652
  ],
  [
    1581811200000,
    20086.89467982705
  ],
  [
    1581897600000,
    45515.87868419747
  ],
  [
    1581984000000,
    22382.040942795153
  ],
  [
    1582070400000,
    23547.57459386481
  ],
  [
    1582156800000,
    79824.55987912639
  ],
  [
    1582243200000,
    90247.5151306414
  ],
  [
    1582329600000,
    72953.70836253597
  ],
  [
    1582416000000,
    70939.72275680558
  ],
  [
    1582502400000,
    11425.445806495141
  ],
  [
    1582588800000,
    262409.013327419
  ],
  [
    1582675200000,
    51082.71718727206
  ],
  [
    1582761600000,
    58703.33162969927
  ],
  [
    1582848000000,
    50929.37196413705
  ],
  [
    1582934400000,
    54991.169875
  ],
  [
    1583020800000,
    102182.68790095659
  ],
  [
    1583107200000,
    38369.65631483114
  ],
  [
    1583193600000,
    158879.84238663703
  ],
  [
    1583280000000,
    171160.97333050973
  ],
  [
    1583366400000,
    170128.94651
  ],
  [
    1583452800000,
    120138.11669958025
  ],
  [
    1583539200000,
    106845.85509619153
  ],
  [
    1583625600000,
    94401.96203544042
  ],
  [
    1583712000000,
    142632.67703316166
  ],
  [
    1583798400000,
    100952.21745795448
  ],
  [
    1583884800000,
    53373.38445706859
  ],
  [
    1583971200000,
    72466.19813117833
  ],
  [
    1584057600000,
    209918.42074646923
  ],
  [
    1584144000000,
    89585.22890475404
  ],
  [
    1584230400000,
    61614.129589334654
  ],
  [
    1584316800000,
    44161.10787913487
  ],
  [
    1584403200000,
    38436.59703743138
  ],
  [
    1584489600000,
    36529.37002035063
  ],
  [
    1584576000000,
    30239.78812802879
  ],
  [
    1584662400000,
    27628.809537813617
  ],
  [
    1584748800000,
    16237.92923999164
  ],
  [
    1584835200000,
    10298.282739883314
  ],
  [
    1584921600000,
    15660.40171793312
  ],
  [
    1585008000000,
    10902.630725686311
  ],
  [
    1585094400000,
    3257.649601198788
  ],
  [
    1585180800000,
    3472.2452587800494
  ],
  [
    1585267200000,
    4339.685452064457
  ],
  [
    1585353600000,
    14548.842357249932
  ],
  [
    1585440000000,
    3151.71274
  ],
  [
    1585526400000,
    3855.588279248219
  ],
  [
    1585612800000,
    11133.991190514453
  ],
  [
    1585699200000,
    1655.8987778373503
  ],
  [
    1585785600000,
    1899.2982935170166
  ],
  [
    1585872000000,
    11578.91622538542
  ],
  [
    1585958400000,
    2068.6364137302903
  ],
  [
    1586044800000,
    70957.86281423218
  ],
  [
    1586131200000,
    78751.22165363414
  ],
  [
    1586217600000,
    48606.577855260985
  ],
  [
    1586304000000,
    55780.0864
  ],
  [
    1586390400000,
    18083.954857663768
  ],
  [
    1586476800000,
    34621.65457331017
  ],
  [
    1586563200000,
    28605.126604254925
  ],
  [
    1586649600000,
    91044.05798245047
  ],
  [
    1586736000000,
    36024.37318546167
  ],
  [
    1586822400000,
    16821.1169
  ],
  [
    1586908800000,
    8990.955531183057
  ],
  [
    1586995200000,
    3416.9974655660453
  ],
  [
    1587081600000,
    18022.800153520482
  ],
  [
    1587168000000,
    27207.30265
  ],
  [
    1587254400000,
    72769.79405
  ],
  [
    1587340800000,
    32000.003470800653
  ],
  [
    1587427200000,
    11367.657202472989
  ],
  [
    1587513600000,
    3165.3793865834173
  ],
  [
    1587600000000,
    2056.7291921044866
  ],
  [
    1587686400000,
    25595.673106324022
  ],
  [
    1587772800000,
    50663.398307237796
  ],
  [
    1587859200000,
    45108.896753066736
  ],
  [
    1587945600000,
    73245.10105973514
  ],
  [
    1588032000000,
    64648.17845485078
  ],
  [
    1588118400000,
    17819.92086360834
  ],
  [
    1588204800000,
    22620.904486002244
  ],
  [
    1588291200000,
    58240.87895279159
  ],
  [
    1588377600000,
    26399.55319230042
  ],
  [
    1588464000000,
    22269.051732188924
  ],
  [
    1588550400000,
    9664.29256345825
  ],
  [
    1588636800000,
    19868.063466057727
  ],
  [
    1588723200000,
    32589.66439338257
  ],
  [
    1588809600000,
    33248.51362629078
  ],
  [
    1588896000000,
    20995.92127385857
  ],
  [
    1588982400000,
    37932.04985067113
  ],
  [
    1589068800000,
    21834.377285861046
  ],
  [
    1589155200000,
    30787.218417686898
  ],
  [
    1589241600000,
    2723.9166227717556
  ],
  [
    1589328000000,
    5565.468681198843
  ],
  [
    1589414400000,
    10014.43734882687
  ],
  [
    1589500800000,
    39488.36596215288
  ],
  [
    1589587200000,
    13574.241612074802
  ],
  [
    1589673600000,
    9742.27716994301
  ],
  [
    1589760000000,
    7758.894797321773
  ],
  [
    1589846400000,
    4798.6948789554845
  ],
  [
    1589932800000,
    6006.066867676665
  ],
  [
    1590019200000,
    57652.383478737516
  ],
  [
    1590105600000,
    15650.851183429362
  ],
  [
    1590192000000,
    22621.989599679007
  ],
  [
    1590278400000,
    11271.921304472671
  ],
  [
    1590364800000,
    49269.50725658117
  ],
  [
    1590451200000,
    37305.94126358181
  ],
  [
    1590537600000,
    27902.411260634562
  ],
  [
    1590624000000,
    14233.214286170958
  ],
  [
    1590710400000,
    5298.456729097097
  ],
  [
    1590796800000,
    5718.62520769223
  ],
  [
    1590883200000,
    9529.050692403212
  ],
  [
    1590969600000,
    93821.76368080427
  ],
  [
    1591056000000,
    28919.598065
  ],
  [
    1591142400000,
    23591.196170471118
  ],
  [
    1591228800000,
    1869.036857153511
  ],
  [
    1591315200000,
    6172.085449407345
  ],
  [
    1591401600000,
    5186.497723042603
  ],
  [
    1591488000000,
    1942.5216365204221
  ],
  [
    1591574400000,
    1125.1342379001087
  ],
  [
    1591660800000,
    288.11292372197363
  ],
  [
    1591747200000,
    3922.4979090925563
  ],
  [
    1591833600000,
    30850.123236782823
  ],
  [
    1591920000000,
    12508.532533305897
  ],
  [
    1592006400000,
    7190.8335595865465
  ],
  [
    1592092800000,
    4873.770321048083
  ],
  [
    1592179200000,
    59391.72302963305
  ],
  [
    1592265600000,
    38065.41942777325
  ],
  [
    1592352000000,
    13294.853674818842
  ],
  [
    1592438400000,
    22122.406398497515
  ],
  [
    1592524800000,
    35707.73000502691
  ],
  [
    1592611200000,
    14584.18313972199
  ],
  [
    1592697600000,
    9120.350171251343
  ],
  [
    1592784000000,
    2536.3888097608283
  ],
  [
    1592870400000,
    5981.88078978685
  ],
  [
    1592956800000,
    2568.9139415074515
  ],
  [
    1593043200000,
    16036.622728040687
  ],
  [
    1593129600000,
    5000.461404076097
  ],
  [
    1593216000000,
    8951.410547164709
  ],
  [
    1593302400000,
    20385.70618948088
  ],
  [
    1593388800000,
    8039.389589400652
  ],
  [
    1593475200000,
    15163.499845013503
  ],
  [
    1593561600000,
    10790.703496553624
  ],
  [
    1593648000000,
    15354.754270670019
  ],
  [
    1593734400000,
    18555.1648099277
  ],
  [
    1593820800000,
    6972.94984683991
  ],
  [
    1593907200000,
    11325.842791027066
  ],
  [
    1593993600000,
    14809.70465
  ],
  [
    1594080000000,
    9037.703171886078
  ],
  [
    1594166400000,
    15037.651175060522
  ],
  [
    1594252800000,
    18584.995929447054
  ],
  [
    1594339200000,
    33433.017342294384
  ],
  [
    1594425600000,
    13662.09954379703
  ],
  [
    1594512000000,
    204413.90826858685
  ],
  [
    1594598400000,
    81816.05636789635
  ],
  [
    1594684800000,
    107165.7745
  ],
  [
    1594771200000,
    42586.510556524154
  ],
  [
    1594857600000,
    46114.47241384688
  ],
  [
    1594944000000,
    296588.26122816536
  ],
  [
    1595030400000,
    354465.5945552349
  ],
  [
    1595116800000,
    69945.28256182441
  ],
  [
    1595203200000,
    83303.34972234778
  ],
  [
    1595289600000,
    96860.35623663056
  ],
  [
    1595376000000,
    56620.65974514072
  ],
  [
    1595462400000,
    5302.738080322147
  ],
  [
    1595548800000,
    6771.072821494641
  ],
  [
    1595635200000,
    14906.5882
  ],
  [
    1595721600000,
    9364.90639021162
  ],
  [
    1595808000000,
    14230.793290794847
  ],
  [
    1595894400000,
    32884.81745216101
  ],
  [
    1595980800000,
    1604.9035662589883
  ],
  [
    1596067200000,
    52471.5195947985
  ],
  [
    1596153600000,
    96101.13631824001
  ],
  [
    1596240000000,
    20989.252400728732
  ],
  [
    1596326400000,
    7189.757285926346
  ],
  [
    1596412800000,
    7816.781136554361
  ],
  [
    1596499200000,
    16297.010275932473
  ],
  [
    1596585600000,
    9171.69850170071
  ],
  [
    1596672000000,
    16554.245927572912
  ],
  [
    1596758400000,
    63254.16886676256
  ],
  [
    1596844800000,
    50715.006257044595
  ],
  [
    1596931200000,
    116625.3086300138
  ],
  [
    1597017600000,
    49350.28011245502
  ],
  [
    1597104000000,
    21494.00168255929
  ],
  [
    1597190400000,
    50817.4579205298
  ],
  [
    1597276800000,
    41822.3884
  ],
  [
    1597363200000,
    178086.64529720752
  ],
  [
    1597449600000,
    96140.67331631848
  ],
  [
    1597536000000,
    45326.060142831775
  ],
  [
    1597622400000,
    8390.223199102751
  ],
  [
    1597708800000,
    33537.50585507159
  ],
  [
    1597795200000,
    12016.316353885952
  ],
  [
    1597881600000,
    41361.84397863985
  ],
  [
    1597968000000,
    66776.9010154249
  ],
  [
    1598054400000,
    54962.744451023565
  ],
  [
    1598140800000,
    64086.90105
  ],
  [
    1598227200000,
    58193.0087656994
  ],
  [
    1598313600000,
    27174.85268970177
  ],
  [
    1598400000000,
    47273.68130006083
  ],
  [
    1598486400000,
    9450.132844756487
  ],
  [
    1598572800000,
    21955.7946495865
  ],
  [
    1598659200000,
    17914.85258025367
  ],
  [
    1598745600000,
    12648.616510137792
  ],
  [
    1598832000000,
    5798.3784066952485
  ],
  [
    1598918400000,
    8230.159008513327
  ],
  [
    1599004800000,
    47447.74175006123
  ],
  [
    1599091200000,
    53978.41604918453
  ],
  [
    1599177600000,
    31890.859337669568
  ],
  [
    1599264000000,
    13180.73448323679
  ],
  [
    1599350400000,
    32942.19483513941
  ],
  [
    1599436800000,
    20996.902350021715
  ],
  [
    1599523200000,
    19421.28809373187
  ],
  [
    1599609600000,
    25378.174720647618
  ],
  [
    1599696000000,
    46879.717799046426
  ],
  [
    1599782400000,
    62319.47701232403
  ],
  [
    1599868800000,
    33039.25553859896
  ],
  [
    1599955200000,
    13123.222918265945
  ],
  [
    1600041600000,
    15692.61091257717
  ],
  [
    1600128000000,
    11111.247877939
  ],
  [
    1600214400000,
    4690.7753896688455
  ],
  [
    1600300800000,
    3457.38233459629
  ],
  [
    1600387200000,
    5424.794505690472
  ],
  [
    1600473600000,
    2769.527561317763
  ],
  [
    1600560000000,
    7419.669466017285
  ],
  [
    1600646400000,
    30464.862747050614
  ],
  [
    1600732800000,
    11401.949435677365
  ],
  [
    1600819200000,
    12555.91136047491
  ],
  [
    1600905600000,
    8672.3272
  ],
  [
    1600992000000,
    8726.945813398837
  ],
  [
    1601078400000,
    6055.905769906817
  ],
  [
    1601164800000,
    7605.72065242688
  ],
  [
    1601251200000,
    4762.340009494831
  ],
  [
    1601337600000,
    7818.35600843982
  ],
  [
    1601424000000,
    7736.010273501513
  ],
  [
    1601510400000,
    6837.9769758328575
  ],
  [
    1601596800000,
    28721.118921049103
  ],
  [
    1601683200000,
    31172.58565
  ],
  [
    1601769600000,
    12148.635841964646
  ],
  [
    1601856000000,
    10966.612620968612
  ],
  [
    1601942400000,
    3144.3825903771535
  ],
  [
    1602028800000,
    12509.294024185874
  ],
  [
    1602115200000,
    28346.874625
  ],
  [
    1602201600000,
    33748.117685440375
  ],
  [
    1602288000000,
    17203.96909614557
  ],
  [
    1602374400000,
    4770.711260304503
  ],
  [
    1602460800000,
    11779.698548785316
  ],
  [
    1602547200000,
    32661.946239141635
  ],
  [
    1602633600000,
    13012.82350838437
  ],
  [
    1602720000000,
    12507.67033858297
  ],
  [
    1602806400000,
    8836.90905625765
  ],
  [
    1602892800000,
    13159.196358627463
  ],
  [
    1602979200000,
    3160.7311313435985
  ],
  [
    1603065600000,
    366.5400331111395
  ],
  [
    1603152000000,
    1735.0996253431513
  ],
  [
    1603238400000,
    4174.699669054187
  ],
  [
    1603324800000,
    7192.426549339186
  ],
  [
    1603411200000,
    4523.473976032419
  ],
  [
    1603497600000,
    5722.081014732475
  ],
  [
    1603584000000,
    3250.327437078963
  ],
  [
    1603670400000,
    9641.51869
  ],
  [
    1603756800000,
    9819.370636986378
  ],
  [
    1603843200000,
    4220.002469202865
  ],
  [
    1603929600000,
    13460.32021963004
  ],
  [
    1604016000000,
    14294.47196726529
  ],
  [
    1604102400000,
    8932.102225
  ],
  [
    1604188800000,
    5862.290125
  ],
  [
    1604275200000,
    9722.1593
  ],
  [
    1604361600000,
    7641.851400583643
  ],
  [
    1604448000000,
    13961.969571846726
  ],
  [
    1604534400000,
    13961.030137549738
  ],
  [
    1604620800000,
    7173.246260780534
  ],
  [
    1604707200000,
    7068.443557945003
  ],
  [
    1604793600000,
    7570.262908821198
  ],
  [
    1604880000000,
    10665.09561798072
  ],
  [
    1604966400000,
    21054.269554931354
  ],
  [
    1605052800000,
    14806.047395289212
  ],
  [
    1605139200000,
    6636.727127063754
  ],
  [
    1605225600000,
    5518.35261928259
  ],
  [
    1605312000000,
    4263.527524256741
  ],
  [
    1605398400000,
    7750.198585465363
  ],
  [
    1605484800000,
    35475.106362562925
  ],
  [
    1605571200000,
    8645.933300330222
  ],
  [
    1605657600000,
    7422.643751841361
  ],
  [
    1605744000000,
    19943.364222452892
  ],
  [
    1605830400000,
    8806.458906104775
  ],
  [
    1605916800000,
    10252.31243555479
  ],
  [
    1606003200000,
    20351.94869644728
  ],
  [
    1606089600000,
    42221.59606854298
  ],
  [
    1606176000000,
    47339.20005886695
  ],
  [
    1606262400000,
    37305.78800223751
  ],
  [
    1606348800000,
    72536.26753443654
  ],
  [
    1606435200000,
    230493.70062232192
  ],
  [
    1606521600000,
    27239.1094
  ],
  [
    1606608000000,
    16687.32193396009
  ],
  [
    1606694400000,
    53457.78027342585
  ],
  [
    1606780800000,
    15047.701085849545
  ],
  [
    1606867200000,
    54024.841323385095
  ],
  [
    1606953600000,
    31478.30625439568
  ],
  [
    1607040000000,
    12576.485667956773
  ],
  [
    1607126400000,
    28197.858753140095
  ],
  [
    1607212800000,
    7758.006424109085
  ],
  [
    1607299200000,
    8015.872212271265
  ],
  [
    1607385600000,
    7935.8257844108075
  ],
  [
    1607472000000,
    30035.446410465287
  ],
  [
    1607558400000,
    7988.2514535068685
  ],
  [
    1607644800000,
    14663.344587745441
  ],
  [
    1607731200000,
    14417.613866070214
  ],
  [
    1607817600000,
    36738.71485
  ],
  [
    1607904000000,
    18011.186846589117
  ],
  [
    1607990400000,
    7758.462137218755
  ],
  [
    1608076800000,
    17904.130993332572
  ],
  [
    1608163200000,
    5279.448849465802
  ],
  [
    1608249600000,
    3572.4318237114553
  ],
  [
    1608336000000,
    31149.782298471546
  ],
  [
    1608422400000,
    25180.028864527623
  ],
  [
    1608508800000,
    42716.202814074924
  ],
  [
    1608595200000,
    57015.54513433869
  ],
  [
    1608681600000,
    13650.117980074485
  ],
  [
    1608768000000,
    39133.30937356834
  ],
  [
    1608854400000,
    20631.329288917303
  ],
  [
    1608940800000,
    7490.558842085416
  ],
  [
    1609027200000,
    5619.4293123161315
  ],
  [
    1609113600000,
    7838.082736603985
  ],
  [
    1609200000000,
    14848.891068307952
  ],
  [
    1609286400000,
    14059.383027027547
  ],
  [
    1609372800000,
    22114.908463292133
  ],
  [
    1609459200000,
    25540.951351414493
  ],
  [
    1609545600000,
    30463.733505599346
  ],
  [
    1609632000000,
    59376.15772142514
  ],
  [
    1609718400000,
    17699.756984550204
  ],
  [
    1609804800000,
    24968.2846
  ],
  [
    1609891200000,
    26436.37798917516
  ],
  [
    1609977600000,
    11994.660430333406
  ],
  [
    1610064000000,
    30574.367181434027
  ],
  [
    1610150400000,
    84407.48926187426
  ],
  [
    1610236800000,
    37208.323777000885
  ],
  [
    1610323200000,
    37048.07678733826
  ],
  [
    1610409600000,
    38647.988550777416
  ],
  [
    1610496000000,
    1446.2832099710997
  ],
  [
    1610582400000,
    608.1205058447221
  ],
  [
    1610668800000,
    3605.712584014508
  ],
  [
    1610755200000,
    7050.815047834952
  ],
  [
    1610841600000,
    7547.895130984218
  ],
  [
    1610928000000,
    13190.535123576861
  ],
  [
    1611014400000,
    12676.050661978468
  ],
  [
    1611100800000,
    5791.753982587619
  ],
  [
    1611187200000,
    9668.399771579883
  ],
  [
    1611273600000,
    2894.226791568984
  ],
  [
    1611360000000,
    6470.933666175894
  ],
  [
    1611446400000,
    4948.650269513793
  ],
  [
    1611532800000,
    9361.637636564164
  ],
  [
    1611619200000,
    46052.629517763984
  ],
  [
    1611705600000,
    22454.266770168044
  ],
  [
    1611792000000,
    12216.53766908308
  ],
  [
    1611878400000,
    3488.9750653288042
  ],
  [
    1611964800000,
    7327.3524103027385
  ],
  [
    1612051200000,
    22080.70778688357
  ],
  [
    1612137600000,
    34108.75278414042
  ],
  [
    1612224000000,
    17232.959212873837
  ],
  [
    1612310400000,
    9010.604979112033
  ],
  [
    1612396800000,
    6991.309684313396
  ],
  [
    1612483200000,
    21999.104150792762
  ],
  [
    1612569600000,
    22036.776802003424
  ],
  [
    1612656000000,
    17252.16126687513
  ],
  [
    1612742400000,
    11097.559268983317
  ],
  [
    1612828800000,
    88453.85551137364
  ],
  [
    1612915200000,
    5194.564594869622
  ],
  [
    1613001600000,
    9314.927949078166
  ],
  [
    1613088000000,
    23957.226842232132
  ],
  [
    1613174400000,
    46734.813245109435
  ],
  [
    1613260800000,
    47172.38438108257
  ],
  [
    1613347200000,
    36849.78535021378
  ],
  [
    1613433600000,
    69487.12129776247
  ],
  [
    1613520000000,
    30774.46881590024
  ],
  [
    1613606400000,
    83356.20651512744
  ],
  [
    1613692800000,
    32674.346211474873
  ],
  [
    1613779200000,
    8407.738976166072
  ],
  [
    1613865600000,
    25474.42258244129
  ],
  [
    1613952000000,
    44255.557456482056
  ],
  [
    1614038400000,
    17311.362741483124
  ],
  [
    1614124800000,
    17648.320416064074
  ],
  [
    1614211200000,
    6469.761424269219
  ],
  [
    1614297600000,
    6541.1778927150535
  ],
  [
    1614384000000,
    10962.079692547943
  ],
  [
    1614470400000,
    14998.709362464435
  ],
  [
    1614556800000,
    32314.508772176785
  ],
  [
    1614643200000,
    20341.703185935534
  ],
  [
    1614729600000,
    19514.06425424494
  ],
  [
    1614816000000,
    9104.77021041573
  ],
  [
    1614902400000,
    19246.179288203355
  ],
  [
    1614988800000,
    9550.59547970983
  ],
  [
    1615075200000,
    22418.005619263087
  ],
  [
    1615161600000,
    8072.319847675231
  ],
  [
    1615248000000,
    10891.347350414911
  ],
  [
    1615334400000,
    4966.258886642897
  ],
  [
    1615420800000,
    16511.388423765482
  ],
  [
    1615507200000,
    5808.98639969636
  ],
  [
    1615593600000,
    4564.40183484337
  ],
  [
    1615680000000,
    7184.527879627237
  ],
  [
    1615766400000,
    18365.715980413697
  ],
  [
    1615852800000,
    70902.98654049943
  ],
  [
    1615939200000,
    16726.576499329465
  ],
  [
    1616025600000,
    8188.133483462156
  ],
  [
    1616112000000,
    26611.43278176326
  ],
  [
    1616198400000,
    14226.928097023896
  ],
  [
    1616284800000,
    8043.731395250465
  ],
  [
    1616371200000,
    2445.510332203345
  ],
  [
    1616457600000,
    6879.60940364883
  ],
  [
    1616544000000,
    2236.3770228479843
  ],
  [
    1616630400000,
    9440.77800715698
  ],
  [
    1616716800000,
    4989.142686879639
  ],
  [
    1616803200000,
    3908.608804943067
  ],
  [
    1616889600000,
    1638.3536927733824
  ],
  [
    1616976000000,
    63224.69696899583
  ],
  [
    1617062400000,
    65305.2784239406
  ],
  [
    1617148800000,
    57762.665346625174
  ],
  [
    1617235200000,
    18278.283237110776
  ],
  [
    1617321600000,
    17833.237807834386
  ],
  [
    1617408000000,
    1527.7822434170348
  ],
  [
    1617494400000,
    17579.290755769416
  ],
  [
    1617580800000,
    8319.432618840672
  ],
  [
    1617667200000,
    9690.197872787217
  ],
  [
    1617753600000,
    10689.580873710333
  ],
  [
    1617840000000,
    17799.914357374648
  ],
  [
    1617926400000,
    1318.0401078499315
  ],
  [
    1618012800000,
    2680.8710698359437
  ],
  [
    1618099200000,
    4591.629037052186
  ],
  [
    1618185600000,
    10152.059270966767
  ],
  [
    1618272000000,
    3979.158045867505
  ],
  [
    1618358400000,
    3209.8357422543695
  ],
  [
    1618444800000,
    10972.811940958729
  ],
  [
    1618531200000,
    2761.4038113455103
  ],
  [
    1618617600000,
    17331.652052766844
  ],
  [
    1618704000000,
    27141.210882045245
  ],
  [
    1618790400000,
    9421.643058160003
  ],
  [
    1618876800000,
    1884.9379967201705
  ],
  [
    1618963200000,
    2015.1811255711111
  ],
  [
    1619049600000,
    1406.672528853766
  ],
  [
    1619136000000,
    2218.962363482087
  ],
  [
    1619222400000,
    6955.966466684912
  ],
  [
    1619308800000,
    3291.974640596388
  ],
  [
    1619395200000,
    2076.177044362958
  ],
  [
    1619481600000,
    17456.06469646498
  ],
  [
    1619568000000,
    15082.122647288379
  ],
  [
    1619654400000,
    30619.329025057392
  ],
  [
    1619740800000,
    7938.879863289512
  ],
  [
    1619827200000,
    7157.724140705967
  ],
  [
    1619913600000,
    281.52517062683575
  ],
  [
    1620000000000,
    2636.5827599311842
  ],
  [
    1620086400000,
    2533.5544380392266
  ],
  [
    1620172800000,
    1589.821886443191
  ],
  [
    1620259200000,
    1299.973602272264
  ],
  [
    1620345600000,
    5428.850550253967
  ],
  [
    1620432000000,
    9736.586105350461
  ],
  [
    1620518400000,
    3341.1419468974796
  ],
  [
    1620604800000,
    862.1961843826374
  ],
  [
    1620691200000,
    1463.391999948955
  ],
  [
    1620777600000,
    2104.6916963709646
  ],
  [
    1620864000000,
    2207.419572176669
  ],
  [
    1620950400000,
    3097.3747720371466
  ],
  [
    1621036800000,
    3730.818945615099
  ],
  [
    1621123200000,
    14275.601224336573
  ],
  [
    1621209600000,
    6455.188681572358
  ],
  [
    1621296000000,
    508.759036847914
  ],
  [
    1621382400000,
    2905.4407619788676
  ],
  [
    1621468800000,
    3398.9611353552714
  ],
  [
    1621555200000,
    496.76080933243986
  ],
  [
    1621641600000,
    8361.758165931262
  ],
  [
    1621728000000,
    578.4809896620045
  ],
  [
    1621814400000,
    3483.8675550503167
  ],
  [
    1621900800000,
    1080.8921111353898
  ],
  [
    1621987200000,
    526.1596030092281
  ],
  [
    1622073600000,
    513.0825468143493
  ],
  [
    1622160000000,
    68.84485959275854
  ],
  [
    1622246400000,
    372.4442620451056
  ],
  [
    1622332800000,
    2556.9273924056342
  ],
  [
    1622419200000,
    137.12943882566285
  ],
  [
    1622505600000,
    1190.5223877629282
  ],
  [
    1622592000000,
    24.453109359243186
  ],
  [
    1622678400000,
    286.2815810643485
  ],
  [
    1622764800000,
    656.704
  ],
  [
    1622851200000,
    1122.916992072454
  ],
  [
    1622937600000,
    1387.7258562805337
  ],
  [
    1623024000000,
    510.96330459555935
  ],
  [
    1623110400000,
    28841.47075106627
  ],
  [
    1623196800000,
    18966.71176604881
  ],
  [
    1623283200000,
    11859.071182798054
  ],
  [
    1623369600000,
    1623.2222759736007
  ],
  [
    1623456000000,
    828.1600509689281
  ],
  [
    1623542400000,
    1682.1638647646341
  ],
  [
    1623628800000,
    4418.43
  ],
  [
    1623715200000,
    1951.557964229199
  ],
  [
    1623801600000,
    167.99
  ],
  [
    1623888000000,
    880.79
  ],
  [
    1623974400000,
    230.16485578740156
  ],
  [
    1624060800000,
    4773.43
  ],
  [
    1624147200000,
    3691.55
  ],
  [
    1624233600000,
    2634.69
  ],
  [
    1624320000000,
    5109.613119210054
  ],
  [
    1624406400000,
    1637.07
  ],
  [
    1624492800000,
    312.21
  ],
  [
    1624579200000,
    1432.76
  ],
  [
    1624665600000,
    481.51
  ],
  [
    1624752000000,
    518.02
  ],
  [
    1624838400000,
    21.66
  ],
  [
    1624924800000,
    110.2
  ],
  [
    1625011200000,
    2905.47
  ],
  [
    1625097600000,
    112.66
  ],
  [
    1625184000000,
    33.86
  ],
  [
    1625270400000,
    17.26
  ],
  [
    1625356800000,
    47.23
  ],
  [
    1625443200000,
    6.4
  ],
  [
    1625529600000,
    107.73
  ],
  [
    1625616000000,
    522.94
  ],
  [
    1625702400000,
    858.11
  ],
  [
    1625788800000,
    233.76
  ],
  [
    1625875200000,
    188.4
  ],
  [
    1625961600000,
    54.66
  ],
  [
    1626048000000,
    79.24
  ],
  [
    1626134400000,
    45.8
  ],
  [
    1626220800000,
    15.79
  ],
  [
    1626307200000,
    117.04
  ],
  [
    1626393600000,
    154.82
  ],
  [
    1626480000000,
    1445.54
  ],
  [
    1626566400000,
    808
  ],
  [
    1626652800000,
    888.68
  ],
  [
    1626739200000,
    304.2050418775139
  ],
  [
    1626825600000,
    4202.11
  ],
  [
    1626912000000,
    1044.2590725390223
  ],
  [
    1626998400000,
    631.36
  ],
  [
    1627084800000,
    13.04
  ],
  [
    1627171200000,
    378.13
  ],
  [
    1627257600000,
    4035
  ],
  [
    1627344000000,
    2283.344
  ],
  [
    1627430400000,
    34.30893425329166
  ],
  [
    1627516800000,
    22.97
  ],
  [
    1627603200000,
    107.51
  ],
  [
    1627689600000,
    96.15
  ],
  [
    1627776000000,
    119.51
  ],
  [
    1627862400000,
    227.88
  ],
  [
    1627948800000,
    1344.21
  ],
  [
    1628035200000,
    3202.33
  ],
  [
    1628121600000,
    41.61
  ],
  [
    1628208000000,
    24.11980971914556
  ],
  [
    1628294400000,
    7.37
  ],
  [
    1628380800000,
    4106.79
  ],
  [
    1628467200000,
    16.18
  ],
  [
    1628553600000,
    35.54
  ],
  [
    1628640000000,
    59.76
  ],
  [
    1628726400000,
    1117.97
  ],
  [
    1628812800000,
    7.73
  ],
  [
    1628899200000,
    1855.82
  ],
  [
    1628985600000,
    723.57
  ],
  [
    1629072000000,
    1010.5522030032886
  ],
  [
    1629158400000,
    26.04
  ],
  [
    1629244800000,
    16.24998480951951
  ],
  [
    1629331200000,
    158.36
  ],
  [
    1629417600000,
    4251.513255992576
  ],
  [
    1629504000000,
    9382.17
  ],
  [
    1629590400000,
    11732.5
  ],
  [
    1629676800000,
    2538.4
  ],
  [
    1629763200000,
    1629.4
  ],
  [
    1629849600000,
    4115.4
  ],
  [
    1629936000000,
    182.9973905069508
  ],
  [
    1630022400000,
    9.3
  ],
  [
    1630108800000,
    354
  ],
  [
    1630195200000,
    0.9
  ],
  [
    1630281600000,
    4.5
  ],
  [
    1630368000000,
    11.7
  ],
  [
    1630454400000,
    4416
  ],
  [
    1630540800000,
    6.6
  ],
  [
    1630627200000,
    33.4
  ]
]