[
  [
    1519948800000,
    2188476.2464010497
  ],
  [
    1520035200000,
    2395743.535434742
  ],
  [
    1520121600000,
    2319282.5437521376
  ],
  [
    1520208000000,
    2784079.2998511572
  ],
  [
    1520294400000,
    2367278.5151988524
  ],
  [
    1520380800000,
    2134237.408329431
  ],
  [
    1520467200000,
    2096366.9400648314
  ],
  [
    1520553600000,
    1780053.2383709198
  ],
  [
    1520640000000,
    1538031.305934713
  ],
  [
    1520726400000,
    1812152.9135557427
  ],
  [
    1520812800000,
    1637256.8091487747
  ],
  [
    1520899200000,
    1621599.87707885
  ],
  [
    1520985600000,
    1491897.0328635292
  ],
  [
    1521072000000,
    1454934.3103700469
  ],
  [
    1521158400000,
    1367525.3755169383
  ],
  [
    1521244800000,
    1405055.9147346274
  ],
  [
    1521331200000,
    1316610.1004674078
  ],
  [
    1521417600000,
    1327190.0982968
  ],
  [
    1521504000000,
    1214519.1740478103
  ],
  [
    1521590400000,
    1381812.8966319165
  ],
  [
    1521676800000,
    1382499.9507724592
  ],
  [
    1521763200000,
    1337913.6157203934
  ],
  [
    1521849600000,
    1179054.9021817928
  ],
  [
    1521936000000,
    1239703.2934155215
  ],
  [
    1522022400000,
    1183667.7694193912
  ],
  [
    1522108800000,
    1104443.809635531
  ],
  [
    1522195200000,
    1129527.3463303437
  ],
  [
    1522281600000,
    1122222.7972814727
  ],
  [
    1522368000000,
    1061469.622167667
  ],
  [
    1522454400000,
    943628.6095044035
  ],
  [
    1522540800000,
    944890.4205705756
  ],
  [
    1522627200000,
    958469.2690060958
  ],
  [
    1522713600000,
    1009003.3780071231
  ],
  [
    1522800000000,
    995072.1538662768
  ],
  [
    1522886400000,
    914920.4732155524
  ],
  [
    1522972800000,
    999984.1245227789
  ],
  [
    1523059200000,
    898857.0958134299
  ],
  [
    1523145600000,
    990756.0676547504
  ],
  [
    1523232000000,
    949331.8292042082
  ],
  [
    1523318400000,
    964239.3571195955
  ],
  [
    1523404800000,
    947780.5287164752
  ],
  [
    1523491200000,
    998533.0161597702
  ],
  [
    1523577600000,
    1116303.2996228857
  ],
  [
    1523664000000,
    1112292.074954821
  ],
  [
    1523750400000,
    1076368.7214829072
  ],
  [
    1523836800000,
    1118700.5519418868
  ],
  [
    1523923200000,
    1200088.2964625403
  ],
  [
    1524009600000,
    1313139.1451600534
  ],
  [
    1524096000000,
    1313928.4258444482
  ],
  [
    1524182400000,
    1333178.713669181
  ],
  [
    1524268800000,
    1330196.9473794855
  ],
  [
    1524355200000,
    1379490.2238682671
  ],
  [
    1524441600000,
    1259453.0838204487
  ],
  [
    1524528000000,
    1343207.8777523905
  ],
  [
    1524614400000,
    1469631.2442561344
  ],
  [
    1524700800000,
    1295467.7380571514
  ],
  [
    1524787200000,
    1432447.2635587943
  ],
  [
    1524873600000,
    1333834.726410101
  ],
  [
    1524960000000,
    1316725.6611440205
  ],
  [
    1525046400000,
    1397798.3287085942
  ],
  [
    1525132800000,
    1372808.6953319553
  ],
  [
    1525219200000,
    1360454.178638053
  ],
  [
    1525305600000,
    1412585.553627991
  ],
  [
    1525392000000,
    1604470.5539941988
  ],
  [
    1525478400000,
    1572983.9776566885
  ],
  [
    1525564800000,
    1547230.4091308003
  ],
  [
    1525651200000,
    1513244.0639977413
  ],
  [
    1525737600000,
    1439357.0600102495
  ],
  [
    1525824000000,
    1477955.5692969335
  ],
  [
    1525910400000,
    1441457.7346743017
  ],
  [
    1525996800000,
    1467192.4773979837
  ],
  [
    1526083200000,
    1306510.7423143433
  ],
  [
    1526169600000,
    1343523.9969005198
  ],
  [
    1526256000000,
    1378618.7360680932
  ],
  [
    1526342400000,
    1402815.4629374598
  ],
  [
    1526428800000,
    1309301.869638243
  ],
  [
    1526515200000,
    1300434.2026154313
  ],
  [
    1526601600000,
    1348658.6384284508
  ],
  [
    1526688000000,
    1279333.1009675036
  ],
  [
    1526774400000,
    1332907.320852895
  ],
  [
    1526860800000,
    1246921.0563917789
  ],
  [
    1526947200000,
    1252220.9327089388
  ],
  [
    1527033600000,
    1171876.5823698887
  ],
  [
    1527120000000,
    1113786.3844647927
  ],
  [
    1527206400000,
    1232271.0804805441
  ],
  [
    1527292800000,
    1167073.209625243
  ],
  [
    1527379200000,
    1469985.964950734
  ],
  [
    1527465600000,
    1156046.7401215795
  ],
  [
    1527552000000,
    964962.0047978514
  ],
  [
    1527638400000,
    1096983.2157031358
  ],
  [
    1527724800000,
    1135594.4774849857
  ],
  [
    1527811200000,
    1175787.2483707091
  ],
  [
    1527897600000,
    1099547.8194549985
  ],
  [
    1527984000000,
    1089243.8984207627
  ],
  [
    1528070400000,
    1143612.9147796656
  ],
  [
    1528156800000,
    1073128.32120486
  ],
  [
    1528243200000,
    1085733.1183020612
  ],
  [
    1528329600000,
    1086238.383866083
  ],
  [
    1528416000000,
    1152459.315151655
  ],
  [
    1528502400000,
    1105620.8199287772
  ],
  [
    1528588800000,
    1135693.3336024762
  ],
  [
    1528675200000,
    1055166.2217949107
  ],
  [
    1528761600000,
    1062556.3699406323
  ],
  [
    1528848000000,
    982690.857753285
  ],
  [
    1528934400000,
    1560710.4452877587
  ],
  [
    1529020800000,
    1018772.6448939381
  ],
  [
    1529107200000,
    936648.678924074
  ],
  [
    1529193600000,
    1085489.2538003717
  ],
  [
    1529280000000,
    1075613.3292971423
  ],
  [
    1529366400000,
    1110552.7896592105
  ],
  [
    1529452800000,
    1048269.753166822
  ],
  [
    1529539200000,
    1063935.6222188217
  ],
  [
    1529625600000,
    1009318.8957949665
  ],
  [
    1529712000000,
    971572.4942617448
  ],
  [
    1529798400000,
    961566.4971154708
  ],
  [
    1529884800000,
    924019.2068167569
  ],
  [
    1529971200000,
    1092421.0850353881
  ],
  [
    1530057600000,
    998984.4199121768
  ],
  [
    1530144000000,
    1028403.9973591303
  ],
  [
    1530230400000,
    909751.7138693236
  ],
  [
    1530316800000,
    976351.9641585206
  ],
  [
    1530403200000,
    1038040.8575073605
  ],
  [
    1530489600000,
    1050042.8846616356
  ],
  [
    1530576000000,
    1133390.7543545864
  ],
  [
    1530662400000,
    1114823.5515776805
  ],
  [
    1530748800000,
    1475763.79201939
  ],
  [
    1530835200000,
    1228379.0333352815
  ],
  [
    1530921600000,
    1051736.8947133652
  ],
  [
    1531008000000,
    1058085.7597607998
  ],
  [
    1531094400000,
    1020151.6255244788
  ],
  [
    1531180800000,
    1032838.4914483735
  ],
  [
    1531267200000,
    1048453.3968069598
  ],
  [
    1531353600000,
    969679.1674989177
  ],
  [
    1531440000000,
    1017695.8070367071
  ],
  [
    1531526400000,
    959866.2379766048
  ],
  [
    1531612800000,
    907345.5586053914
  ],
  [
    1531699200000,
    1053463.4992762536
  ],
  [
    1531785600000,
    982221.400892636
  ],
  [
    1531872000000,
    1098569.0660318069
  ],
  [
    1531958400000,
    993023.919204341
  ],
  [
    1532044800000,
    1017078.2106462759
  ],
  [
    1532131200000,
    1051259.3102057704
  ],
  [
    1532217600000,
    1074290.8480410993
  ],
  [
    1532304000000,
    1045948.0925849333
  ],
  [
    1532390400000,
    964650.1449056779
  ],
  [
    1532476800000,
    1057014.2036476103
  ],
  [
    1532563200000,
    949321.7929624956
  ],
  [
    1532649600000,
    992974.8034757624
  ],
  [
    1532736000000,
    992261.4743222214
  ],
  [
    1532822400000,
    1168389.907598142
  ],
  [
    1532908800000,
    964543.7128484331
  ],
  [
    1532995200000,
    882363.8793244055
  ],
  [
    1533081600000,
    896614.3163824908
  ],
  [
    1533168000000,
    908022.7645023026
  ],
  [
    1533254400000,
    900607.6955481595
  ],
  [
    1533340800000,
    840743.7227823031
  ],
  [
    1533427200000,
    788862.7697073574
  ],
  [
    1533513600000,
    771810.8685948879
  ],
  [
    1533600000000,
    727063.0474846138
  ],
  [
    1533686400000,
    811000.4460531676
  ],
  [
    1533772800000,
    725393.2019405087
  ],
  [
    1533859200000,
    777946.8355919794
  ],
  [
    1533945600000,
    729021.076693379
  ],
  [
    1534032000000,
    703957.2461030886
  ],
  [
    1534118400000,
    714066.8882403751
  ],
  [
    1534204800000,
    760894.6169345955
  ],
  [
    1534291200000,
    696140.6629917213
  ],
  [
    1534377600000,
    699294.0384833938
  ],
  [
    1534464000000,
    778222.5832437051
  ],
  [
    1534550400000,
    750102.8838025593
  ],
  [
    1534636800000,
    705377.8438927858
  ],
  [
    1534723200000,
    901499.8919959123
  ],
  [
    1534809600000,
    700884.80352898
  ],
  [
    1534896000000,
    732028.9966730764
  ],
  [
    1534982400000,
    726789.2172175572
  ],
  [
    1535068800000,
    891271.2169534783
  ],
  [
    1535155200000,
    969341.403715397
  ],
  [
    1535241600000,
    989802.1771201385
  ],
  [
    1535328000000,
    941642.8411254835
  ],
  [
    1535414400000,
    839516.6850670651
  ],
  [
    1535500800000,
    886555.8731964368
  ],
  [
    1535587200000,
    869167.9467906943
  ],
  [
    1535673600000,
    953832.7917741571
  ],
  [
    1535760000000,
    1089097.5937827583
  ],
  [
    1535846400000,
    1189491.8576987614
  ],
  [
    1535932800000,
    993815.8022030947
  ],
  [
    1536019200000,
    1057811.7150233486
  ],
  [
    1536105600000,
    1175400.5827826506
  ],
  [
    1536192000000,
    1012902.0673831897
  ],
  [
    1536278400000,
    990706.4652676764
  ],
  [
    1536364800000,
    983587.9651724648
  ],
  [
    1536451200000,
    891190.6259715031
  ],
  [
    1536537600000,
    973270.8821540129
  ],
  [
    1536624000000,
    994938.048516087
  ],
  [
    1536710400000,
    826518.664983832
  ],
  [
    1536796800000,
    1088912.8058918088
  ],
  [
    1536883200000,
    1085850.022387196
  ],
  [
    1536969600000,
    1065383.7105145785
  ],
  [
    1537056000000,
    994188.5450668134
  ],
  [
    1537142400000,
    990218.0258758982
  ],
  [
    1537228800000,
    951221.9460265992
  ],
  [
    1537315200000,
    937746.1658178248
  ],
  [
    1537401600000,
    811567.6442552136
  ],
  [
    1537488000000,
    859890.0708098558
  ],
  [
    1537574400000,
    944676.3454917223
  ],
  [
    1537660800000,
    993389.6705965409
  ],
  [
    1537747200000,
    1128144.7913690424
  ],
  [
    1537833600000,
    1066510.2338193415
  ],
  [
    1537920000000,
    1019757.9389963695
  ],
  [
    1538006400000,
    925633.8428610062
  ],
  [
    1538092800000,
    1014300.1156249592
  ],
  [
    1538179200000,
    952052.9617654658
  ],
  [
    1538265600000,
    923616.9484389104
  ],
  [
    1538352000000,
    1064869.447664288
  ],
  [
    1538438400000,
    832925.1440408991
  ],
  [
    1538524800000,
    848783.3406593152
  ],
  [
    1538611200000,
    912930.2848036698
  ],
  [
    1538697600000,
    1049612.981351927
  ],
  [
    1538784000000,
    941059.2505851077
  ],
  [
    1538870400000,
    930269.6854810095
  ],
  [
    1538956800000,
    1035626.408203099
  ],
  [
    1539043200000,
    1020895.1537504912
  ],
  [
    1539129600000,
    948664.1179577588
  ],
  [
    1539216000000,
    1103139.0499257892
  ],
  [
    1539302400000,
    985549.529631571
  ],
  [
    1539388800000,
    912716.7757911467
  ],
  [
    1539475200000,
    991024.8919106859
  ],
  [
    1539561600000,
    1001054.2838101387
  ],
  [
    1539648000000,
    923170.2816836048
  ],
  [
    1539734400000,
    942082.2406731236
  ],
  [
    1539820800000,
    974598.3410884606
  ],
  [
    1539907200000,
    927097.22163181
  ],
  [
    1539993600000,
    916112.7096327462
  ],
  [
    1540080000000,
    938377.4228993925
  ],
  [
    1540166400000,
    936131.417052627
  ],
  [
    1540252800000,
    988257.5096540496
  ],
  [
    1540339200000,
    738735.8171301136
  ],
  [
    1540425600000,
    890987.1333122945
  ],
  [
    1540512000000,
    908280.4012058367
  ],
  [
    1540598400000,
    888659.9752202353
  ],
  [
    1540684800000,
    890293.9632538926
  ],
  [
    1540771200000,
    945833.5272281165
  ],
  [
    1540857600000,
    873342.8320259103
  ],
  [
    1540944000000,
    926289.8992326035
  ],
  [
    1541030400000,
    828244.9609450877
  ],
  [
    1541116800000,
    846578.2349714013
  ],
  [
    1541203200000,
    862518.1128864882
  ],
  [
    1541289600000,
    774982.9354266616
  ],
  [
    1541376000000,
    899009.7074982155
  ],
  [
    1541462400000,
    794643.6504350499
  ],
  [
    1541548800000,
    835564.6135303174
  ],
  [
    1541635200000,
    938620.2385640381
  ],
  [
    1541721600000,
    899950.380183913
  ],
  [
    1541808000000,
    942273.517115216
  ],
  [
    1541894400000,
    944976.8049539794
  ],
  [
    1541980800000,
    1017281.1954603341
  ],
  [
    1542067200000,
    1022777.4705301119
  ],
  [
    1542153600000,
    1033528.3808147291
  ],
  [
    1542240000000,
    936687.6170103672
  ],
  [
    1542326400000,
    917471.8642225604
  ],
  [
    1542412800000,
    907235.4990573786
  ],
  [
    1542499200000,
    988841.1869590537
  ],
  [
    1542585600000,
    909017.0608467632
  ],
  [
    1542672000000,
    911672.0010042771
  ],
  [
    1542758400000,
    521597.79873276857
  ],
  [
    1542844800000,
    1126807.2743952018
  ],
  [
    1542931200000,
    827518.7812748504
  ],
  [
    1543017600000,
    906340.4939174356
  ],
  [
    1543104000000,
    792789.6261016597
  ],
  [
    1543190400000,
    904997.9416399639
  ],
  [
    1543276800000,
    930942.5134987328
  ],
  [
    1543363200000,
    1013349.6614442451
  ],
  [
    1543449600000,
    1151844.8763184373
  ],
  [
    1543536000000,
    1040551.3894503107
  ],
  [
    1543622400000,
    1025689.8344515301
  ],
  [
    1543708800000,
    1127527.196723388
  ],
  [
    1543795200000,
    981574.8898196028
  ],
  [
    1543881600000,
    923221.0215189027
  ],
  [
    1543968000000,
    975070.1006434527
  ],
  [
    1544054400000,
    973205.177438428
  ],
  [
    1544140800000,
    872940.7928200773
  ],
  [
    1544227200000,
    804343.7830601357
  ],
  [
    1544313600000,
    683574.1921996519
  ],
  [
    1544400000000,
    726345.1859200799
  ],
  [
    1544486400000,
    962406.9616556724
  ],
  [
    1544572800000,
    952966.6889906727
  ],
  [
    1544659200000,
    929458.5394460595
  ],
  [
    1544745600000,
    915453.8280480927
  ],
  [
    1544832000000,
    910733.2079266005
  ],
  [
    1544918400000,
    456108.94197207614
  ],
  [
    1545004800000,
    919477.7405078348
  ],
  [
    1545091200000,
    830053.4610952984
  ],
  [
    1545177600000,
    898147.4322373557
  ],
  [
    1545264000000,
    922666.568262968
  ],
  [
    1545350400000,
    951880.2767645019
  ],
  [
    1545436800000,
    969003.8914688291
  ],
  [
    1545523200000,
    1005455.5235618616
  ],
  [
    1545609600000,
    957465.0771635454
  ],
  [
    1545696000000,
    995130.6882554325
  ],
  [
    1545782400000,
    925702.6756728764
  ],
  [
    1545868800000,
    826931.6688223479
  ],
  [
    1545955200000,
    884324.7550883994
  ],
  [
    1546041600000,
    971260.1773812415
  ],
  [
    1546128000000,
    592331.504962698
  ],
  [
    1546214400000,
    732063.0055856744
  ],
  [
    1546300800000,
    803477.6870219698
  ],
  [
    1546387200000,
    1570746.0316128938
  ],
  [
    1546473600000,
    879592.9700478868
  ],
  [
    1546560000000,
    947477.6172164974
  ],
  [
    1546646400000,
    791969.8048442493
  ],
  [
    1546732800000,
    938778.65045265
  ],
  [
    1546819200000,
    937075.496465909
  ],
  [
    1546905600000,
    899213.9082406508
  ],
  [
    1546992000000,
    738639.6027959727
  ],
  [
    1547078400000,
    697202.4322601423
  ],
  [
    1547164800000,
    743588.879642942
  ],
  [
    1547251200000,
    731157.1917994035
  ],
  [
    1547337600000,
    757866.3255284238
  ],
  [
    1547424000000,
    728739.104445853
  ],
  [
    1547510400000,
    932021.9871550212
  ],
  [
    1547596800000,
    912840.2463862755
  ],
  [
    1547683200000,
    617040.0969524224
  ],
  [
    1547769600000,
    805489.024837691
  ],
  [
    1547856000000,
    748768.373536203
  ],
  [
    1547942400000,
    849123.7027511233
  ],
  [
    1548028800000,
    803050.7172470595
  ],
  [
    1548115200000,
    767597.7675106515
  ],
  [
    1548201600000,
    794491.727285407
  ],
  [
    1548288000000,
    828744.3110766355
  ],
  [
    1548374400000,
    913743.6346949965
  ],
  [
    1548460800000,
    913543.7654038058
  ],
  [
    1548547200000,
    745449.4563257392
  ],
  [
    1548633600000,
    648008.6823244628
  ],
  [
    1548720000000,
    825811.5609746429
  ],
  [
    1548806400000,
    852642.2389972941
  ],
  [
    1548892800000,
    635428.1154408449
  ],
  [
    1548979200000,
    831606.0561729235
  ],
  [
    1549065600000,
    567946.4312756578
  ],
  [
    1549152000000,
    571073.85350051
  ],
  [
    1549238400000,
    805539.8431840148
  ],
  [
    1549324800000,
    582000.5643934234
  ],
  [
    1549411200000,
    742272.4075444367
  ],
  [
    1549497600000,
    825595.1500305227
  ],
  [
    1549584000000,
    835197.8940394392
  ],
  [
    1549670400000,
    780742.7983744268
  ],
  [
    1549756800000,
    600456.6482048674
  ],
  [
    1549843200000,
    549437.2019387236
  ],
  [
    1549929600000,
    598642.7952112033
  ],
  [
    1550016000000,
    738342.1722259454
  ],
  [
    1550102400000,
    798730.9086540662
  ],
  [
    1550188800000,
    798184.9656084225
  ],
  [
    1550275200000,
    800018.8877136993
  ],
  [
    1550361600000,
    623775.8727329418
  ],
  [
    1550448000000,
    631810.4048971325
  ],
  [
    1550534400000,
    815833.1835705522
  ],
  [
    1550620800000,
    676489.5672752662
  ],
  [
    1550707200000,
    709364.9444053711
  ],
  [
    1550793600000,
    692503.7168510748
  ],
  [
    1550880000000,
    700429.9306930719
  ],
  [
    1550966400000,
    721740.2173018756
  ],
  [
    1551052800000,
    663407.9633394564
  ],
  [
    1551139200000,
    657914.1465142374
  ],
  [
    1551225600000,
    622055.720234532
  ],
  [
    1551312000000,
    610839.7866584137
  ],
  [
    1551398400000,
    614501.3415620931
  ],
  [
    1551484800000,
    610506.7044881282
  ],
  [
    1551571200000,
    590122.8456489625
  ],
  [
    1551657600000,
    618069.2200179332
  ],
  [
    1551744000000,
    602934.1147987058
  ],
  [
    1551830400000,
    646034.3509304143
  ],
  [
    1551916800000,
    701905.359323448
  ],
  [
    1552003200000,
    697009.3771736308
  ],
  [
    1552089600000,
    658996.607425826
  ],
  [
    1552176000000,
    710586.316792631
  ],
  [
    1552262400000,
    691981.6661968861
  ],
  [
    1552348800000,
    630547.4189232123
  ],
  [
    1552435200000,
    655055.1042781131
  ],
  [
    1552521600000,
    683949.6418453535
  ],
  [
    1552608000000,
    665241.4987298434
  ],
  [
    1552694400000,
    627359.749769908
  ],
  [
    1552780800000,
    641298.198046607
  ],
  [
    1552867200000,
    651730.2011677003
  ],
  [
    1552953600000,
    613123.4663967253
  ],
  [
    1553040000000,
    677385.4757265517
  ],
  [
    1553126400000,
    630953.7793540303
  ],
  [
    1553212800000,
    645131.0603106591
  ],
  [
    1553299200000,
    634136.1218872097
  ],
  [
    1553385600000,
    619711.6637182417
  ],
  [
    1553472000000,
    440750.9032021089
  ],
  [
    1553558400000,
    564639.053451734
  ],
  [
    1553644800000,
    483155.87422512216
  ],
  [
    1553731200000,
    462232.35733827366
  ],
  [
    1553817600000,
    468372.0275093071
  ],
  [
    1553904000000,
    534879.406435704
  ],
  [
    1553990400000,
    588006.1956346651
  ],
  [
    1554076800000,
    608565.0512845928
  ],
  [
    1554163200000,
    517773.4796576104
  ],
  [
    1554249600000,
    495090.3222070646
  ],
  [
    1554336000000,
    619455.0038333833
  ],
  [
    1554422400000,
    535585.728657536
  ],
  [
    1554508800000,
    607936.8814180716
  ],
  [
    1554595200000,
    572551.9541896307
  ],
  [
    1554681600000,
    585553.5343333676
  ],
  [
    1554768000000,
    560141.8543364307
  ],
  [
    1554854400000,
    562620.5851458188
  ],
  [
    1554940800000,
    570944.8913696886
  ],
  [
    1555027200000,
    593021.2824204793
  ],
  [
    1555113600000,
    566388.0328529129
  ],
  [
    1555200000000,
    644240.9866834796
  ],
  [
    1555286400000,
    545979.3511495299
  ],
  [
    1555372800000,
    512742.655239628
  ],
  [
    1555459200000,
    539843.0898840574
  ],
  [
    1555545600000,
    538781.0423475078
  ],
  [
    1555632000000,
    590537.4798665242
  ],
  [
    1555718400000,
    660274.3776237983
  ],
  [
    1555804800000,
    674656.3564130088
  ],
  [
    1555891200000,
    573674.4679751578
  ],
  [
    1555977600000,
    665880.8221493814
  ],
  [
    1556064000000,
    652742.7580932723
  ],
  [
    1556150400000,
    639712.5817125742
  ],
  [
    1556236800000,
    548697.4902283754
  ],
  [
    1556323200000,
    555587.7621558988
  ],
  [
    1556409600000,
    539160.5843452722
  ],
  [
    1556496000000,
    532790.6170409286
  ],
  [
    1556582400000,
    528566.296402875
  ],
  [
    1556668800000,
    514473.2680913646
  ],
  [
    1556755200000,
    547246.2959209331
  ],
  [
    1556841600000,
    552988.4527553766
  ],
  [
    1556928000000,
    571577.6663088665
  ],
  [
    1557014400000,
    579733.8144370507
  ],
  [
    1557100800000,
    569584.6288417358
  ],
  [
    1557187200000,
    567200.6581496632
  ],
  [
    1557273600000,
    606482.5554673054
  ],
  [
    1557360000000,
    588831.4813641378
  ],
  [
    1557446400000,
    634700.0610502141
  ],
  [
    1557532800000,
    684823.8005034168
  ],
  [
    1557619200000,
    750233.675792399
  ],
  [
    1557705600000,
    689301.4396859854
  ],
  [
    1557792000000,
    782722.7333914681
  ],
  [
    1557878400000,
    780127.569438422
  ],
  [
    1557964800000,
    855596.7408873646
  ],
  [
    1558051200000,
    990939.5339237949
  ],
  [
    1558137600000,
    930547.5218562027
  ],
  [
    1558224000000,
    871312.0231159065
  ],
  [
    1558310400000,
    801985.4377361173
  ],
  [
    1558396800000,
    856215.8737903911
  ],
  [
    1558483200000,
    771695.0664603093
  ],
  [
    1558569600000,
    767418.0490062652
  ],
  [
    1558656000000,
    756858.0062611713
  ],
  [
    1558742400000,
    765860.2986873342
  ],
  [
    1558828800000,
    923948.0845415725
  ],
  [
    1558915200000,
    1001149.6359876215
  ],
  [
    1559001600000,
    974121.9386248518
  ],
  [
    1559088000000,
    907712.2898151301
  ],
  [
    1559174400000,
    897472.4666130298
  ],
  [
    1559260800000,
    875043.3314151812
  ],
  [
    1559347200000,
    963712.4936749239
  ],
  [
    1559433600000,
    988470.2740327265
  ],
  [
    1559520000000,
    1125407.220170355
  ],
  [
    1559606400000,
    900391.2523495996
  ],
  [
    1559692800000,
    1000778.9842088536
  ],
  [
    1559779200000,
    1008364.984310483
  ],
  [
    1559865600000,
    1040908.6687927593
  ],
  [
    1559952000000,
    1169610.8597940113
  ],
  [
    1560038400000,
    1081770.423747707
  ],
  [
    1560124800000,
    1218914.9772371862
  ],
  [
    1560211200000,
    1380434.1418360723
  ],
  [
    1560297600000,
    1188827.5688144148
  ],
  [
    1560384000000,
    1101057.7851946265
  ],
  [
    1560470400000,
    899887.5596573632
  ],
  [
    1560556800000,
    1005562.2823313206
  ],
  [
    1560643200000,
    876828.3179696401
  ],
  [
    1560729600000,
    870145.0211635632
  ],
  [
    1560816000000,
    892878.8477425709
  ],
  [
    1560902400000,
    851977.0092039285
  ],
  [
    1560988800000,
    911821.390742656
  ],
  [
    1561075200000,
    911260.3366475194
  ],
  [
    1561161600000,
    942386.5524211677
  ],
  [
    1561248000000,
    986994.3253728637
  ],
  [
    1561334400000,
    997610.2974254157
  ],
  [
    1561420800000,
    1076521.6609450255
  ],
  [
    1561507200000,
    1090731.7492653888
  ],
  [
    1561593600000,
    1717996.1081350853
  ],
  [
    1561680000000,
    1285829.5538032919
  ],
  [
    1561766400000,
    1366758.83672067
  ],
  [
    1561852800000,
    1142832.6093728377
  ],
  [
    1561939200000,
    1022803.242043079
  ],
  [
    1562025600000,
    1189977.5986944989
  ],
  [
    1562112000000,
    1119748.3081565115
  ],
  [
    1562198400000,
    1137994.2304663165
  ],
  [
    1562284800000,
    1059849.8262305167
  ],
  [
    1562371200000,
    984506.9050403422
  ],
  [
    1562457600000,
    980979.4148369635
  ],
  [
    1562544000000,
    1005925.4123406989
  ],
  [
    1562630400000,
    1099156.6694325262
  ],
  [
    1562716800000,
    1234882.2312875143
  ],
  [
    1562803200000,
    1048461.3313909859
  ],
  [
    1562889600000,
    949758.3485540688
  ],
  [
    1562976000000,
    978295.8786033284
  ],
  [
    1563062400000,
    917361.080098854
  ],
  [
    1563148800000,
    860283.2227040032
  ],
  [
    1563235200000,
    885023.0945398809
  ],
  [
    1563321600000,
    786918.2675228195
  ],
  [
    1563408000000,
    796942.6031706131
  ],
  [
    1563494400000,
    868534.2214027066
  ],
  [
    1563580800000,
    867226.071133828
  ],
  [
    1563667200000,
    851416.4983149872
  ],
  [
    1563753600000,
    902729.1269886446
  ],
  [
    1563840000000,
    943025.6701564435
  ],
  [
    1563926400000,
    835279.6837556924
  ],
  [
    1564012800000,
    849824.8854952438
  ],
  [
    1564099200000,
    788781.8890677907
  ],
  [
    1564185600000,
    814522.3802771516
  ],
  [
    1564272000000,
    789568.3505162884
  ],
  [
    1564358400000,
    884417.4519826004
  ],
  [
    1564444800000,
    866641.4737398037
  ],
  [
    1564531200000,
    849041.81041616
  ],
  [
    1564617600000,
    829186.2156879039
  ],
  [
    1564704000000,
    921051.064318476
  ],
  [
    1564790400000,
    877366.967510288
  ],
  [
    1564876800000,
    886027.4333075506
  ],
  [
    1564963200000,
    871386.5545737883
  ],
  [
    1565049600000,
    1145621.012922906
  ],
  [
    1565136000000,
    1216384.6301713067
  ],
  [
    1565222400000,
    1230278.468632337
  ],
  [
    1565308800000,
    1154447.6298579315
  ],
  [
    1565395200000,
    1162548.4225519022
  ],
  [
    1565481600000,
    1109160.4580877502
  ],
  [
    1565568000000,
    1197471.4149323213
  ],
  [
    1565654400000,
    1048932.843121677
  ],
  [
    1565740800000,
    972789.7303083338
  ],
  [
    1565827200000,
    866072.9719814982
  ],
  [
    1565913600000,
    940420.6545742624
  ],
  [
    1566000000000,
    934049.2432218863
  ],
  [
    1566086400000,
    890066.7407551839
  ],
  [
    1566172800000,
    912169.9285523612
  ],
  [
    1566259200000,
    986137.1561718931
  ],
  [
    1566345600000,
    979013.8815829497
  ],
  [
    1566432000000,
    900879.2803938017
  ],
  [
    1566518400000,
    923925.990363494
  ],
  [
    1566604800000,
    964148.3678906143
  ],
  [
    1566691200000,
    800428.7504831211
  ],
  [
    1566777600000,
    913940.2703661326
  ],
  [
    1566864000000,
    915351.7591131548
  ],
  [
    1566950400000,
    908132.9601040443
  ],
  [
    1567036800000,
    879031.0672139558
  ],
  [
    1567123200000,
    875305.0973700623
  ],
  [
    1567209600000,
    875342.0630264218
  ],
  [
    1567296000000,
    881505.1481996266
  ],
  [
    1567382400000,
    919624.378490078
  ],
  [
    1567468800000,
    965331.6854830597
  ],
  [
    1567555200000,
    974997.0425754036
  ],
  [
    1567641600000,
    967796.5935325325
  ],
  [
    1567728000000,
    971776.6499811861
  ],
  [
    1567814400000,
    961483.6352059618
  ],
  [
    1567900800000,
    978253.551919588
  ],
  [
    1567987200000,
    980492.5368693924
  ],
  [
    1568073600000,
    971759.1230573071
  ],
  [
    1568160000000,
    903108.6353702053
  ],
  [
    1568246400000,
    890595.7583301017
  ],
  [
    1568332800000,
    951084.1925416298
  ],
  [
    1568419200000,
    935111.63547351
  ],
  [
    1568505600000,
    1010125.8592935225
  ],
  [
    1568592000000,
    1086596.1418317792
  ],
  [
    1568678400000,
    1055176.941484864
  ],
  [
    1568764800000,
    1118835.0937808321
  ],
  [
    1568851200000,
    1044399.2619312468
  ],
  [
    1568937600000,
    1029576.0682186132
  ],
  [
    1569024000000,
    939638.5019929187
  ],
  [
    1569110400000,
    934412.7282564392
  ],
  [
    1569196800000,
    981477.190763917
  ],
  [
    1569283200000,
    925540.9887362483
  ],
  [
    1569369600000,
    818305.5023663563
  ],
  [
    1569456000000,
    803190.7138229186
  ],
  [
    1569542400000,
    756072.1721193321
  ],
  [
    1569628800000,
    766932.8395920622
  ],
  [
    1569715200000,
    768788.0921448192
  ],
  [
    1569801600000,
    746803.7791536382
  ],
  [
    1569888000000,
    766561.6221316898
  ],
  [
    1569974400000,
    755583.9856540881
  ],
  [
    1570060800000,
    756076.6906513335
  ],
  [
    1570147200000,
    715367.1438575734
  ],
  [
    1570233600000,
    714013.0496339237
  ],
  [
    1570320000000,
    766872.3437528952
  ],
  [
    1570406400000,
    725863.4278421787
  ],
  [
    1570492800000,
    756851.5986183068
  ],
  [
    1570579200000,
    761865.2594517083
  ],
  [
    1570665600000,
    789780.5858165165
  ],
  [
    1570752000000,
    758345.6128092095
  ],
  [
    1570838400000,
    736605.4159348448
  ],
  [
    1570924800000,
    778953.3657512788
  ],
  [
    1571011200000,
    734966.704031386
  ],
  [
    1571097600000,
    742016.7427794551
  ],
  [
    1571184000000,
    737596.2022624393
  ],
  [
    1571270400000,
    730098.7260672542
  ],
  [
    1571356800000,
    738246.3640714168
  ],
  [
    1571443200000,
    730034.0082614031
  ],
  [
    1571529600000,
    821492.9914446018
  ],
  [
    1571616000000,
    927912.2438162104
  ],
  [
    1571702400000,
    951554.5317209997
  ],
  [
    1571788800000,
    986102.1752442076
  ],
  [
    1571875200000,
    944941.6289689295
  ],
  [
    1571961600000,
    832167.9819151558
  ],
  [
    1572048000000,
    895643.8709719725
  ],
  [
    1572134400000,
    980856.4777004005
  ],
  [
    1572220800000,
    1098985.1015806969
  ],
  [
    1572307200000,
    1032463.4865032652
  ],
  [
    1572393600000,
    1040988.9760440353
  ],
  [
    1572480000000,
    925517.6580302011
  ],
  [
    1572566400000,
    901641.1406494561
  ],
  [
    1572652800000,
    839892.9769829918
  ],
  [
    1572739200000,
    872084.6836202516
  ],
  [
    1572825600000,
    878783.0357747875
  ],
  [
    1572912000000,
    854333.6454032548
  ],
  [
    1572998400000,
    898142.3284134641
  ],
  [
    1573084800000,
    977258.6035739105
  ],
  [
    1573171200000,
    1015098.9067529523
  ],
  [
    1573257600000,
    942329.1264014279
  ],
  [
    1573344000000,
    1033307.573221088
  ],
  [
    1573430400000,
    1003184.9921397164
  ],
  [
    1573516800000,
    897038.4112461952
  ],
  [
    1573603200000,
    884298.3092406702
  ],
  [
    1573689600000,
    846773.2289043462
  ],
  [
    1573776000000,
    723791.4036060997
  ],
  [
    1573862400000,
    747854.768718746
  ],
  [
    1573948800000,
    729073.661385085
  ],
  [
    1574035200000,
    739416.1727748502
  ],
  [
    1574121600000,
    726503.8172718568
  ],
  [
    1574208000000,
    698778.8176007762
  ],
  [
    1574294400000,
    717835.5204396008
  ],
  [
    1574380800000,
    690220.8837634969
  ],
  [
    1574467200000,
    643684.712760019
  ],
  [
    1574553600000,
    643780.1311941736
  ],
  [
    1574640000000,
    564290.3914078437
  ],
  [
    1574726400000,
    596629.4441894073
  ],
  [
    1574812800000,
    616273.0736056353
  ],
  [
    1574899200000,
    617676.8617045714
  ],
  [
    1574985600000,
    647621.8336086874
  ],
  [
    1575072000000,
    689937.2231411705
  ],
  [
    1575158400000,
    671884.8878162256
  ],
  [
    1575244800000,
    649443.1430004234
  ],
  [
    1575331200000,
    653152.8722253839
  ],
  [
    1575417600000,
    613393.8497832535
  ],
  [
    1575504000000,
    595499.0430942081
  ],
  [
    1575590400000,
    625411.6863808148
  ],
  [
    1575676800000,
    613995.4900081186
  ],
  [
    1575763200000,
    609864.2089936194
  ],
  [
    1575849600000,
    602935.1237005631
  ],
  [
    1575936000000,
    607051.699168752
  ],
  [
    1576022400000,
    592565.164730908
  ],
  [
    1576108800000,
    575702.2424005016
  ],
  [
    1576195200000,
    573827.3044840274
  ],
  [
    1576281600000,
    576223.1140909883
  ],
  [
    1576368000000,
    562391.4628549775
  ],
  [
    1576454400000,
    573050.011634014
  ],
  [
    1576540800000,
    548527.1553509714
  ],
  [
    1576627200000,
    524654.4003916979
  ],
  [
    1576713600000,
    577139.1736319622
  ],
  [
    1576800000000,
    566705.8034395814
  ],
  [
    1576886400000,
    569345.5267034116
  ],
  [
    1576972800000,
    564019.2935168137
  ],
  [
    1577059200000,
    598326.5085580526
  ],
  [
    1577145600000,
    745116.8643206446
  ],
  [
    1577232000000,
    954625.167850286
  ],
  [
    1577318400000,
    701272.2867523208
  ],
  [
    1577404800000,
    685658.9291779274
  ],
  [
    1577491200000,
    638279.3717258656
  ],
  [
    1577577600000,
    630410.9478483131
  ],
  [
    1577664000000,
    733989.8915257066
  ],
  [
    1577750400000,
    679363.0639594028
  ],
  [
    1577836800000,
    797105.5471978245
  ],
  [
    1577923200000,
    787720.2990665837
  ],
  [
    1578009600000,
    748454.6624456204
  ],
  [
    1578096000000,
    637883.1540532496
  ],
  [
    1578182400000,
    799208.2647101221
  ],
  [
    1578268800000,
    774815.5908917906
  ],
  [
    1578355200000,
    733670.7636111095
  ],
  [
    1578441600000,
    722573.6075378972
  ],
  [
    1578528000000,
    747716.1802167544
  ],
  [
    1578614400000,
    701722.9005094195
  ],
  [
    1578700800000,
    715395.3865520849
  ],
  [
    1578787200000,
    712597.845122709
  ],
  [
    1578873600000,
    711198.7650740992
  ],
  [
    1578960000000,
    721846.6887009627
  ],
  [
    1579046400000,
    808166.3243934807
  ],
  [
    1579132800000,
    755346.67503634
  ],
  [
    1579219200000,
    766371.776066694
  ],
  [
    1579305600000,
    748585.7250240672
  ],
  [
    1579392000000,
    763867.6573404135
  ],
  [
    1579478400000,
    755928.8665968605
  ],
  [
    1579564800000,
    748387.0860632906
  ],
  [
    1579651200000,
    755650.5309921267
  ],
  [
    1579737600000,
    713124.742628369
  ],
  [
    1579824000000,
    717464.6656289106
  ],
  [
    1579910400000,
    721813.6139436188
  ],
  [
    1579996800000,
    719197.4537130818
  ],
  [
    1580083200000,
    772503.721900674
  ],
  [
    1580169600000,
    811651.7488417329
  ],
  [
    1580256000000,
    854238.7185307604
  ],
  [
    1580342400000,
    820370.8376777157
  ],
  [
    1580428800000,
    838598.4822418484
  ],
  [
    1580515200000,
    860640.7930995529
  ],
  [
    1580601600000,
    839821.0090582895
  ],
  [
    1580688000000,
    833133.9557175775
  ],
  [
    1580774400000,
    922240.1908949965
  ],
  [
    1580860800000,
    866450.2862504841
  ],
  [
    1580947200000,
    914965.6713059227
  ],
  [
    1581033600000,
    897796.748197598
  ],
  [
    1581120000000,
    839585.3770386933
  ],
  [
    1581206400000,
    833444.9598774882
  ],
  [
    1581292800000,
    870806.962930188
  ],
  [
    1581379200000,
    833443.2198963444
  ],
  [
    1581465600000,
    843446.4118711097
  ],
  [
    1581552000000,
    856349.8692216265
  ],
  [
    1581638400000,
    849635.5421719974
  ],
  [
    1581724800000,
    865980.0005237707
  ],
  [
    1581811200000,
    858756.7960977243
  ],
  [
    1581897600000,
    837544.7627795916
  ],
  [
    1581984000000,
    805015.6387731917
  ],
  [
    1582070400000,
    849920.6497025673
  ],
  [
    1582156800000,
    800874.774247452
  ],
  [
    1582243200000,
    802055.2919484297
  ],
  [
    1582329600000,
    763379.8793668402
  ],
  [
    1582416000000,
    801834.0995082711
  ],
  [
    1582502400000,
    826169.2159606501
  ],
  [
    1582588800000,
    854452.2297728452
  ],
  [
    1582675200000,
    865397.1928932745
  ],
  [
    1582761600000,
    772496.615500901
  ],
  [
    1582848000000,
    803911.4100145118
  ],
  [
    1582934400000,
    741025.2080614254
  ],
  [
    1583020800000,
    742954.4411076563
  ],
  [
    1583107200000,
    827565.9995125722
  ],
  [
    1583193600000,
    848543.5148796482
  ],
  [
    1583280000000,
    884485.1543274692
  ],
  [
    1583366400000,
    808419.7755533663
  ],
  [
    1583452800000,
    843929.5640702903
  ],
  [
    1583539200000,
    819392.2326159254
  ],
  [
    1583625600000,
    795268.0062809588
  ],
  [
    1583712000000,
    728952.5054147316
  ],
  [
    1583798400000,
    710214.1504737876
  ],
  [
    1583884800000,
    704533.0244155789
  ],
  [
    1583971200000,
    704874.9121342585
  ],
  [
    1584057600000,
    434771.31753321976
  ],
  [
    1584144000000,
    522587.4220473887
  ],
  [
    1584230400000,
    502547.1569769483
  ],
  [
    1584316800000,
    504605.33541987493
  ],
  [
    1584403200000,
    477136.46413313074
  ],
  [
    1584489600000,
    499030.2312688579
  ],
  [
    1584576000000,
    517278.91826224263
  ],
  [
    1584662400000,
    599844.829027995
  ],
  [
    1584748800000,
    603181.1515351051
  ],
  [
    1584835200000,
    596909.5279014702
  ],
  [
    1584921600000,
    562486.2007861388
  ],
  [
    1585008000000,
    612696.9413366888
  ],
  [
    1585094400000,
    609232.5916722971
  ],
  [
    1585180800000,
    610445.1800995453
  ],
  [
    1585267200000,
    613940.8568422339
  ],
  [
    1585353600000,
    599912.0048099468
  ],
  [
    1585440000000,
    548336.9411769274
  ],
  [
    1585526400000,
    508282.5376338402
  ],
  [
    1585612800000,
    562244.8499905961
  ],
  [
    1585699200000,
    565144.0402083016
  ],
  [
    1585785600000,
    589336.5214487702
  ],
  [
    1585872000000,
    603605.0692968131
  ],
  [
    1585958400000,
    593852.9782114368
  ],
  [
    1586044800000,
    612655.8745129926
  ],
  [
    1586131200000,
    602322.4517377985
  ],
  [
    1586217600000,
    611742.421110307
  ],
  [
    1586304000000,
    607511.1565163865
  ],
  [
    1586390400000,
    633312.6837576099
  ],
  [
    1586476800000,
    623747.8875805337
  ],
  [
    1586563200000,
    569433.3798729534
  ],
  [
    1586649600000,
    567739.7656661755
  ],
  [
    1586736000000,
    615813.734369095
  ],
  [
    1586822400000,
    601321.7284535603
  ],
  [
    1586908800000,
    610914.8565428861
  ],
  [
    1586995200000,
    604888.4700678461
  ],
  [
    1587081600000,
    624904.4189907556
  ],
  [
    1587168000000,
    627917.5273837033
  ],
  [
    1587254400000,
    636660.6657177557
  ],
  [
    1587340800000,
    635699.2958803104
  ],
  [
    1587427200000,
    587727.096705217
  ],
  [
    1587513600000,
    578676.2608832902
  ],
  [
    1587600000000,
    597635.8478224245
  ],
  [
    1587686400000,
    630424.0908372914
  ],
  [
    1587772800000,
    705723.0507321843
  ],
  [
    1587859200000,
    769983.417789991
  ],
  [
    1587945600000,
    697721.873993248
  ],
  [
    1588032000000,
    707465.7888437586
  ],
  [
    1588118400000,
    727573.5572527346
  ],
  [
    1588204800000,
    770449.3672697361
  ],
  [
    1588291200000,
    701481.6647221438
  ],
  [
    1588377600000,
    716193.8723250761
  ],
  [
    1588464000000,
    764244.6253428336
  ],
  [
    1588550400000,
    751870.170931901
  ],
  [
    1588636800000,
    766305.9573455832
  ],
  [
    1588723200000,
    803605.0524475528
  ],
  [
    1588809600000,
    713243.2872394212
  ],
  [
    1588896000000,
    852386.5156962323
  ],
  [
    1588982400000,
    929543.6953211699
  ],
  [
    1589068800000,
    1135975.9912394222
  ],
  [
    1589155200000,
    1664364.477151539
  ],
  [
    1589241600000,
    1378022.2314278092
  ],
  [
    1589328000000,
    1251486.765276638
  ],
  [
    1589414400000,
    1536790.465577614
  ],
  [
    1589500800000,
    1756104.5829800186
  ],
  [
    1589587200000,
    1320544.1909000375
  ],
  [
    1589673600000,
    1459299.9908616736
  ],
  [
    1589760000000,
    1406475.8601025518
  ],
  [
    1589846400000,
    1705139.0008290636
  ],
  [
    1589932800000,
    1563824.1799670884
  ],
  [
    1590019200000,
    1398313.178198908
  ],
  [
    1590105600000,
    1171851.4371589362
  ],
  [
    1590192000000,
    1086267.247377883
  ],
  [
    1590278400000,
    1062214.3010358224
  ],
  [
    1590364800000,
    1136002.5577714022
  ],
  [
    1590451200000,
    1064470.8519134629
  ],
  [
    1590537600000,
    1094935.7459610463
  ],
  [
    1590624000000,
    1137505.558897674
  ],
  [
    1590710400000,
    1185108.584253262
  ],
  [
    1590796800000,
    1142164.3967187086
  ],
  [
    1590883200000,
    1300909.7358253417
  ],
  [
    1590969600000,
    1060759.7510872418
  ],
  [
    1591056000000,
    1133175.6776278832
  ],
  [
    1591142400000,
    1186114.7033595925
  ],
  [
    1591228800000,
    1178746.0616218532
  ],
  [
    1591315200000,
    1140384.3602916447
  ],
  [
    1591401600000,
    1118371.2960687003
  ],
  [
    1591488000000,
    1160319.5159675914
  ],
  [
    1591574400000,
    1208562.2924737453
  ],
  [
    1591660800000,
    1133104.5599803207
  ],
  [
    1591747200000,
    1167355.7977898992
  ],
  [
    1591833600000,
    1180809.7477479118
  ],
  [
    1591920000000,
    1137920.332447938
  ],
  [
    1592006400000,
    1107661.8141928778
  ],
  [
    1592092800000,
    1126278.028051537
  ],
  [
    1592179200000,
    1199158.7398271924
  ],
  [
    1592265600000,
    1117936.5872911578
  ],
  [
    1592352000000,
    1112332.0518002587
  ],
  [
    1592438400000,
    1084662.0444690783
  ],
  [
    1592524800000,
    1038581.0312085056
  ],
  [
    1592611200000,
    1247947.1015097254
  ],
  [
    1592697600000,
    1085936.0697940774
  ],
  [
    1592784000000,
    1115498.8104921558
  ],
  [
    1592870400000,
    1114831.2617423616
  ],
  [
    1592956800000,
    1112820.6426989161
  ],
  [
    1593043200000,
    1081734.7238393826
  ],
  [
    1593129600000,
    1103415.779438613
  ],
  [
    1593216000000,
    1079121.9859508679
  ],
  [
    1593302400000,
    1072032.018388563
  ],
  [
    1593388800000,
    1089194.3503317249
  ],
  [
    1593475200000,
    1107040.2769902786
  ],
  [
    1593561600000,
    1082374.3330643582
  ],
  [
    1593648000000,
    1087154.816101873
  ],
  [
    1593734400000,
    1080243.5958671765
  ],
  [
    1593820800000,
    1047399.0107519419
  ],
  [
    1593907200000,
    1084357.405134974
  ],
  [
    1593993600000,
    1095008.41467523
  ],
  [
    1594080000000,
    1100740.3330541607
  ],
  [
    1594166400000,
    1072219.6028523168
  ],
  [
    1594252800000,
    1091209.519047514
  ],
  [
    1594339200000,
    1045232.6100753762
  ],
  [
    1594425600000,
    1128337.2382152341
  ],
  [
    1594512000000,
    1092090.1583779356
  ],
  [
    1594598400000,
    1070458.8607719722
  ],
  [
    1594684800000,
    1092765.1386593792
  ],
  [
    1594771200000,
    1140067.915123598
  ],
  [
    1594857600000,
    1092250.42306864
  ],
  [
    1594944000000,
    1118406.9540659443
  ],
  [
    1595030400000,
    1126012.7882774891
  ],
  [
    1595116800000,
    1121293.2409321393
  ],
  [
    1595203200000,
    1152554.6306831583
  ],
  [
    1595289600000,
    1236904.513041683
  ],
  [
    1595376000000,
    1261611.0957415798
  ],
  [
    1595462400000,
    1093432.534844954
  ],
  [
    1595548800000,
    1126911.659890483
  ],
  [
    1595635200000,
    1098774.3335380966
  ],
  [
    1595721600000,
    1204539.3015357442
  ],
  [
    1595808000000,
    1229126.8638403397
  ],
  [
    1595894400000,
    1395483.8273902766
  ],
  [
    1595980800000,
    1322242.7658944498
  ],
  [
    1596067200000,
    1369838.8628009397
  ],
  [
    1596153600000,
    1353471.7802949839
  ],
  [
    1596240000000,
    1483123.178341594
  ],
  [
    1596326400000,
    1568996.4733484518
  ],
  [
    1596412800000,
    1478725.448060901
  ],
  [
    1596499200000,
    1589288.5185668534
  ],
  [
    1596585600000,
    1322194.8885610297
  ],
  [
    1596672000000,
    1426655.862513274
  ],
  [
    1596758400000,
    1372156.1309541164
  ],
  [
    1596844800000,
    1376482.1254432127
  ],
  [
    1596931200000,
    1408911.483057436
  ],
  [
    1597017600000,
    1336953.606313349
  ],
  [
    1597104000000,
    1458953.291878218
  ],
  [
    1597190400000,
    1454934.4800204153
  ],
  [
    1597276800000,
    1383820.199224931
  ],
  [
    1597363200000,
    1892303.271651714
  ],
  [
    1597449600000,
    1660822.220976405
  ],
  [
    1597536000000,
    1703459.5986412808
  ],
  [
    1597622400000,
    1514728.2159156597
  ],
  [
    1597708800000,
    1556525.7762847536
  ],
  [
    1597795200000,
    1479982.4063486985
  ],
  [
    1597881600000,
    1444858.6671730247
  ],
  [
    1597968000000,
    1486253.9224980914
  ],
  [
    1598054400000,
    1557084.4776124284
  ],
  [
    1598140800000,
    1613966.7266631832
  ],
  [
    1598227200000,
    1523941.7181977653
  ],
  [
    1598313600000,
    1508716.917571499
  ],
  [
    1598400000000,
    1496241.8662251856
  ],
  [
    1598486400000,
    1450503.6926367935
  ],
  [
    1598572800000,
    1500530.6247613085
  ],
  [
    1598659200000,
    1565435.606121836
  ],
  [
    1598745600000,
    1586985.2979741169
  ],
  [
    1598832000000,
    1591414.7777394275
  ],
  [
    1598918400000,
    1624850.430235468
  ],
  [
    1599004800000,
    1584948.619902175
  ],
  [
    1599091200000,
    1610825.89987039
  ],
  [
    1599177600000,
    1403625.558102289
  ],
  [
    1599264000000,
    3302947.8232222293
  ],
  [
    1599350400000,
    1646648.0980204956
  ],
  [
    1599436800000,
    1502268.7202329773
  ],
  [
    1599523200000,
    1504498.7246583062
  ],
  [
    1599609600000,
    1506477.4414541337
  ],
  [
    1599696000000,
    1627810.4314054258
  ],
  [
    1599782400000,
    1588319.7712348746
  ],
  [
    1599868800000,
    1616294.122712913
  ],
  [
    1599955200000,
    1848032.9242692704
  ],
  [
    1600041600000,
    2281458.209395383
  ],
  [
    1600128000000,
    2305134.286661154
  ],
  [
    1600214400000,
    2865075.670367437
  ],
  [
    1600300800000,
    3284305.7398605323
  ],
  [
    1600387200000,
    2592842.906581302
  ],
  [
    1600473600000,
    2016351.61069967
  ],
  [
    1600560000000,
    1753821.6999375874
  ],
  [
    1600646400000,
    1977963.7046733797
  ],
  [
    1600732800000,
    1895254.265828341
  ],
  [
    1600819200000,
    1809301.9485236306
  ],
  [
    1600905600000,
    1787540.483562814
  ],
  [
    1600992000000,
    1876329.0156348224
  ],
  [
    1601078400000,
    1761831.473249109
  ],
  [
    1601164800000,
    4030299.1924224733
  ],
  [
    1601251200000,
    1722253.2178644533
  ],
  [
    1601337600000,
    1967047.2986924748
  ],
  [
    1601424000000,
    2048323.871087078
  ],
  [
    1601510400000,
    1631052.629897006
  ],
  [
    1601596800000,
    1554712.0850581327
  ],
  [
    1601683200000,
    1512572.4440283624
  ],
  [
    1601769600000,
    1489892.5591265815
  ],
  [
    1601856000000,
    1479389.1707075047
  ],
  [
    1601942400000,
    1529657.6731653947
  ],
  [
    1602028800000,
    1429884.7826840181
  ],
  [
    1602115200000,
    1441346.0849422417
  ],
  [
    1602201600000,
    1471418.3932793536
  ],
  [
    1602288000000,
    1514374.9123035609
  ],
  [
    1602374400000,
    1523060.9948750942
  ],
  [
    1602460800000,
    1496347.679677142
  ],
  [
    1602547200000,
    1523391.559085699
  ],
  [
    1602633600000,
    1548082.5449973894
  ],
  [
    1602720000000,
    1503810.5690512264
  ],
  [
    1602806400000,
    1541730.5252414078
  ],
  [
    1602892800000,
    1541579.1586822763
  ],
  [
    1602979200000,
    1522995.672059508
  ],
  [
    1603065600000,
    1576871.440698366
  ],
  [
    1603152000000,
    1621388.2385788048
  ],
  [
    1603238400000,
    1682984.0818031975
  ],
  [
    1603324800000,
    1870354.9108486637
  ],
  [
    1603411200000,
    1938519.4286542651
  ],
  [
    1603497600000,
    1762471.580186614
  ],
  [
    1603584000000,
    1852167.8162173373
  ],
  [
    1603670400000,
    1726438.7181841184
  ],
  [
    1603756800000,
    1845400.783661266
  ],
  [
    1603843200000,
    1954986.661089545
  ],
  [
    1603929600000,
    1872229.979744301
  ],
  [
    1604016000000,
    1882799.9988845973
  ],
  [
    1604102400000,
    1842017.219181595
  ],
  [
    1604188800000,
    1969415.3811815372
  ],
  [
    1604275200000,
    1933219.5118787677
  ],
  [
    1604361600000,
    1878096.372391066
  ],
  [
    1604448000000,
    2036033.1743032113
  ],
  [
    1604534400000,
    2076657.2809821952
  ],
  [
    1604620800000,
    2237584.539779452
  ],
  [
    1604707200000,
    2177879.83178463
  ],
  [
    1604793600000,
    2264716.9931748947
  ],
  [
    1604880000000,
    2191164.490199948
  ],
  [
    1604966400000,
    2094634.0329503769
  ],
  [
    1605052800000,
    2159375.2615788835
  ],
  [
    1605139200000,
    2104497.187358044
  ],
  [
    1605225600000,
    2384438.5568357217
  ],
  [
    1605312000000,
    2342115.3974984637
  ],
  [
    1605398400000,
    2348408.6427766155
  ],
  [
    1605484800000,
    2279391.0599293113
  ],
  [
    1605571200000,
    2209701.0929158344
  ],
  [
    1605657600000,
    2420061.4587195944
  ],
  [
    1605744000000,
    2481487.0895660277
  ],
  [
    1605830400000,
    2378798.2113741892
  ],
  [
    1605916800000,
    2580574.589603425
  ],
  [
    1606003200000,
    2559813.192577761
  ],
  [
    1606089600000,
    2795742.106208982
  ],
  [
    1606176000000,
    2619299.0113644483
  ],
  [
    1606262400000,
    2521329.8164292756
  ],
  [
    1606348800000,
    2642346.9765856275
  ],
  [
    1606435200000,
    2429612.792686222
  ],
  [
    1606521600000,
    2337188.704693715
  ],
  [
    1606608000000,
    2477419.027328445
  ],
  [
    1606694400000,
    2490433.3726332495
  ],
  [
    1606780800000,
    2707371.628834734
  ],
  [
    1606867200000,
    2555195.386987648
  ],
  [
    1606953600000,
    2694609.32389244
  ],
  [
    1607040000000,
    2697769.072327871
  ],
  [
    1607126400000,
    2534564.548722014
  ],
  [
    1607212800000,
    2518101.899439434
  ],
  [
    1607299200000,
    2613908.636831213
  ],
  [
    1607385600000,
    2656364.4895823323
  ],
  [
    1607472000000,
    2422409.0670601805
  ],
  [
    1607558400000,
    2475728.5323177367
  ],
  [
    1607644800000,
    2412820.305501345
  ],
  [
    1607731200000,
    2321933.7294063037
  ],
  [
    1607817600000,
    2386791.8495782707
  ],
  [
    1607904000000,
    2678975.663593194
  ],
  [
    1607990400000,
    2572152.537874577
  ],
  [
    1608076800000,
    2623500.5012858557
  ],
  [
    1608163200000,
    2732876.9738380075
  ],
  [
    1608249600000,
    2820024.822891599
  ],
  [
    1608336000000,
    2995505.6967156786
  ],
  [
    1608422400000,
    2960441.072654251
  ],
  [
    1608508800000,
    2812803.9173476887
  ],
  [
    1608595200000,
    2813664.594074865
  ],
  [
    1608681600000,
    3137827.607644925
  ],
  [
    1608768000000,
    3288782.2729140483
  ],
  [
    1608854400000,
    3117609.928700201
  ],
  [
    1608940800000,
    2534927.9077698863
  ],
  [
    1609372800000,
    4316210.8176289415
  ],
  [
    1609459200000,
    4316210.8176289415
  ],
  [
    1609545600000,
    4436051.425508616
  ],
  [
    1609632000000,
    4832828.390692106
  ],
  [
    1609718400000,
    4994003.103657143
  ],
  [
    1609804800000,
    4664781.147390176
  ],
  [
    1609891200000,
    5455205.692790024
  ],
  [
    1609977600000,
    5800091.911748839
  ],
  [
    1610064000000,
    6213132.445190823
  ],
  [
    1610150400000,
    6379188.83855045
  ],
  [
    1610236800000,
    6290097.217220695
  ],
  [
    1610323200000,
    6071061.928388848
  ],
  [
    1610409600000,
    5470253.217974618
  ],
  [
    1610496000000,
    5251366.23234866
  ],
  [
    1610582400000,
    5859878.705034556
  ],
  [
    1610668800000,
    6101877.9123054445
  ],
  [
    1610755200000,
    5725860.342431445
  ],
  [
    1610841600000,
    5670353.3138686055
  ],
  [
    1610928000000,
    5675414.945875638
  ],
  [
    1611014400000,
    5703426.85720358
  ],
  [
    1611100800000,
    5717846.229407525
  ],
  [
    1611187200000,
    5449685.670374494
  ],
  [
    1611273600000,
    4836902.178511283
  ],
  [
    1611360000000,
    5127722.656111919
  ],
  [
    1611446400000,
    4978312.345109337
  ],
  [
    1611532800000,
    4964472.2010341445
  ],
  [
    1611619200000,
    5044868.243339113
  ],
  [
    1611705600000,
    5051256.206763517
  ],
  [
    1611792000000,
    4698788.758869559
  ],
  [
    1611878400000,
    5150536.207058019
  ],
  [
    1611964800000,
    5245441.296698901
  ],
  [
    1612051200000,
    5297533.850612231
  ],
  [
    1612137600000,
    5099076.516393782
  ],
  [
    1612224000000,
    5154136.973591464
  ],
  [
    1612310400000,
    5498879.501318268
  ],
  [
    1612396800000,
    5782656.8507529935
  ],
  [
    1612483200000,
    5744515.3601088105
  ],
  [
    1612569600000,
    5730625.540889142
  ],
  [
    1612656000000,
    5947913.234038034
  ],
  [
    1612742400000,
    5865682.825313468
  ],
  [
    1612828800000,
    6773911.940920554
  ],
  [
    1612915200000,
    7181329.268999548
  ],
  [
    1613001600000,
    6960756.697740899
  ],
  [
    1613088000000,
    7352959.866403576
  ],
  [
    1613174400000,
    6924096.982962083
  ],
  [
    1613260800000,
    6905437.877005173
  ],
  [
    1613347200000,
    6763040.568750493
  ],
  [
    1613433600000,
    6278174.133335521
  ],
  [
    1613520000000,
    6405767.723323663
  ],
  [
    1613606400000,
    6587412.795319558
  ],
  [
    1613692800000,
    7605845.78303776
  ],
  [
    1613779200000,
    8136675.147424189
  ],
  [
    1613865600000,
    7490709.157207721
  ],
  [
    1613952000000,
    7752481.848334067
  ],
  [
    1614038400000,
    7305167.262505574
  ],
  [
    1614124800000,
    6477398.4923662115
  ],
  [
    1614211200000,
    6570096.721954537
  ],
  [
    1614297600000,
    4451116.758818552
  ],
  [
    1614384000000,
    6733361.101883546
  ],
  [
    1614470400000,
    6774499.597120097
  ],
  [
    1614556800000,
    6697039.699272461
  ],
  [
    1614643200000,
    7242848.780526497
  ],
  [
    1614729600000,
    7071684.9018591065
  ],
  [
    1614816000000,
    7437708.128902567
  ],
  [
    1614902400000,
    7087478.775449398
  ],
  [
    1614988800000,
    7191723.6735321
  ],
  [
    1615075200000,
    7174708.324202778
  ],
  [
    1615161600000,
    7491478.471511515
  ],
  [
    1615248000000,
    7568768.216459888
  ],
  [
    1615334400000,
    8028548.562525614
  ],
  [
    1615420800000,
    7085360.003452453
  ],
  [
    1615507200000,
    6096833.557269121
  ],
  [
    1615593600000,
    6022698.475682335
  ],
  [
    1615680000000,
    8950334.142642187
  ],
  [
    1615766400000,
    8752527.900769418
  ],
  [
    1615852800000,
    7556739.965553249
  ],
  [
    1615939200000,
    5228127.994136778
  ],
  [
    1616025600000,
    5420422.317040843
  ],
  [
    1616112000000,
    5348359.695936945
  ],
  [
    1616198400000,
    5405553.052496119
  ],
  [
    1616284800000,
    5413021.327209099
  ],
  [
    1616371200000,
    5330603.614777571
  ],
  [
    1616457600000,
    5049712.9817908695
  ],
  [
    1616544000000,
    5050500.7132345615
  ],
  [
    1616630400000,
    4851757.304876523
  ],
  [
    1616716800000,
    4795752.82636691
  ],
  [
    1616803200000,
    5026503.511139012
  ],
  [
    1616889600000,
    5181999.617770387
  ],
  [
    1616976000000,
    5138301.209986443
  ],
  [
    1617062400000,
    5310915.109507352
  ],
  [
    1617148800000,
    5418460.499319184
  ],
  [
    1617235200000,
    5422477.179236404
  ],
  [
    1617321600000,
    5441646.750173144
  ],
  [
    1617408000000,
    5442159.233041136
  ],
  [
    1617494400000,
    5329450.417183618
  ],
  [
    1617580800000,
    5376267.560723361
  ],
  [
    1617667200000,
    5420612.81310467
  ],
  [
    1617753600000,
    5351289.230967887
  ],
  [
    1617840000000,
    5222841.699646561
  ],
  [
    1617926400000,
    5351934.447139277
  ],
  [
    1618012800000,
    5288889.188311784
  ],
  [
    1618099200000,
    5435912.15761754
  ],
  [
    1618185600000,
    5462773.282603851
  ],
  [
    1618272000000,
    5459691.665578883
  ],
  [
    1618358400000,
    5769707.589262462
  ],
  [
    1618444800000,
    5741878.730039667
  ],
  [
    1618531200000,
    5756849.778118903
  ],
  [
    1618617600000,
    8932423.978306206
  ],
  [
    1618704000000,
    8658989.928658579
  ],
  [
    1618790400000,
    5212054.397281701
  ],
  [
    1618876800000,
    5181930.693604773
  ],
  [
    1618963200000,
    2369609.7264753547
  ],
  [
    1619049600000,
    5008538.156988236
  ],
  [
    1619136000000,
    4812197.969276632
  ],
  [
    1619222400000,
    4696804.733231719
  ],
  [
    1619308800000,
    4649768.367399314
  ],
  [
    1619395200000,
    4491566.899952596
  ],
  [
    1619481600000,
    4972979.717284922
  ],
  [
    1619568000000,
    5089628.0708932
  ],
  [
    1619654400000,
    5051470.838125767
  ],
  [
    1619740800000,
    4724050.593103426
  ],
  [
    1619827200000,
    5328176.032126011
  ],
  [
    1619913600000,
    5345366.770916921
  ],
  [
    1620000000000,
    5226058.319474954
  ],
  [
    1620086400000,
    5263883.191657668
  ],
  [
    1620172800000,
    4982878.231554696
  ],
  [
    1620259200000,
    5224358.304570566
  ],
  [
    1620345600000,
    4746472.145297629
  ],
  [
    1620432000000,
    4813223.502542656
  ],
  [
    1620518400000,
    4919197.247432114
  ],
  [
    1620604800000,
    4902974.044067229
  ],
  [
    1620691200000,
    4696838.860154394
  ],
  [
    1620777600000,
    4742603.420309336
  ],
  [
    1620864000000,
    4333687.173079875
  ],
  [
    1620950400000,
    4132555.6284866785
  ],
  [
    1621036800000,
    4196640.459929953
  ],
  [
    1621123200000,
    3958182.568518316
  ],
  [
    1621209600000,
    3838931.463988183
  ],
  [
    1621296000000,
    3648631.827666567
  ],
  [
    1621382400000,
    3568276.820049746
  ],
  [
    1621468800000,
    3213603.2381657786
  ],
  [
    1621555200000,
    3438826.0998860733
  ],
  [
    1621641600000,
    3115849.463299402
  ],
  [
    1621728000000,
    3154753.1120410077
  ],
  [
    1621814400000,
    2866487.9559322586
  ],
  [
    1621900800000,
    3223456.976075321
  ],
  [
    1621987200000,
    3199911.037472729
  ],
  [
    1622073600000,
    3274616.65262259
  ],
  [
    1622160000000,
    3210757.1903392505
  ],
  [
    1622246400000,
    2518077.408208224
  ],
  [
    1622332800000,
    2890033.599728439
  ],
  [
    1622419200000,
    2965197.910910254
  ],
  [
    1622505600000,
    3107217.701510595
  ],
  [
    1622592000000,
    3045926.197980482
  ],
  [
    1622678400000,
    3130492.101642818
  ],
  [
    1622764800000,
    3234373.7878754623
  ],
  [
    1622851200000,
    3074110.697547321
  ],
  [
    1622937600000,
    2923443.7721701376
  ],
  [
    1623024000000,
    3295710.1930327015
  ],
  [
    1623110400000,
    3137580.508660485
  ],
  [
    1623196800000,
    3101500.359425039
  ],
  [
    1623283200000,
    3461009.5927932467
  ],
  [
    1623369600000,
    3401272.030063514
  ],
  [
    1623456000000,
    3444726.7654558322
  ],
  [
    1623542400000,
    3313893.687051495
  ],
  [
    1623628800000,
    3602390.23380299
  ],
  [
    1623715200000,
    3744990.4553079475
  ],
  [
    1623801600000,
    3716534.124155345
  ],
  [
    1623888000000,
    3566714.147911148
  ],
  [
    1623974400000,
    3520252.236864089
  ],
  [
    1624060800000,
    2834822.621745979
  ],
  [
    1624147200000,
    2839998.169674802
  ],
  [
    1624233600000,
    2847305.983731087
  ],
  [
    1624320000000,
    2544448.3390469854
  ],
  [
    1624406400000,
    2589197.522730118
  ],
  [
    1624492800000,
    2686614.699478918
  ],
  [
    1624579200000,
    2777335.7901695594
  ],
  [
    1624665600000,
    2525309.498751424
  ],
  [
    1624752000000,
    2543810.535535209
  ],
  [
    1624838400000,
    2749322.249232402
  ],
  [
    1624924800000,
    2737999.764252688
  ],
  [
    1625011200000,
    2882254.4598674024
  ],
  [
    1625097600000,
    2800748.782331147
  ],
  [
    1625184000000,
    2686656.6830812464
  ],
  [
    1625270400000,
    2683759.0227090027
  ],
  [
    1625356800000,
    3186034.064992241
  ],
  [
    1625443200000,
    3269398.9393605785
  ],
  [
    1625529600000,
    3155281.6664916156
  ],
  [
    1625616000000,
    3158878.7455615257
  ],
  [
    1625702400000,
    3146965.606294473
  ],
  [
    1625788800000,
    3038160.315230609
  ],
  [
    1625875200000,
    3148361.033409473
  ],
  [
    1625961600000,
    3116236.6621450232
  ],
  [
    1626048000000,
    3184131.0665855766
  ],
  [
    1626134400000,
    3063466.014638893
  ],
  [
    1626220800000,
    3015178.9052172857
  ],
  [
    1626307200000,
    3053987.3068941096
  ],
  [
    1626393600000,
    2947209.586079005
  ],
  [
    1626480000000,
    2921162.9643951533
  ],
  [
    1626566400000,
    2923192.9970333087
  ],
  [
    1626652800000,
    2920668.480167021
  ],
  [
    1626739200000,
    2858904.881806331
  ],
  [
    1626825600000,
    2738347.6731729545
  ],
  [
    1626912000000,
    2969927.363823184
  ],
  [
    1626998400000,
    2978356.959257534
  ],
  [
    1627084800000,
    3070403.238270032
  ],
  [
    1627171200000,
    3142984.3707922627
  ],
  [
    1627257600000,
    3202949.9424023847
  ],
  [
    1627344000000,
    3463076.6390788057
  ],
  [
    1627430400000,
    3607064.1407226203
  ],
  [
    1627516800000,
    3695777.067168787
  ],
  [
    1627603200000,
    3539308.6154265855
  ],
  [
    1627689600000,
    3658089.8360568862
  ],
  [
    1627776000000,
    3695509.3535018535
  ],
  [
    1627862400000,
    3560760.469353675
  ],
  [
    1627948800000,
    3484990.0344866295
  ],
  [
    1628035200000,
    3405020.3016483686
  ],
  [
    1628121600000,
    3499236.5259374534
  ],
  [
    1628208000000,
    3616837.353016974
  ],
  [
    1628294400000,
    3767123.9017453305
  ],
  [
    1628380800000,
    3796316.7994937194
  ],
  [
    1628467200000,
    3787735.835319734
  ],
  [
    1628553600000,
    3895775.609993797
  ],
  [
    1628640000000,
    3916258.714839619
  ],
  [
    1628726400000,
    3935947.8305906532
  ],
  [
    1628812800000,
    3791762.988672677
  ],
  [
    1628899200000,
    4092243.178612395
  ],
  [
    1628985600000,
    4059225.8939424013
  ],
  [
    1629072000000,
    4053858.48474366
  ],
  [
    1629158400000,
    3980407.9536424265
  ],
  [
    1629244800000,
    3856698.146869054
  ],
  [
    1629331200000,
    3880242.535250153
  ],
  [
    1629417600000,
    3964276.083776283
  ],
  [
    1629504000000,
    4226623.006707209
  ],
  [
    1629590400000,
    4354026.999120645
  ],
  [
    1629676800000,
    4352810.142392711
  ],
  [
    1629763200000,
    4374490.121036242
  ],
  [
    1629849600000,
    4259441.705093654
  ],
  [
    1629936000000,
    4322238.93501466
  ],
  [
    1630022400000,
    4160857.039108331
  ],
  [
    1630108800000,
    4319516.728509256
  ],
  [
    1630195200000,
    4098853.9678716315
  ],
  [
    1630281600000,
    4124024.9085874283
  ],
  [
    1630368000000,
    3989811.2196001145
  ],
  [
    1630454400000,
    3959097.718899846
  ],
  [
    1630540800000,
    4082521.072652389
  ],
  [
    1630627200000,
    4161279.5460590925
  ]
]