[
  [
    1624665600000,
    45.264930415011264
  ],
  [
    1624752000000,
    45.264930415011264
  ],
  [
    1624838400000,
    46.113619590728824
  ],
  [
    1624924800000,
    46.843692192405214
  ],
  [
    1625011200000,
    47.280892911239256
  ],
  [
    1625097600000,
    43.703858330062964
  ],
  [
    1625184000000,
    43.844695337980916
  ],
  [
    1625270400000,
    45.927395559635144
  ],
  [
    1625356800000,
    47.12496790388054
  ],
  [
    1625443200000,
    47.204021716907356
  ],
  [
    1625529600000,
    46.1031133750882
  ],
  [
    1625616000000,
    46.679871023945836
  ],
  [
    1625702400000,
    47.35679696040593
  ],
  [
    1625788800000,
    46.88290041824867
  ],
  [
    1625875200000,
    46.88290041824867
  ],
  [
    1625961600000,
    47.07013252591175
  ],
  [
    1626048000000,
    47.03148630352076
  ],
  [
    1626220800000,
    45.84844628849163
  ],
  [
    1626307200000,
    45.84844628849163
  ],
  [
    1626393600000,
    44.91200961672644
  ],
  [
    1626480000000,
    44.95465961139716
  ],
  [
    1626566400000,
    45.2201557793055
  ],
  [
    1626652800000,
    46.017065272449614
  ],
  [
    1626739200000,
    46.55542968856098
  ],
  [
    1626825600000,
    46.0017941996431
  ],
  [
    1626912000000,
    46.0017941996431
  ],
  [
    1626998400000,
    46.015893517484606
  ],
  [
    1627084800000,
    46.07807123004067
  ],
  [
    1627171200000,
    46.07807123004067
  ],
  [
    1627257600000,
    46.41003207818115
  ],
  [
    1627344000000,
    47.05600466873474
  ],
  [
    1627430400000,
    45.127281210386094
  ],
  [
    1627516800000,
    46.35268960118026
  ],
  [
    1627603200000,
    44.008537266147144
  ],
  [
    1627689600000,
    44.008537266147144
  ],
  [
    1627776000000,
    43.977290366126155
  ],
  [
    1627862400000,
    45.14214450620075
  ],
  [
    1627948800000,
    46.55248326198143
  ],
  [
    1628035200000,
    46.80754538649892
  ],
  [
    1628121600000,
    43.45868317697385
  ],
  [
    1628208000000,
    45.854241415334606
  ],
  [
    1628294400000,
    46.388900281011004
  ],
  [
    1628380800000,
    47.90815861547227
  ],
  [
    1628467200000,
    47.90815861547227
  ],
  [
    1628553600000,
    46.392716822622056
  ],
  [
    1628640000000,
    46.392716822622056
  ],
  [
    1628726400000,
    48.98546794017287
  ],
  [
    1628812800000,
    55.95569968990816
  ],
  [
    1628899200000,
    57.5452900014369
  ],
  [
    1628985600000,
    47.2189841195846
  ],
  [
    1629072000000,
    47.14387040973844
  ],
  [
    1629158400000,
    47.449156741527055
  ],
  [
    1629244800000,
    48.27499648711032
  ],
  [
    1629331200000,
    47.07841290524993
  ],
  [
    1629417600000,
    48.59694536574361
  ],
  [
    1629504000000,
    48.59694536574361
  ],
  [
    1629590400000,
    51.88071762218784
  ],
  [
    1629676800000,
    49.389328043655965
  ],
  [
    1629763200000,
    49.213400097700934
  ],
  [
    1629849600000,
    47.758267655468444
  ],
  [
    1629936000000,
    47.62843753391254
  ],
  [
    1630022400000,
    47.87310093632998
  ],
  [
    1630108800000,
    48.42524177631158
  ],
  [
    1630195200000,
    47.970228900531396
  ],
  [
    1630281600000,
    47.62156232135506
  ],
  [
    1630368000000,
    46.798729071151044
  ],
  [
    1630454400000,
    48.99828817012472
  ],
  [
    1630540800000,
    48.55151819189447
  ],
  [
    1630627200000,
    48.59458878346343
  ]
]