[
  [
    1593043200000,
    439231.269110862
  ],
  [
    1593129600000,
    439231.269110862
  ],
  [
    1593216000000,
    309881.4788181394
  ],
  [
    1593302400000,
    168241.7365581575
  ],
  [
    1593388800000,
    171294.80780072467
  ],
  [
    1593475200000,
    164727.84269186683
  ],
  [
    1593561600000,
    168201.78335435735
  ],
  [
    1593648000000,
    173793.2931997461
  ],
  [
    1593734400000,
    158691.2586145817
  ],
  [
    1593820800000,
    157936.21543906815
  ],
  [
    1593907200000,
    164803.86623198373
  ],
  [
    1593993600000,
    158920.68964584416
  ],
  [
    1594080000000,
    166448.62061562986
  ],
  [
    1594166400000,
    168706.57551489168
  ],
  [
    1594252800000,
    176551.0662262275
  ],
  [
    1594339200000,
    175097.90466327677
  ],
  [
    1594425600000,
    172431.1594486046
  ],
  [
    1594512000000,
    173199.20912955469
  ],
  [
    1594598400000,
    175722.35082646584
  ],
  [
    1594684800000,
    179611.39492575175
  ],
  [
    1594771200000,
    175891.25509105338
  ],
  [
    1594857600000,
    781906.5171296205
  ],
  [
    1594944000000,
    734841.8347320365
  ],
  [
    1595030400000,
    2166285.2185009993
  ],
  [
    1595116800000,
    2166285.2185009993
  ],
  [
    1595203200000,
    2243340.1462828894
  ],
  [
    1595289600000,
    2248439.8622632073
  ],
  [
    1595376000000,
    2563835.439809173
  ],
  [
    1595462400000,
    2607335.2398731667
  ],
  [
    1595548800000,
    2644119.9180597584
  ],
  [
    1595635200000,
    2543827.143080137
  ],
  [
    1595721600000,
    2594676.755434326
  ],
  [
    1595808000000,
    2446949.174446303
  ],
  [
    1595894400000,
    2320801.670266784
  ],
  [
    1595980800000,
    2356534.07230558
  ],
  [
    1596067200000,
    2770631.020037741
  ],
  [
    1596153600000,
    2598344.1288907463
  ],
  [
    1596326400000,
    2425571.9475967274
  ],
  [
    1596412800000,
    2425571.9475967274
  ],
  [
    1596499200000,
    2551120.1570185632
  ],
  [
    1596585600000,
    2752778.774057001
  ],
  [
    1596672000000,
    2752778.774057001
  ],
  [
    1596758400000,
    4073862.410676476
  ],
  [
    1596844800000,
    4073862.410676476
  ],
  [
    1596931200000,
    5196999.803158585
  ],
  [
    1597017600000,
    5793767.071398372
  ],
  [
    1597104000000,
    5643816.387990084
  ],
  [
    1597190400000,
    5150038.054068808
  ],
  [
    1597276800000,
    5548263.531091025
  ],
  [
    1597363200000,
    5235775.588053991
  ],
  [
    1597449600000,
    5281323.477335343
  ],
  [
    1597536000000,
    5494405.251102496
  ],
  [
    1597622400000,
    5540594.37073773
  ],
  [
    1597708800000,
    5379616.168410366
  ],
  [
    1597795200000,
    5113098.275736941
  ],
  [
    1597881600000,
    4795905.41813475
  ],
  [
    1597968000000,
    4988828.24736667
  ],
  [
    1598054400000,
    5215509.982763656
  ],
  [
    1598140800000,
    5243194.218394391
  ],
  [
    1598227200000,
    5267294.958364753
  ],
  [
    1598313600000,
    5269011.884125625
  ],
  [
    1598400000000,
    4852486.154373988
  ],
  [
    1598486400000,
    4784814.215574198
  ],
  [
    1598572800000,
    5063498.523151723
  ],
  [
    1598659200000,
    6065795.950599202
  ],
  [
    1598745600000,
    5986634.18724131
  ],
  [
    1598832000000,
    5883861.224440199
  ],
  [
    1598918400000,
    5481839.594784659
  ],
  [
    1599004800000,
    5735532.915878418
  ],
  [
    1599091200000,
    5072471.821913834
  ],
  [
    1599177600000,
    5072471.821913834
  ],
  [
    1599264000000,
    4842777.139487797
  ],
  [
    1599350400000,
    4376194.7479033945
  ],
  [
    1599436800000,
    4288895.000812567
  ],
  [
    1599523200000,
    4298856.186652437
  ],
  [
    1599609600000,
    4251761.257421424
  ],
  [
    1599696000000,
    4273660.015970104
  ],
  [
    1599782400000,
    4557792.887491306
  ],
  [
    1599868800000,
    4843871.101627043
  ],
  [
    1599955200000,
    4967790.898319321
  ],
  [
    1600041600000,
    4608648.031584429
  ],
  [
    1600128000000,
    4621179.117801362
  ],
  [
    1600214400000,
    4664748.8405045895
  ],
  [
    1600300800000,
    4481927.350604259
  ],
  [
    1600387200000,
    4488332.548816146
  ],
  [
    1600473600000,
    4577748.629961057
  ],
  [
    1600560000000,
    4569183.402719931
  ],
  [
    1600646400000,
    4441866.866134086
  ],
  [
    1600732800000,
    3976125.3322507814
  ],
  [
    1600819200000,
    4107511.4818988424
  ],
  [
    1600905600000,
    4133357.239878833
  ],
  [
    1600992000000,
    4413694.745290758
  ],
  [
    1601078400000,
    4525377.373361183
  ],
  [
    1601164800000,
    4783975.008776149
  ],
  [
    1601251200000,
    4668439.045866863
  ],
  [
    1601337600000,
    4896722.651059726
  ],
  [
    1601424000000,
    5362762.173608192
  ],
  [
    1601510400000,
    5174905.044221488
  ],
  [
    1601596800000,
    4610451.377968886
  ],
  [
    1601683200000,
    4544660.829949782
  ],
  [
    1601769600000,
    4567536.032701871
  ],
  [
    1601856000000,
    4559473.365692248
  ],
  [
    1601942400000,
    4541225.282381542
  ],
  [
    1602028800000,
    4321931.430717868
  ],
  [
    1602115200000,
    4212696.455225607
  ],
  [
    1602201600000,
    4333604.766489799
  ],
  [
    1602288000000,
    4510220.3664728245
  ],
  [
    1602374400000,
    4633549.820748586
  ],
  [
    1602460800000,
    4625262.904973069
  ],
  [
    1602547200000,
    4567610.328603119
  ],
  [
    1602633600000,
    4699295.472687153
  ],
  [
    1602720000000,
    4665402.807411744
  ],
  [
    1602806400000,
    4666396.192760579
  ],
  [
    1602892800000,
    4432415.289431035
  ],
  [
    1602979200000,
    4432415.289431035
  ],
  [
    1603065600000,
    4571433.38873726
  ],
  [
    1603152000000,
    4470058.679818665
  ],
  [
    1603238400000,
    4325445.32225275
  ],
  [
    1603324800000,
    4590371.11911168
  ],
  [
    1603411200000,
    4590371.11911168
  ],
  [
    1603497600000,
    4428202.047150292
  ],
  [
    1603584000000,
    4537293.598392456
  ],
  [
    1603670400000,
    4427999.607002139
  ],
  [
    1603756800000,
    4361107.037196298
  ],
  [
    1603843200000,
    4327099.158742788
  ],
  [
    1603929600000,
    4144595.740203721
  ],
  [
    1604016000000,
    3771762.3101194245
  ],
  [
    1604102400000,
    3771762.3101194245
  ],
  [
    1604188800000,
    3821065.6577946
  ],
  [
    1604275200000,
    3782703.246491004
  ],
  [
    1604361600000,
    0
  ],
  [
    1604448000000,
    0
  ],
  [
    1604534400000,
    0
  ],
  [
    1604620800000,
    0
  ],
  [
    1604707200000,
    0
  ],
  [
    1604793600000,
    0
  ],
  [
    1604880000000,
    0
  ],
  [
    1604966400000,
    0
  ],
  [
    1605052800000,
    0
  ],
  [
    1605139200000,
    0
  ],
  [
    1605225600000,
    0
  ],
  [
    1605312000000,
    0
  ],
  [
    1605398400000,
    0
  ],
  [
    1605484800000,
    0
  ],
  [
    1605571200000,
    0
  ],
  [
    1605657600000,
    0
  ],
  [
    1605744000000,
    0
  ],
  [
    1605830400000,
    0
  ],
  [
    1605916800000,
    0
  ],
  [
    1606003200000,
    0
  ],
  [
    1606089600000,
    0
  ],
  [
    1606176000000,
    0
  ],
  [
    1606262400000,
    0
  ],
  [
    1606348800000,
    0
  ],
  [
    1606435200000,
    0
  ],
  [
    1606521600000,
    0
  ],
  [
    1606608000000,
    0
  ],
  [
    1606694400000,
    0
  ],
  [
    1606780800000,
    0
  ],
  [
    1606867200000,
    0
  ],
  [
    1606953600000,
    0
  ],
  [
    1607040000000,
    0
  ],
  [
    1607126400000,
    0
  ],
  [
    1607212800000,
    0
  ],
  [
    1607299200000,
    0
  ],
  [
    1607385600000,
    0
  ],
  [
    1607472000000,
    0
  ],
  [
    1607558400000,
    0
  ],
  [
    1607644800000,
    0
  ],
  [
    1607731200000,
    0
  ],
  [
    1607817600000,
    0
  ],
  [
    1607904000000,
    0
  ],
  [
    1607990400000,
    0
  ],
  [
    1608076800000,
    0
  ],
  [
    1608163200000,
    0
  ],
  [
    1608249600000,
    0
  ],
  [
    1608336000000,
    0
  ],
  [
    1608422400000,
    0
  ],
  [
    1608508800000,
    0
  ],
  [
    1608595200000,
    0
  ],
  [
    1608681600000,
    0
  ],
  [
    1608768000000,
    0
  ],
  [
    1608854400000,
    0
  ],
  [
    1608940800000,
    0
  ],
  [
    1609027200000,
    0
  ],
  [
    1609113600000,
    0
  ],
  [
    1609200000000,
    0
  ],
  [
    1609286400000,
    0
  ],
  [
    1609372800000,
    0
  ],
  [
    1609459200000,
    0
  ],
  [
    1609545600000,
    0
  ],
  [
    1609632000000,
    0
  ],
  [
    1609718400000,
    0
  ],
  [
    1609804800000,
    0
  ],
  [
    1609891200000,
    0
  ],
  [
    1609977600000,
    0
  ],
  [
    1610064000000,
    0
  ],
  [
    1610150400000,
    0
  ],
  [
    1610236800000,
    0
  ],
  [
    1610323200000,
    0
  ],
  [
    1610409600000,
    0
  ],
  [
    1610496000000,
    0
  ],
  [
    1610582400000,
    0
  ],
  [
    1610668800000,
    0
  ],
  [
    1610755200000,
    0
  ],
  [
    1610841600000,
    0
  ],
  [
    1610928000000,
    0
  ],
  [
    1611014400000,
    0
  ],
  [
    1611100800000,
    0
  ],
  [
    1611187200000,
    0
  ],
  [
    1611273600000,
    0
  ],
  [
    1611360000000,
    0
  ],
  [
    1611446400000,
    0
  ],
  [
    1611532800000,
    0
  ],
  [
    1611619200000,
    0
  ],
  [
    1611705600000,
    0
  ],
  [
    1611792000000,
    0
  ],
  [
    1611878400000,
    0
  ],
  [
    1611964800000,
    0
  ],
  [
    1612051200000,
    0
  ],
  [
    1612137600000,
    0
  ],
  [
    1612224000000,
    0
  ],
  [
    1612310400000,
    0
  ],
  [
    1612396800000,
    0
  ],
  [
    1612483200000,
    0
  ],
  [
    1612569600000,
    0
  ],
  [
    1612656000000,
    0
  ],
  [
    1612742400000,
    0
  ],
  [
    1612828800000,
    0
  ],
  [
    1612915200000,
    0
  ],
  [
    1613001600000,
    0
  ],
  [
    1613088000000,
    0
  ],
  [
    1613174400000,
    0
  ],
  [
    1613260800000,
    0
  ],
  [
    1613347200000,
    0
  ],
  [
    1613433600000,
    0
  ],
  [
    1613520000000,
    0
  ],
  [
    1613606400000,
    0
  ],
  [
    1613692800000,
    0
  ],
  [
    1613779200000,
    0
  ],
  [
    1613865600000,
    0
  ],
  [
    1613952000000,
    0
  ],
  [
    1614038400000,
    0
  ],
  [
    1614124800000,
    0
  ],
  [
    1614211200000,
    0
  ],
  [
    1614297600000,
    0
  ],
  [
    1614384000000,
    0
  ],
  [
    1614470400000,
    0
  ],
  [
    1614643200000,
    0
  ],
  [
    1614729600000,
    0
  ],
  [
    1614816000000,
    0
  ],
  [
    1614902400000,
    0
  ],
  [
    1614988800000,
    0
  ],
  [
    1615075200000,
    0
  ],
  [
    1615161600000,
    0
  ],
  [
    1615248000000,
    0
  ],
  [
    1615334400000,
    0
  ],
  [
    1615420800000,
    0
  ],
  [
    1615507200000,
    0
  ],
  [
    1615593600000,
    0
  ],
  [
    1615680000000,
    0
  ],
  [
    1615766400000,
    0
  ],
  [
    1615852800000,
    0
  ],
  [
    1615939200000,
    0
  ],
  [
    1616025600000,
    0
  ],
  [
    1616112000000,
    0
  ],
  [
    1616198400000,
    0
  ],
  [
    1616284800000,
    0
  ],
  [
    1616371200000,
    0
  ],
  [
    1616457600000,
    0
  ],
  [
    1616544000000,
    0
  ],
  [
    1616630400000,
    0
  ],
  [
    1616716800000,
    0
  ],
  [
    1616803200000,
    0
  ],
  [
    1616889600000,
    0
  ],
  [
    1616976000000,
    0
  ],
  [
    1617062400000,
    0
  ],
  [
    1617148800000,
    0
  ],
  [
    1617235200000,
    0
  ],
  [
    1617321600000,
    0
  ],
  [
    1617408000000,
    0
  ],
  [
    1617494400000,
    0
  ],
  [
    1617580800000,
    0
  ],
  [
    1617667200000,
    0
  ],
  [
    1617753600000,
    0
  ],
  [
    1617840000000,
    0
  ],
  [
    1617926400000,
    0
  ],
  [
    1618012800000,
    0
  ],
  [
    1618099200000,
    0
  ],
  [
    1618185600000,
    0
  ],
  [
    1618272000000,
    0
  ],
  [
    1618358400000,
    0
  ],
  [
    1618444800000,
    0
  ],
  [
    1618531200000,
    0
  ],
  [
    1618617600000,
    0
  ],
  [
    1618704000000,
    0
  ],
  [
    1618790400000,
    0
  ],
  [
    1618876800000,
    0
  ],
  [
    1618963200000,
    0
  ],
  [
    1619049600000,
    0
  ],
  [
    1619136000000,
    0
  ],
  [
    1619222400000,
    0
  ],
  [
    1619308800000,
    0
  ],
  [
    1619395200000,
    0
  ],
  [
    1619481600000,
    0
  ],
  [
    1619568000000,
    0
  ],
  [
    1619654400000,
    0
  ],
  [
    1619740800000,
    0
  ],
  [
    1619827200000,
    0
  ],
  [
    1619913600000,
    0
  ],
  [
    1620000000000,
    0
  ],
  [
    1620086400000,
    0
  ],
  [
    1620172800000,
    0
  ],
  [
    1620259200000,
    0
  ],
  [
    1620345600000,
    0
  ],
  [
    1620432000000,
    0
  ],
  [
    1620518400000,
    0
  ],
  [
    1620604800000,
    0
  ],
  [
    1620691200000,
    0
  ],
  [
    1620777600000,
    0
  ],
  [
    1620864000000,
    0
  ],
  [
    1620950400000,
    0
  ],
  [
    1621036800000,
    0
  ],
  [
    1621123200000,
    0
  ],
  [
    1621209600000,
    0
  ],
  [
    1621296000000,
    0
  ],
  [
    1621382400000,
    0
  ],
  [
    1621468800000,
    0
  ],
  [
    1621555200000,
    0
  ],
  [
    1621641600000,
    0
  ],
  [
    1621728000000,
    0
  ],
  [
    1621814400000,
    0
  ],
  [
    1621900800000,
    0
  ],
  [
    1621987200000,
    0
  ],
  [
    1622073600000,
    0
  ],
  [
    1622160000000,
    0
  ],
  [
    1622246400000,
    0
  ],
  [
    1622332800000,
    0
  ],
  [
    1622419200000,
    0
  ],
  [
    1622505600000,
    0
  ],
  [
    1622592000000,
    0
  ],
  [
    1622678400000,
    0
  ],
  [
    1622764800000,
    0
  ],
  [
    1622851200000,
    0
  ],
  [
    1622937600000,
    0
  ],
  [
    1623024000000,
    0
  ],
  [
    1623110400000,
    0
  ],
  [
    1623196800000,
    0
  ],
  [
    1623283200000,
    0
  ],
  [
    1623369600000,
    0
  ],
  [
    1623456000000,
    0
  ],
  [
    1623542400000,
    0
  ],
  [
    1623628800000,
    0
  ],
  [
    1623715200000,
    0
  ],
  [
    1623801600000,
    0
  ],
  [
    1623888000000,
    0
  ],
  [
    1623974400000,
    0
  ],
  [
    1624060800000,
    0
  ],
  [
    1624147200000,
    0
  ],
  [
    1624233600000,
    0
  ],
  [
    1624320000000,
    0
  ],
  [
    1624406400000,
    0
  ],
  [
    1624492800000,
    0
  ],
  [
    1624579200000,
    0
  ],
  [
    1624665600000,
    0
  ],
  [
    1624752000000,
    0
  ],
  [
    1624838400000,
    0
  ],
  [
    1624924800000,
    0
  ],
  [
    1625011200000,
    0
  ],
  [
    1625097600000,
    0
  ],
  [
    1625184000000,
    0
  ],
  [
    1625270400000,
    0
  ],
  [
    1625356800000,
    0
  ],
  [
    1625443200000,
    0
  ],
  [
    1625529600000,
    0
  ],
  [
    1625616000000,
    0
  ],
  [
    1625702400000,
    0
  ],
  [
    1625788800000,
    0
  ],
  [
    1625875200000,
    0
  ],
  [
    1625961600000,
    0
  ],
  [
    1626048000000,
    0
  ],
  [
    1626134400000,
    0
  ],
  [
    1626220800000,
    0
  ],
  [
    1626307200000,
    0
  ],
  [
    1626393600000,
    0
  ],
  [
    1626480000000,
    0
  ],
  [
    1626566400000,
    0
  ],
  [
    1626652800000,
    0
  ],
  [
    1626739200000,
    0
  ],
  [
    1626825600000,
    0
  ],
  [
    1626912000000,
    0
  ],
  [
    1626998400000,
    0
  ],
  [
    1627084800000,
    0
  ],
  [
    1627171200000,
    0
  ],
  [
    1627257600000,
    0
  ],
  [
    1627344000000,
    0
  ],
  [
    1627430400000,
    0
  ],
  [
    1627516800000,
    0
  ],
  [
    1627603200000,
    0
  ],
  [
    1627689600000,
    0
  ],
  [
    1627776000000,
    0
  ],
  [
    1627862400000,
    0
  ],
  [
    1627948800000,
    0
  ],
  [
    1628035200000,
    0
  ],
  [
    1628121600000,
    0
  ],
  [
    1628208000000,
    0
  ],
  [
    1628294400000,
    0
  ],
  [
    1628380800000,
    0
  ],
  [
    1628467200000,
    0
  ],
  [
    1628553600000,
    0
  ],
  [
    1628640000000,
    0
  ],
  [
    1628726400000,
    0
  ],
  [
    1628812800000,
    0
  ],
  [
    1628899200000,
    0
  ],
  [
    1628985600000,
    0
  ],
  [
    1629072000000,
    0
  ],
  [
    1629158400000,
    0
  ],
  [
    1629244800000,
    0
  ],
  [
    1629331200000,
    0
  ],
  [
    1629417600000,
    0
  ],
  [
    1629504000000,
    0
  ],
  [
    1629590400000,
    0
  ],
  [
    1629676800000,
    0
  ],
  [
    1629763200000,
    0
  ],
  [
    1629849600000,
    0
  ],
  [
    1629936000000,
    0
  ],
  [
    1630022400000,
    0
  ],
  [
    1630108800000,
    0
  ],
  [
    1630195200000,
    0
  ],
  [
    1630281600000,
    0
  ],
  [
    1630368000000,
    0
  ],
  [
    1630454400000,
    0
  ],
  [
    1630540800000,
    0
  ],
  [
    1630627200000,
    0
  ]
]