[
  [
    1626825600000,
    487.2280166194595
  ],
  [
    1626912000000,
    487.2280166194595
  ],
  [
    1626998400000,
    502.8260531377261
  ],
  [
    1627084800000,
    516.017790882382
  ],
  [
    1627171200000,
    532.8725359160404
  ],
  [
    1627257600000,
    530.1463098479173
  ],
  [
    1627344000000,
    572.8606628591195
  ],
  [
    1627430400000,
    595.9258089269455
  ],
  [
    1627516800000,
    587.1129600906078
  ],
  [
    1627603200000,
    593.3252550908926
  ],
  [
    1627689600000,
    655.9772892631858
  ],
  [
    1627776000000,
    681.200449512835
  ],
  [
    1627862400000,
    687.3629283634277
  ],
  [
    1627948800000,
    703.6810458945071
  ],
  [
    1628035200000,
    690.8356595783046
  ],
  [
    1628121600000,
    720.6134936755963
  ],
  [
    1628208000000,
    731.7537739251688
  ],
  [
    1628294400000,
    737.4642043316462
  ],
  [
    1628380800000,
    770.4384985892118
  ],
  [
    1628467200000,
    753.2530213761166
  ],
  [
    1628553600000,
    782.2905717690553
  ],
  [
    1628640000000,
    785.7125552008466
  ],
  [
    1628726400000,
    809.4142221648261
  ],
  [
    1628812800000,
    764.3513413388756
  ],
  [
    1628899200000,
    840.6857841523738
  ],
  [
    1628985600000,
    832.3140639158078
  ],
  [
    1629072000000,
    852.9250052043941
  ],
  [
    1629158400000,
    846.8206653585407
  ],
  [
    1629244800000,
    803.1906664201125
  ],
  [
    1629331200000,
    789.0662247463512
  ],
  [
    1629417600000,
    815.286465637283
  ],
  [
    1629504000000,
    858.5936361616532
  ],
  [
    1629590400000,
    857.0963926025976
  ],
  [
    1629676800000,
    842.819686722933
  ],
  [
    1629763200000,
    871.2628012359957
  ],
  [
    1629849600000,
    821.5496431606902
  ],
  [
    1629936000000,
    823.7593315681714
  ],
  [
    1630022400000,
    784.7105832921503
  ],
  [
    1630108800000,
    824.4066123924825
  ],
  [
    1630195200000,
    813.3826261109247
  ],
  [
    1630281600000,
    817.7109521251557
  ],
  [
    1630368000000,
    822.3928345120006
  ],
  [
    1630454400000,
    850.0461579951333
  ],
  [
    1630540800000,
    942.8822286351098
  ],
  [
    1630627200000,
    966.6884195986543
  ]
]