[
  [
    1593043200000,
    2665345.7245882363
  ],
  [
    1593129600000,
    2665345.7245882363
  ],
  [
    1593216000000,
    2677206.7196844136
  ],
  [
    1593302400000,
    2729636.641215438
  ],
  [
    1593388800000,
    2621019.1995790685
  ],
  [
    1593475200000,
    2493228.2794915973
  ],
  [
    1593561600000,
    2476921.646460325
  ],
  [
    1593648000000,
    2733616.2628547833
  ],
  [
    1593734400000,
    2714337.7392385714
  ],
  [
    1593820800000,
    2821115.2896110113
  ],
  [
    1593907200000,
    2883108.99962983
  ],
  [
    1593993600000,
    2893456.8420292255
  ],
  [
    1594080000000,
    2906008.1895392057
  ],
  [
    1594166400000,
    2884852.8228084478
  ],
  [
    1594252800000,
    2770419.5410808953
  ],
  [
    1594339200000,
    2852057.7782612396
  ],
  [
    1594425600000,
    2930031.549265367
  ],
  [
    1594512000000,
    3192764.7593414425
  ],
  [
    1594598400000,
    3421986.0587000954
  ],
  [
    1594684800000,
    3065922.360786546
  ],
  [
    1594771200000,
    2929301.615449851
  ],
  [
    1594857600000,
    3057800.294631241
  ],
  [
    1594944000000,
    3245831.9699391723
  ],
  [
    1595030400000,
    3237377.88486637
  ],
  [
    1595116800000,
    3096491.44273392
  ],
  [
    1595203200000,
    36937297.811806776
  ],
  [
    1595289600000,
    40651114.80986994
  ],
  [
    1595376000000,
    48175663.27388931
  ],
  [
    1595462400000,
    59392792.023018144
  ],
  [
    1595548800000,
    100702738.04345323
  ],
  [
    1595635200000,
    114952493.22294116
  ],
  [
    1595721600000,
    115521363.82048942
  ],
  [
    1595808000000,
    88936942.21220921
  ],
  [
    1595894400000,
    59829481.54424929
  ],
  [
    1595980800000,
    57593245.85346382
  ],
  [
    1596067200000,
    58079402.86954342
  ],
  [
    1596153600000,
    59681059.91127503
  ],
  [
    1596240000000,
    72667162.40973182
  ],
  [
    1596326400000,
    79504413.60621002
  ],
  [
    1596412800000,
    90490226.22549261
  ],
  [
    1596499200000,
    80601446.82430595
  ],
  [
    1596585600000,
    78475277.3916248
  ],
  [
    1596672000000,
    78658079.46010768
  ],
  [
    1596758400000,
    79921151.80023243
  ],
  [
    1596844800000,
    79921151.80023243
  ],
  [
    1596931200000,
    80930827.93690096
  ],
  [
    1597017600000,
    86614259.7182634
  ],
  [
    1597104000000,
    76509020.54222484
  ],
  [
    1597190400000,
    72811949.7022296
  ],
  [
    1597276800000,
    64842572.14527925
  ],
  [
    1597363200000,
    64332805.794019125
  ],
  [
    1597449600000,
    124850148.51653883
  ],
  [
    1597536000000,
    149974577.8775959
  ],
  [
    1597622400000,
    168560832.0233434
  ],
  [
    1597708800000,
    176361493.8485308
  ],
  [
    1597795200000,
    177594496.74196202
  ],
  [
    1597881600000,
    190174229.34459725
  ],
  [
    1597968000000,
    191228109.4517201
  ],
  [
    1598054400000,
    206735068.48751408
  ],
  [
    1598140800000,
    244813733.8877625
  ],
  [
    1598227200000,
    244443172.4336624
  ],
  [
    1598313600000,
    224684902.63778237
  ],
  [
    1598400000000,
    250887641.3542331
  ],
  [
    1598486400000,
    261051641.88338563
  ],
  [
    1598572800000,
    242266076.73107287
  ],
  [
    1598659200000,
    250071604.77436402
  ],
  [
    1598745600000,
    247346448.48498216
  ],
  [
    1598832000000,
    250955456.5339126
  ],
  [
    1598918400000,
    196887516.57097054
  ],
  [
    1599004800000,
    196861394.0147201
  ],
  [
    1599091200000,
    193453950.88373393
  ],
  [
    1599177600000,
    192215632.04432288
  ],
  [
    1599264000000,
    190990054.1036781
  ],
  [
    1599350400000,
    156842660.2811409
  ],
  [
    1599436800000,
    164351982.25102714
  ],
  [
    1599523200000,
    161160557.63682717
  ],
  [
    1599609600000,
    145537817.5288929
  ],
  [
    1599696000000,
    145087265.1494085
  ],
  [
    1599782400000,
    154080802.93812203
  ],
  [
    1599868800000,
    152779437.1328212
  ],
  [
    1599955200000,
    153551362.27210578
  ],
  [
    1600041600000,
    144898751.77332723
  ],
  [
    1600128000000,
    145786862.61935264
  ],
  [
    1600214400000,
    144132564.96226677
  ],
  [
    1600300800000,
    144378739.08564937
  ],
  [
    1600387200000,
    144327924.02721024
  ],
  [
    1600473600000,
    146170315.3812691
  ],
  [
    1600560000000,
    159173873.55149555
  ],
  [
    1600646400000,
    161180014.87181702
  ],
  [
    1600732800000,
    158275788.96196994
  ],
  [
    1600819200000,
    157992342.82656708
  ],
  [
    1600905600000,
    211888518.10537902
  ],
  [
    1600992000000,
    205671498.285192
  ],
  [
    1601078400000,
    202486789.78662294
  ],
  [
    1601164800000,
    205872887.05809912
  ],
  [
    1601251200000,
    207623904.13527924
  ],
  [
    1601337600000,
    204304332.6449785
  ],
  [
    1601424000000,
    206082123.9571442
  ],
  [
    1601510400000,
    206783935.93540803
  ],
  [
    1601596800000,
    211422318.7320295
  ],
  [
    1601683200000,
    211171862.27140954
  ],
  [
    1601769600000,
    209285957.70626497
  ],
  [
    1601856000000,
    210244489.6100974
  ],
  [
    1601942400000,
    209884873.09667277
  ],
  [
    1602028800000,
    207538478.78277698
  ],
  [
    1602115200000,
    186618544.4196037
  ],
  [
    1602201600000,
    174183296.68015388
  ],
  [
    1602288000000,
    176555927.1697551
  ],
  [
    1602374400000,
    180185606.67412663
  ],
  [
    1602460800000,
    181191942.3122135
  ],
  [
    1602547200000,
    188066087.5335617
  ],
  [
    1602633600000,
    184177023.77434745
  ],
  [
    1602720000000,
    165351326.01821882
  ],
  [
    1602806400000,
    160006436.56602126
  ],
  [
    1602892800000,
    150531258.8541066
  ],
  [
    1602979200000,
    144777804.13306898
  ],
  [
    1603065600000,
    144853602.7966844
  ],
  [
    1603152000000,
    139208211.20267963
  ],
  [
    1603238400000,
    137206030.97625193
  ],
  [
    1603324800000,
    110363003.74873582
  ],
  [
    1603411200000,
    110363003.74873582
  ],
  [
    1603497600000,
    105212663.30941015
  ],
  [
    1603584000000,
    103767730.10632086
  ],
  [
    1603670400000,
    103697417.2408173
  ],
  [
    1603756800000,
    62927235.92957938
  ],
  [
    1603843200000,
    62313300.89866232
  ],
  [
    1603929600000,
    61499723.122971915
  ],
  [
    1604016000000,
    61208361.95163585
  ],
  [
    1604102400000,
    61208361.95163585
  ],
  [
    1604188800000,
    60865848.648918405
  ],
  [
    1604275200000,
    64276837.071731135
  ],
  [
    1604361600000,
    64204844.704446524
  ],
  [
    1604448000000,
    64204844.704446524
  ],
  [
    1604534400000,
    64204844.704446524
  ],
  [
    1604620800000,
    64204844.704446524
  ],
  [
    1604707200000,
    64204844.704446524
  ],
  [
    1604793600000,
    64204844.704446524
  ],
  [
    1604880000000,
    64204844.704446524
  ],
  [
    1604966400000,
    64204844.704446524
  ],
  [
    1605052800000,
    64204844.704446524
  ],
  [
    1605139200000,
    64204844.704446524
  ],
  [
    1605225600000,
    64204844.704446524
  ],
  [
    1605312000000,
    64204844.704446524
  ],
  [
    1605398400000,
    64204844.704446524
  ],
  [
    1605484800000,
    64204844.704446524
  ],
  [
    1605571200000,
    64204844.704446524
  ],
  [
    1605657600000,
    64204844.704446524
  ],
  [
    1605744000000,
    64204844.704446524
  ],
  [
    1605830400000,
    64204844.704446524
  ],
  [
    1605916800000,
    64204844.704446524
  ],
  [
    1606003200000,
    64204844.704446524
  ],
  [
    1606089600000,
    64204844.704446524
  ],
  [
    1606176000000,
    64204844.704446524
  ],
  [
    1606262400000,
    64204844.704446524
  ],
  [
    1606348800000,
    64204844.704446524
  ],
  [
    1606435200000,
    64204844.704446524
  ],
  [
    1606521600000,
    64204844.704446524
  ],
  [
    1606608000000,
    64204844.704446524
  ],
  [
    1606694400000,
    64204844.704446524
  ],
  [
    1606780800000,
    64204844.704446524
  ],
  [
    1606867200000,
    64204844.704446524
  ],
  [
    1606953600000,
    64204844.704446524
  ],
  [
    1607040000000,
    64204844.704446524
  ],
  [
    1607126400000,
    64204844.704446524
  ],
  [
    1607212800000,
    64204844.704446524
  ],
  [
    1607299200000,
    64204844.704446524
  ],
  [
    1607385600000,
    64204844.704446524
  ],
  [
    1607472000000,
    64204844.704446524
  ],
  [
    1607558400000,
    64204844.704446524
  ],
  [
    1607644800000,
    64204844.704446524
  ],
  [
    1607731200000,
    64204844.704446524
  ],
  [
    1607817600000,
    64204844.704446524
  ],
  [
    1607904000000,
    64204844.704446524
  ],
  [
    1607990400000,
    64204844.704446524
  ],
  [
    1608076800000,
    64204844.704446524
  ],
  [
    1608163200000,
    64204844.704446524
  ],
  [
    1608249600000,
    64204844.704446524
  ],
  [
    1608336000000,
    64204844.704446524
  ],
  [
    1608422400000,
    64204844.704446524
  ],
  [
    1608508800000,
    64204844.704446524
  ],
  [
    1608595200000,
    64204844.704446524
  ],
  [
    1608681600000,
    64204844.704446524
  ],
  [
    1608768000000,
    64204844.704446524
  ],
  [
    1608854400000,
    64204844.704446524
  ],
  [
    1608940800000,
    64204844.704446524
  ],
  [
    1609027200000,
    64204844.704446524
  ],
  [
    1609113600000,
    64204844.704446524
  ],
  [
    1609200000000,
    64204844.704446524
  ],
  [
    1609286400000,
    64204844.704446524
  ],
  [
    1609372800000,
    64204844.704446524
  ],
  [
    1609459200000,
    64204844.704446524
  ],
  [
    1609545600000,
    64204844.704446524
  ],
  [
    1609632000000,
    64204844.704446524
  ],
  [
    1609718400000,
    64204844.704446524
  ],
  [
    1609804800000,
    64204844.704446524
  ],
  [
    1609891200000,
    64204844.704446524
  ],
  [
    1609977600000,
    64204844.704446524
  ],
  [
    1610064000000,
    64204844.704446524
  ],
  [
    1610150400000,
    64204844.704446524
  ],
  [
    1610236800000,
    64204844.704446524
  ],
  [
    1610323200000,
    64204844.704446524
  ],
  [
    1610409600000,
    64204844.704446524
  ],
  [
    1610496000000,
    64204844.704446524
  ],
  [
    1610582400000,
    64204844.704446524
  ],
  [
    1610668800000,
    64204844.704446524
  ],
  [
    1610755200000,
    64204844.704446524
  ],
  [
    1610841600000,
    64204844.704446524
  ],
  [
    1610928000000,
    64204844.704446524
  ],
  [
    1611014400000,
    64204844.704446524
  ],
  [
    1611100800000,
    64204844.704446524
  ],
  [
    1611187200000,
    64204844.704446524
  ],
  [
    1611273600000,
    64204844.704446524
  ],
  [
    1611360000000,
    64204844.704446524
  ],
  [
    1611446400000,
    64204844.704446524
  ],
  [
    1611532800000,
    64204844.704446524
  ],
  [
    1611619200000,
    64204844.704446524
  ],
  [
    1611705600000,
    64204844.704446524
  ],
  [
    1611792000000,
    64204844.704446524
  ],
  [
    1611878400000,
    64204844.704446524
  ],
  [
    1611964800000,
    64204844.704446524
  ],
  [
    1612051200000,
    64204844.704446524
  ],
  [
    1612137600000,
    64204844.704446524
  ],
  [
    1612224000000,
    64204844.704446524
  ],
  [
    1612310400000,
    64204844.704446524
  ],
  [
    1612396800000,
    64204844.704446524
  ],
  [
    1612483200000,
    64204844.704446524
  ],
  [
    1612569600000,
    64204844.704446524
  ],
  [
    1612656000000,
    64204844.704446524
  ],
  [
    1612742400000,
    64204844.704446524
  ],
  [
    1612828800000,
    64204844.704446524
  ],
  [
    1612915200000,
    64204844.704446524
  ],
  [
    1613001600000,
    64204844.704446524
  ],
  [
    1613088000000,
    64204844.704446524
  ],
  [
    1613174400000,
    64204844.704446524
  ],
  [
    1613260800000,
    64204844.704446524
  ],
  [
    1613347200000,
    64204844.704446524
  ],
  [
    1613433600000,
    64204844.704446524
  ],
  [
    1613520000000,
    64204844.704446524
  ],
  [
    1613606400000,
    64204844.704446524
  ],
  [
    1613692800000,
    64204844.704446524
  ],
  [
    1613779200000,
    64204844.704446524
  ],
  [
    1613865600000,
    64204844.704446524
  ],
  [
    1613952000000,
    64204844.704446524
  ],
  [
    1614038400000,
    64204844.704446524
  ],
  [
    1614124800000,
    64204844.704446524
  ],
  [
    1614211200000,
    64204844.704446524
  ],
  [
    1614297600000,
    64204844.704446524
  ],
  [
    1614384000000,
    64204844.704446524
  ],
  [
    1614470400000,
    64204844.704446524
  ],
  [
    1614556800000,
    64204844.704446524
  ],
  [
    1614643200000,
    64204844.704446524
  ],
  [
    1614729600000,
    64204844.704446524
  ],
  [
    1614816000000,
    64204844.704446524
  ],
  [
    1614902400000,
    64204844.704446524
  ],
  [
    1614988800000,
    64204844.704446524
  ],
  [
    1615075200000,
    64204844.704446524
  ],
  [
    1615161600000,
    64204844.704446524
  ],
  [
    1615248000000,
    64204844.704446524
  ],
  [
    1615334400000,
    64204844.704446524
  ],
  [
    1615420800000,
    64204844.704446524
  ],
  [
    1615507200000,
    64204844.704446524
  ],
  [
    1615593600000,
    0
  ],
  [
    1615680000000,
    0
  ],
  [
    1615766400000,
    0
  ],
  [
    1615852800000,
    0
  ],
  [
    1615939200000,
    0
  ],
  [
    1616025600000,
    0
  ],
  [
    1616112000000,
    0
  ],
  [
    1616198400000,
    0
  ],
  [
    1616284800000,
    0
  ],
  [
    1616371200000,
    0
  ],
  [
    1616457600000,
    0
  ],
  [
    1616544000000,
    0
  ],
  [
    1616630400000,
    0
  ],
  [
    1616716800000,
    0
  ],
  [
    1616803200000,
    0
  ],
  [
    1616889600000,
    0
  ],
  [
    1616976000000,
    0
  ],
  [
    1617062400000,
    0
  ],
  [
    1617148800000,
    0
  ],
  [
    1617235200000,
    0
  ],
  [
    1617321600000,
    0
  ],
  [
    1617408000000,
    0
  ],
  [
    1617494400000,
    0
  ],
  [
    1617580800000,
    0
  ],
  [
    1617667200000,
    0
  ],
  [
    1617753600000,
    0
  ],
  [
    1617840000000,
    0
  ],
  [
    1617926400000,
    0
  ],
  [
    1618012800000,
    0
  ],
  [
    1618099200000,
    0
  ],
  [
    1618185600000,
    0
  ],
  [
    1618272000000,
    0
  ],
  [
    1618358400000,
    0
  ],
  [
    1618444800000,
    0
  ],
  [
    1618531200000,
    0
  ],
  [
    1618617600000,
    0
  ],
  [
    1618704000000,
    0
  ],
  [
    1618790400000,
    0
  ],
  [
    1618876800000,
    0
  ],
  [
    1618963200000,
    0
  ],
  [
    1619049600000,
    0
  ],
  [
    1619136000000,
    0
  ],
  [
    1619222400000,
    0
  ],
  [
    1619308800000,
    0
  ],
  [
    1619395200000,
    0
  ],
  [
    1619481600000,
    0
  ],
  [
    1619568000000,
    0
  ],
  [
    1619654400000,
    0
  ],
  [
    1619740800000,
    0
  ],
  [
    1619827200000,
    0
  ],
  [
    1619913600000,
    0
  ],
  [
    1620000000000,
    0
  ],
  [
    1620086400000,
    0
  ],
  [
    1620172800000,
    0
  ],
  [
    1620259200000,
    0
  ],
  [
    1620345600000,
    0
  ],
  [
    1620432000000,
    0
  ],
  [
    1620518400000,
    0
  ],
  [
    1620604800000,
    0
  ],
  [
    1620691200000,
    0
  ],
  [
    1620777600000,
    0
  ],
  [
    1620864000000,
    0
  ],
  [
    1620950400000,
    0
  ],
  [
    1621036800000,
    0
  ],
  [
    1621123200000,
    0
  ],
  [
    1621209600000,
    0
  ],
  [
    1621296000000,
    0
  ],
  [
    1621382400000,
    0
  ],
  [
    1621468800000,
    0
  ],
  [
    1621555200000,
    0
  ],
  [
    1621641600000,
    0
  ],
  [
    1621728000000,
    0
  ],
  [
    1621814400000,
    0
  ],
  [
    1621900800000,
    0
  ],
  [
    1621987200000,
    0
  ],
  [
    1622073600000,
    0
  ],
  [
    1622160000000,
    0
  ],
  [
    1622246400000,
    0
  ],
  [
    1622332800000,
    0
  ],
  [
    1622419200000,
    0
  ],
  [
    1622505600000,
    0
  ],
  [
    1622592000000,
    0
  ],
  [
    1622678400000,
    0
  ],
  [
    1622764800000,
    0
  ],
  [
    1622851200000,
    0
  ],
  [
    1622937600000,
    0
  ],
  [
    1623024000000,
    0
  ],
  [
    1623110400000,
    0
  ],
  [
    1623196800000,
    0
  ],
  [
    1623283200000,
    0
  ],
  [
    1623369600000,
    0
  ],
  [
    1623456000000,
    0
  ],
  [
    1623542400000,
    0
  ],
  [
    1623628800000,
    0
  ],
  [
    1623715200000,
    0
  ],
  [
    1623801600000,
    0
  ],
  [
    1623888000000,
    0
  ],
  [
    1623974400000,
    0
  ],
  [
    1624060800000,
    0
  ],
  [
    1624147200000,
    0
  ],
  [
    1624233600000,
    0
  ],
  [
    1624320000000,
    0
  ],
  [
    1624406400000,
    0
  ],
  [
    1624492800000,
    0
  ],
  [
    1624579200000,
    0
  ],
  [
    1624665600000,
    0
  ],
  [
    1624752000000,
    0
  ],
  [
    1624838400000,
    0
  ],
  [
    1624924800000,
    0
  ],
  [
    1625011200000,
    0
  ],
  [
    1625097600000,
    0
  ],
  [
    1625184000000,
    0
  ],
  [
    1625270400000,
    0
  ],
  [
    1625356800000,
    0
  ],
  [
    1625443200000,
    0
  ],
  [
    1625529600000,
    0
  ],
  [
    1625616000000,
    0
  ],
  [
    1625702400000,
    0
  ],
  [
    1625788800000,
    0
  ],
  [
    1625875200000,
    0
  ],
  [
    1625961600000,
    0
  ],
  [
    1626048000000,
    0
  ],
  [
    1626134400000,
    0
  ],
  [
    1626220800000,
    0
  ],
  [
    1626307200000,
    0
  ],
  [
    1626393600000,
    0
  ],
  [
    1626480000000,
    0
  ],
  [
    1626566400000,
    0
  ],
  [
    1626652800000,
    0
  ],
  [
    1626739200000,
    0
  ],
  [
    1626825600000,
    0
  ],
  [
    1626912000000,
    0
  ],
  [
    1626998400000,
    0
  ],
  [
    1627084800000,
    0
  ],
  [
    1627171200000,
    0
  ],
  [
    1627257600000,
    0
  ],
  [
    1627344000000,
    0
  ],
  [
    1627430400000,
    0
  ],
  [
    1627516800000,
    0
  ],
  [
    1627603200000,
    0
  ],
  [
    1627689600000,
    0
  ],
  [
    1627776000000,
    0
  ],
  [
    1627862400000,
    0
  ],
  [
    1627948800000,
    0
  ],
  [
    1628035200000,
    0
  ],
  [
    1628121600000,
    0
  ],
  [
    1628208000000,
    0
  ],
  [
    1628294400000,
    0
  ],
  [
    1628380800000,
    0
  ],
  [
    1628467200000,
    0
  ],
  [
    1628553600000,
    0
  ],
  [
    1628640000000,
    0
  ],
  [
    1628726400000,
    0
  ],
  [
    1628812800000,
    0
  ],
  [
    1628899200000,
    0
  ],
  [
    1628985600000,
    0
  ],
  [
    1629072000000,
    0
  ],
  [
    1629158400000,
    0
  ],
  [
    1629244800000,
    0
  ],
  [
    1629331200000,
    0
  ],
  [
    1629417600000,
    0
  ],
  [
    1629504000000,
    0
  ],
  [
    1629590400000,
    0
  ],
  [
    1629676800000,
    0
  ],
  [
    1629763200000,
    0
  ],
  [
    1629849600000,
    0
  ],
  [
    1629936000000,
    0
  ],
  [
    1630022400000,
    0
  ],
  [
    1630108800000,
    0
  ],
  [
    1630195200000,
    0
  ],
  [
    1630281600000,
    0
  ],
  [
    1630368000000,
    0
  ],
  [
    1630454400000,
    0
  ],
  [
    1630540800000,
    0
  ],
  [
    1630627200000,
    0
  ]
]