[
  [
    1626998400000,
    33322.880134382656
  ],
  [
    1627084800000,
    33322.880134382656
  ],
  [
    1627171200000,
    34172.58903082126
  ],
  [
    1627257600000,
    34750.42506576186
  ],
  [
    1627344000000,
    37636.562809798736
  ],
  [
    1627430400000,
    39132.73724708024
  ],
  [
    1627516800000,
    39926.80642250808
  ],
  [
    1627603200000,
    39869.20908361861
  ],
  [
    1627689600000,
    41148.334740316364
  ],
  [
    1627776000000,
    42173.071207096626
  ],
  [
    1627862400000,
    40329.46929348265
  ],
  [
    1627948800000,
    39314.35330966383
  ],
  [
    1628035200000,
    38838.7329396476
  ],
  [
    1628121600000,
    39439.8901007072
  ],
  [
    1628208000000,
    40939.59720607829
  ],
  [
    1628294400000,
    42737.38114910755
  ],
  [
    1628380800000,
    44070.60722049065
  ],
  [
    1628467200000,
    44315.18773908887
  ],
  [
    1628553600000,
    46682.08059867172
  ],
  [
    1628640000000,
    45534.66471405154
  ],
  [
    1628726400000,
    45572.63171113684
  ],
  [
    1628812800000,
    43941.40363437776
  ],
  [
    1628899200000,
    47525.83185259923
  ],
  [
    1628985600000,
    46920.529245615064
  ],
  [
    1629072000000,
    47346.44211116035
  ],
  [
    1629158400000,
    46154.69838767504
  ],
  [
    1629244800000,
    44990.194882227275
  ],
  [
    1629331200000,
    44895.34259726632
  ],
  [
    1629417600000,
    46560.85851308315
  ],
  [
    1629504000000,
    49191.70179257466
  ],
  [
    1629590400000,
    49082.551892362986
  ],
  [
    1629676800000,
    49549.01498067507
  ],
  [
    1629763200000,
    49656.84453875348
  ],
  [
    1629849600000,
    48349.962423935925
  ],
  [
    1629936000000,
    48974.27241853387
  ],
  [
    1630022400000,
    47063.68045456608
  ],
  [
    1630108800000,
    48973.306898776165
  ],
  [
    1630195200000,
    48935.21749545485
  ],
  [
    1630281600000,
    49062.681631030064
  ],
  [
    1630368000000,
    49334.82708247103
  ],
  [
    1630454400000,
    51689.18825276434
  ],
  [
    1630540800000,
    56781.04762104974
  ],
  [
    1630627200000,
    49450.2740612825
  ]
]