[
  [
    1606953600000,
    15728.884269422708
  ],
  [
    1607040000000,
    15728.884269422708
  ],
  [
    1607126400000,
    5636.517407626153
  ],
  [
    1607212800000,
    17540.770879868775
  ],
  [
    1607299200000,
    76105.23878541286
  ],
  [
    1607385600000,
    23500.490063447207
  ],
  [
    1607472000000,
    16679.54108609666
  ],
  [
    1607558400000,
    13975.936401992723
  ],
  [
    1607644800000,
    6535.572924361244
  ],
  [
    1607731200000,
    3608.5834211315314
  ],
  [
    1607817600000,
    44231.56362435308
  ],
  [
    1607904000000,
    40937.22084895688
  ],
  [
    1607990400000,
    46736.85470671556
  ],
  [
    1608076800000,
    45187.46662146916
  ],
  [
    1608163200000,
    44258.61490288709
  ],
  [
    1608249600000,
    30430.87999741985
  ],
  [
    1608336000000,
    17045.29607960733
  ],
  [
    1608422400000,
    48254.962985824284
  ],
  [
    1608508800000,
    23958.472770018183
  ],
  [
    1608595200000,
    22314.054101159363
  ],
  [
    1608681600000,
    28705.025187351104
  ],
  [
    1608768000000,
    12361.232342464447
  ],
  [
    1608854400000,
    9423.717576990883
  ],
  [
    1608940800000,
    11189.70047401197
  ],
  [
    1609027200000,
    20922.877824623683
  ],
  [
    1609113600000,
    18891.961789098426
  ],
  [
    1609200000000,
    15250.143615208912
  ],
  [
    1609286400000,
    24541.974082228964
  ],
  [
    1609372800000,
    24240.997201796206
  ],
  [
    1609459200000,
    19180.43572615709
  ],
  [
    1609545600000,
    22576.93002861689
  ],
  [
    1609632000000,
    18199.301964289432
  ],
  [
    1609718400000,
    17721.57524849036
  ],
  [
    1609804800000,
    18495.620848734477
  ],
  [
    1609891200000,
    17108.795326132662
  ],
  [
    1609977600000,
    18266.89457959857
  ],
  [
    1610064000000,
    16434.974662836015
  ],
  [
    1610150400000,
    16885.664028276555
  ],
  [
    1610236800000,
    15194.164366170657
  ],
  [
    1610323200000,
    6295.734115428264
  ],
  [
    1610409600000,
    10631.620436998573
  ],
  [
    1610496000000,
    18228.71953087536
  ],
  [
    1610582400000,
    5435.751386672068
  ],
  [
    1610668800000,
    35666.4764005905
  ],
  [
    1610755200000,
    5563.62413490448
  ],
  [
    1610841600000,
    6906.077124440655
  ],
  [
    1610928000000,
    6432.633844797498
  ],
  [
    1611014400000,
    25813.69083538653
  ],
  [
    1611100800000,
    18906.330091973014
  ],
  [
    1611187200000,
    14105.19957179027
  ],
  [
    1611273600000,
    8768.338558869611
  ],
  [
    1611360000000,
    9983.570107021706
  ],
  [
    1611446400000,
    10088.847321543159
  ],
  [
    1611532800000,
    6451.477124076225
  ],
  [
    1611619200000,
    11626.03531962074
  ],
  [
    1611705600000,
    6765.899225572082
  ],
  [
    1611792000000,
    31162.439770692108
  ],
  [
    1611878400000,
    131785.63990391683
  ],
  [
    1611964800000,
    48551.21626435842
  ],
  [
    1612051200000,
    50018.768971680576
  ],
  [
    1612137600000,
    69490.83311916499
  ],
  [
    1612224000000,
    180680.95852950378
  ],
  [
    1612310400000,
    198584.29295789538
  ],
  [
    1612396800000,
    636753.4633367431
  ],
  [
    1612483200000,
    215714.38423799325
  ],
  [
    1612569600000,
    156930.48470323926
  ],
  [
    1612656000000,
    246703.68816348628
  ],
  [
    1612742400000,
    848060.5086733709
  ],
  [
    1612828800000,
    1646918.570874434
  ],
  [
    1612915200000,
    3240727.2260993943
  ],
  [
    1613001600000,
    3526479.6116664587
  ],
  [
    1613088000000,
    2149451.588593641
  ],
  [
    1613174400000,
    1406419.0229220542
  ],
  [
    1613260800000,
    2694095.0442595514
  ],
  [
    1613347200000,
    5678782.194681368
  ],
  [
    1613433600000,
    15974040.968678182
  ],
  [
    1613520000000,
    18794215.16925622
  ],
  [
    1613606400000,
    12003133.237332843
  ],
  [
    1613692800000,
    9258704.124613933
  ],
  [
    1613779200000,
    12178416.771795481
  ],
  [
    1613865600000,
    5811400.268736005
  ],
  [
    1613952000000,
    5999719.282830655
  ],
  [
    1614038400000,
    4572117.756753228
  ],
  [
    1614124800000,
    3762870.4114567414
  ],
  [
    1614211200000,
    3345046.0882793246
  ],
  [
    1614297600000,
    2586260.607162686
  ],
  [
    1614384000000,
    3910278.1252187765
  ],
  [
    1614470400000,
    2629333.438511827
  ],
  [
    1614556800000,
    1970876.2453471574
  ],
  [
    1614643200000,
    3275359.6105288775
  ],
  [
    1614729600000,
    2223900.61213906
  ],
  [
    1614816000000,
    1605150.5593274
  ],
  [
    1614902400000,
    1167696.189436245
  ],
  [
    1614988800000,
    1077632.6804327574
  ],
  [
    1615075200000,
    1176082.2554679306
  ],
  [
    1615161600000,
    3034001.6568003
  ],
  [
    1615248000000,
    1723079.820412576
  ],
  [
    1615334400000,
    2041340.064720751
  ],
  [
    1615420800000,
    952943.1100352446
  ],
  [
    1615507200000,
    994427.2048649178
  ],
  [
    1615593600000,
    1179845.791571091
  ],
  [
    1615680000000,
    659501.6286415184
  ],
  [
    1615766400000,
    765687.58372816
  ],
  [
    1615852800000,
    735081.1071388514
  ],
  [
    1615939200000,
    738511.2619622545
  ],
  [
    1616025600000,
    1195079.4400977918
  ],
  [
    1616112000000,
    552693.2649156193
  ],
  [
    1616198400000,
    1775149.52125952
  ],
  [
    1616284800000,
    1645332.1443376318
  ],
  [
    1616371200000,
    783837.1194348031
  ],
  [
    1616457600000,
    986639.6615734271
  ],
  [
    1616544000000,
    498770.0660499024
  ],
  [
    1616630400000,
    502544.31276013976
  ],
  [
    1616716800000,
    633341.9591751336
  ],
  [
    1616803200000,
    525261.4868662421
  ],
  [
    1616889600000,
    793766.0613465887
  ],
  [
    1616976000000,
    922143.7535479056
  ],
  [
    1617062400000,
    589376.81858262
  ],
  [
    1617148800000,
    656016.2425368137
  ],
  [
    1617235200000,
    745578.5387238177
  ],
  [
    1617321600000,
    670647.0884837988
  ],
  [
    1617408000000,
    667313.524670542
  ],
  [
    1617494400000,
    837942.5316726821
  ],
  [
    1617580800000,
    1029749.1404970925
  ],
  [
    1617667200000,
    1059299.5497083927
  ],
  [
    1617753600000,
    1200327.743161033
  ],
  [
    1617840000000,
    742568.2975771102
  ],
  [
    1617926400000,
    856167.1690029519
  ],
  [
    1618012800000,
    413644.0575483538
  ],
  [
    1618099200000,
    347161.0559208162
  ],
  [
    1618185600000,
    994064.7533490107
  ],
  [
    1618272000000,
    1292503.9677111267
  ],
  [
    1618358400000,
    757399.7810161698
  ],
  [
    1618444800000,
    674749.4061366381
  ],
  [
    1618531200000,
    568623.6172101545
  ],
  [
    1618617600000,
    2331076.059515382
  ],
  [
    1618704000000,
    3168614.560897883
  ],
  [
    1618790400000,
    1657127.2577563762
  ],
  [
    1618876800000,
    768479.2467469661
  ],
  [
    1618963200000,
    1613487.8520172257
  ],
  [
    1619049600000,
    1607412.9806895794
  ],
  [
    1619136000000,
    1623215.0992831665
  ],
  [
    1619222400000,
    2955176.378664094
  ],
  [
    1619308800000,
    877681.8970655779
  ],
  [
    1619395200000,
    1603453.770334207
  ],
  [
    1619481600000,
    1066631.8686943965
  ],
  [
    1619568000000,
    665460.6488396752
  ],
  [
    1619654400000,
    635556.341634355
  ],
  [
    1619740800000,
    1502343.4596702922
  ],
  [
    1619827200000,
    745811.7437575362
  ],
  [
    1619913600000,
    616812.0859867579
  ],
  [
    1620000000000,
    518131.5782025801
  ],
  [
    1620086400000,
    1406888.8993075748
  ],
  [
    1620172800000,
    434025.1965904333
  ],
  [
    1620259200000,
    359290.8575047787
  ],
  [
    1620345600000,
    302286.99856359913
  ],
  [
    1620432000000,
    316155.7424489612
  ],
  [
    1620518400000,
    274263.38878281764
  ],
  [
    1620604800000,
    388369.5195902438
  ],
  [
    1620691200000,
    180320.5452422814
  ],
  [
    1620777600000,
    149501.79986355215
  ],
  [
    1620864000000,
    171705.63356061635
  ],
  [
    1620950400000,
    148928.06533881385
  ],
  [
    1621036800000,
    154194.23286042386
  ],
  [
    1621123200000,
    209492.01047474015
  ],
  [
    1621209600000,
    276078.7452024893
  ],
  [
    1621296000000,
    168527.56742625954
  ],
  [
    1621382400000,
    158843.89538254755
  ],
  [
    1621468800000,
    268164.3337452984
  ],
  [
    1621555200000,
    217673.01445186968
  ],
  [
    1621641600000,
    74591.49581630786
  ],
  [
    1621728000000,
    62077.362872850055
  ],
  [
    1621814400000,
    56065.15504104936
  ],
  [
    1621900800000,
    378956.47935199196
  ],
  [
    1621987200000,
    344507.4519757879
  ],
  [
    1622073600000,
    394136.9852004876
  ],
  [
    1622160000000,
    224032.37394994698
  ],
  [
    1622246400000,
    189979.02028958802
  ],
  [
    1622332800000,
    186491.192947038
  ],
  [
    1622419200000,
    242475.0479753014
  ],
  [
    1622505600000,
    304130.1044466519
  ],
  [
    1622592000000,
    270063.50164783956
  ],
  [
    1622678400000,
    378863.1039258647
  ],
  [
    1622764800000,
    167027.9679905378
  ],
  [
    1622851200000,
    161116.28871887518
  ],
  [
    1622937600000,
    227905.8187975775
  ],
  [
    1623024000000,
    142255.17851083487
  ],
  [
    1623110400000,
    296071.2825593771
  ],
  [
    1623196800000,
    225514.16481222303
  ],
  [
    1623283200000,
    390993.77963338175
  ],
  [
    1623369600000,
    283590.20604915987
  ],
  [
    1623456000000,
    338993.9028666734
  ],
  [
    1623542400000,
    201831.86748394454
  ],
  [
    1623628800000,
    104541.29512267842
  ],
  [
    1623715200000,
    149481.88939028123
  ],
  [
    1623801600000,
    131609.9928018615
  ],
  [
    1623888000000,
    125467.56312410164
  ],
  [
    1623974400000,
    8833.253103487328
  ],
  [
    1624060800000,
    112385.43129259783
  ],
  [
    1624147200000,
    105281.06747449574
  ],
  [
    1624233600000,
    162662.17620280376
  ],
  [
    1624320000000,
    167053.82639627866
  ],
  [
    1624406400000,
    172550.65020964024
  ],
  [
    1624492800000,
    114465.62031515311
  ],
  [
    1624579200000,
    4298.637707478003
  ],
  [
    1624665600000,
    4753.861576620758
  ],
  [
    1624752000000,
    5004.688209315247
  ],
  [
    1624838400000,
    4006.808527571155
  ],
  [
    1624924800000,
    4625.804433822038
  ],
  [
    1625011200000,
    5529.745077668663
  ],
  [
    1625097600000,
    85990.9059693518
  ],
  [
    1625184000000,
    78461.26270131239
  ],
  [
    1625270400000,
    142538.91686589044
  ],
  [
    1625356800000,
    131465.73114488207
  ],
  [
    1625443200000,
    97978.88903450548
  ],
  [
    1625529600000,
    73448.72642925782
  ],
  [
    1625616000000,
    97616.49581211086
  ],
  [
    1625702400000,
    3694.3626466615806
  ],
  [
    1625788800000,
    443.46247832828647
  ],
  [
    1625875200000,
    859.1100284736401
  ],
  [
    1625961600000,
    2140.5075196095972
  ],
  [
    1626048000000,
    51821.78434568713
  ],
  [
    1626134400000,
    2918.2014200343015
  ],
  [
    1626220800000,
    53984.94102667433
  ],
  [
    1626307200000,
    38959.46245285088
  ],
  [
    1626393600000,
    267224.47942886763
  ],
  [
    1626480000000,
    189053.28331433982
  ],
  [
    1626566400000,
    62738.45978824096
  ],
  [
    1626652800000,
    124787.3629523915
  ],
  [
    1626739200000,
    198064.54338362164
  ],
  [
    1626825600000,
    157014.4412449814
  ],
  [
    1626912000000,
    64216.793519728184
  ],
  [
    1626998400000,
    79358.82995337949
  ],
  [
    1627084800000,
    61059.90479737689
  ],
  [
    1627171200000,
    126528.24582110165
  ],
  [
    1627257600000,
    75192.60607276091
  ],
  [
    1627344000000,
    156344.03076066056
  ],
  [
    1627430400000,
    131589.64914271593
  ],
  [
    1627516800000,
    50526.35241345888
  ],
  [
    1627603200000,
    50394.96390905717
  ],
  [
    1627689600000,
    66605.63302358791
  ],
  [
    1627776000000,
    139393.08754786834
  ],
  [
    1627862400000,
    92121.51422709817
  ],
  [
    1627948800000,
    130912.31971076732
  ],
  [
    1628035200000,
    66860.22200472765
  ],
  [
    1628121600000,
    65119.46774132582
  ],
  [
    1628208000000,
    164356.24174445448
  ],
  [
    1628294400000,
    128975.96899215208
  ],
  [
    1628380800000,
    112299.189645056
  ],
  [
    1628467200000,
    66885.99802203898
  ],
  [
    1628553600000,
    55468.366811157925
  ],
  [
    1628640000000,
    82169.83037766904
  ],
  [
    1628726400000,
    100454.31206025815
  ],
  [
    1628812800000,
    48578.72446428088
  ],
  [
    1628899200000,
    132185.12847967132
  ],
  [
    1628985600000,
    158260.06538106967
  ],
  [
    1629072000000,
    118620.39225730111
  ],
  [
    1629158400000,
    71352.08694173832
  ],
  [
    1629244800000,
    74191.71671222524
  ],
  [
    1629331200000,
    123985.05870067775
  ],
  [
    1629417600000,
    127062.21592326472
  ],
  [
    1629504000000,
    70178.90590005362
  ],
  [
    1629590400000,
    171008.62897742385
  ],
  [
    1629676800000,
    105891.30009407217
  ],
  [
    1629763200000,
    166649.78510530927
  ],
  [
    1629849600000,
    155591.11198817514
  ],
  [
    1629936000000,
    168080.44689458248
  ],
  [
    1630022400000,
    119167.95780601329
  ],
  [
    1630108800000,
    59566.008554385546
  ],
  [
    1630195200000,
    62083.16525372113
  ],
  [
    1630281600000,
    71340.43235805727
  ],
  [
    1630368000000,
    81012.5755644372
  ],
  [
    1630454400000,
    86815.85818549816
  ],
  [
    1630540800000,
    72691.61135231299
  ],
  [
    1630627200000,
    73855.61976205118
  ]
]