[
  [
    1620000000000,
    0.008375524979106558
  ],
  [
    1620086400000,
    0.008375524979106558
  ],
  [
    1620172800000,
    0.008193901350227574
  ],
  [
    1620259200000,
    0.009426112347800102
  ],
  [
    1620345600000,
    0.008289532573690746
  ],
  [
    1620432000000,
    0.007671824603896302
  ],
  [
    1620518400000,
    0.008402556046698359
  ],
  [
    1620604800000,
    0.008505984603652648
  ],
  [
    1620691200000,
    0.007855250319002648
  ],
  [
    1620777600000,
    0.008988607874065285
  ],
  [
    1620864000000,
    0.007835026277784932
  ],
  [
    1620950400000,
    0.007762029875524674
  ],
  [
    1621036800000,
    0.008041493031966577
  ],
  [
    1621123200000,
    0.007019951801080966
  ],
  [
    1621209600000,
    0.008675011112682277
  ],
  [
    1621296000000,
    0.009303440535944266
  ],
  [
    1621382400000,
    0.00829262898866849
  ],
  [
    1621468800000,
    0.008404495484654816
  ],
  [
    1621555200000,
    0.007903310614829014
  ],
  [
    1621641600000,
    0.006975828218813778
  ],
  [
    1621728000000,
    0.007410529682171048
  ],
  [
    1621814400000,
    0.006942680689119709
  ],
  [
    1621900800000,
    0.006681911277944175
  ],
  [
    1621987200000,
    0.0064304983059527195
  ],
  [
    1622073600000,
    0.006561443016699772
  ],
  [
    1622160000000,
    0.00690533292413429
  ],
  [
    1622246400000,
    0.006412637115087172
  ],
  [
    1622332800000,
    0.005968408317049824
  ],
  [
    1622419200000,
    0.006570910189447108
  ],
  [
    1622505600000,
    0.007355162769120671
  ],
  [
    1622592000000,
    0.007555152824365586
  ],
  [
    1622678400000,
    0.0072043224231668965
  ],
  [
    1622764800000,
    0.007446535853110951
  ],
  [
    1622851200000,
    0.006225934163515961
  ],
  [
    1622937600000,
    0.0060813666998696895
  ],
  [
    1623024000000,
    0.006394356961494144
  ],
  [
    1623110400000,
    0.006494899321779724
  ],
  [
    1623196800000,
    0.0059828761889052185
  ],
  [
    1623283200000,
    0.006528026157207781
  ],
  [
    1623369600000,
    0.006102860486098477
  ],
  [
    1623456000000,
    0.005991676054803511
  ],
  [
    1623542400000,
    0.006055969100244147
  ],
  [
    1623628800000,
    0.006005524391493633
  ],
  [
    1623715200000,
    0.006999769567546492
  ],
  [
    1623801600000,
    0.007096859981127818
  ],
  [
    1623888000000,
    0.006624810338667512
  ],
  [
    1623974400000,
    0.006830323009882821
  ],
  [
    1624060800000,
    0.006669586576338564
  ],
  [
    1624147200000,
    0.0066017345680460535
  ],
  [
    1624233600000,
    0.006737198710899294
  ],
  [
    1624320000000,
    0.006202204958877046
  ],
  [
    1624406400000,
    0.004228140044220743
  ],
  [
    1624492800000,
    0.0045152657438527755
  ],
  [
    1624579200000,
    0.006863620853616787
  ],
  [
    1624665600000,
    0.004655190107853063
  ],
  [
    1624752000000,
    0.006543636346645592
  ],
  [
    1624838400000,
    0.006814859607202787
  ],
  [
    1624924800000,
    0.006987770535939048
  ],
  [
    1625011200000,
    0.0071505741377405774
  ],
  [
    1625097600000,
    0.007027606013517186
  ],
  [
    1625184000000,
    0.006830756032655152
  ],
  [
    1625270400000,
    0.006867131399505238
  ],
  [
    1625356800000,
    0.006544420877032699
  ],
  [
    1625443200000,
    0.006620626737107906
  ],
  [
    1625529600000,
    0.00671018358395414
  ],
  [
    1625616000000,
    0.006166245191085401
  ],
  [
    1625702400000,
    0.005958319244779725
  ],
  [
    1625788800000,
    0.006298352540350724
  ],
  [
    1625875200000,
    0.006125298901688536
  ],
  [
    1625961600000,
    0.005953860466603448
  ],
  [
    1626048000000,
    0.006035459366720885
  ],
  [
    1626134400000,
    0.0059765354817025275
  ],
  [
    1626220800000,
    0.005956318584384804
  ],
  [
    1626307200000,
    0.006104998125211508
  ],
  [
    1626393600000,
    0.006058099103348941
  ],
  [
    1626480000000,
    0.006048038023916411
  ],
  [
    1626566400000,
    0.00612384868609976
  ],
  [
    1626652800000,
    0.006180278980730201
  ],
  [
    1626739200000,
    0.006019225816455775
  ],
  [
    1626825600000,
    0.006336919850345223
  ],
  [
    1626912000000,
    0.006534794233057592
  ],
  [
    1626998400000,
    0.006568156561087542
  ],
  [
    1627084800000,
    0.006396712637991761
  ],
  [
    1627171200000,
    0.007563180420410242
  ],
  [
    1627257600000,
    0.006392174651862791
  ],
  [
    1627344000000,
    0.006573999006716186
  ],
  [
    1627430400000,
    0.006330681653873606
  ],
  [
    1627516800000,
    0.0061380240779845986
  ],
  [
    1627603200000,
    0.00606409448146788
  ],
  [
    1627689600000,
    0.006339862212820997
  ],
  [
    1627776000000,
    0.006022678957410336
  ],
  [
    1627862400000,
    0.006006083354211534
  ],
  [
    1627948800000,
    0.006145722242311152
  ],
  [
    1628035200000,
    0.006081938976512748
  ],
  [
    1628121600000,
    0.006076634987420925
  ],
  [
    1628208000000,
    0.006305098415654376
  ],
  [
    1628294400000,
    0.006292383099703887
  ],
  [
    1628380800000,
    0.006325362242397292
  ],
  [
    1628467200000,
    0.006330189941434314
  ],
  [
    1628553600000,
    0.006265651176941424
  ],
  [
    1628640000000,
    0.006133116479481383
  ],
  [
    1628726400000,
    0.005461955563842784
  ],
  [
    1628812800000,
    0.005575240355015708
  ],
  [
    1628899200000,
    0.005690208131903053
  ],
  [
    1628985600000,
    0.005640469116773059
  ],
  [
    1629072000000,
    0.005566536572649324
  ],
  [
    1629158400000,
    0.005561211428444559
  ],
  [
    1629244800000,
    0.0055934125251797225
  ],
  [
    1629331200000,
    0.005581424492438093
  ],
  [
    1629417600000,
    0.005611553974722976
  ],
  [
    1629504000000,
    0.005625340759571964
  ],
  [
    1629590400000,
    0.005703210968910012
  ],
  [
    1629676800000,
    0.0056448916200320136
  ],
  [
    1629763200000,
    0.005865609608432507
  ],
  [
    1629849600000,
    0.0058444368186576666
  ],
  [
    1629936000000,
    0.00587839274412437
  ],
  [
    1630022400000,
    0.005736363876038864
  ],
  [
    1630108800000,
    0.005691960099845244
  ],
  [
    1630195200000,
    0.005817221571595565
  ],
  [
    1630281600000,
    0.005858902394178196
  ],
  [
    1630368000000,
    0.005905551656890535
  ],
  [
    1630454400000,
    0.006144044189854195
  ],
  [
    1630540800000,
    0.005777464657523804
  ],
  [
    1630627200000,
    0.005238618381104438
  ]
]