[
  [
    1510272000000,
    2990228.7150844648
  ],
  [
    1510358400000,
    3562606.7283110428
  ],
  [
    1510444800000,
    3670267.3401101083
  ],
  [
    1510531200000,
    4877524.081989199
  ],
  [
    1510617600000,
    8174570.69827438
  ],
  [
    1510704000000,
    5867550.33564743
  ],
  [
    1510790400000,
    5221579.46723746
  ],
  [
    1510876800000,
    3780406.48956135
  ],
  [
    1510963200000,
    5530788.65227083
  ],
  [
    1511049600000,
    5006836.68364293
  ],
  [
    1511136000000,
    4383300.34782771
  ],
  [
    1511222400000,
    4942044.47481045
  ],
  [
    1511308800000,
    6877030.36900094
  ],
  [
    1511395200000,
    4990995.60082505
  ],
  [
    1511481600000,
    4710711.13245924
  ],
  [
    1511568000000,
    6185993.81468507
  ],
  [
    1511654400000,
    6372411.01710972
  ],
  [
    1511740800000,
    6268139.5246761
  ],
  [
    1511827200000,
    5452961.89087492
  ],
  [
    1511913600000,
    5195140.9957505
  ],
  [
    1512000000000,
    5305985.96669092
  ],
  [
    1512086400000,
    0
  ],
  [
    1512172800000,
    0
  ],
  [
    1512259200000,
    4374968.77574691
  ],
  [
    1512345600000,
    4456692.02960064
  ],
  [
    1512432000000,
    5981556.87225771
  ],
  [
    1512518400000,
    6551923.2417957
  ],
  [
    1512604800000,
    4311992.38324098
  ],
  [
    1512691200000,
    4274693.01947503
  ],
  [
    1512777600000,
    4570121.32029724
  ],
  [
    1512864000000,
    3768428.65588766
  ],
  [
    1512950400000,
    3995830.4415979
  ],
  [
    1513036800000,
    3559761.75107209
  ],
  [
    1513123200000,
    3494144.46539264
  ],
  [
    1513209600000,
    3504227.26612101
  ],
  [
    1513296000000,
    3794196.24911382
  ],
  [
    1513382400000,
    5046911.72050281
  ],
  [
    1513468800000,
    9810361.54427275
  ],
  [
    1513555200000,
    12376064.4695328
  ],
  [
    1513641600000,
    10817504.1348588
  ],
  [
    1513728000000,
    8568517.04817783
  ],
  [
    1513814400000,
    8325224.83583411
  ],
  [
    1513900800000,
    6696676.67888452
  ],
  [
    1513987200000,
    9592715.83371189
  ],
  [
    1514073600000,
    11368772.5405691
  ],
  [
    1514160000000,
    10390058.100307
  ],
  [
    1514246400000,
    10671849.2685654
  ],
  [
    1514332800000,
    11446973.28696
  ],
  [
    1514419200000,
    9889633.75165294
  ],
  [
    1514505600000,
    10007864.3645365
  ],
  [
    1514592000000,
    8889275.39117986
  ],
  [
    1514678400000,
    10162419.220151
  ],
  [
    1514764800000,
    12133931.392517
  ],
  [
    1514851200000,
    12143931.8578129
  ],
  [
    1514937600000,
    14538297.130686771
  ],
  [
    1515024000000,
    18501623.87706609
  ],
  [
    1515110400000,
    120422360.26480968
  ],
  [
    1515196800000,
    72638924.90398236
  ],
  [
    1515283200000,
    61362164.78764305
  ],
  [
    1515369600000,
    55093193.74083587
  ],
  [
    1515456000000,
    66887025.091048434
  ],
  [
    1515542400000,
    60589474.00565001
  ],
  [
    1515628800000,
    58235854.11601807
  ],
  [
    1515715200000,
    64410711.882159926
  ],
  [
    1515801600000,
    58917681.885726556
  ],
  [
    1515888000000,
    49550064.568195015
  ],
  [
    1515974400000,
    38113215.47287258
  ],
  [
    1516060800000,
    38330121.23318584
  ],
  [
    1516147200000,
    36582976.215332106
  ],
  [
    1516233600000,
    38108615.11520192
  ],
  [
    1516320000000,
    45607555.39096612
  ],
  [
    1516406400000,
    46333135.22512049
  ],
  [
    1516492800000,
    39522525.09855746
  ],
  [
    1516579200000,
    35356423.00420867
  ],
  [
    1516665600000,
    33692559.18143327
  ],
  [
    1516752000000,
    35381627.29620703
  ],
  [
    1516838400000,
    35428387.22207387
  ],
  [
    1516924800000,
    35220627.58064997
  ],
  [
    1517011200000,
    35665337.83834863
  ],
  [
    1517097600000,
    41706565.857942596
  ],
  [
    1517184000000,
    37248870.35692325
  ],
  [
    1517270729114,
    37125152.217354044
  ],
  [
    1517356800000,
    31764532.77553798
  ],
  [
    1517443200000,
    32465278.107364472
  ],
  [
    1517529600000,
    25881628.813187826
  ],
  [
    1517616000000,
    23194688.175143294
  ],
  [
    1517702400000,
    25960751.159454033
  ],
  [
    1517788800000,
    21626373.22123211
  ],
  [
    1517875200000,
    16805668.266785156
  ],
  [
    1517961600000,
    19623362.21433315
  ],
  [
    1518048326358,
    20302734.521714486
  ],
  [
    1518134400000,
    18577421.203470297
  ],
  [
    1518220800000,
    23448460.536122315
  ],
  [
    1518307200000,
    21048015.083393075
  ],
  [
    1518393600000,
    20030936.91045812
  ],
  [
    1518480000000,
    23029442.1406945
  ],
  [
    1518566400000,
    20877826.282596964
  ],
  [
    1518652800000,
    22216577.762774237
  ],
  [
    1518739200000,
    24629749.468478523
  ],
  [
    1518825600000,
    26444541.40013353
  ],
  [
    1518912000000,
    26658544.739605203
  ],
  [
    1518998400000,
    27502260.516259644
  ],
  [
    1519084800000,
    33073343.030191347
  ],
  [
    1519171200000,
    30563573.951318014
  ],
  [
    1519257600000,
    26020264.486587714
  ],
  [
    1519344000000,
    26260565.264573317
  ],
  [
    1519430400000,
    26497377.769728795
  ],
  [
    1519516800000,
    29105120.27332763
  ],
  [
    1519603200000,
    29616044.634753283
  ],
  [
    1519689600000,
    34667657.99251226
  ],
  [
    1519776000000,
    33642081.18728762
  ],
  [
    1519862400000,
    28391244.722129807
  ],
  [
    1519948800000,
    31151515.563156385
  ],
  [
    1520035200000,
    31384267.609992668
  ],
  [
    1520121600000,
    29224376.520028774
  ],
  [
    1520208000000,
    30227162.85743521
  ],
  [
    1520294400000,
    29319142.45915127
  ],
  [
    1520380800000,
    26730158.86613069
  ],
  [
    1520467200000,
    24000742.027929347
  ],
  [
    1520553600000,
    22421798.03440905
  ],
  [
    1520640000000,
    22139707.152888197
  ],
  [
    1520726400000,
    20616929.662768833
  ],
  [
    1520812800000,
    22912566.95697568
  ],
  [
    1520899200000,
    21673153.643078793
  ],
  [
    1520985600000,
    21041053.841131303
  ],
  [
    1521072000000,
    17806428.735511795
  ],
  [
    1521158400000,
    18154471.882570762
  ],
  [
    1521244800000,
    18235638.88806216
  ],
  [
    1521331200000,
    16048963.271963947
  ],
  [
    1521417600000,
    15539828.185047908
  ],
  [
    1521504000000,
    17608459.87975411
  ],
  [
    1521590400000,
    18525165.39003896
  ],
  [
    1521676800000,
    18193460.359995794
  ],
  [
    1521763200000,
    17776928.144502737
  ],
  [
    1521849600000,
    17573496.379372902
  ],
  [
    1521936000000,
    16995680.10538751
  ],
  [
    1522022400000,
    17537789.92760435
  ],
  [
    1522108800000,
    16191098.715057444
  ],
  [
    1522195200000,
    15298347.753621565
  ],
  [
    1522281600000,
    15560335.767617172
  ],
  [
    1522368000000,
    12979781.04747391
  ],
  [
    1522454400000,
    12728414.251083283
  ],
  [
    1522540800000,
    12761376.880086571
  ],
  [
    1522627200000,
    11812300.21250417
  ],
  [
    1522713600000,
    12319649.179959178
  ],
  [
    1522800000000,
    13763899.877437439
  ],
  [
    1522886400000,
    12230556.78443252
  ],
  [
    1522972800000,
    12058522.76147325
  ],
  [
    1523059200000,
    11572336.511403987
  ],
  [
    1523145600000,
    12034478.61835624
  ],
  [
    1523232000000,
    12596459.738163263
  ],
  [
    1523318400000,
    11911896.40547194
  ],
  [
    1523404800000,
    12632491.199805485
  ],
  [
    1523491200000,
    12909754.40356419
  ],
  [
    1523577600000,
    14238145.18605703
  ],
  [
    1523664000000,
    14643376.025436498
  ],
  [
    1523750400000,
    14647377.938123163
  ],
  [
    1523836800000,
    16394461.948866855
  ],
  [
    1523923200000,
    16047233.433034059
  ],
  [
    1524009600000,
    15568853.323717026
  ],
  [
    1524096000000,
    17066166.76321249
  ],
  [
    1524182400000,
    18349149.82177502
  ],
  [
    1524268800000,
    18785314.43095928
  ],
  [
    1524355200000,
    21248952.37293011
  ],
  [
    1524441600000,
    19870689.318070427
  ],
  [
    1524528000000,
    20434598.48173484
  ],
  [
    1524614400000,
    23158346.645204198
  ],
  [
    1524700800000,
    19502523.833637804
  ],
  [
    1524787200000,
    23410172.407120913
  ],
  [
    1524873600000,
    24641509.335006747
  ],
  [
    1524960000000,
    29438246.3958012
  ],
  [
    1525046400000,
    28286109.706805367
  ],
  [
    1525132800000,
    27236582.58947572
  ],
  [
    1525219200000,
    26813015.842073012
  ],
  [
    1525305600000,
    27328980.17091641
  ],
  [
    1525392000000,
    26194265.71862809
  ],
  [
    1525478400000,
    25758618.354982972
  ],
  [
    1525564800000,
    24613088.41625206
  ],
  [
    1525651200000,
    22554643.309719298
  ],
  [
    1525737600000,
    21435278.98896986
  ],
  [
    1525824000000,
    20519115.776561037
  ],
  [
    1525910400000,
    19846509.963087555
  ],
  [
    1525996800000,
    18015822.650256384
  ],
  [
    1526083200000,
    15913272.944697972
  ],
  [
    1526169600000,
    15808465.888108443
  ],
  [
    1526256000000,
    17156196.427776113
  ],
  [
    1526342400000,
    17250910.956798933
  ],
  [
    1526428800000,
    17078253.942137603
  ],
  [
    1526515200000,
    16758332.296998281
  ],
  [
    1526601600000,
    15015774.06446218
  ],
  [
    1526688000000,
    16253236.15864922
  ],
  [
    1526774400000,
    16022645.464990405
  ],
  [
    1526860800000,
    16429562.71662439
  ],
  [
    1526947200000,
    16844144.602289453
  ],
  [
    1527033600000,
    16865873.816820763
  ],
  [
    1527120000000,
    17374143.00799466
  ],
  [
    1527206400000,
    18764117.172111623
  ],
  [
    1527292800000,
    17359295.486666348
  ],
  [
    1527379200000,
    15642734.704812285
  ],
  [
    1527465600000,
    16249895.617283948
  ],
  [
    1527552000000,
    13530718.076833406
  ],
  [
    1527638400000,
    15059456.76941368
  ],
  [
    1527724800000,
    14474615.356724082
  ],
  [
    1527811200000,
    16091455.04041131
  ],
  [
    1527897600000,
    15791299.546612913
  ],
  [
    1527984000000,
    16621555.66029321
  ],
  [
    1528070400000,
    16711732.838368662
  ],
  [
    1528156800000,
    16673308.503584247
  ],
  [
    1528243200000,
    16084501.982961208
  ],
  [
    1528329600000,
    15715968.996676125
  ],
  [
    1528416000000,
    15218390.30950329
  ],
  [
    1528502400000,
    14485456.739355808
  ],
  [
    1528588800000,
    14145958.487236496
  ],
  [
    1528675200000,
    12211826.624787921
  ],
  [
    1528761600000,
    12249565.969221998
  ],
  [
    1528848000000,
    11557348.495113345
  ],
  [
    1528934400000,
    10459735.503349785
  ],
  [
    1529020800000,
    11479595.11103137
  ],
  [
    1529107200000,
    10387746.88318477
  ],
  [
    1529193600000,
    10383431.81031665
  ],
  [
    1529280000000,
    10295700.032192584
  ],
  [
    1529366400000,
    10357902.764940917
  ],
  [
    1529452800000,
    10382039.05540651
  ],
  [
    1529539200000,
    10139702.522756841
  ],
  [
    1529625600000,
    10066705.07229711
  ],
  [
    1529712000000,
    8302720.504349244
  ],
  [
    1529798400000,
    8193616.504646812
  ],
  [
    1529884800000,
    7750425.146749448
  ],
  [
    1529971200000,
    7881051.866517517
  ],
  [
    1530057600000,
    7040245.806113175
  ],
  [
    1530144000000,
    7308974.123535327
  ],
  [
    1530230400000,
    7216451.808057644
  ],
  [
    1530316800000,
    8134523.575252857
  ],
  [
    1530403200000,
    8775590.352074735
  ],
  [
    1530489600000,
    9007589.402705673
  ],
  [
    1530576000000,
    9765857.462145546
  ],
  [
    1530662400000,
    8924090.64456624
  ],
  [
    1530748800000,
    9101410.069135461
  ],
  [
    1530835200000,
    9159430.52435138
  ],
  [
    1530921600000,
    8722225.713560706
  ],
  [
    1531008000000,
    8775704.16058254
  ],
  [
    1531094400000,
    8699314.013121836
  ],
  [
    1531180800000,
    8881572.66899252
  ],
  [
    1531267200000,
    7599193.332338767
  ],
  [
    1531353600000,
    7829397.566353528
  ],
  [
    1531440000000,
    7385050.224155009
  ],
  [
    1531526400000,
    7544021.899601737
  ],
  [
    1531612800000,
    7545315.072281687
  ],
  [
    1531699200000,
    7817835.05043034
  ],
  [
    1531785600000,
    8479295.348509677
  ],
  [
    1531872000000,
    9044656.325363124
  ],
  [
    1531958400000,
    9089148.29267674
  ],
  [
    1532044800000,
    8981127.274808891
  ],
  [
    1532131200000,
    8094570.800059126
  ],
  [
    1532217600000,
    8251046.090520322
  ],
  [
    1532304000000,
    7938652.435348304
  ],
  [
    1532390400000,
    7866686.091552467
  ],
  [
    1532476800000,
    7754367.932273577
  ],
  [
    1532563200000,
    8099452.513572077
  ],
  [
    1532649600000,
    7628360.544431074
  ],
  [
    1532736000000,
    7577798.852182579
  ],
  [
    1532822400000,
    7557314.791642586
  ],
  [
    1532908800000,
    7640882.606601403
  ],
  [
    1532995200000,
    7516686.552136857
  ],
  [
    1533081600000,
    6901487.178397437
  ],
  [
    1533168000000,
    6585667.352546404
  ],
  [
    1533254400000,
    6132353.842543772
  ],
  [
    1533340800000,
    5970545.383024537
  ],
  [
    1533427200000,
    5640450.998762675
  ],
  [
    1533513600000,
    5886966.422700142
  ],
  [
    1533600000000,
    5694349.711108666
  ],
  [
    1533686400000,
    5481170.757218804
  ],
  [
    1533772800000,
    4741209.953435824
  ],
  [
    1533859200000,
    36443667.03730987
  ],
  [
    1533945600000,
    32180564.98197788
  ],
  [
    1534032000000,
    29872870.50383028
  ],
  [
    1534118400000,
    30132243.278298207
  ],
  [
    1534204800000,
    27316368.00130879
  ],
  [
    1534291200000,
    23010907.855678607
  ],
  [
    1534377600000,
    22517350.621981774
  ],
  [
    1534464000000,
    22974244.79436829
  ],
  [
    1534550400000,
    29189898.870174702
  ],
  [
    1534636800000,
    25270543.37496346
  ],
  [
    1534723200000,
    26736673.709653486
  ],
  [
    1534809600000,
    24757249.468813166
  ],
  [
    1534896000000,
    25075353.872863628
  ],
  [
    1534982400000,
    24194469.96430327
  ],
  [
    1535068800000,
    25708320.67373664
  ],
  [
    1535155200000,
    30219555.883299865
  ],
  [
    1535241600000,
    28969888.91230758
  ],
  [
    1535328000000,
    28498557.312228594
  ],
  [
    1535414400000,
    30083058.579072192
  ],
  [
    1535500800000,
    34376794.21323541
  ],
  [
    1535587200000,
    32311544.943516884
  ],
  [
    1535673600000,
    30555493.0617787
  ],
  [
    1535760000000,
    31777186.518786587
  ],
  [
    1535846400000,
    33486480.588467106
  ],
  [
    1535932800000,
    32184214.41324258
  ],
  [
    1536019200000,
    32163499.16632483
  ],
  [
    1536105600000,
    38158064.614269175
  ],
  [
    1536192000000,
    28512592.249900166
  ],
  [
    1536278400000,
    27199876.666285146
  ],
  [
    1536364800000,
    25088796.719904024
  ],
  [
    1536451200000,
    23372458.55417003
  ],
  [
    1536537600000,
    23904933.426988266
  ],
  [
    1536624000000,
    23521075.669956744
  ],
  [
    1536710400000,
    22293754.04119661
  ],
  [
    1536796800000,
    22570042.799602706
  ],
  [
    1536883200000,
    23852690.143244117
  ],
  [
    1536969600000,
    23671916.171961136
  ],
  [
    1537056000000,
    24835660.655816603
  ],
  [
    1537142400000,
    30909030.89570768
  ],
  [
    1537228800000,
    27761026.19419677
  ],
  [
    1537315200000,
    29735669.028613638
  ],
  [
    1537401600000,
    28268696.58529418
  ],
  [
    1537488000000,
    31479213.179306906
  ],
  [
    1537574400000,
    30957438.717928316
  ],
  [
    1537660800000,
    32294229.81095891
  ],
  [
    1537747200000,
    33693175.991421826
  ],
  [
    1537833600000,
    31248417.10050502
  ],
  [
    1537920000000,
    29739771.139725078
  ],
  [
    1538006400000,
    33364449.256766323
  ],
  [
    1538092800000,
    35947748.58981869
  ],
  [
    1538179200000,
    35445064.09414776
  ],
  [
    1538265600000,
    36380164.86002528
  ],
  [
    1538352000000,
    32194033.72290428
  ],
  [
    1538438400000,
    33459133.863853384
  ],
  [
    1538524800000,
    34449204.25858087
  ],
  [
    1538611200000,
    33391848.968687378
  ],
  [
    1538697600000,
    35173117.71222195
  ],
  [
    1538784000000,
    35223209.80930726
  ],
  [
    1538870400000,
    52248284.238231994
  ],
  [
    1538956800000,
    41465656.319136076
  ],
  [
    1539043200000,
    46844846.017585225
  ],
  [
    1539129600000,
    48132666.03778844
  ],
  [
    1539216000000,
    18450997.269805543
  ],
  [
    1539302400000,
    16135525.333938401
  ],
  [
    1539388800000,
    15563952.312855372
  ],
  [
    1539475200000,
    13981899.909012282
  ],
  [
    1539561600000,
    13946077.129432341
  ],
  [
    1539648000000,
    13073977.37865173
  ],
  [
    1539734400000,
    16636366.892671166
  ],
  [
    1539820800000,
    15701990.039838484
  ],
  [
    1539907200000,
    14789059.430526605
  ],
  [
    1539993600000,
    14819508.928952802
  ],
  [
    1540080000000,
    14727658.366633356
  ],
  [
    1540166400000,
    16780123.115089037
  ],
  [
    1540252800000,
    15808359.597660365
  ],
  [
    1540339200000,
    15340076.285121402
  ],
  [
    1540425600000,
    16433718.548502274
  ],
  [
    1540512000000,
    16371707.530581072
  ],
  [
    1540598400000,
    17296476.980805866
  ],
  [
    1540684800000,
    16357422.560864791
  ],
  [
    1540771200000,
    16674923.50934217
  ],
  [
    1540857600000,
    14206926.04025575
  ],
  [
    1540944000000,
    14604651.66880593
  ],
  [
    1541030400000,
    13913941.881957546
  ],
  [
    1541116800000,
    14475527.2392047
  ],
  [
    1541203200000,
    14783047.478049733
  ],
  [
    1541289600000,
    14232801.664822621
  ],
  [
    1541376000000,
    13222957.67827387
  ],
  [
    1541462400000,
    13806657.186320046
  ],
  [
    1541548800000,
    13446536.649489207
  ],
  [
    1541635200000,
    13603608.94864169
  ],
  [
    1541721600000,
    13603961.417840775
  ],
  [
    1541808000000,
    15332107.886492662
  ],
  [
    1541894400000,
    14625819.048384896
  ],
  [
    1541980800000,
    13954881.538641134
  ],
  [
    1542067200000,
    13413544.396472791
  ],
  [
    1542153600000,
    13262103.727698173
  ],
  [
    1542240000000,
    11031752.21593611
  ],
  [
    1542326400000,
    9732430.87078468
  ],
  [
    1542412800000,
    9664262.014442451
  ],
  [
    1542499200000,
    9588849.329684576
  ],
  [
    1542585600000,
    9527911.328184344
  ],
  [
    1542672000000,
    7054292.803907384
  ],
  [
    1542758400000,
    5704735.649947006
  ],
  [
    1542844800000,
    6472329.024299218
  ],
  [
    1542931200000,
    6101151.04496505
  ],
  [
    1543017600000,
    6303497.856782784
  ],
  [
    1543104000000,
    5337950.662819982
  ],
  [
    1543190400000,
    5527937.955218488
  ],
  [
    1543276800000,
    5232665.049658516
  ],
  [
    1543363200000,
    5457027.235679332
  ],
  [
    1543449600000,
    6286822.397063222
  ],
  [
    1543536000000,
    9106844.976583138
  ],
  [
    1543622400000,
    7543215.889751554
  ],
  [
    1543708800000,
    6878764.772095314
  ],
  [
    1543795200000,
    6937609.444502376
  ],
  [
    1543881600000,
    6095055.386182096
  ],
  [
    1543968000000,
    5986292.380528466
  ],
  [
    1544054400000,
    5340412.62248384
  ],
  [
    1544140800000,
    4827458.320970668
  ],
  [
    1544227200000,
    4867625.510911454
  ],
  [
    1544313600000,
    4726528.137256196
  ],
  [
    1544400000000,
    5010566.268162224
  ],
  [
    1544486400000,
    4697628.717035132
  ],
  [
    1544572800000,
    4585761.7927525
  ],
  [
    1544659200000,
    4903304.572618224
  ],
  [
    1544745600000,
    4795291.942238794
  ],
  [
    1544832000000,
    4467557.414796182
  ],
  [
    1544918400000,
    4602205.104461674
  ],
  [
    1545004800000,
    4531305.257130796
  ],
  [
    1545091200000,
    5019519.35616591
  ],
  [
    1545177600000,
    5369740.42527422
  ],
  [
    1545264000000,
    5259952.526079624
  ],
  [
    1545350400000,
    5740893.547318742
  ],
  [
    1545436800000,
    5630253.814935416
  ],
  [
    1545523200000,
    6181351.891569208
  ],
  [
    1545609600000,
    5855372.129520396
  ],
  [
    1545696000000,
    6046716.488558834
  ],
  [
    1545782400000,
    5438463.189557114
  ],
  [
    1545868800000,
    5467334.98580844
  ],
  [
    1545955200000,
    4942804.925329636
  ],
  [
    1546041600000,
    5463409.603759088
  ],
  [
    1546128000000,
    5555287.982042422
  ],
  [
    1546214400000,
    5632318.660635864
  ],
  [
    1546300800000,
    5204803.038401996
  ],
  [
    1546387200000,
    5413662.854902528
  ],
  [
    1546473600000,
    5541735.503511544
  ],
  [
    1546560000000,
    5371388.308124226
  ],
  [
    1546646400000,
    5632671.046919302
  ],
  [
    1546732800000,
    5490472.11020085
  ],
  [
    1546819200000,
    5860194.062132642
  ],
  [
    1546905600000,
    5762649.499266178
  ],
  [
    1546992000000,
    5706010.386966404
  ],
  [
    1547078400000,
    5667758.540946676
  ],
  [
    1547164800000,
    4838099.087662778
  ],
  [
    1547251200000,
    4967560.747941976
  ],
  [
    1547337600000,
    4988066.989725482
  ],
  [
    1547424000000,
    4648431.245013198
  ],
  [
    1547510400000,
    4969835.144847026
  ],
  [
    1547596800000,
    5042901.899805132
  ],
  [
    1547683200000,
    5275221.495618742
  ],
  [
    1547769600000,
    6211634.862522238
  ],
  [
    1547856000000,
    5821450.218826102
  ],
  [
    1547942400000,
    5801419.824885368
  ],
  [
    1548028800000,
    5864654.75532032
  ],
  [
    1548115200000,
    5796064.329082416
  ],
  [
    1548201600000,
    5754543.063996394
  ],
  [
    1548288000000,
    5750584.595350502
  ],
  [
    1548374400000,
    5670618.94408153
  ],
  [
    1548460800000,
    5577215.017062858
  ],
  [
    1548547200000,
    5724692.025453928
  ],
  [
    1548633600000,
    5693537.899041798
  ],
  [
    1548720000000,
    5186099.273630768
  ],
  [
    1548806400000,
    5086238.607340174
  ],
  [
    1548892800000,
    5538338.57377465
  ],
  [
    1548979200000,
    5317844.73240553
  ],
  [
    1549065600000,
    5326613.018649242
  ],
  [
    1549152000000,
    5355795.41563435
  ],
  [
    1549238400000,
    5324733.53900076
  ],
  [
    1549324800000,
    5308190.814758216
  ],
  [
    1549411200000,
    5173528.128434544
  ],
  [
    1549497600000,
    4974497.94347724
  ],
  [
    1549584000000,
    5019178.110359112
  ],
  [
    1549670400000,
    5553640.906907452
  ],
  [
    1549756800000,
    5553528.175327618
  ],
  [
    1549843200000,
    5728639.001395418
  ],
  [
    1549929600000,
    5810625.490139356
  ],
  [
    1550016000000,
    5523886.504411194
  ],
  [
    1550102400000,
    5565850.302393766
  ],
  [
    1550188800000,
    5371391.128599204
  ],
  [
    1550275200000,
    5409717.759142852
  ],
  [
    1550361600000,
    5303329.861660038
  ],
  [
    1550448000000,
    5636870.234893664
  ],
  [
    1550534400000,
    5977537.394922566
  ],
  [
    1550620800000,
    5886393.739297002
  ],
  [
    1550707200000,
    6037146.332009792
  ],
  [
    1550793600000,
    5933875.374228928
  ],
  [
    1550880000000,
    6081580.050503154
  ],
  [
    1550966400000,
    6188655.906972758
  ],
  [
    1551052800000,
    5543928.181294924
  ],
  [
    1551139200000,
    5768756.260851354
  ],
  [
    1551225600000,
    6031353.280877368
  ],
  [
    1551312000000,
    5856003.326231974
  ],
  [
    1551398400000,
    5756891.240501244
  ],
  [
    1551484800000,
    5948571.034246746
  ],
  [
    1551571200000,
    5837737.75326081
  ],
  [
    1551657600000,
    5877449.075694926
  ],
  [
    1551744000000,
    5639869.631153412
  ],
  [
    1551830400000,
    6316461.371010274
  ],
  [
    1551916800000,
    6513906.95525448
  ],
  [
    1552003200000,
    6317674.864123578
  ],
  [
    1552089600000,
    6165490.48340102
  ],
  [
    1552176000000,
    6365182.804610582
  ],
  [
    1552262400000,
    7211774.022661524
  ],
  [
    1552348800000,
    6972276.868484642
  ],
  [
    1552435200000,
    7187817.61579159
  ],
  [
    1552521600000,
    7901036.321125176
  ],
  [
    1552608000000,
    8769938.97204679
  ],
  [
    1552694400000,
    8570396.62960201
  ],
  [
    1552780800000,
    9053794.486376582
  ],
  [
    1552867200000,
    8466233.64437198
  ],
  [
    1552953600000,
    8413306.939528236
  ],
  [
    1553040000000,
    8533820.983908394
  ],
  [
    1553126400000,
    8507536.833008155
  ],
  [
    1553212800000,
    8080829.410730842
  ],
  [
    1553299200000,
    8064634.146721496
  ],
  [
    1553385600000,
    7998197.147574212
  ],
  [
    1553472000000,
    8147588.809427954
  ],
  [
    1553558400000,
    7953086.74754281
  ],
  [
    1553644800000,
    8830874.620398447
  ],
  [
    1553731200000,
    9362932.425708152
  ],
  [
    1553817600000,
    9269126.052741678
  ],
  [
    1553904000000,
    9242175.401184147
  ],
  [
    1553990400000,
    9244787.655357951
  ],
  [
    1554076800000,
    10245750.198714785
  ],
  [
    1554163200000,
    9815755.715226177
  ],
  [
    1554249600000,
    10064648.837584428
  ],
  [
    1554336000000,
    9635423.30392461
  ],
  [
    1554422400000,
    9503056.408385055
  ],
  [
    1554508800000,
    10045606.47345625
  ],
  [
    1554595200000,
    9817130.078480547
  ],
  [
    1554681600000,
    9835905.310686711
  ],
  [
    1554768000000,
    9542552.20912292
  ],
  [
    1554854400000,
    9458478.31976835
  ],
  [
    1554940800000,
    9162436.140945245
  ],
  [
    1555027200000,
    8471251.085359804
  ],
  [
    1555113600000,
    8653713.378852446
  ],
  [
    1555200000000,
    9402088.804921834
  ],
  [
    1555286400000,
    9015536.327775707
  ],
  [
    1555372800000,
    8573231.037033757
  ],
  [
    1555459200000,
    9255259.479673352
  ],
  [
    1555545600000,
    9568445.145802706
  ],
  [
    1555632000000,
    9626818.30464974
  ],
  [
    1555718400000,
    9906980.085850932
  ],
  [
    1555804800000,
    9976495.873215357
  ],
  [
    1555891200000,
    9348010.868188774
  ],
  [
    1555977600000,
    9507582.386359459
  ],
  [
    1556064000000,
    9366522.223396745
  ],
  [
    1556150400000,
    8265428.04530214
  ],
  [
    1556236800000,
    7753908.524457008
  ],
  [
    1556323200000,
    7750251.68918596
  ],
  [
    1556409600000,
    8065144.524597038
  ],
  [
    1556496000000,
    8030922.624635566
  ],
  [
    1556582400000,
    7467119.002772586
  ],
  [
    1556668800000,
    7750492.681032006
  ],
  [
    1556755200000,
    8065099.84387053
  ],
  [
    1556841600000,
    8010894.4531436
  ],
  [
    1556928000000,
    7846518.42384467
  ],
  [
    1557014400000,
    7720891.967319272
  ],
  [
    1557100800000,
    7809292.567999506
  ],
  [
    1557187200000,
    8215156.400704724
  ],
  [
    1557273600000,
    7861135.01553495
  ],
  [
    1557360000000,
    7827612.966125224
  ],
  [
    1557446400000,
    6790736.323281844
  ],
  [
    1557532800000,
    7331725.214888682
  ],
  [
    1557619200000,
    7861162.280444262
  ],
  [
    1557705600000,
    7332452.913672254
  ],
  [
    1557792000000,
    7004179.409154194
  ],
  [
    1557878400000,
    7460967.712873522
  ],
  [
    1557964800000,
    8340191.730769672
  ],
  [
    1558051200000,
    8224907.574539848
  ],
  [
    1558137600000,
    7589710.465552476
  ],
  [
    1558224000000,
    7617461.045699892
  ],
  [
    1558310400000,
    7960227.472847826
  ],
  [
    1558396800000,
    7928070.796013656
  ],
  [
    1558483200000,
    8554332.100264642
  ],
  [
    1558569600000,
    8687821.3797339
  ],
  [
    1558656000000,
    8953471.864561679
  ],
  [
    1558742400000,
    8768624.886973018
  ],
  [
    1558828800000,
    9556632.456853533
  ],
  [
    1558915200000,
    11078672.338286756
  ],
  [
    1559001600000,
    10724510.687909478
  ],
  [
    1559088000000,
    11131387.649828957
  ],
  [
    1559174400000,
    10958939.951162225
  ],
  [
    1559260800000,
    11070079.016127119
  ],
  [
    1559347200000,
    11687014.390150338
  ],
  [
    1559433600000,
    11357799.612248411
  ],
  [
    1559520000000,
    12097876.242746782
  ],
  [
    1559606400000,
    10927707.711090313
  ],
  [
    1559692800000,
    9445955.993421078
  ],
  [
    1559779200000,
    9550437.843061129
  ],
  [
    1559865600000,
    9378889.568794204
  ],
  [
    1559952000000,
    10069234.773263514
  ],
  [
    1560038400000,
    10017878.300330635
  ],
  [
    1560124800000,
    9086415.622799
  ],
  [
    1560211200000,
    9854573.543901304
  ],
  [
    1560297600000,
    9816649.96095705
  ],
  [
    1560384000000,
    10287492.232973553
  ],
  [
    1560470400000,
    10110892.377214177
  ],
  [
    1560556800000,
    9843825.50939208
  ],
  [
    1560643200000,
    9536427.347890122
  ],
  [
    1560729600000,
    9322518.221209172
  ],
  [
    1560816000000,
    8789929.187251406
  ],
  [
    1560902400000,
    9463098.66422542
  ],
  [
    1560988800000,
    9172984.322988207
  ],
  [
    1561075200000,
    8771884.514965788
  ],
  [
    1561161600000,
    8467606.027531626
  ],
  [
    1561248000000,
    9594552.067117848
  ],
  [
    1561334400000,
    9603371.817878498
  ],
  [
    1561420800000,
    9364386.941454563
  ],
  [
    1561507200000,
    9588460.070196876
  ],
  [
    1561593600000,
    8590397.491760574
  ],
  [
    1561680000000,
    7851049.563736618
  ],
  [
    1561766400000,
    8384162.480108832
  ],
  [
    1561852800000,
    8625419.872485414
  ],
  [
    1561939200000,
    7986542.54967218
  ],
  [
    1562025600000,
    8100120.390836266
  ],
  [
    1562112000000,
    8188533.766718902
  ],
  [
    1562198400000,
    8597635.677762037
  ],
  [
    1562284800000,
    7801888.103046994
  ],
  [
    1562371200000,
    7848284.792283282
  ],
  [
    1562457600000,
    7814818.142690744
  ],
  [
    1562544000000,
    7921207.182553614
  ],
  [
    1562630400000,
    7522513.750305776
  ],
  [
    1562716800000,
    7230115.527864534
  ],
  [
    1562803200000,
    6515908.573704594
  ],
  [
    1562889600000,
    5775858.019116126
  ],
  [
    1562976000000,
    6146697.664826736
  ],
  [
    1563062400000,
    6178527.556679488
  ],
  [
    1563148800000,
    5340354.199663584
  ],
  [
    1563235200000,
    5197228.354328388
  ],
  [
    1563321600000,
    4530170.501854118
  ],
  [
    1563408000000,
    4748256.201088952
  ],
  [
    1563494400000,
    5163169.898016294
  ],
  [
    1563580800000,
    5250992.060608084
  ],
  [
    1563667200000,
    5341833.428509552
  ],
  [
    1563753600000,
    5413743.763757932
  ],
  [
    1563840000000,
    5163549.282154058
  ],
  [
    1563926400000,
    5321319.977878658
  ],
  [
    1564012800000,
    5717660.036566198
  ],
  [
    1564099200000,
    5709809.883889072
  ],
  [
    1564185600000,
    5800223.673229658
  ],
  [
    1564272000000,
    5174799.584351724
  ],
  [
    1564358400000,
    5262731.424884798
  ],
  [
    1564444800000,
    5250999.240896784
  ],
  [
    1564531200000,
    5239246.879632454
  ],
  [
    1564617600000,
    4986499.68700263
  ],
  [
    1564704000000,
    4831680.32684736
  ],
  [
    1564790400000,
    4898284.286369198
  ],
  [
    1564876800000,
    4921057.988384276
  ],
  [
    1564963200000,
    5108675.628014902
  ],
  [
    1565049600000,
    5127588.230354376
  ],
  [
    1565136000000,
    5139774.963070828
  ],
  [
    1565222400000,
    5026376.44600742
  ],
  [
    1565308800000,
    4643417.13031977
  ],
  [
    1565395200000,
    4158490.915316244
  ],
  [
    1565481600000,
    4272315.525465762
  ],
  [
    1565568000000,
    4175471.653602918
  ],
  [
    1565654400000,
    4426694.3285903
  ],
  [
    1565740800000,
    4250780.671022406
  ],
  [
    1565827200000,
    3782424.309208434
  ],
  [
    1565913600000,
    3864250.494750956
  ],
  [
    1566000000000,
    3732383.944351348
  ],
  [
    1566086400000,
    3843025.119958678
  ],
  [
    1566172800000,
    3886351.054499656
  ],
  [
    1566259200000,
    3983422.455057334
  ],
  [
    1566345600000,
    4005034.444810992
  ],
  [
    1566432000000,
    4036257.626821608
  ],
  [
    1566518400000,
    4107564.2992259
  ],
  [
    1566604800000,
    4280079.21486314
  ],
  [
    1566691200000,
    4705329.088351236
  ],
  [
    1566777600000,
    4196679.16655992
  ],
  [
    1566864000000,
    4343681.722859626
  ],
  [
    1566950400000,
    4236334.32460508
  ],
  [
    1567036800000,
    3748980.61222411
  ],
  [
    1567123200000,
    3758117.21083501
  ],
  [
    1567209600000,
    3831892.75845829
  ],
  [
    1567296000000,
    4241343.498043532
  ],
  [
    1567382400000,
    3949388.832448094
  ],
  [
    1567468800000,
    3892785.415871766
  ],
  [
    1567555200000,
    3855200.67183729
  ],
  [
    1567641600000,
    3857316.107028874
  ],
  [
    1567728000000,
    3702279.185739
  ],
  [
    1567814400000,
    3314940.754786712
  ],
  [
    1567900800000,
    3475092.225680146
  ],
  [
    1567987200000,
    3447673.595927214
  ],
  [
    1568073600000,
    3611838.568290134
  ],
  [
    1568160000000,
    3798559.300762444
  ],
  [
    1568246400000,
    3382120.798590568
  ],
  [
    1568332800000,
    3566837.570456762
  ],
  [
    1568419200000,
    3558511.36208395
  ],
  [
    1568505600000,
    3651842.202911308
  ],
  [
    1568592000000,
    3689472.51108606
  ],
  [
    1568678400000,
    3604419.505798216
  ],
  [
    1568764800000,
    3810490.64250469
  ],
  [
    1568851200000,
    4080887.353279496
  ],
  [
    1568937600000,
    4021366.270878912
  ],
  [
    1569024000000,
    4108553.531963008
  ],
  [
    1569110400000,
    4141432.896156034
  ],
  [
    1569196800000,
    4783558.154958866
  ],
  [
    1569283200000,
    3988387.700412548
  ],
  [
    1569369600000,
    3149287.649599806
  ],
  [
    1569456000000,
    3191544.165987682
  ],
  [
    1569542400000,
    3239054.980379364
  ],
  [
    1569628800000,
    3601869.812851852
  ],
  [
    1569715200000,
    3626972.132705932
  ],
  [
    1569801600000,
    3505399.052084392
  ],
  [
    1569888000000,
    3774244.670824652
  ],
  [
    1569974400000,
    3989708.251030498
  ],
  [
    1570060800000,
    3989708.251030498
  ],
  [
    1570147200000,
    4091236.532721828
  ],
  [
    1570233600000,
    4062313.500903414
  ],
  [
    1570320000000,
    4042569.713153168
  ],
  [
    1570406400000,
    4143366.332278346
  ],
  [
    1570492800000,
    4236779.02562484
  ],
  [
    1570579200000,
    4250950.314088776
  ],
  [
    1570665600000,
    4214247.4879503
  ],
  [
    1570752000000,
    3951490.479623632
  ],
  [
    1570838400000,
    3975298.987630104
  ],
  [
    1570924800000,
    3826635.515435774
  ],
  [
    1571011200000,
    3972443.154313356
  ],
  [
    1571097600000,
    4094363.244446392
  ],
  [
    1571184000000,
    3852618.282465946
  ],
  [
    1571270400000,
    3465021.207531532
  ],
  [
    1571356800000,
    3595870.160956872
  ],
  [
    1571443200000,
    3377039.447214932
  ],
  [
    1571529600000,
    3605781.241197978
  ],
  [
    1571616000000,
    3616917.709469342
  ],
  [
    1571702400000,
    3788360.5968809
  ],
  [
    1571788800000,
    3738874.172949244
  ],
  [
    1571875200000,
    3405201.74758051
  ],
  [
    1571961600000,
    3531844.33284979
  ],
  [
    1572048000000,
    3766147.674966246
  ],
  [
    1572134400000,
    3489705.33749011
  ],
  [
    1572220800000,
    3603312.725982806
  ],
  [
    1572307200000,
    3598697.139828392
  ],
  [
    1572393600000,
    4128281.658942214
  ],
  [
    1572480000000,
    3667382.679063938
  ],
  [
    1572566400000,
    3634699.215437164
  ],
  [
    1572652800000,
    3655406.456654592
  ],
  [
    1572739200000,
    3692452.452483194
  ],
  [
    1572825600000,
    3780959.650422492
  ],
  [
    1572912000000,
    3747406.899067642
  ],
  [
    1572998400000,
    3768357.845282254
  ],
  [
    1573084800000,
    3732538.491801698
  ],
  [
    1573171200000,
    3780999.733679338
  ],
  [
    1573257600000,
    3557832.910320308
  ],
  [
    1573344000000,
    3614212.744189598
  ],
  [
    1573430400000,
    3672591.626860726
  ],
  [
    1573516800000,
    3657313.07730385
  ],
  [
    1573603200000,
    3619862.55672883
  ],
  [
    1573689600000,
    3664440.42913443
  ],
  [
    1573776000000,
    3616129.166723046
  ],
  [
    1573862400000,
    3566944.517730256
  ],
  [
    1573948800000,
    3600031.632492898
  ],
  [
    1574035200000,
    3742521.24844455
  ],
  [
    1574121600000,
    3433531.403248674
  ],
  [
    1574208000000,
    3410657.017389046
  ],
  [
    1574294400000,
    3450893.104659374
  ],
  [
    1574380800000,
    3109667.805790074
  ],
  [
    1574467200000,
    2912156.197212672
  ],
  [
    1574553600000,
    2976628.41161655
  ],
  [
    1574640000000,
    2787824.212610018
  ],
  [
    1574726400000,
    2921172.20185906
  ],
  [
    1574812800000,
    3848280.77754715
  ],
  [
    1574899200000,
    3285101.505527548
  ],
  [
    1574985600000,
    3218174.92712725
  ],
  [
    1575072000000,
    3261847.866038184
  ],
  [
    1575158400000,
    3220573.949487902
  ],
  [
    1575244800000,
    3173033.773515188
  ],
  [
    1575331200000,
    3061044.205159608
  ],
  [
    1575417600000,
    3093154.526577042
  ],
  [
    1575504000000,
    3006550.655824476
  ],
  [
    1575590400000,
    3163691.841875514
  ],
  [
    1575676800000,
    3167189.846412488
  ],
  [
    1575763200000,
    3259736.433485776
  ],
  [
    1575849600000,
    3256974.993758342
  ],
  [
    1575936000000,
    3232074.402281562
  ],
  [
    1576022400000,
    2732049.254339184
  ],
  [
    1576108800000,
    2815106.503105626
  ],
  [
    1576195200000,
    2802353.21506957
  ],
  [
    1576281600000,
    2883004.007391566
  ],
  [
    1576368000000,
    2765430.228154398
  ],
  [
    1576454400000,
    2843096.012846596
  ],
  [
    1576540800000,
    2695951.06594764
  ],
  [
    1576627200000,
    2444898.561389512
  ],
  [
    1576713600000,
    2752921.515693692
  ],
  [
    1576800000000,
    2636820.262261386
  ],
  [
    1576886400000,
    2678849.381916624
  ],
  [
    1576972800000,
    2685237.981678488
  ],
  [
    1577059200000,
    2704621.581034106
  ],
  [
    1577145600000,
    2628189.289859018
  ],
  [
    1577232000000,
    2607028.7457786
  ],
  [
    1577318400000,
    2592699.683429564
  ],
  [
    1577404800000,
    2594160.797170776
  ],
  [
    1577491200000,
    2723766.988699516
  ],
  [
    1577577600000,
    2710244.34857134
  ],
  [
    1577664000000,
    2677833.018709988
  ],
  [
    1577750400000,
    2678418.482497272
  ],
  [
    1577836800000,
    2580378.570819464
  ],
  [
    1577923200000,
    2650611.705339908
  ],
  [
    1578009600000,
    2526814.824931392
  ],
  [
    1578096000000,
    2677931.077434538
  ],
  [
    1578182400000,
    2697864.89958325
  ],
  [
    1578268800000,
    2658099.562876174
  ],
  [
    1578355200000,
    2703625.267169062
  ],
  [
    1578441600000,
    2566425.186431072
  ],
  [
    1578528000000,
    2434782.001235778
  ],
  [
    1578614400000,
    2397704.151868698
  ],
  [
    1578700800000,
    2359536.615624882
  ],
  [
    1578787200000,
    2391966.758880386
  ],
  [
    1578873600000,
    2502148.27399496
  ],
  [
    1578960000000,
    2406262.742610744
  ],
  [
    1579046400000,
    2383421.544298584
  ],
  [
    1579132800000,
    2489732.258929362
  ],
  [
    1579219200000,
    2467664.437236074
  ],
  [
    1579305600000,
    2539550.509477976
  ],
  [
    1579392000000,
    2839111.698703962
  ],
  [
    1579478400000,
    2536005.009822558
  ],
  [
    1579564800000,
    2494540.948041028
  ],
  [
    1579651200000,
    2456297.330605472
  ],
  [
    1579737600000,
    2500228.506886598
  ],
  [
    1579824000000,
    2364790.016911494
  ],
  [
    1579910400000,
    2403242.315338202
  ],
  [
    1579996800000,
    2412562.307642234
  ],
  [
    1580083200000,
    2435029.71253457
  ],
  [
    1580169600000,
    2398922.871184304
  ],
  [
    1580256000000,
    2475922.206085164
  ],
  [
    1580342400000,
    2335456.376915908
  ],
  [
    1580428800000,
    2488959.488804758
  ],
  [
    1580515200000,
    2529869.211967816
  ],
  [
    1580601600000,
    2611602.875688164
  ],
  [
    1580688000000,
    2765643.475175736
  ],
  [
    1580774400000,
    2825595.228650138
  ],
  [
    1580860800000,
    3068958.501349656
  ],
  [
    1580947200000,
    2869205.335685386
  ],
  [
    1581033600000,
    3098847.538049456
  ],
  [
    1581120000000,
    3270312.40221019
  ],
  [
    1581206400000,
    3033523.886019432
  ],
  [
    1581292800000,
    3204583.20649958
  ],
  [
    1581379200000,
    3569345.51289755
  ],
  [
    1581465600000,
    3486419.090550616
  ],
  [
    1581552000000,
    3686856.327310258
  ],
  [
    1581638400000,
    3563305.455512538
  ],
  [
    1581724800000,
    3763736.586155822
  ],
  [
    1581811200000,
    3840484.752767918
  ],
  [
    1581897600000,
    3430743.837282008
  ],
  [
    1581984000000,
    3205111.066657548
  ],
  [
    1582070400000,
    3462504.223451382
  ],
  [
    1582156800000,
    3190769.73808255
  ],
  [
    1582243200000,
    3098875.058663778
  ],
  [
    1582329600000,
    3140654.660919108
  ],
  [
    1582416000000,
    3065321.91429798
  ],
  [
    1582502400000,
    3233645.415936164
  ],
  [
    1582588800000,
    3031839.410004032
  ],
  [
    1582675200000,
    2827863.55207615
  ],
  [
    1582761600000,
    2430514.4027072
  ],
  [
    1582848000000,
    2511200.86202381
  ],
  [
    1582934400000,
    2492855.751668198
  ],
  [
    1583020800000,
    2452016.710055386
  ],
  [
    1583107200000,
    2458002.533701682
  ],
  [
    1583193600000,
    2639479.849023154
  ],
  [
    1583280000000,
    2620784.58400312
  ],
  [
    1583366400000,
    2626075.210359338
  ],
  [
    1583452800000,
    2688870.54138891
  ],
  [
    1583539200000,
    2819172.18863679
  ],
  [
    1583625600000,
    2711882.84888324
  ],
  [
    1583712000000,
    2364971.002957904
  ],
  [
    1583798400000,
    2373726.901296608
  ],
  [
    1583884800000,
    2400565.78204284
  ],
  [
    1583971200000,
    2324120.619812854
  ],
  [
    1584057600000,
    1250468.681217611
  ],
  [
    1584144000000,
    1421627.393175687
  ],
  [
    1584230400000,
    1334138.1601078263
  ],
  [
    1584316800000,
    1474840.4041551102
  ],
  [
    1584403200000,
    1305448.7200628282
  ],
  [
    1584489600000,
    1419153.4192050572
  ],
  [
    1584576000000,
    1398652.7036211682
  ],
  [
    1584662400000,
    1674425.5500501315
  ],
  [
    1584748800000,
    1640288.2420002825
  ],
  [
    1584835200000,
    1764171.2790747832
  ],
  [
    1584921600000,
    1567624.6148832499
  ],
  [
    1585008000000,
    1789872.4378056051
  ],
  [
    1585094400000,
    1860541.837777144
  ],
  [
    1585180800000,
    1997958.8449900907
  ],
  [
    1585267200000,
    2088721.2656395
  ],
  [
    1585353600000,
    1882519.7935936
  ],
  [
    1585440000000,
    1800489.8741355
  ],
  [
    1585526400000,
    1632783.2150044253
  ],
  [
    1585612800000,
    1837508.8981702512
  ],
  [
    1585699200000,
    1902375.670997766
  ],
  [
    1585785600000,
    1909467.5993649333
  ],
  [
    1585872000000,
    1942278.54419644
  ],
  [
    1585958400000,
    1894399.72032858
  ],
  [
    1586044800000,
    1904631.4357332257
  ],
  [
    1586131200000,
    1882266.5236657495
  ],
  [
    1586217600000,
    2036282.591188892
  ],
  [
    1586304000000,
    2012278.309228364
  ],
  [
    1586390400000,
    2078811.87531031
  ],
  [
    1586476800000,
    2055019.520922912
  ],
  [
    1586563200000,
    1945428.796154308
  ],
  [
    1586649600000,
    1939378.3899917437
  ],
  [
    1586736000000,
    1950713.07612917
  ],
  [
    1586822400000,
    1932003.7334672748
  ],
  [
    1586908800000,
    1954625.4538294773
  ],
  [
    1586995200000,
    1883112.7395033527
  ],
  [
    1587081600000,
    1966974.4316660282
  ],
  [
    1587168000000,
    1976936.7448964077
  ],
  [
    1587254400000,
    2051978.780831738
  ],
  [
    1587340800000,
    2014252.541245742
  ],
  [
    1587427200000,
    1894872.8187346004
  ],
  [
    1587513600000,
    1917400.4280085391
  ],
  [
    1587600000000,
    2005084.076615278
  ],
  [
    1587686400000,
    1997974.7562757356
  ],
  [
    1587772800000,
    2047928.044682124
  ],
  [
    1587859200000,
    2058576.419485124
  ],
  [
    1587945600000,
    2093547.541571254
  ],
  [
    1588032000000,
    2090359.945194966
  ],
  [
    1588118400000,
    2110397.28142656
  ],
  [
    1588204800000,
    2198750.192633646
  ],
  [
    1588291200000,
    2098225.788913848
  ],
  [
    1588377600000,
    2199922.526740118
  ],
  [
    1588464000000,
    2273604.454538984
  ],
  [
    1588550400000,
    2169190.55282596
  ],
  [
    1588636800000,
    2162022.692873468
  ],
  [
    1588723200000,
    2160080.114370808
  ],
  [
    1588809600000,
    2151794.429181354
  ],
  [
    1588896000000,
    2070610.976085366
  ],
  [
    1588982400000,
    2086710.04471496
  ],
  [
    1589068800000,
    2093986.103395064
  ],
  [
    1589155200000,
    1856159.21644499
  ],
  [
    1589241600000,
    1819847.3144770323
  ],
  [
    1589328000000,
    2034582.536845084
  ],
  [
    1589414400000,
    2119479.880243432
  ],
  [
    1589500800000,
    2363403.344549692
  ],
  [
    1589587200000,
    2273407.508056144
  ],
  [
    1589673600000,
    2483607.019354072
  ],
  [
    1589760000000,
    2391703.644479168
  ],
  [
    1589846400000,
    2252517.875285228
  ],
  [
    1589932800000,
    2244384.509794426
  ],
  [
    1590019200000,
    2205880.170198764
  ],
  [
    1590105600000,
    2138789.258219908
  ],
  [
    1590192000000,
    2158675.654327502
  ],
  [
    1590278400000,
    2189784.642045406
  ],
  [
    1590364800000,
    2067522.884721984
  ],
  [
    1590451200000,
    2299566.86260099
  ],
  [
    1590537600000,
    2345863.14088667
  ],
  [
    1590624000000,
    2276002.930129282
  ],
  [
    1590710400000,
    2262810.0630368
  ],
  [
    1590796800000,
    2363326.93870089
  ],
  [
    1590883200000,
    2462898.82330804
  ],
  [
    1590969600000,
    2405955.405269274
  ],
  [
    1591056000000,
    2452143.627366596
  ],
  [
    1591142400000,
    2404206.54485484
  ],
  [
    1591228800000,
    2429656.511182688
  ],
  [
    1591315200000,
    2763082.085316884
  ],
  [
    1591401600000,
    2595630.514199628
  ],
  [
    1591488000000,
    2912180.011638932
  ],
  [
    1591574400000,
    2889104.838072422
  ],
  [
    1591660800000,
    2870902.425904838
  ],
  [
    1591747200000,
    2911072.062486412
  ],
  [
    1591833600000,
    2860172.34449137
  ],
  [
    1591920000000,
    2703408.129380384
  ],
  [
    1592006400000,
    2955281.961408358
  ],
  [
    1592092800000,
    2994322.66212673
  ],
  [
    1592179200000,
    2812638.370975732
  ],
  [
    1592265600000,
    2768573.486855342
  ],
  [
    1592352000000,
    2866831.692409432
  ],
  [
    1592438400000,
    2987041.931984388
  ],
  [
    1592524800000,
    2854422.699560192
  ],
  [
    1592611200000,
    2818475.708261782
  ],
  [
    1592697600000,
    2953828.37530316
  ],
  [
    1592784000000,
    2883503.278863466
  ],
  [
    1592870400000,
    2868698.971985306
  ],
  [
    1592956800000,
    3027530.269149934
  ],
  [
    1593043200000,
    2853290.155467334
  ],
  [
    1593129600000,
    3629582.70116878
  ],
  [
    1593216000000,
    3472287.21243481
  ],
  [
    1593302400000,
    3107269.604061936
  ],
  [
    1593388800000,
    3417868.903582328
  ],
  [
    1593475200000,
    3393042.069396308
  ],
  [
    1593561600000,
    3285719.975117386
  ],
  [
    1593648000000,
    3373580.88249299
  ],
  [
    1593734400000,
    3418300.99677979
  ],
  [
    1593820800000,
    3520046.055300064
  ],
  [
    1593907200000,
    3552056.259784872
  ],
  [
    1593993600000,
    3595758.01345926
  ],
  [
    1594080000000,
    4459289.245569722
  ],
  [
    1594166400000,
    4416207.524992854
  ],
  [
    1594252800000,
    4713384.05402058
  ],
  [
    1594339200000,
    4465756.62772912
  ],
  [
    1594425600000,
    4615044.027374958
  ],
  [
    1594512000000,
    4579590.728999672
  ],
  [
    1594598400000,
    4433230.671573654
  ],
  [
    1594684800000,
    2219422.440624068
  ],
  [
    1594771200000,
    2212965.353021656
  ],
  [
    1594857600000,
    1982624.250571605
  ],
  [
    1594944000000,
    1736423.988147743
  ],
  [
    1595030400000,
    1634263.3614802302
  ],
  [
    1595116800000,
    1554666.3590013962
  ],
  [
    1595203200000,
    1316415.9569172328
  ],
  [
    1595289600000,
    1023716.855914359
  ],
  [
    1595376000000,
    590873.1611004168
  ],
  [
    1595462400000,
    714962.9359955816
  ],
  [
    1595548800000,
    554978.2650751136
  ],
  [
    1595635200000,
    507908.7916016716
  ],
  [
    1595721600000,
    547518.4992385496
  ],
  [
    1595808000000,
    425155.1547750298
  ],
  [
    1595894400000,
    395473.498011705
  ],
  [
    1595980800000,
    381586.980869583
  ],
  [
    1596067200000,
    364279.3846706606
  ],
  [
    1596153600000,
    368595.6256721774
  ],
  [
    1596240000000,
    350816.923266363
  ],
  [
    1596326400000,
    355479.7969009958
  ],
  [
    1596412800000,
    375242.6694642348
  ],
  [
    1596499200000,
    381019.2004090584
  ],
  [
    1596585600000,
    378562.653550492
  ],
  [
    1596672000000,
    416734.4690915354
  ],
  [
    1596758400000,
    377254.7792149124
  ],
  [
    1596844800000,
    366813.5059202186
  ],
  [
    1596931200000,
    432032.9603075038
  ],
  [
    1597017600000,
    436208.6656149186
  ],
  [
    1597104000000,
    450649.6527529614
  ],
  [
    1597190400000,
    428639.9311750132
  ],
  [
    1597276800000,
    361199.5345652196
  ],
  [
    1597363200000,
    367318.6901259438
  ],
  [
    1597449600000,
    378030.2724711588
  ],
  [
    1597536000000,
    399310.3439783928
  ],
  [
    1597622400000,
    365128.550874254
  ],
  [
    1597708800000,
    320467.2330526548
  ],
  [
    1597795200000,
    345885.7846242466
  ],
  [
    1597881600000,
    329118.9117822254
  ],
  [
    1597968000000,
    333508.9897309908
  ],
  [
    1598054400000,
    294352.4635125414
  ],
  [
    1598140800000,
    3110733.517499472
  ],
  [
    1598227200000,
    342552.6666884484
  ],
  [
    1598313600000,
    348035.8763258176
  ],
  [
    1598400000000,
    347120.7078863678
  ],
  [
    1598486400000,
    367740.6392126298
  ],
  [
    1598572800000,
    351462.0699134632
  ],
  [
    1598659200000,
    293437.123542693
  ],
  [
    1598745600000,
    456962.2121543276
  ],
  [
    1598832000000,
    485531.0721709906
  ],
  [
    1598918400000,
    474953.8972866246
  ],
  [
    1599004800000,
    519567.1813082354
  ],
  [
    1599091200000,
    391921.9966291324
  ],
  [
    1599177600000,
    358748.1833292204
  ],
  [
    1599264000000,
    313356.3925023716
  ],
  [
    1599350400000,
    309832.7347920046
  ],
  [
    1599436800000,
    300492.3312997148
  ],
  [
    1599523200000,
    289950.037550047
  ],
  [
    1599609600000,
    297371.4728791216
  ],
  [
    1599696000000,
    337986.4986956332
  ],
  [
    1599782400000,
    381239.8696315704
  ],
  [
    1599868800000,
    362190.6436245032
  ],
  [
    1599955200000,
    315599.3234319982
  ],
  [
    1600041600000,
    306798.1575293522
  ],
  [
    1600128000000,
    359469.643022506
  ],
  [
    1600214400000,
    333965.31540643
  ],
  [
    1600300800000,
    271189.4158391902
  ],
  [
    1600387200000,
    317620.9004262136
  ],
  [
    1600473600000,
    358453.3076318968
  ],
  [
    1600560000000,
    364208.280315858
  ],
  [
    1600646400000,
    285758.8075608834
  ],
  [
    1600732800000,
    257004.5190079746
  ],
  [
    1600819200000,
    250120.2768422022
  ],
  [
    1600905600000,
    390244.8625001214
  ],
  [
    1600992000000,
    557001.1130707366
  ],
  [
    1601078400000,
    311630.4251842544
  ],
  [
    1601164800000,
    492461.7415223932
  ],
  [
    1601251200000,
    418022.0183718416
  ],
  [
    1601337600000,
    410547.1300076262
  ],
  [
    1601424000000,
    303505.75647224
  ],
  [
    1601510400000,
    333664.6889502292
  ],
  [
    1601596800000,
    402107.7247692172
  ],
  [
    1601683200000,
    310862.3117136996
  ],
  [
    1601769600000,
    420416.4218929832
  ],
  [
    1601856000000,
    240146.0671482812
  ],
  [
    1601942400000,
    328870.863634344
  ],
  [
    1602028800000,
    356435.3044583186
  ],
  [
    1602115200000,
    272680.0237048762
  ],
  [
    1602201600000,
    304763.343101612
  ],
  [
    1602288000000,
    307655.8727405698
  ],
  [
    1602374400000,
    296200.1504522212
  ],
  [
    1602460800000,
    273238.694162244
  ],
  [
    1602547200000,
    314047.3489695126
  ],
  [
    1602633600000,
    283153.4155739544
  ],
  [
    1602720000000,
    323878.0682353564
  ],
  [
    1602806400000,
    328430.4612216326
  ],
  [
    1602892800000,
    301955.1462714644
  ],
  [
    1602979200000,
    283950.2295601146
  ],
  [
    1603065600000,
    330653.1731126998
  ],
  [
    1603152000000,
    296613.9322727362
  ],
  [
    1603238400000,
    345137.6674490444
  ],
  [
    1603324800000,
    340701.4489585014
  ],
  [
    1603411200000,
    400313.8458700288
  ],
  [
    1603497600000,
    399373.6045655194
  ],
  [
    1603584000000,
    395309.9818982266
  ],
  [
    1603670400000,
    380501.3369125532
  ],
  [
    1603756800000,
    388677.5645689572
  ],
  [
    1603843200000,
    399597.1553899592
  ],
  [
    1603929600000,
    396615.8754742528
  ],
  [
    1604016000000,
    377521.2704481414
  ],
  [
    1604102400000,
    395592.842689169
  ],
  [
    1604188800000,
    392037.7785098404
  ],
  [
    1604275200000,
    387564.0194932476
  ],
  [
    1604361600000,
    385022.4154722618
  ],
  [
    1604448000000,
    399170.277842817
  ],
  [
    1604534400000,
    404728.9258255758
  ],
  [
    1604620800000,
    419837.5713765192
  ],
  [
    1604707200000,
    402757.611028697
  ],
  [
    1604793600000,
    401811.1502398234
  ],
  [
    1604880000000,
    409191.9133949872
  ],
  [
    1604966400000,
    413206.0021358068
  ],
  [
    1605052800000,
    4078295.66549874
  ],
  [
    1605139200000,
    3896262.522141636
  ],
  [
    1605225600000,
    3955649.393238798
  ],
  [
    1605312000000,
    3954639.734133034
  ],
  [
    1605398400000,
    4039175.155323158
  ],
  [
    1605484800000,
    4116061.94545137
  ],
  [
    1605571200000,
    4054078.646045764
  ],
  [
    1605657600000,
    4370259.14521969
  ],
  [
    1605744000000,
    4255980.452666534
  ],
  [
    1605830400000,
    4350490.94681159
  ],
  [
    1605916800000,
    4325735.996961678
  ],
  [
    1606003200000,
    4320666.754270248
  ],
  [
    1606089600000,
    4533517.760310374
  ],
  [
    1606176000000,
    5091799.248420486
  ],
  [
    1606262400000,
    4621893.66993852
  ],
  [
    1606348800000,
    4493127.346373248
  ],
  [
    1606435200000,
    4340110.51300373
  ],
  [
    1606521600000,
    4406004.800759746
  ],
  [
    1606608000000,
    4326801.77969994
  ],
  [
    1606694400000,
    4304710.522643944
  ],
  [
    1606780800000,
    4592154.718315206
  ],
  [
    1606867200000,
    4374917.694684568
  ],
  [
    1606953600000,
    4344393.41059131
  ],
  [
    1607040000000,
    4655985.51914496
  ],
  [
    1607126400000,
    4109291.559198074
  ],
  [
    1607212800000,
    3375261.250313512
  ],
  [
    1607299200000,
    3570397.568770302
  ],
  [
    1607385600000,
    2492537.82769903
  ],
  [
    1607472000000,
    2848733.299055816
  ],
  [
    1607558400000,
    1507305.673730397
  ],
  [
    1607644800000,
    993152.1374493224
  ],
  [
    1607731200000,
    978801.6985931608
  ],
  [
    1607817600000,
    1080322.147580132
  ],
  [
    1607904000000,
    1089999.9610252553
  ],
  [
    1607990400000,
    1027626.4667024848
  ],
  [
    1608076800000,
    963634.8391336692
  ],
  [
    1608163200000,
    1156081.5038584983
  ],
  [
    1608249600000,
    1585489.5241714958
  ],
  [
    1608336000000,
    1352137.6761645519
  ],
  [
    1608422400000,
    1390315.1358528465
  ],
  [
    1608508800000,
    1367972.4721089427
  ],
  [
    1608595200000,
    1412694.2983261924
  ],
  [
    1608681600000,
    1360240.626622523
  ],
  [
    1608768000000,
    1323252.7465468608
  ],
  [
    1608854400000,
    1169035.2654021867
  ],
  [
    1608940800000,
    1230174.8757000691
  ],
  [
    1609027200000,
    1257725.5848294422
  ],
  [
    1609113600000,
    1215849.2360955998
  ],
  [
    1609200000000,
    1203475.1796475516
  ],
  [
    1609286400000,
    947641.034575547
  ],
  [
    1609372800000,
    1273815.232481198
  ],
  [
    1609459200000,
    1132157.75412878
  ],
  [
    1609545600000,
    1027047.7354420037
  ],
  [
    1609632000000,
    1081754.0540735682
  ],
  [
    1609718400000,
    884177.3200566288
  ],
  [
    1609804800000,
    671723.0891002077
  ],
  [
    1609891200000,
    426381.2325946873
  ],
  [
    1609977600000,
    852071.7095321947
  ],
  [
    1610064000000,
    701469.0365653418
  ],
  [
    1610150400000,
    769855.824092745
  ],
  [
    1610236800000,
    1080993.357094601
  ],
  [
    1610323200000,
    690803.0684235458
  ],
  [
    1610409600000,
    506605.09119664965
  ],
  [
    1610496000000,
    920689.6203639937
  ],
  [
    1610582400000,
    879488.8963087767
  ],
  [
    1610668800000,
    893342.2721336134
  ],
  [
    1610755200000,
    790391.6989177405
  ],
  [
    1610841600000,
    782304.2729824989
  ],
  [
    1610928000000,
    778525.8560201012
  ],
  [
    1611014400000,
    789155.1892038748
  ],
  [
    1611100800000,
    779071.6087358099
  ],
  [
    1611187200000,
    829936.4832657961
  ],
  [
    1611273600000,
    672937.8323012738
  ],
  [
    1611360000000,
    764958.0668349555
  ],
  [
    1611446400000,
    1014419.7921334491
  ],
  [
    1611532800000,
    1076588.5009618646
  ],
  [
    1611619200000,
    1094639.5987738906
  ],
  [
    1611705600000,
    1106395.2250587286
  ],
  [
    1611792000000,
    703296.5404860615
  ],
  [
    1611878400000,
    1225637.6367934481
  ],
  [
    1611964800000,
    790161.8461325513
  ],
  [
    1612051200000,
    1100679.9464162996
  ],
  [
    1612137600000,
    1192266.7811280922
  ],
  [
    1612224000000,
    1192828.9912727356
  ],
  [
    1612310400000,
    831181.0972823955
  ],
  [
    1612396800000,
    1286155.9378309818
  ],
  [
    1612483200000,
    930318.5685999858
  ],
  [
    1612569600000,
    1224925.731453095
  ],
  [
    1612656000000,
    1861803.2140795765
  ],
  [
    1612742400000,
    1811980.5164181401
  ],
  [
    1612828800000,
    1397860.1031092256
  ],
  [
    1612915200000,
    1502377.5405704775
  ],
  [
    1613001600000,
    1730772.7623250515
  ],
  [
    1613088000000,
    1714290.385245208
  ],
  [
    1613174400000,
    1798738.3879918423
  ],
  [
    1613260800000,
    1688397.2301302126
  ],
  [
    1613347200000,
    1645494.2698067706
  ],
  [
    1613433600000,
    2626615.6526473267
  ],
  [
    1613520000000,
    1921535.0329926116
  ],
  [
    1613606400000,
    2436530.5811219313
  ],
  [
    1613692800000,
    1940894.2115214413
  ],
  [
    1613779200000,
    2789543.020439804
  ],
  [
    1613865600000,
    2786388.808719211
  ],
  [
    1613952000000,
    2965561.4209162653
  ],
  [
    1614038400000,
    2949097.1342535308
  ],
  [
    1614124800000,
    4716246.724013731
  ],
  [
    1614211200000,
    3204574.5138921756
  ],
  [
    1614297600000,
    2416228.619366096
  ],
  [
    1614384000000,
    2447814.9715993693
  ],
  [
    1614470400000,
    2523939.2681297353
  ],
  [
    1614556800000,
    2534115.8478819965
  ],
  [
    1614643200000,
    2723396.139494178
  ],
  [
    1614729600000,
    2007198.7289222253
  ],
  [
    1614816000000,
    2099584.2417182107
  ],
  [
    1614902400000,
    2092744.56704979
  ],
  [
    1614988800000,
    2288474.319742576
  ],
  [
    1615075200000,
    2469349.7622855343
  ],
  [
    1615161600000,
    2630263.9107500445
  ],
  [
    1615248000000,
    2702378.073735684
  ],
  [
    1615334400000,
    1969109.7679996295
  ],
  [
    1615420800000,
    2023569.0998723386
  ],
  [
    1615507200000,
    2088939.5313617238
  ],
  [
    1615593600000,
    2072822.776328605
  ],
  [
    1615680000000,
    2607556.8658065223
  ],
  [
    1615766400000,
    2505096.711594267
  ],
  [
    1615852800000,
    5710615.736666972
  ],
  [
    1615939200000,
    1924418.116398242
  ],
  [
    1616025600000,
    4791787.906011943
  ],
  [
    1616112000000,
    2268587.0502792182
  ],
  [
    1616198400000,
    1623842.9729738915
  ],
  [
    1616284800000,
    2251879.7929016952
  ],
  [
    1616371200000,
    1721816.9658403182
  ],
  [
    1616457600000,
    2253924.3738841754
  ],
  [
    1616544000000,
    4803701.515993422
  ],
  [
    1616630400000,
    1075965.7876834595
  ],
  [
    1616716800000,
    1176874.4372224521
  ],
  [
    1616803200000,
    5014979.827181958
  ],
  [
    1616889600000,
    1338667.781036583
  ],
  [
    1616976000000,
    1107756.260652523
  ],
  [
    1617062400000,
    1205429.9415927078
  ],
  [
    1617148800000,
    966646.2628552556
  ],
  [
    1617235200000,
    1321826.6628918487
  ],
  [
    1617321600000,
    1513883.5147089434
  ],
  [
    1617408000000,
    1853247.5788459037
  ],
  [
    1617494400000,
    1232000.1087454401
  ],
  [
    1617580800000,
    815676.4526195539
  ],
  [
    1617667200000,
    674842.6013622455
  ],
  [
    1617753600000,
    643483.8501676673
  ],
  [
    1617840000000,
    622957.9544063214
  ],
  [
    1617926400000,
    672097.5123772797
  ],
  [
    1618012800000,
    693325.0280187672
  ],
  [
    1618099200000,
    622969.6768765552
  ],
  [
    1618185600000,
    570994.0427891989
  ],
  [
    1618272000000,
    572023.3696712942
  ],
  [
    1618358400000,
    657011.6887701486
  ],
  [
    1618444800000,
    971672.4867609324
  ],
  [
    1618531200000,
    774494.2439947132
  ],
  [
    1618617600000,
    754871.8877908733
  ],
  [
    1618704000000,
    606305.1942677547
  ],
  [
    1618790400000,
    595377.7364865767
  ],
  [
    1618876800000,
    513186.1169996538
  ],
  [
    1618963200000,
    490794.5738624014
  ],
  [
    1619049600000,
    420743.1202521031
  ],
  [
    1619136000000,
    410317.50822359073
  ],
  [
    1619222400000,
    309315.2393532134
  ],
  [
    1619308800000,
    327277.18703740544
  ],
  [
    1619395200000,
    330340.8045551615
  ],
  [
    1619481600000,
    763090.9542977453
  ],
  [
    1619568000000,
    476983.2430297597
  ],
  [
    1619654400000,
    487418.2031815914
  ],
  [
    1619740800000,
    379265.0893159578
  ],
  [
    1619827200000,
    405235.6910602194
  ],
  [
    1619913600000,
    423520.08176046796
  ],
  [
    1620000000000,
    505863.7955774083
  ],
  [
    1620086400000,
    521174.50576041033
  ],
  [
    1620172800000,
    557128.0183523237
  ],
  [
    1620259200000,
    641104.6574212044
  ],
  [
    1620345600000,
    11946259.430223994
  ],
  [
    1620432000000,
    502250.7053595601
  ],
  [
    1620518400000,
    726041.8054054617
  ],
  [
    1620604800000,
    723133.833848281
  ],
  [
    1620691200000,
    697426.8682067969
  ],
  [
    1620777600000,
    706699.3258079067
  ],
  [
    1620864000000,
    612074.3082502049
  ],
  [
    1620950400000,
    322242.32655787334
  ],
  [
    1621036800000,
    531573.1963469061
  ],
  [
    1621123200000,
    453738.76877762843
  ],
  [
    1621209600000,
    334879.1395919381
  ],
  [
    1621296000000,
    474438.8379383383
  ],
  [
    1621382400000,
    404461.5620336723
  ],
  [
    1621468800000,
    338237.64290934295
  ],
  [
    1621555200000,
    186059.566765609
  ],
  [
    1621641600000,
    202286.77895742506
  ],
  [
    1621728000000,
    175374.11322051595
  ],
  [
    1621814400000,
    161159.27336359225
  ],
  [
    1621900800000,
    219734.99520883962
  ],
  [
    1621987200000,
    207528.70787324366
  ],
  [
    1622073600000,
    211377.09826800541
  ],
  [
    1622160000000,
    209280.4330398799
  ],
  [
    1622246400000,
    138325.8613868858
  ],
  [
    1622332800000,
    114744.53850337463
  ],
  [
    1622419200000,
    194057.66258172362
  ],
  [
    1622505600000,
    203401.4313129064
  ],
  [
    1622592000000,
    154995.16716476253
  ],
  [
    1622678400000,
    214259.4428824288
  ],
  [
    1622764800000,
    144888.87046457067
  ],
  [
    1622851200000,
    215022.24427530676
  ],
  [
    1622937600000,
    158971.90864703272
  ],
  [
    1623024000000,
    218678.91646729692
  ],
  [
    1623110400000,
    401516.04108947935
  ],
  [
    1623196800000,
    474023.2373414559
  ],
  [
    1623283200000,
    448800.0451360365
  ],
  [
    1623369600000,
    431615.45242687274
  ],
  [
    1623456000000,
    370604.69225828984
  ],
  [
    1623542400000,
    256320.04583141682
  ],
  [
    1623628800000,
    280805.58802618994
  ],
  [
    1623715200000,
    190506.05156031356
  ],
  [
    1623801600000,
    173024.46033997711
  ],
  [
    1623888000000,
    213998.16974813258
  ],
  [
    1623974400000,
    139913.48431614012
  ],
  [
    1624060800000,
    188276.2225212829
  ],
  [
    1624147200000,
    171446.6174377203
  ],
  [
    1624233600000,
    172651.5650512252
  ],
  [
    1624320000000,
    157838.01044754926
  ],
  [
    1624406400000,
    161095.2814586235
  ],
  [
    1624492800000,
    113604.87113906172
  ],
  [
    1624579200000,
    141518.90544050568
  ],
  [
    1624665600000,
    285437.3686299552
  ],
  [
    1624752000000,
    151775.39896924543
  ],
  [
    1624838400000,
    168505.9041106174
  ],
  [
    1624924800000,
    180501.63007814577
  ],
  [
    1625011200000,
    185057.77060249494
  ],
  [
    1625097600000,
    208019.21433642364
  ],
  [
    1625184000000,
    199289.92608522365
  ],
  [
    1625270400000,
    303708.33695283905
  ],
  [
    1625356800000,
    202122.20932958377
  ],
  [
    1625443200000,
    208483.30556849996
  ],
  [
    1625529600000,
    138305.42998131746
  ],
  [
    1625616000000,
    132402.60114752428
  ],
  [
    1625702400000,
    127998.9149865094
  ],
  [
    1625788800000,
    131890.4377552796
  ],
  [
    1625875200000,
    196389.4296035634
  ],
  [
    1625961600000,
    302821.23223412235
  ],
  [
    1626048000000,
    155065.9748577609
  ],
  [
    1626134400000,
    172504.653422716
  ],
  [
    1626220800000,
    266820.7377199399
  ],
  [
    1626307200000,
    277272.55659904884
  ],
  [
    1626393600000,
    351348.45145764604
  ],
  [
    1626480000000,
    252184.96618400727
  ],
  [
    1626566400000,
    250071.20658747564
  ],
  [
    1626652800000,
    239310.44193795198
  ],
  [
    1626739200000,
    195807.17833539716
  ],
  [
    1626825600000,
    171520.8619843908
  ],
  [
    1626912000000,
    270261.72614485264
  ],
  [
    1626998400000,
    255854.79117217343
  ],
  [
    1627084800000,
    246717.89412478713
  ],
  [
    1627171200000,
    227505.3378000713
  ],
  [
    1627257600000,
    258161.60422022556
  ],
  [
    1627344000000,
    175978.51254975618
  ],
  [
    1627430400000,
    206821.26085927457
  ],
  [
    1627516800000,
    201969.7040623701
  ],
  [
    1627603200000,
    206968.27261580966
  ],
  [
    1627689600000,
    166294.99249879588
  ],
  [
    1627776000000,
    160251.97715261017
  ],
  [
    1627862400000,
    158248.42351728227
  ],
  [
    1627948800000,
    158247.99281084514
  ],
  [
    1628035200000,
    153252.83346542504
  ],
  [
    1628121600000,
    178309.93707946633
  ],
  [
    1628208000000,
    166401.41689256753
  ],
  [
    1628294400000,
    159655.3743137377
  ],
  [
    1628380800000,
    155166.127660236
  ],
  [
    1628467200000,
    215955.78698719136
  ],
  [
    1628553600000,
    182093.47778252015
  ],
  [
    1628640000000,
    205791.03898949252
  ],
  [
    1628726400000,
    235834.71809177054
  ],
  [
    1628812800000,
    249590.18929025112
  ],
  [
    1628899200000,
    330140.82663408906
  ],
  [
    1628985600000,
    231173.67876704113
  ],
  [
    1629072000000,
    237880.6228746686
  ],
  [
    1629158400000,
    176732.5898093521
  ],
  [
    1629244800000,
    193344.58845002973
  ],
  [
    1629331200000,
    199328.23537290323
  ],
  [
    1629417600000,
    211310.95197418597
  ],
  [
    1629504000000,
    187142.2177246333
  ],
  [
    1629590400000,
    161774.4786022995
  ],
  [
    1629676800000,
    175646.4904081742
  ],
  [
    1629763200000,
    167034.3498285846
  ],
  [
    1629849600000,
    215395.90472129633
  ],
  [
    1629936000000,
    195225.95357015025
  ],
  [
    1630022400000,
    177243.000208302
  ],
  [
    1630108800000,
    167538.2629474676
  ],
  [
    1630195200000,
    194048.34995711708
  ],
  [
    1630281600000,
    182314.531487855
  ],
  [
    1630368000000,
    217293.1487410999
  ],
  [
    1630454400000,
    202711.5595699553
  ],
  [
    1630540800000,
    217270.81866652583
  ],
  [
    1630627200000,
    173149.2939091857
  ]
]