[
  [
    1559779200000,
    3138.2585061785826
  ],
  [
    1559865600000,
    5211.1919255506355
  ],
  [
    1559952000000,
    1672.444372246988
  ],
  [
    1560038400000,
    949.2161453596905
  ],
  [
    1560124800000,
    2711.273315643565
  ],
  [
    1560211200000,
    123.30365713560286
  ],
  [
    1560297600000,
    5708.151971426991
  ],
  [
    1560384000000,
    2235.846092386594
  ],
  [
    1560470400000,
    2028.5584064624384
  ],
  [
    1560556800000,
    1031.5264995545972
  ],
  [
    1560643200000,
    1409.448267683661
  ],
  [
    1560729600000,
    16.47161562904882
  ],
  [
    1560816000000,
    1662.0950497048204
  ],
  [
    1560902400000,
    877.1796102465611
  ],
  [
    1560988800000,
    464.8486079820977
  ],
  [
    1561075200000,
    1883.4295736179017
  ],
  [
    1561161600000,
    7581.4410073320405
  ],
  [
    1561248000000,
    2421.8941343338997
  ],
  [
    1561334400000,
    835.3383223625841
  ],
  [
    1561420800000,
    219.71612587872664
  ],
  [
    1561507200000,
    1491.359614540879
  ],
  [
    1561593600000,
    1435.2384373557256
  ],
  [
    1561680000000,
    1163.144690726632
  ],
  [
    1561766400000,
    1290.777568286378
  ],
  [
    1561852800000,
    98.18018911454718
  ],
  [
    1561939200000,
    540.9756727501618
  ],
  [
    1562025600000,
    1057.1345011795522
  ],
  [
    1562112000000,
    566.9145792305873
  ],
  [
    1562198400000,
    1175.3016656851664
  ],
  [
    1562284800000,
    1377.230334646631
  ],
  [
    1562371200000,
    665.4699570318013
  ],
  [
    1562457600000,
    438.65180324832875
  ],
  [
    1562544000000,
    107.25498916423813
  ],
  [
    1562630400000,
    554.4377657549578
  ],
  [
    1562716800000,
    526.1383127738658
  ],
  [
    1562803200000,
    2252.477044294642
  ],
  [
    1562889600000,
    194.52516024679667
  ],
  [
    1562976000000,
    643.0838180046192
  ],
  [
    1563062400000,
    0
  ],
  [
    1563148800000,
    1439.2343800146252
  ],
  [
    1563235200000,
    0
  ],
  [
    1563321600000,
    1914.3236134322322
  ],
  [
    1563408000000,
    2300.1758400928743
  ],
  [
    1563494400000,
    117.2699191069335
  ],
  [
    1563580800000,
    690.8014301687668
  ],
  [
    1563667200000,
    942.5476441824634
  ],
  [
    1563753600000,
    347.2730778130862
  ],
  [
    1563840000000,
    445.2880498643116
  ],
  [
    1563926400000,
    1009.179431757521
  ],
  [
    1564012800000,
    872.2879416216631
  ],
  [
    1564099200000,
    920.3105742648254
  ],
  [
    1564185600000,
    0
  ],
  [
    1564272000000,
    308.4335456588518
  ],
  [
    1564358400000,
    128.71830333519068
  ],
  [
    1564444800000,
    0
  ],
  [
    1564531200000,
    434.6258640869085
  ],
  [
    1564617600000,
    75.45364106177665
  ],
  [
    1564704000000,
    247.41194746122363
  ],
  [
    1564790400000,
    294.1460938756757
  ],
  [
    1564876800000,
    1051.5485965838068
  ],
  [
    1564963200000,
    116.16121172864376
  ],
  [
    1565049600000,
    172.30363489548319
  ],
  [
    1565136000000,
    0
  ],
  [
    1565222400000,
    944.5380902154174
  ],
  [
    1565308800000,
    705.8569217723623
  ],
  [
    1565395200000,
    119.41103973893267
  ],
  [
    1565481600000,
    0
  ],
  [
    1565568000000,
    25.422864973930533
  ],
  [
    1565654400000,
    852.9910188727205
  ],
  [
    1565740800000,
    89.98964847453308
  ],
  [
    1565827200000,
    10066.561735348057
  ],
  [
    1565913600000,
    227.0686253973651
  ],
  [
    1566000000000,
    6406.518247897582
  ],
  [
    1566086400000,
    1395.4822471438551
  ],
  [
    1566172800000,
    850.6675084613584
  ],
  [
    1566259200000,
    67.27361344312182
  ],
  [
    1566345600000,
    39.596031242726625
  ],
  [
    1566432000000,
    159.22976446078798
  ],
  [
    1566518400000,
    1140.6820243070756
  ],
  [
    1566604800000,
    320.94323553893776
  ],
  [
    1566691200000,
    3663.676094457245
  ],
  [
    1566777600000,
    636.8192233544603
  ],
  [
    1566864000000,
    282.56473005104965
  ],
  [
    1566950400000,
    2119.1504930755286
  ],
  [
    1567036800000,
    26669.176976338375
  ],
  [
    1567123200000,
    60308.342853452894
  ],
  [
    1567209600000,
    61222.07601671549
  ],
  [
    1567296000000,
    56731.54565111992
  ],
  [
    1567382400000,
    45497.40770191285
  ],
  [
    1567468800000,
    58713.62297109481
  ],
  [
    1567555200000,
    68022.58113434027
  ],
  [
    1567641600000,
    47832.85766964248
  ],
  [
    1567728000000,
    61356.09795596733
  ],
  [
    1567814400000,
    58179.96112839778
  ],
  [
    1567900800000,
    57567.9922877002
  ],
  [
    1567987200000,
    31554.997106486222
  ],
  [
    1568073600000,
    54151.94569655617
  ],
  [
    1568160000000,
    50785.77024735354
  ],
  [
    1568246400000,
    55976.26397976106
  ],
  [
    1568332800000,
    35209.27234748176
  ],
  [
    1568419200000,
    50799.913864514085
  ],
  [
    1568505600000,
    39465.535678247616
  ],
  [
    1568592000000,
    16718.414599766835
  ],
  [
    1568678400000,
    21324.448699819393
  ],
  [
    1568764800000,
    22809.345125247237
  ],
  [
    1568851200000,
    21382.884074424765
  ],
  [
    1568937600000,
    22423.353079154385
  ],
  [
    1569024000000,
    22913.02736578319
  ],
  [
    1569110400000,
    25508.39531985357
  ],
  [
    1569196800000,
    23580.583395280828
  ],
  [
    1569283200000,
    19436.4270463101
  ],
  [
    1569369600000,
    18607.29257881045
  ],
  [
    1569456000000,
    19146.519717738724
  ],
  [
    1569542400000,
    17778.123157267633
  ],
  [
    1569628800000,
    19437.485544369196
  ],
  [
    1569715200000,
    17861.940637245098
  ],
  [
    1569801600000,
    16768.763300588915
  ],
  [
    1569888000000,
    14694.576199225377
  ],
  [
    1569974400000,
    8003.90783207637
  ],
  [
    1570060800000,
    8003.90783207637
  ],
  [
    1570147200000,
    11385.786634982642
  ],
  [
    1570233600000,
    11747.606458220745
  ],
  [
    1570320000000,
    10176.351735079345
  ],
  [
    1570406400000,
    47825.74620153141
  ],
  [
    1570492800000,
    49644.53725614558
  ],
  [
    1570579200000,
    50008.673863688346
  ],
  [
    1570665600000,
    32674.212621540737
  ],
  [
    1570752000000,
    32123.069969288525
  ],
  [
    1570838400000,
    27072.356605665213
  ],
  [
    1570924800000,
    25685.862226583005
  ],
  [
    1571011200000,
    32213.89347525215
  ],
  [
    1571097600000,
    31746.829634303445
  ],
  [
    1571184000000,
    10055.913503040867
  ],
  [
    1571270400000,
    3387.1331751774665
  ],
  [
    1571356800000,
    6003.200550737523
  ],
  [
    1571443200000,
    7653.02548860685
  ],
  [
    1571529600000,
    6677.330362845949
  ],
  [
    1571616000000,
    6872.136422438581
  ],
  [
    1571702400000,
    6096.355949774029
  ],
  [
    1571788800000,
    6700.131821040756
  ],
  [
    1571875200000,
    5622.705082184152
  ],
  [
    1571961600000,
    6569.427350591323
  ],
  [
    1572048000000,
    7571.127095338348
  ],
  [
    1572134400000,
    6822.351236199164
  ],
  [
    1572220800000,
    7706.3260758207225
  ],
  [
    1572307200000,
    5888.212286832389
  ],
  [
    1572393600000,
    6346.724445775683
  ],
  [
    1572480000000,
    21054.626687848082
  ],
  [
    1572566400000,
    2125.3684501280363
  ],
  [
    1572652800000,
    5555.873295924172
  ],
  [
    1572739200000,
    6056.495418149921
  ],
  [
    1572825600000,
    6070.539594295768
  ],
  [
    1572912000000,
    6978.824093814859
  ],
  [
    1572998400000,
    7652.570301934867
  ],
  [
    1573084800000,
    6711.651444139776
  ],
  [
    1573171200000,
    5945.97948549564
  ],
  [
    1573257600000,
    5607.480904305305
  ],
  [
    1573344000000,
    6699.540850456003
  ],
  [
    1573430400000,
    5666.430412090974
  ],
  [
    1573516800000,
    5279.149825429221
  ],
  [
    1573603200000,
    5334.104023187179
  ],
  [
    1573689600000,
    4732.64472154685
  ],
  [
    1573776000000,
    6607.0907759500205
  ],
  [
    1573862400000,
    6644.134864563225
  ],
  [
    1573948800000,
    6338.132924067787
  ],
  [
    1574035200000,
    5264.893820923229
  ],
  [
    1574121600000,
    4634.8614004690135
  ],
  [
    1574208000000,
    4784.758627376124
  ],
  [
    1574294400000,
    4691.547029383896
  ],
  [
    1574380800000,
    5004.970096919099
  ],
  [
    1574467200000,
    4362.008934886309
  ],
  [
    1574553600000,
    4592.279719810683
  ],
  [
    1574640000000,
    4404.35726574775
  ],
  [
    1574726400000,
    4020.538980913005
  ],
  [
    1574812800000,
    4278.128027114802
  ],
  [
    1574899200000,
    9625.32249826738
  ],
  [
    1574985600000,
    12898.783278779529
  ],
  [
    1575072000000,
    15606.476472636521
  ],
  [
    1575158400000,
    9876.349940202546
  ],
  [
    1575244800000,
    14044.50196076172
  ],
  [
    1575331200000,
    10242.907235248676
  ],
  [
    1575417600000,
    12286.505865143692
  ],
  [
    1575504000000,
    11471.011825828225
  ],
  [
    1575590400000,
    15500.569557014687
  ],
  [
    1575676800000,
    9229.900896376344
  ],
  [
    1575763200000,
    8825.35169729073
  ],
  [
    1575849600000,
    8277.635926205896
  ],
  [
    1575936000000,
    5652.19420688034
  ],
  [
    1576022400000,
    14409.2041075486
  ],
  [
    1576108800000,
    10459.299657053472
  ],
  [
    1576195200000,
    12759.336149864053
  ],
  [
    1576281600000,
    8940.214011718526
  ],
  [
    1576368000000,
    9485.120173991274
  ],
  [
    1576454400000,
    12412.727252059014
  ],
  [
    1576540800000,
    10433.514092108753
  ],
  [
    1576627200000,
    9723.025852635667
  ],
  [
    1576713600000,
    9441.361735754439
  ],
  [
    1576800000000,
    10514.007270962424
  ],
  [
    1576886400000,
    10598.807857880285
  ],
  [
    1576972800000,
    9207.882238758075
  ],
  [
    1577059200000,
    11026.690613388084
  ],
  [
    1577145600000,
    10177.634579817752
  ],
  [
    1577232000000,
    10585.3069927184
  ],
  [
    1577318400000,
    10186.33178493887
  ],
  [
    1577404800000,
    8937.992020256543
  ],
  [
    1577491200000,
    9033.407960581337
  ],
  [
    1577577600000,
    10593.584760056643
  ],
  [
    1577664000000,
    8526.170343392097
  ],
  [
    1577750400000,
    8595.096313019623
  ],
  [
    1577836800000,
    7494.8748884026845
  ],
  [
    1577923200000,
    8351.803795915263
  ],
  [
    1578009600000,
    7578.410743826166
  ],
  [
    1578096000000,
    9122.01804656395
  ],
  [
    1578182400000,
    8401.315340459825
  ],
  [
    1578268800000,
    9940.923311162955
  ],
  [
    1578355200000,
    9115.887244918984
  ],
  [
    1578441600000,
    11367.700118808572
  ],
  [
    1578528000000,
    9876.867152819064
  ],
  [
    1578614400000,
    9095.517408438873
  ],
  [
    1578700800000,
    5565.282845566459
  ],
  [
    1578787200000,
    5260.634709779848
  ],
  [
    1578873600000,
    3628.785199292439
  ],
  [
    1578960000000,
    4476.677960183735
  ],
  [
    1579046400000,
    5279.160597316682
  ],
  [
    1579132800000,
    4188.455783704058
  ],
  [
    1579219200000,
    3884.167288775803
  ],
  [
    1579305600000,
    6392.508825406712
  ],
  [
    1579392000000,
    4352.680039583179
  ],
  [
    1579478400000,
    5165.739445140214
  ],
  [
    1579564800000,
    2906.825028595755
  ],
  [
    1579651200000,
    3186.636934900424
  ],
  [
    1579737600000,
    2961.0271466820273
  ],
  [
    1579824000000,
    2340.923420832537
  ],
  [
    1579910400000,
    2582.612281665667
  ],
  [
    1579996800000,
    3402.6974320666113
  ],
  [
    1580083200000,
    3605.6434602169666
  ],
  [
    1580169600000,
    2905.8029077155925
  ],
  [
    1580256000000,
    2691.0048265666915
  ],
  [
    1580342400000,
    2203.2728770746016
  ],
  [
    1580428800000,
    2021.7330663390994
  ],
  [
    1580515200000,
    2139.0260299551032
  ],
  [
    1580601600000,
    2562.7146606228503
  ],
  [
    1580688000000,
    2197.209973862749
  ],
  [
    1580774400000,
    1792.2841085978923
  ],
  [
    1580860800000,
    1171.8115703166304
  ],
  [
    1580947200000,
    1112.8514128433221
  ],
  [
    1581033600000,
    1358.7164317126908
  ],
  [
    1581120000000,
    1777.9379489725773
  ],
  [
    1581206400000,
    2456.8087414440674
  ],
  [
    1581292800000,
    2536.2892621945102
  ],
  [
    1581379200000,
    2030.1799205344996
  ],
  [
    1581465600000,
    2239.0112940351423
  ],
  [
    1581552000000,
    2288.629674041586
  ],
  [
    1581638400000,
    2296.605289757294
  ],
  [
    1581724800000,
    2742.7434619992578
  ],
  [
    1581811200000,
    2242.073488812845
  ],
  [
    1581897600000,
    2339.1595155581936
  ],
  [
    1581984000000,
    2849.841503348224
  ],
  [
    1582070400000,
    3426.03197635713
  ],
  [
    1582156800000,
    2578.8025613564237
  ],
  [
    1582243200000,
    2674.1817865661947
  ],
  [
    1582329600000,
    2383.018666148223
  ],
  [
    1582416000000,
    3194.865080672168
  ],
  [
    1582502400000,
    2652.7818230569032
  ],
  [
    1582588800000,
    2416.392574831099
  ],
  [
    1582675200000,
    2314.245764598669
  ],
  [
    1582761600000,
    2262.3286139785705
  ],
  [
    1582848000000,
    1745.5270251813834
  ],
  [
    1582934400000,
    2384.8332222887693
  ],
  [
    1583020800000,
    2128.730726548209
  ],
  [
    1583107200000,
    1894.3558983612525
  ],
  [
    1583193600000,
    2009.4470151937844
  ],
  [
    1583280000000,
    2287.3522867580823
  ],
  [
    1583366400000,
    2051.0366601555456
  ],
  [
    1583452800000,
    1751.4797091828118
  ],
  [
    1583539200000,
    2166.3160938340156
  ],
  [
    1583625600000,
    1831.2106358371293
  ],
  [
    1583712000000,
    1508.2963576581521
  ],
  [
    1583798400000,
    1694.3769584434503
  ],
  [
    1583884800000,
    2489.9295928517504
  ],
  [
    1583971200000,
    3217.845545723589
  ],
  [
    1584057600000,
    2753.7308912372814
  ],
  [
    1584144000000,
    2912.451459088863
  ],
  [
    1584230400000,
    1958.675983224597
  ],
  [
    1584316800000,
    2530.493641262464
  ],
  [
    1584403200000,
    1976.0885736951284
  ],
  [
    1584489600000,
    2796.942960698694
  ],
  [
    1584576000000,
    2906.8380067155585
  ],
  [
    1584662400000,
    2306.904838040954
  ],
  [
    1584748800000,
    2622.7324483624398
  ],
  [
    1584835200000,
    2407.408283474819
  ],
  [
    1584921600000,
    2739.783322070918
  ],
  [
    1585008000000,
    3673.583128480644
  ],
  [
    1585094400000,
    2876.241772576043
  ],
  [
    1585180800000,
    3614.0068094647963
  ],
  [
    1585267200000,
    2495.7934598032207
  ],
  [
    1585353600000,
    3723.4748851903855
  ],
  [
    1585440000000,
    2925.6216471644357
  ],
  [
    1585526400000,
    2422.955073852601
  ],
  [
    1585612800000,
    2195.9875739422987
  ],
  [
    1585699200000,
    2021.3153031697188
  ],
  [
    1585785600000,
    2317.8254599408783
  ],
  [
    1585872000000,
    2969.182758872354
  ],
  [
    1585958400000,
    2825.5454152330067
  ],
  [
    1586044800000,
    2759.9805766760737
  ],
  [
    1586131200000,
    2443.9302143655036
  ],
  [
    1586217600000,
    2338.2744040426264
  ],
  [
    1586304000000,
    1985.5659833731613
  ],
  [
    1586390400000,
    1809.124416122855
  ],
  [
    1586476800000,
    1256.4070144901605
  ],
  [
    1586563200000,
    993.44082464516
  ],
  [
    1586649600000,
    959.8616332600942
  ],
  [
    1586736000000,
    979.2878819098362
  ],
  [
    1586822400000,
    2687.207788519089
  ],
  [
    1586908800000,
    4307.1780261714775
  ],
  [
    1586995200000,
    4205.020922020327
  ],
  [
    1587081600000,
    4027.4186797868633
  ],
  [
    1587168000000,
    4796.489037250191
  ],
  [
    1587254400000,
    4717.352459512129
  ],
  [
    1587340800000,
    4991.057148527624
  ],
  [
    1587427200000,
    3774.370604436796
  ],
  [
    1587513600000,
    4260.533778446546
  ],
  [
    1587600000000,
    5836.829195006566
  ],
  [
    1587686400000,
    4884.20946822854
  ],
  [
    1587772800000,
    5144.007797627538
  ],
  [
    1587859200000,
    4757.9643856708035
  ],
  [
    1587945600000,
    3926.66017165561
  ],
  [
    1588032000000,
    5299.135937271556
  ],
  [
    1588118400000,
    4960.064053155569
  ],
  [
    1588204800000,
    4789.647882785454
  ],
  [
    1588291200000,
    5245.406695784531
  ],
  [
    1588377600000,
    5535.527545410606
  ],
  [
    1588464000000,
    5306.877484366832
  ],
  [
    1588550400000,
    6023.218422882776
  ],
  [
    1588636800000,
    5368.706947128945
  ],
  [
    1588723200000,
    6143.188882056364
  ],
  [
    1588809600000,
    5221.213115293627
  ],
  [
    1588896000000,
    5452.165911089209
  ],
  [
    1588982400000,
    6125.754280308857
  ],
  [
    1589068800000,
    6780.696071329401
  ],
  [
    1589155200000,
    5669.154505973206
  ],
  [
    1589241600000,
    4975.248930101949
  ],
  [
    1589328000000,
    4224.254168337263
  ],
  [
    1589414400000,
    5838.650653305672
  ],
  [
    1589500800000,
    5328.080413032611
  ],
  [
    1589587200000,
    5325.026628568424
  ],
  [
    1589673600000,
    4964.015579704799
  ],
  [
    1589760000000,
    5167.854344134364
  ],
  [
    1589846400000,
    5625.191057029749
  ],
  [
    1589932800000,
    6664.703557727025
  ],
  [
    1590019200000,
    5082.90719446389
  ],
  [
    1590105600000,
    5864.443249976909
  ],
  [
    1590192000000,
    5517.613424876106
  ],
  [
    1590278400000,
    5175.598914243347
  ],
  [
    1590364800000,
    5786.5037256083715
  ],
  [
    1590451200000,
    6141.11726304149
  ],
  [
    1590537600000,
    5374.08522932219
  ],
  [
    1590624000000,
    5934.092519728296
  ],
  [
    1590710400000,
    6185.586373136939
  ],
  [
    1590796800000,
    6729.881287401573
  ],
  [
    1590883200000,
    6203.702820936049
  ],
  [
    1590969600000,
    6482.313347137302
  ],
  [
    1591056000000,
    6110.032126559445
  ],
  [
    1591142400000,
    7681.687074960182
  ],
  [
    1591228800000,
    6578.240906103732
  ],
  [
    1591315200000,
    6632.007862170822
  ],
  [
    1591401600000,
    6420.548683801157
  ],
  [
    1591488000000,
    6075.968640747116
  ],
  [
    1591574400000,
    7700.0724540198335
  ],
  [
    1591660800000,
    7458.0019173163755
  ],
  [
    1591747200000,
    6867.165535800178
  ],
  [
    1591833600000,
    6743.340891949922
  ],
  [
    1591920000000,
    6467.490564782416
  ],
  [
    1592006400000,
    7591.629631030008
  ],
  [
    1592092800000,
    8077.392741911554
  ],
  [
    1592179200000,
    7725.878397591676
  ],
  [
    1592265600000,
    7022.504169303601
  ],
  [
    1592352000000,
    6157.426503340496
  ],
  [
    1592438400000,
    6836.190293554623
  ],
  [
    1592524800000,
    6866.5327868953345
  ],
  [
    1592611200000,
    6362.139381250858
  ],
  [
    1592697600000,
    6087.778769571928
  ],
  [
    1592784000000,
    7159.335208734651
  ],
  [
    1592870400000,
    7511.4049438973925
  ],
  [
    1592956800000,
    5459.216361428732
  ],
  [
    1593043200000,
    7237.818765440284
  ],
  [
    1593129600000,
    7848.869014603065
  ],
  [
    1593216000000,
    9277.188137878247
  ],
  [
    1593302400000,
    9424.4728625081
  ],
  [
    1593388800000,
    8276.345298191241
  ],
  [
    1593475200000,
    8931.188350721115
  ],
  [
    1593561600000,
    9428.669901819967
  ],
  [
    1593648000000,
    8717.823637801406
  ],
  [
    1593734400000,
    16115.298599471702
  ],
  [
    1593820800000,
    17047.900550397873
  ],
  [
    1593907200000,
    19070.342323744604
  ],
  [
    1593993600000,
    22652.904427193247
  ],
  [
    1594080000000,
    30675.30162950483
  ],
  [
    1594166400000,
    23285.736676800367
  ],
  [
    1594252800000,
    27809.704213508303
  ],
  [
    1594339200000,
    20360.791287408443
  ],
  [
    1594425600000,
    16481.58237072439
  ],
  [
    1594512000000,
    15513.586663439866
  ],
  [
    1594598400000,
    16836.051980220178
  ],
  [
    1594684800000,
    15856.094314995991
  ],
  [
    1594771200000,
    17987.471959405208
  ],
  [
    1594857600000,
    12230.990363262532
  ],
  [
    1594944000000,
    15.567078908808668
  ],
  [
    1595030400000,
    2.561633352769659
  ],
  [
    1595116800000,
    0.00046564152391378164
  ],
  [
    1595203200000,
    0.025173046024536704
  ],
  [
    1595289600000,
    26.912150963065585
  ],
  [
    1595376000000,
    60.111391414334086
  ],
  [
    1595462400000,
    1.6881241932237492
  ],
  [
    1595548800000,
    297.6103073419051
  ],
  [
    1595635200000,
    297.6103073419051
  ],
  [
    1595721600000,
    16.254528560311687
  ],
  [
    1595808000000,
    13.063785365845444
  ],
  [
    1595894400000,
    203.54681769479853
  ],
  [
    1595980800000,
    41.06946059920028
  ],
  [
    1596067200000,
    1001.6621318707666
  ],
  [
    1596153600000,
    1001.6621318707666
  ],
  [
    1596240000000,
    522.1052117984473
  ],
  [
    1596326400000,
    0.19542575891184114
  ],
  [
    1596412800000,
    3.878363242309915
  ],
  [
    1596499200000,
    147.10710755922133
  ],
  [
    1596585600000,
    1259.7241506074736
  ],
  [
    1596672000000,
    4840.347739290462
  ],
  [
    1596758400000,
    4257.8289171101815
  ],
  [
    1596844800000,
    266.6933550775267
  ],
  [
    1596931200000,
    0.0028395861001110296
  ],
  [
    1597017600000,
    10.247707384960433
  ],
  [
    1597104000000,
    205.3499074907886
  ],
  [
    1597190400000,
    26.567754169529444
  ],
  [
    1597276800000,
    418.65803328072246
  ],
  [
    1597363200000,
    155.30937860057756
  ],
  [
    1597449600000,
    198.2834766910457
  ],
  [
    1597536000000,
    334.63978562851435
  ],
  [
    1597622400000,
    46229.344007119216
  ],
  [
    1597708800000,
    3982.2435550803516
  ],
  [
    1597795200000,
    928.3798468429095
  ],
  [
    1597881600000,
    495.89532343523547
  ],
  [
    1597968000000,
    0.574378775754904
  ],
  [
    1598054400000,
    2.090641852683465
  ],
  [
    1598140800000,
    238.26244696969505
  ],
  [
    1598227200000,
    1162.8444663337436
  ],
  [
    1598313600000,
    627.4605188016974
  ],
  [
    1598400000000,
    240.18585610717494
  ],
  [
    1598486400000,
    751.1448786733395
  ],
  [
    1598572800000,
    0.3161466241421362
  ],
  [
    1598659200000,
    0.24885307915559304
  ],
  [
    1598745600000,
    836.3296222359472
  ],
  [
    1598832000000,
    181.72199185394916
  ],
  [
    1598918400000,
    0.2727605486213175
  ],
  [
    1599004800000,
    0.4798911801849905
  ],
  [
    1599091200000,
    2217.494697087714
  ],
  [
    1599177600000,
    1140.0898425974237
  ],
  [
    1599264000000,
    1236.343021612026
  ],
  [
    1599350400000,
    1525.7640884613425
  ],
  [
    1599436800000,
    700.9817818463056
  ],
  [
    1599523200000,
    294.99524552142094
  ],
  [
    1599609600000,
    128.44277342991856
  ],
  [
    1599696000000,
    44.106571047293635
  ],
  [
    1599782400000,
    427.8971863040225
  ],
  [
    1599868800000,
    0
  ],
  [
    1599955200000,
    0
  ],
  [
    1600041600000,
    3.1666908387891453
  ],
  [
    1600128000000,
    2.147156953544553
  ],
  [
    1600214400000,
    4377.063005674598
  ],
  [
    1600300800000,
    2962.7023877957436
  ],
  [
    1600387200000,
    754.927011289378
  ],
  [
    1600473600000,
    325.9466804620105
  ],
  [
    1600560000000,
    369.02626753834545
  ],
  [
    1600646400000,
    4.415528915566244
  ],
  [
    1600732800000,
    0.12751409569868613
  ],
  [
    1600819200000,
    4.756857474369112
  ],
  [
    1600905600000,
    0
  ],
  [
    1600992000000,
    0
  ],
  [
    1601078400000,
    0
  ],
  [
    1601251200000,
    346.9391701429381
  ],
  [
    1601337600000,
    346.9391701429381
  ],
  [
    1601424000000,
    0
  ],
  [
    1601510400000,
    8.710340115239081
  ],
  [
    1601596800000,
    8.710340115239081
  ],
  [
    1601683200000,
    1.3465763276505414
  ],
  [
    1601769600000,
    1.3367805751224535
  ],
  [
    1601856000000,
    0
  ],
  [
    1601942400000,
    0.1235256996533014
  ],
  [
    1602028800000,
    0.0006115799723427234
  ],
  [
    1602115200000,
    0
  ],
  [
    1602547200000,
    8.745979667229008
  ],
  [
    1602633600000,
    8.745979667229008
  ],
  [
    1602720000000,
    0.008552621946126465
  ],
  [
    1602806400000,
    0
  ],
  [
    1602892800000,
    0
  ],
  [
    1602979200000,
    12.896635883278936
  ],
  [
    1603065600000,
    142.78468667630523
  ],
  [
    1603152000000,
    37.44375655629153
  ],
  [
    1603238400000,
    0.006119992180604067
  ],
  [
    1603324800000,
    27.54198227582296
  ],
  [
    1603411200000,
    30.686142678568686
  ],
  [
    1603497600000,
    14.545258075233024
  ],
  [
    1603584000000,
    8378.07322763269
  ],
  [
    1603670400000,
    14245.858853311887
  ],
  [
    1603756800000,
    14144.439955283726
  ],
  [
    1603843200000,
    12697.724644454527
  ],
  [
    1603929600000,
    13140.075304890705
  ],
  [
    1604016000000,
    12937.098308297433
  ],
  [
    1604102400000,
    13753.338188435884
  ],
  [
    1604188800000,
    12917.824115323816
  ],
  [
    1604275200000,
    13910.590170797035
  ],
  [
    1604361600000,
    13655.878367214986
  ],
  [
    1604448000000,
    14025.391570235466
  ],
  [
    1604534400000,
    13503.370871401752
  ],
  [
    1604620800000,
    13273.021484214118
  ],
  [
    1604707200000,
    13240.501478118067
  ],
  [
    1604793600000,
    13085.010718831278
  ],
  [
    1604880000000,
    13212.751325983958
  ],
  [
    1604966400000,
    13422.30797770033
  ],
  [
    1605052800000,
    13305.994549156436
  ],
  [
    1605139200000,
    13383.1461789813
  ],
  [
    1605225600000,
    13348.580564927688
  ],
  [
    1605312000000,
    5331.986391612257
  ],
  [
    1605398400000,
    10863.203444916273
  ],
  [
    1605484800000,
    12854.846115121823
  ],
  [
    1605571200000,
    12611.98113021793
  ],
  [
    1605657600000,
    12107.740632372255
  ],
  [
    1605744000000,
    7235.4390155505625
  ],
  [
    1605830400000,
    6149.244220043181
  ],
  [
    1605916800000,
    10521.631664861685
  ],
  [
    1606003200000,
    13552.832954246536
  ],
  [
    1606089600000,
    14484.673115704087
  ],
  [
    1606176000000,
    14311.679100121699
  ],
  [
    1606262400000,
    14276.028130153134
  ],
  [
    1606348800000,
    14530.196960697196
  ],
  [
    1606435200000,
    14302.252269457877
  ],
  [
    1606521600000,
    14271.913743944548
  ],
  [
    1606608000000,
    14438.934031095285
  ],
  [
    1606694400000,
    14471.802018103916
  ],
  [
    1606780800000,
    14168.640375191564
  ],
  [
    1606867200000,
    14260.016486762466
  ],
  [
    1606953600000,
    14380.196035108693
  ],
  [
    1607040000000,
    14093.73507784374
  ],
  [
    1607126400000,
    14060.548788531962
  ],
  [
    1607212800000,
    14258.969205626787
  ],
  [
    1607299200000,
    14110.971458458584
  ],
  [
    1607385600000,
    14483.488256689068
  ],
  [
    1607472000000,
    14315.215211665736
  ],
  [
    1607558400000,
    14227.668331498615
  ],
  [
    1607644800000,
    14204.026868376814
  ],
  [
    1607731200000,
    14013.38944637163
  ],
  [
    1607817600000,
    11201.349815326188
  ],
  [
    1607904000000,
    33.01975227977111
  ],
  [
    1607990400000,
    2.5584584296851753
  ],
  [
    1608076800000,
    0.0808848012674268
  ],
  [
    1608336000000,
    103.93393777777636
  ],
  [
    1608422400000,
    103.93393777777636
  ],
  [
    1608508800000,
    1.0822357998240424
  ],
  [
    1608595200000,
    0
  ],
  [
    1608681600000,
    13229.849555895773
  ],
  [
    1608768000000,
    13228.158988556354
  ],
  [
    1608854400000,
    12263.960783797322
  ],
  [
    1608940800000,
    12567.89303947677
  ],
  [
    1609027200000,
    376.77833337145086
  ],
  [
    1609113600000,
    0.24202003923873855
  ],
  [
    1609200000000,
    24.838173183443704
  ],
  [
    1609286400000,
    24.7737701226242
  ],
  [
    1609718400000,
    0
  ],
  [
    1609804800000,
    0
  ],
  [
    1609891200000,
    0.005399134136835039
  ],
  [
    1609977600000,
    53.79962186075951
  ],
  [
    1610064000000,
    82.97254652503996
  ],
  [
    1610150400000,
    41.25199524589479
  ],
  [
    1610236800000,
    42.714710263723994
  ],
  [
    1610323200000,
    37.19249737847261
  ],
  [
    1610409600000,
    37.19249737847261
  ],
  [
    1610496000000,
    37.133656225864144
  ],
  [
    1610582400000,
    37.133656225864144
  ],
  [
    1610928000000,
    0
  ],
  [
    1611014400000,
    0
  ],
  [
    1611100800000,
    46.09644610979165
  ],
  [
    1611187200000,
    43.369959758973366
  ],
  [
    1611273600000,
    43.369959758973366
  ],
  [
    1611619200000,
    46.91495390087424
  ],
  [
    1611705600000,
    46.91495390087424
  ],
  [
    1611792000000,
    46.01665139437243
  ],
  [
    1611878400000,
    46.01665139437243
  ],
  [
    1612224000000,
    51.29164335484007
  ],
  [
    1612310400000,
    51.29164335484007
  ],
  [
    1612396800000,
    54.15155038440742
  ],
  [
    1612483200000,
    2.463786373679785
  ],
  [
    1612569600000,
    57.551232215682916
  ],
  [
    1612656000000,
    0.002543314731104731
  ],
  [
    1612742400000,
    57.44717900985594
  ],
  [
    1612828800000,
    57.44717900985594
  ],
  [
    1613433600000,
    0.05683936925861768
  ],
  [
    1613520000000,
    0.05683936925861768
  ],
  [
    1614384000000,
    65.11897351173825
  ],
  [
    1614470400000,
    65.11897351173825
  ],
  [
    1614556800000,
    0
  ],
  [
    1614643200000,
    0
  ],
  [
    1614729600000,
    0
  ],
  [
    1614902400000,
    0.22803267683784365
  ],
  [
    1614988800000,
    0.22803267683784365
  ],
  [
    1615161600000,
    0
  ],
  [
    1615248000000,
    0
  ],
  [
    1615334400000,
    0
  ],
  [
    1615420800000,
    0
  ],
  [
    1615507200000,
    0
  ],
  [
    1615593600000,
    0
  ],
  [
    1615680000000,
    0
  ],
  [
    1615766400000,
    0
  ],
  [
    1615852800000,
    0
  ],
  [
    1615939200000,
    0
  ],
  [
    1616025600000,
    0
  ],
  [
    1616112000000,
    0
  ],
  [
    1616198400000,
    0
  ],
  [
    1616371200000,
    0
  ],
  [
    1616457600000,
    0
  ],
  [
    1616544000000,
    0
  ],
  [
    1616630400000,
    0
  ],
  [
    1616716800000,
    0
  ],
  [
    1616803200000,
    0
  ],
  [
    1616889600000,
    0
  ],
  [
    1616976000000,
    0
  ],
  [
    1617062400000,
    0
  ],
  [
    1617148800000,
    0
  ],
  [
    1617235200000,
    0
  ],
  [
    1617321600000,
    0
  ],
  [
    1617408000000,
    0
  ],
  [
    1617494400000,
    0
  ],
  [
    1617580800000,
    0
  ],
  [
    1617667200000,
    0
  ],
  [
    1617753600000,
    0
  ],
  [
    1617840000000,
    0
  ],
  [
    1617926400000,
    0
  ],
  [
    1618012800000,
    0
  ],
  [
    1618099200000,
    0
  ],
  [
    1618185600000,
    0
  ],
  [
    1618272000000,
    0
  ],
  [
    1618358400000,
    0
  ],
  [
    1618444800000,
    0
  ],
  [
    1618531200000,
    0
  ],
  [
    1618617600000,
    0
  ],
  [
    1618704000000,
    0
  ],
  [
    1618790400000,
    0
  ],
  [
    1618876800000,
    0
  ],
  [
    1618963200000,
    0
  ],
  [
    1619049600000,
    0
  ],
  [
    1619136000000,
    0
  ],
  [
    1619222400000,
    0
  ],
  [
    1619308800000,
    0
  ],
  [
    1619395200000,
    0
  ],
  [
    1619481600000,
    0
  ],
  [
    1619568000000,
    0
  ],
  [
    1619654400000,
    0
  ],
  [
    1619740800000,
    0
  ],
  [
    1619827200000,
    0
  ],
  [
    1619913600000,
    0
  ],
  [
    1620000000000,
    0
  ],
  [
    1620086400000,
    0
  ],
  [
    1620172800000,
    0
  ],
  [
    1620259200000,
    0
  ],
  [
    1620345600000,
    0
  ],
  [
    1620432000000,
    0
  ],
  [
    1620518400000,
    0
  ],
  [
    1620604800000,
    0
  ],
  [
    1620691200000,
    0
  ],
  [
    1620777600000,
    0
  ],
  [
    1620864000000,
    0
  ],
  [
    1620950400000,
    0
  ],
  [
    1621036800000,
    0
  ],
  [
    1621123200000,
    0
  ],
  [
    1621209600000,
    0
  ],
  [
    1621468800000,
    0
  ],
  [
    1621555200000,
    0
  ],
  [
    1621641600000,
    0
  ],
  [
    1621728000000,
    0
  ],
  [
    1621814400000,
    0
  ],
  [
    1621900800000,
    0
  ],
  [
    1621987200000,
    0
  ],
  [
    1622073600000,
    0
  ],
  [
    1622160000000,
    0
  ],
  [
    1622246400000,
    0
  ],
  [
    1622332800000,
    0
  ],
  [
    1622419200000,
    0
  ],
  [
    1622505600000,
    0
  ],
  [
    1622592000000,
    0
  ],
  [
    1622678400000,
    0
  ],
  [
    1622764800000,
    0
  ],
  [
    1622851200000,
    0
  ],
  [
    1622937600000,
    0
  ],
  [
    1623024000000,
    0
  ],
  [
    1623110400000,
    0
  ],
  [
    1623196800000,
    0
  ],
  [
    1623283200000,
    0
  ],
  [
    1623369600000,
    0
  ],
  [
    1623456000000,
    0
  ],
  [
    1623542400000,
    0
  ],
  [
    1623628800000,
    0
  ],
  [
    1623715200000,
    0
  ],
  [
    1623801600000,
    0
  ],
  [
    1623888000000,
    4765.195432941074
  ],
  [
    1623974400000,
    7302.655482471606
  ],
  [
    1624060800000,
    11010.02225919163
  ],
  [
    1624147200000,
    4987.436340505986
  ],
  [
    1624233600000,
    3142.5850513655896
  ],
  [
    1624320000000,
    2086.276773598516
  ],
  [
    1624406400000,
    1086.084827628768
  ],
  [
    1624492800000,
    1935.0623365139188
  ],
  [
    1624579200000,
    1454.0623261960031
  ],
  [
    1624665600000,
    711.420706854584
  ],
  [
    1624752000000,
    1998.112125620987
  ],
  [
    1624838400000,
    1767.0440665896974
  ],
  [
    1624924800000,
    1530.716462217063
  ],
  [
    1625011200000,
    1776.3579612115427
  ],
  [
    1625097600000,
    1097.0038543705123
  ],
  [
    1625184000000,
    544.533019391576
  ],
  [
    1625270400000,
    1089.407919657948
  ],
  [
    1625356800000,
    684.6748589968913
  ],
  [
    1625443200000,
    949.1600965363307
  ],
  [
    1625529600000,
    773.555021310998
  ],
  [
    1625616000000,
    786.0926165566333
  ],
  [
    1625702400000,
    1122.4117640684103
  ],
  [
    1625788800000,
    352.03543459823163
  ],
  [
    1625875200000,
    838.1895509421615
  ],
  [
    1625961600000,
    541.7128411112826
  ],
  [
    1626048000000,
    710.3945378078795
  ],
  [
    1626134400000,
    509.0126436130857
  ],
  [
    1626220800000,
    1019.3685504449404
  ],
  [
    1626307200000,
    881.5842925206218
  ],
  [
    1626393600000,
    1353.9688897013402
  ],
  [
    1626480000000,
    393.17005868361207
  ],
  [
    1626566400000,
    47.04888903840691
  ],
  [
    1626652800000,
    15.70560492688734
  ],
  [
    1626739200000,
    8.419027194398968
  ],
  [
    1626825600000,
    8.419027194398968
  ],
  [
    1626998400000,
    1.867872227212299
  ],
  [
    1627084800000,
    1.867872227212299
  ],
  [
    1627257600000,
    0.10000558142965764
  ],
  [
    1627344000000,
    0.10000558142965764
  ],
  [
    1627430400000,
    0.7276732981877916
  ],
  [
    1627516800000,
    0.7276732981877916
  ],
  [
    1627603200000,
    0.1857876163832988
  ],
  [
    1627689600000,
    0.188662182847665
  ],
  [
    1627862400000,
    0.10019323687128057
  ],
  [
    1627948800000,
    0.10019323687128057
  ],
  [
    1628899200000,
    115.41539349619885
  ],
  [
    1628985600000,
    115.41539349619885
  ],
  [
    1629072000000,
    0
  ],
  [
    1629158400000,
    113.07205128510914
  ],
  [
    1629331200000,
    107.7050462364378
  ],
  [
    1629417600000,
    107.7050462364378
  ],
  [
    1629504000000,
    115.18795628603702
  ],
  [
    1629590400000,
    115.18795628603702
  ],
  [
    1629676800000,
    0
  ],
  [
    1629763200000,
    0
  ],
  [
    1629849600000,
    0
  ],
  [
    1629936000000,
    0
  ],
  [
    1630281600000,
    13.285144688889082
  ],
  [
    1630368000000,
    13.285144688889082
  ],
  [
    1630454400000,
    32.18962163126107
  ],
  [
    1630540800000,
    10.377591012479842
  ],
  [
    1630627200000,
    0.5822250553151865
  ]
]