[
  [
    1622419200000,
    0.5322678021230579
  ],
  [
    1622505600000,
    0.5322678021230579
  ],
  [
    1622592000000,
    0.4930983593543646
  ],
  [
    1622678400000,
    0.47401770076840943
  ],
  [
    1622764800000,
    0.49282513310741044
  ],
  [
    1622851200000,
    0.4798677609803996
  ],
  [
    1622937600000,
    0.4881004442824165
  ],
  [
    1623024000000,
    0.4957656253305052
  ],
  [
    1623110400000,
    0.4425719350397836
  ],
  [
    1623196800000,
    0.33555336663156465
  ],
  [
    1623283200000,
    0.3759931193182692
  ],
  [
    1623369600000,
    0.3313237096346529
  ],
  [
    1623456000000,
    0.3098643235606446
  ],
  [
    1623542400000,
    0.37164404585621813
  ],
  [
    1623628800000,
    1.8096242382550327
  ],
  [
    1623715200000,
    1.1437609983232018
  ],
  [
    1623801600000,
    0.6912031531850132
  ],
  [
    1623888000000,
    0.4787182697729259
  ],
  [
    1623974400000,
    0.45433111508493973
  ],
  [
    1624060800000,
    0.39783389554550486
  ],
  [
    1624147200000,
    0.32299776672400266
  ],
  [
    1624233600000,
    0.3489023121795517
  ],
  [
    1624320000000,
    0.3170513032628675
  ],
  [
    1624406400000,
    0.4846385224815409
  ],
  [
    1624492800000,
    0.38148275661758835
  ],
  [
    1624579200000,
    0.36337339205902536
  ],
  [
    1624665600000,
    0.343092109680626
  ],
  [
    1624752000000,
    0.3314901769036189
  ],
  [
    1624838400000,
    0.32174401075869635
  ],
  [
    1624924800000,
    0.32796789326320336
  ],
  [
    1625011200000,
    0.31045385671470654
  ],
  [
    1625097600000,
    0.3060987869869558
  ],
  [
    1625184000000,
    0.30903715635261475
  ],
  [
    1625270400000,
    0.3024023176408635
  ],
  [
    1625356800000,
    0.3052123124914433
  ],
  [
    1625443200000,
    0.30517506868519706
  ],
  [
    1625529600000,
    0.2948193522113997
  ],
  [
    1625616000000,
    0.3417489147615982
  ],
  [
    1625702400000,
    0.29898233176345246
  ],
  [
    1625788800000,
    0.2775084633272994
  ],
  [
    1625875200000,
    0.28364043942881384
  ],
  [
    1625961600000,
    0.27431678915483537
  ],
  [
    1626048000000,
    0.2643589556045541
  ],
  [
    1626134400000,
    0.23928906686619197
  ],
  [
    1626220800000,
    0.22790511768321875
  ],
  [
    1626307200000,
    0.22401071245082627
  ],
  [
    1626393600000,
    0.22908227547758608
  ],
  [
    1626480000000,
    0.2275381806199786
  ],
  [
    1626566400000,
    0.22884768735953506
  ],
  [
    1626652800000,
    0.22801066230191933
  ],
  [
    1626739200000,
    0.19446078358658422
  ],
  [
    1626825600000,
    0.17742431804197228
  ],
  [
    1626912000000,
    0.18003254626115375
  ],
  [
    1626998400000,
    0.17586325410744377
  ],
  [
    1627084800000,
    0.18633863074492907
  ],
  [
    1627171200000,
    0.19553553094148543
  ],
  [
    1627257600000,
    0.20158197144992068
  ],
  [
    1627344000000,
    0.179754727411826
  ],
  [
    1627430400000,
    0.18220596015835852
  ],
  [
    1627516800000,
    0.15459582758887241
  ],
  [
    1627603200000,
    0.1551694963568252
  ],
  [
    1627689600000,
    0.14816035079227624
  ],
  [
    1627776000000,
    0.13476697869740076
  ],
  [
    1627862400000,
    0.13990460392827364
  ],
  [
    1627948800000,
    0.13040020495944052
  ],
  [
    1628035200000,
    0.11028406539652849
  ],
  [
    1628121600000,
    0.11225522218276374
  ],
  [
    1628208000000,
    0.11849703100318866
  ],
  [
    1628294400000,
    0.1150858394059831
  ],
  [
    1628380800000,
    0.12571575377771915
  ],
  [
    1628467200000,
    0.12249255399892217
  ],
  [
    1628553600000,
    0.12583092820046507
  ],
  [
    1628640000000,
    0.11690181221371569
  ],
  [
    1628726400000,
    0.11936462989605842
  ],
  [
    1628812800000,
    0.09551486963660949
  ],
  [
    1628899200000,
    0.09329053026314521
  ],
  [
    1628985600000,
    0.09834657831973403
  ],
  [
    1629072000000,
    0.09531890274734377
  ],
  [
    1629158400000,
    0.10276909216762378
  ],
  [
    1629244800000,
    0.09084505917878974
  ],
  [
    1629331200000,
    0.06800450134161609
  ],
  [
    1629417600000,
    0.0687471129321882
  ],
  [
    1629504000000,
    0.07057890980191113
  ],
  [
    1629590400000,
    0.07276856405783856
  ],
  [
    1629676800000,
    0.06626699892896983
  ],
  [
    1629763200000,
    0.0689455748197782
  ],
  [
    1629849600000,
    0.06517493509678676
  ],
  [
    1629936000000,
    0.05315191896957057
  ],
  [
    1630022400000,
    0.047295150801093574
  ],
  [
    1630108800000,
    0.04308636024489267
  ],
  [
    1630195200000,
    0.051463319938158315
  ],
  [
    1630281600000,
    0.04420058904359322
  ],
  [
    1630368000000,
    0.038404757574340524
  ],
  [
    1630454400000,
    0.03159873840282932
  ],
  [
    1630540800000,
    0.032601163050022405
  ],
  [
    1630627200000,
    0.031081667143347202
  ]
]