[
  [
    1531612800000,
    0.0000625083277625818
  ],
  [
    1531699200000,
    0.0000634287808803864
  ],
  [
    1531785600000,
    0.0000649270792266299
  ],
  [
    1531872000000,
    0.000073110451732349
  ],
  [
    1531958400000,
    0.0000741282486180759
  ],
  [
    1532044800000,
    0.0000741282486180759
  ],
  [
    1532131200000,
    0.0000741282486180759
  ],
  [
    1532217600000,
    0.0000741282486180759
  ],
  [
    1532304000000,
    0.0000741282486180759
  ],
  [
    1532390400000,
    0.0000741282486180759
  ],
  [
    1532476800000,
    0.0000741282486180759
  ],
  [
    1532563200000,
    0.0000741282486180759
  ],
  [
    1532649600000,
    0.0000741282486180759
  ],
  [
    1532736000000,
    0.0000741282486180759
  ],
  [
    1532822400000,
    0.0000741282486180759
  ],
  [
    1532908800000,
    0.0000741282486180759
  ],
  [
    1532995200000,
    0.0000818490606630576
  ],
  [
    1533081600000,
    0.0000811634233178112
  ],
  [
    1533168000000,
    0.0000811634233178112
  ],
  [
    1533254400000,
    0.0000811634233178112
  ],
  [
    1533340800000,
    0.0000811634233178112
  ],
  [
    1533427200000,
    0.0000811634233178112
  ],
  [
    1533513600000,
    0.0000811634233178112
  ],
  [
    1533600000000,
    0.0000811634233178112
  ],
  [
    1533686400000,
    0.0000811634233178112
  ],
  [
    1533772800000,
    0.0000811634233178112
  ],
  [
    1533859200000,
    0.0000811634233178112
  ],
  [
    1533945600000,
    0.0000811634233178112
  ],
  [
    1534032000000,
    0.0000626680236471736
  ],
  [
    1534118400000,
    0.0000632313966460702
  ],
  [
    1534204800000,
    0.0000633905164519287
  ],
  [
    1534291200000,
    0.0000633905164519287
  ],
  [
    1534377600000,
    0.0000633905164519287
  ],
  [
    1534464000000,
    0.0000633905164519287
  ],
  [
    1534550400000,
    0.0000633905164519287
  ],
  [
    1534636800000,
    0.0000638872917599732
  ],
  [
    1534723200000,
    0.0000638009591852174
  ],
  [
    1534809600000,
    0.0000638009591852174
  ],
  [
    1534896000000,
    0.0000638009591852174
  ],
  [
    1535068800000,
    0.0000652075011046855
  ],
  [
    1535155200000,
    0.0000649074279168243
  ],
  [
    1535241600000,
    0.0000675164551796879
  ],
  [
    1535328000000,
    0.0000662932182329121
  ],
  [
    1535414400000,
    0.0000662932182329121
  ],
  [
    1535587200000,
    0.0000662932182329121
  ],
  [
    1537228800000,
    0.0000662932182329121
  ],
  [
    1537315200000,
    0.0000662932182329121
  ],
  [
    1537401600000,
    0.0000662932182329121
  ],
  [
    1537488000000,
    0.0000662932182329121
  ],
  [
    1537574400000,
    0.0000662932182329121
  ],
  [
    1537660800000,
    0.0000662932182329121
  ],
  [
    1537747200000,
    0.0000662932182329121
  ],
  [
    1537833600000,
    0.0000662932182329121
  ],
  [
    1537920000000,
    0.0000662932182329121
  ],
  [
    1538006400000,
    0.0000662932182329121
  ],
  [
    1538092800000,
    0.0000662932182329121
  ],
  [
    1538179200000,
    0.0000662932182329121
  ],
  [
    1538265600000,
    0.0000662932182329121
  ],
  [
    1538352000000,
    0.0000662932182329121
  ],
  [
    1538438400000,
    0.0000662932182329121
  ],
  [
    1538524800000,
    0.0000662932182329121
  ],
  [
    1538611200000,
    0.0000662932182329121
  ],
  [
    1538697600000,
    0.004935527195553157
  ],
  [
    1538784000000,
    0.011060596529940984
  ],
  [
    1538870400000,
    0.010875532989735464
  ],
  [
    1538956800000,
    0.010762877395858952
  ],
  [
    1539043200000,
    0.007990940834832108
  ],
  [
    1539129600000,
    0.010493899741871428
  ],
  [
    1539216000000,
    0.0067305583714345465
  ],
  [
    1539302400000,
    0.015619920413095425
  ],
  [
    1539388800000,
    0.014478452417647449
  ],
  [
    1539475200000,
    0.014411499960506995
  ],
  [
    1539561600000,
    0.012031111959647922
  ],
  [
    1539648000000,
    0.0133940287449233
  ],
  [
    1539734400000,
    0.008752347991835172
  ],
  [
    1539820800000,
    0.013152986006886512
  ],
  [
    1539907200000,
    0.012807624588035698
  ],
  [
    1539993600000,
    0.009106771313501568
  ],
  [
    1540080000000,
    0.007337889420831536
  ],
  [
    1540166400000,
    0.008522278638707834
  ],
  [
    1540252800000,
    0.00673498225478717
  ],
  [
    1540339200000,
    0.007672414059221209
  ],
  [
    1540425600000,
    0.007422239731514777
  ],
  [
    1540512000000,
    0.00544993578044953
  ],
  [
    1540598400000,
    0.002597681140404284
  ],
  [
    1540684800000,
    0.004530941056036675
  ],
  [
    1540771200000,
    0.0046046652465322625
  ],
  [
    1540857600000,
    0.0044813260673506215
  ],
  [
    1540944000000,
    0.005067037426834328
  ],
  [
    1541030400000,
    0.004267611168839512
  ],
  [
    1541116800000,
    0.004673655648398504
  ],
  [
    1541203200000,
    0.00334340436470651
  ],
  [
    1541289600000,
    0.0033851824883817955
  ],
  [
    1541376000000,
    0.00455160290697985
  ],
  [
    1541462400000,
    0.00334265098681814
  ],
  [
    1541548800000,
    0.00324115774652477
  ],
  [
    1541635200000,
    0.003156458552819184
  ],
  [
    1541721600000,
    0.00285588571287679
  ],
  [
    1541808000000,
    0.0028232129449802697
  ],
  [
    1541894400000,
    0.00340343339629264
  ],
  [
    1541980800000,
    0.0034036702399044055
  ],
  [
    1542067200000,
    0.002052252396157149
  ],
  [
    1542153600000,
    0.003214650761092205
  ],
  [
    1542240000000,
    0.0028391048020258323
  ],
  [
    1542326400000,
    0.002905412605076049
  ],
  [
    1542412800000,
    0.002978586505808505
  ],
  [
    1542499200000,
    0.0030171077985827015
  ],
  [
    1542585600000,
    0.002820050838264575
  ],
  [
    1542672000000,
    0.002449294691906045
  ],
  [
    1542758400000,
    0.0012119147565629606
  ],
  [
    1542844800000,
    0.001382167694479767
  ],
  [
    1542931200000,
    0.0014040243119000909
  ],
  [
    1543017600000,
    0.0013330765211245661
  ],
  [
    1543104000000,
    0.0016069581696185563
  ],
  [
    1543190400000,
    0.0014593811067189575
  ],
  [
    1543276800000,
    0.0018007352090928586
  ],
  [
    1543363200000,
    0.0011921421269371105
  ],
  [
    1543449600000,
    0.007663360809820302
  ],
  [
    1543536000000,
    0.00406367593644051
  ],
  [
    1543622400000,
    0.002135499899696245
  ],
  [
    1543708800000,
    0.002935343996958562
  ],
  [
    1543795200000,
    0.002393455963221342
  ],
  [
    1543881600000,
    0.002056856618167858
  ],
  [
    1543968000000,
    0.004514100589279255
  ],
  [
    1544054400000,
    0.004295544389983547
  ],
  [
    1544140800000,
    0.0027091273264360383
  ],
  [
    1544227200000,
    0.0026214725341015444
  ],
  [
    1544313600000,
    0.0036542254914159475
  ],
  [
    1544400000000,
    0.003625483864760921
  ],
  [
    1544486400000,
    0.003570208701184975
  ],
  [
    1544572800000,
    0.0028066333522512657
  ],
  [
    1544659200000,
    0.00278858723712435
  ],
  [
    1544745600000,
    0.002305066004592351
  ],
  [
    1544832000000,
    0.002643796003398429
  ],
  [
    1544918400000,
    0.002637646935359212
  ],
  [
    1545004800000,
    0.0026586248418933667
  ],
  [
    1545091200000,
    0.003922758972729352
  ],
  [
    1545177600000,
    0.007433352964578342
  ],
  [
    1545264000000,
    0.0060951784082937
  ],
  [
    1545350400000,
    0.0045402317721861965
  ],
  [
    1545436800000,
    0.005720180652588424
  ],
  [
    1545523200000,
    0.003154261660229608
  ],
  [
    1545609600000,
    0.003418966438313661
  ],
  [
    1545696000000,
    0.0032091066071916964
  ],
  [
    1545782400000,
    0.0022958319058360675
  ],
  [
    1545868800000,
    0.001686578919872913
  ],
  [
    1545955200000,
    0.001643996403056813
  ],
  [
    1546041600000,
    0.001923032199356005
  ],
  [
    1546128000000,
    0.003426718591934613
  ],
  [
    1546214400000,
    0.003038911148917032
  ],
  [
    1546300800000,
    0.003865279375158285
  ],
  [
    1546387200000,
    0.00759589795143898
  ],
  [
    1546473600000,
    0.00495183051345847
  ],
  [
    1546560000000,
    0.012097185971315838
  ],
  [
    1546646400000,
    0.013210363071247403
  ],
  [
    1546732800000,
    0.011225796328807288
  ],
  [
    1546819200000,
    0.007265695100953486
  ],
  [
    1546905600000,
    0.00972656679212869
  ],
  [
    1546992000000,
    0.01150450813982564
  ],
  [
    1547078400000,
    0.011194037393563451
  ],
  [
    1547164800000,
    0.012463852537298063
  ],
  [
    1547251200000,
    0.012438688078175773
  ],
  [
    1547337600000,
    0.012147394124596339
  ],
  [
    1547424000000,
    0.011923569478063207
  ],
  [
    1547510400000,
    0.010992151491816565
  ],
  [
    1547596800000,
    0.00873442005570636
  ],
  [
    1547683200000,
    0.0027327209000955685
  ],
  [
    1547769600000,
    0.006320087393660823
  ],
  [
    1547856000000,
    0.007261008231674611
  ],
  [
    1547942400000,
    0.0037029042031004756
  ],
  [
    1548028800000,
    0.007508201016233096
  ],
  [
    1548115200000,
    0.005726769715422299
  ],
  [
    1548201600000,
    0.004287694191135236
  ],
  [
    1548288000000,
    0.004571548829404734
  ],
  [
    1548374400000,
    0.006368165710234849
  ],
  [
    1548460800000,
    0.003581201956164865
  ],
  [
    1548547200000,
    0.00723457179439167
  ],
  [
    1548633600000,
    0.007353790492222722
  ],
  [
    1548720000000,
    0.0027760534274963032
  ],
  [
    1548806400000,
    0.006618339634051199
  ],
  [
    1548892800000,
    0.007265218176227445
  ],
  [
    1548979200000,
    0.0068968710115445515
  ],
  [
    1549065600000,
    0.0073489718079269946
  ],
  [
    1549152000000,
    0.006302744312557895
  ],
  [
    1549238400000,
    0.00463830114728505
  ],
  [
    1549324800000,
    0.007261050194896473
  ],
  [
    1549411200000,
    0.0068699903581650726
  ],
  [
    1549497600000,
    0.0071195513693643915
  ],
  [
    1549584000000,
    0.002375889950503538
  ],
  [
    1549670400000,
    0.006029638420214984
  ],
  [
    1549756800000,
    0.0068914554152244905
  ],
  [
    1549843200000,
    0.007207065382166354
  ],
  [
    1549929600000,
    0.00700866336757117
  ],
  [
    1550016000000,
    0.005951149758712598
  ],
  [
    1550102400000,
    0.006499934359648223
  ],
  [
    1550188800000,
    0.005738402972501293
  ],
  [
    1550275200000,
    0.006748421426519245
  ],
  [
    1550361600000,
    0.006884569361778178
  ],
  [
    1550448000000,
    0.007113658843958652
  ],
  [
    1550534400000,
    0.004546442811587545
  ],
  [
    1550620800000,
    0.007479153392915928
  ],
  [
    1550707200000,
    0.007593107917443562
  ],
  [
    1550793600000,
    0.007436479594969971
  ],
  [
    1550880000000,
    0.007472096149954966
  ],
  [
    1550966400000,
    0.005821310268802831
  ],
  [
    1551052800000,
    0.007021623193848518
  ],
  [
    1551139200000,
    0.006899315153953784
  ],
  [
    1551225600000,
    0.004684060196093571
  ],
  [
    1551312000000,
    0.00675925916215793
  ],
  [
    1551398400000,
    0.004686669146436273
  ],
  [
    1551484800000,
    0.005816422508081757
  ],
  [
    1551571200000,
    0.002749844292278329
  ],
  [
    1551657600000,
    0.004195778179956251
  ],
  [
    1551744000000,
    0.00519549627028858
  ],
  [
    1551830400000,
    0.007046351140986321
  ],
  [
    1551916800000,
    0.007338514812142965
  ],
  [
    1552003200000,
    0.007008625017060457
  ],
  [
    1552089600000,
    0.007298841141812398
  ],
  [
    1552176000000,
    0.007440743733085454
  ],
  [
    1552262400000,
    0.006793910212871758
  ],
  [
    1552348800000,
    0.0073898901937437065
  ],
  [
    1552435200000,
    0.007398515437841318
  ],
  [
    1552521600000,
    0.007461203105602555
  ],
  [
    1552608000000,
    0.0072147509636902255
  ],
  [
    1552694400000,
    0.007691419793934772
  ],
  [
    1552780800000,
    0.006930315870476792
  ],
  [
    1552867200000,
    0.006162827624275839
  ],
  [
    1552953600000,
    0.00593416946654278
  ],
  [
    1553040000000,
    0.0049567043922379645
  ],
  [
    1553126400000,
    0.0005250516641934161
  ],
  [
    1553212800000,
    0.005261607507203401
  ],
  [
    1553299200000,
    0.004270300295160236
  ],
  [
    1553385600000,
    0.0036517957383578386
  ],
  [
    1553472000000,
    0.0033070096719550615
  ],
  [
    1553558400000,
    0.0029934442154716297
  ],
  [
    1553644800000,
    0.002357118646409556
  ],
  [
    1553731200000,
    0.00411271322702403
  ],
  [
    1553817600000,
    0.0012877063935904257
  ],
  [
    1553904000000,
    0.001105557778650887
  ],
  [
    1553990400000,
    0.000369091602151029
  ],
  [
    1554076800000,
    0.0007456030118040252
  ],
  [
    1554163200000,
    0.0014923756664118504
  ],
  [
    1554249600000,
    0.0017596120987258272
  ],
  [
    1554336000000,
    0.00065328604887759
  ],
  [
    1554422400000,
    0.0010312700474153726
  ],
  [
    1554508800000,
    0.0005516863066762201
  ],
  [
    1554595200000,
    0.0005529966416220961
  ],
  [
    1554681600000,
    0.000516966036090412
  ],
  [
    1554768000000,
    0.000525651136987268
  ],
  [
    1554854400000,
    0.0005702931880404572
  ],
  [
    1554940800000,
    0.0005838061115012445
  ],
  [
    1555027200000,
    0.0005273527813117288
  ],
  [
    1555113600000,
    0.00047916166617064786
  ],
  [
    1555200000000,
    0.0004984461306981251
  ],
  [
    1555286400000,
    0.0005675601330799907
  ],
  [
    1555372800000,
    0.0009593221816816828
  ],
  [
    1555459200000,
    0.0008333209258213744
  ],
  [
    1555545600000,
    0.0014097706197558778
  ],
  [
    1555632000000,
    0.0012877545510999932
  ],
  [
    1555718400000,
    0.00141801539558352
  ],
  [
    1555804800000,
    0.0013813855658721143
  ],
  [
    1555891200000,
    0.0014816992180726651
  ],
  [
    1555977600000,
    0.0009139532665216686
  ],
  [
    1556064000000,
    0.0018293918890233954
  ],
  [
    1556150400000,
    0.0007546553287944781
  ],
  [
    1556236800000,
    0.0009354732442588722
  ],
  [
    1556323200000,
    0.0006937988323762709
  ],
  [
    1556409600000,
    0.0007105707286321451
  ],
  [
    1556496000000,
    0.0008401731631508542
  ],
  [
    1556582400000,
    0.0005730188035015048
  ],
  [
    1556668800000,
    0.0006761456018404079
  ],
  [
    1556755200000,
    0.0004944973237242219
  ],
  [
    1556841600000,
    0.0010368908678414608
  ],
  [
    1556928000000,
    0.0013132413971783225
  ],
  [
    1557014400000,
    0.001050421503004339
  ],
  [
    1557100800000,
    0.0005181716478488157
  ],
  [
    1557187200000,
    0.000743664096381274
  ],
  [
    1557273600000,
    0.0007117160133199932
  ],
  [
    1557360000000,
    0.000595361141011971
  ],
  [
    1557446400000,
    0.0012993636433342236
  ],
  [
    1557532800000,
    0.0008316670686059853
  ],
  [
    1557619200000,
    0.000796453564186291
  ],
  [
    1557705600000,
    0.001132676778750807
  ],
  [
    1557792000000,
    0.0013465378755750422
  ],
  [
    1557878400000,
    0.0010695859936259342
  ],
  [
    1557964800000,
    0.0017643605247098443
  ],
  [
    1558051200000,
    0.0008885939905256527
  ],
  [
    1558137600000,
    0.0010843928906897893
  ],
  [
    1558224000000,
    0.001237140231844193
  ],
  [
    1558310400000,
    0.0018086434388909303
  ],
  [
    1558396800000,
    0.0012675520139098278
  ],
  [
    1558483200000,
    0.0015363098509233346
  ],
  [
    1558569600000,
    0.0005500734870930507
  ],
  [
    1558656000000,
    0.0010290192015133706
  ],
  [
    1558742400000,
    0.0018375992578778797
  ],
  [
    1558828800000,
    0.0008694404086262016
  ],
  [
    1558915200000,
    0.0011281530935966773
  ],
  [
    1559001600000,
    0.002021144050431062
  ],
  [
    1559088000000,
    0.0012194710383579878
  ],
  [
    1559174400000,
    0.0007777870354763028
  ],
  [
    1559260800000,
    0.001659112583976002
  ],
  [
    1559347200000,
    0.0011993836211303338
  ],
  [
    1559433600000,
    0.0016314064204527438
  ],
  [
    1559520000000,
    0.0020964471451810586
  ],
  [
    1559606400000,
    0.001727158789280106
  ],
  [
    1559692800000,
    0.0004527601420677168
  ],
  [
    1559779200000,
    0.0010143783258528517
  ],
  [
    1559865600000,
    0.0015415500296429836
  ],
  [
    1559952000000,
    0.0015268507382602953
  ],
  [
    1560038400000,
    0.0007170871507245927
  ],
  [
    1560124800000,
    0.0012885854558019917
  ],
  [
    1560211200000,
    0.0017372864370341853
  ],
  [
    1560297600000,
    0.0005774228872728394
  ],
  [
    1560384000000,
    0.0014570931866127604
  ],
  [
    1560470400000,
    0.001569261889759949
  ],
  [
    1560556800000,
    0.00152729371955941
  ],
  [
    1560643200000,
    0.0018559911950077007
  ],
  [
    1560729600000,
    0.000905743331633624
  ],
  [
    1560816000000,
    0.0013119414063175602
  ],
  [
    1560902400000,
    0.001801987792450458
  ],
  [
    1560988800000,
    0.0015804966262728214
  ],
  [
    1561075200000,
    0.0017203089717575497
  ],
  [
    1561161600000,
    0.0015898880413560672
  ],
  [
    1561248000000,
    0.001927913292863514
  ],
  [
    1561334400000,
    0.00130884432855456
  ],
  [
    1561420800000,
    0.0022995513716983274
  ],
  [
    1561507200000,
    0.001880147286072064
  ],
  [
    1561593600000,
    0.003197541446983925
  ],
  [
    1561680000000,
    0.001486184783856396
  ],
  [
    1561766400000,
    0.00149124930312612
  ],
  [
    1561852800000,
    0.000360406144565583
  ],
  [
    1561939200000,
    0.000659308151390958
  ],
  [
    1562025600000,
    0.001681152607537888
  ],
  [
    1562112000000,
    0.001515958862499662
  ],
  [
    1562198400000,
    0.00214197757597017
  ],
  [
    1562284800000,
    0.002135526573249496
  ],
  [
    1562371200000,
    0.0008801723779397072
  ],
  [
    1562457600000,
    0.0007768648015424294
  ],
  [
    1562544000000,
    0.000900758216937763
  ],
  [
    1562630400000,
    0.000740651399370204
  ],
  [
    1562716800000,
    0.00125867289101822
  ],
  [
    1562803200000,
    0.000488432981213424
  ],
  [
    1562889600000,
    0.001476877362876617
  ],
  [
    1562976000000,
    0.000355211860211868
  ],
  [
    1563062400000,
    0.000905230267014584
  ],
  [
    1563148800000,
    0.0003361478533889608
  ],
  [
    1563235200000,
    0.001771760278451552
  ],
  [
    1563321600000,
    0.0003782449724302644
  ],
  [
    1563408000000,
    0.000775249304893856
  ],
  [
    1563494400000,
    0.001383866519911629
  ],
  [
    1563580800000,
    0.000632338107774384
  ],
  [
    1563667200000,
    0.0011024302739966
  ],
  [
    1563753600000,
    0.000951380449031457
  ],
  [
    1563840000000,
    0.0006938189989249008
  ],
  [
    1563926400000,
    0.001100259408136608
  ],
  [
    1564012800000,
    0.0006843155581403533
  ],
  [
    1564099200000,
    0.00059494982469036
  ],
  [
    1564185600000,
    0.0003914057252275824
  ],
  [
    1564272000000,
    0.000947415752132553
  ],
  [
    1564358400000,
    0.0006655725394735872
  ],
  [
    1564444800000,
    0.0003812487116497492
  ],
  [
    1564531200000,
    0.001245473054315425
  ],
  [
    1564617600000,
    0.000802524038899992
  ],
  [
    1564704000000,
    0.000725649362545478
  ],
  [
    1564790400000,
    0.000105096606900663
  ],
  [
    1564876800000,
    0.001513230474123494
  ],
  [
    1564963200000,
    0.001200553842001965
  ],
  [
    1565049600000,
    0.0012559085579471844
  ],
  [
    1565136000000,
    0.001702819539741075
  ],
  [
    1565222400000,
    0.001556496813696045
  ],
  [
    1565308800000,
    0.000119498259839043
  ],
  [
    1565395200000,
    0.00071005602862566
  ],
  [
    1565481600000,
    0.00169965818517474
  ],
  [
    1565568000000,
    0.001728465427320015
  ],
  [
    1565654400000,
    0.0006370809608049184
  ],
  [
    1565740800000,
    0.001199614551148002
  ],
  [
    1565827200000,
    0.000708464908156271
  ],
  [
    1565913600000,
    0.000724984245410341
  ],
  [
    1566000000000,
    0.000935784521883648
  ],
  [
    1566086400000,
    0.001123071924543206
  ],
  [
    1566172800000,
    0.001344824755617551
  ],
  [
    1566259200000,
    0.000972189464329809
  ],
  [
    1566345600000,
    0.000108039581300757
  ],
  [
    1566432000000,
    0.000100695426066717
  ],
  [
    1566518400000,
    0.00151732754288154
  ],
  [
    1566604800000,
    0.001763139345522851
  ],
  [
    1566691200000,
    0.00152122631273223
  ],
  [
    1566777600000,
    0.000807578216157992
  ],
  [
    1566864000000,
    0.000103507551257592
  ],
  [
    1566950400000,
    0.000711483171875007
  ],
  [
    1567036800000,
    0.0004156440415396314
  ],
  [
    1567123200000,
    0.0004735236187650705
  ],
  [
    1567209600000,
    0.0001920688626134656
  ],
  [
    1567296000000,
    0.0007686249409986944
  ],
  [
    1567382400000,
    0.0006809638279019506
  ],
  [
    1567468800000,
    0.001342372862366939
  ],
  [
    1567555200000,
    0.0013687159705594763
  ],
  [
    1567641600000,
    0.00115923313483835
  ],
  [
    1567728000000,
    0.000634779368719668
  ],
  [
    1567814400000,
    0.00154902229756437
  ],
  [
    1567900800000,
    0.000207905087988522
  ],
  [
    1567987200000,
    0.000520237839299705
  ],
  [
    1568073600000,
    0.000722449265030647
  ],
  [
    1568160000000,
    0.000907225660100907
  ],
  [
    1568246400000,
    0.000811446741394552
  ],
  [
    1568332800000,
    0.000831185475923016
  ],
  [
    1568419200000,
    0.000928546909686621
  ],
  [
    1568505600000,
    0.001345618221739441
  ],
  [
    1568592000000,
    0.000309275456953266
  ],
  [
    1568678400000,
    0.000102711057906775
  ],
  [
    1568764800000,
    0.001534433320081755
  ],
  [
    1568851200000,
    0.001626259658864752
  ],
  [
    1568937600000,
    0.000306955443076017
  ],
  [
    1569024000000,
    0.000407012001076268
  ],
  [
    1569110400000,
    0.0012987999848907798
  ],
  [
    1569196800000,
    0.001104005028175214
  ],
  [
    1569283200000,
    0.001648563092845164
  ],
  [
    1569369600000,
    0.0011389488782619468
  ],
  [
    1569456000000,
    0.0010061514207010045
  ],
  [
    1569542400000,
    0.0013774722401629959
  ],
  [
    1569628800000,
    0.0009792055659697332
  ],
  [
    1569715200000,
    0.0013810110076173296
  ],
  [
    1569801600000,
    0.001128865065120842
  ],
  [
    1569888000000,
    0.0014032951611815652
  ],
  [
    1569974400000,
    0.000994517446611192
  ],
  [
    1570060800000,
    0.000994517446611192
  ],
  [
    1570147200000,
    0.0013840557150328265
  ],
  [
    1570233600000,
    0.0013840557150328265
  ],
  [
    1570320000000,
    0.000976013176514538
  ],
  [
    1570406400000,
    0.0012548495231916497
  ],
  [
    1570492800000,
    0.0009805598168350044
  ],
  [
    1570579200000,
    0.0013917199749767194
  ],
  [
    1570665600000,
    0.001458104414691345
  ],
  [
    1570752000000,
    0.00128033957296251
  ],
  [
    1570838400000,
    0.0009968732224008923
  ],
  [
    1570924800000,
    0.0011656000726564236
  ],
  [
    1571011200000,
    0.0009114366238317307
  ],
  [
    1571097600000,
    0.001083727558554095
  ],
  [
    1571184000000,
    0.0013868175883828741
  ],
  [
    1571270400000,
    0.0011208332076143846
  ],
  [
    1571356800000,
    0.0009693587696490204
  ],
  [
    1571443200000,
    0.0011140578404197452
  ],
  [
    1571529600000,
    0.0013503066355183822
  ],
  [
    1571616000000,
    0.0011483819429410286
  ],
  [
    1571702400000,
    0.0009019845921184022
  ],
  [
    1571788800000,
    0.0008850487193710184
  ],
  [
    1571875200000,
    0.000519623864408348
  ],
  [
    1571961600000,
    0.0004480971003290142
  ],
  [
    1572048000000,
    0.0007756727662352151
  ],
  [
    1572134400000,
    0.0010057649165207292
  ],
  [
    1572220800000,
    0.0010472015307916075
  ],
  [
    1572307200000,
    0.0010392144523343496
  ],
  [
    1572393600000,
    0.0007523365729236496
  ],
  [
    1572480000000,
    0.0002759121647262159
  ],
  [
    1572566400000,
    0.000274280668090188
  ],
  [
    1572652800000,
    0.000462164831563181
  ],
  [
    1572739200000,
    0.0004649531135621935
  ],
  [
    1572825600000,
    0.0002763350626651242
  ],
  [
    1572912000000,
    0.0005641124919124074
  ],
  [
    1572998400000,
    0.0004660989119804745
  ],
  [
    1573084800000,
    0.0001868133254291874
  ],
  [
    1573171200000,
    0.0006461056094377318
  ],
  [
    1573257600000,
    0.0005291353030853652
  ],
  [
    1573344000000,
    0.0007047193879892032
  ],
  [
    1573430400000,
    0.000542709539355216
  ],
  [
    1573516800000,
    0.000871363660817811
  ],
  [
    1573603200000,
    0.0009649194263710584
  ],
  [
    1573689600000,
    0.000701881240889452
  ],
  [
    1573776000000,
    0.0006926341588728352
  ],
  [
    1573862400000,
    0.0002547246612707109
  ],
  [
    1573948800000,
    0.0003398024330242748
  ],
  [
    1574035200000,
    0.0009373312780010135
  ],
  [
    1574121600000,
    0.000574592171629511
  ],
  [
    1574208000000,
    0.0005690814276029148
  ],
  [
    1574294400000,
    0.0002426602896793734
  ],
  [
    1574380800000,
    0.0003053273233617268
  ],
  [
    1574467200000,
    0.0002165980280225448
  ],
  [
    1574553600000,
    0.0001462533676774902
  ],
  [
    1574640000000,
    0.0005561745411102472
  ],
  [
    1574726400000,
    0.0005001048581481729
  ],
  [
    1574812800000,
    0.0002856893161170568
  ],
  [
    1574899200000,
    0.0008254717119331749
  ],
  [
    1574985600000,
    0.0004439847298467942
  ],
  [
    1575072000000,
    0.0003863599452153555
  ],
  [
    1575158400000,
    0.0002266175102928474
  ],
  [
    1575244800000,
    0.0008126635809858643
  ],
  [
    1575331200000,
    0.0003655201920349525
  ],
  [
    1575417600000,
    0.0005844064008197656
  ],
  [
    1575504000000,
    0.00021677980158582
  ],
  [
    1575590400000,
    0.0008123665455359476
  ],
  [
    1575676800000,
    0.0006759539972094681
  ],
  [
    1575763200000,
    0.0006006609538811264
  ],
  [
    1575849600000,
    0.0005255006939716247
  ],
  [
    1575936000000,
    0.0005137429395002282
  ],
  [
    1576022400000,
    0.000722878170900986
  ],
  [
    1576108800000,
    0.000215726882844036
  ],
  [
    1576195200000,
    0.0002160168854703486
  ],
  [
    1576281600000,
    0.000579785434668128
  ],
  [
    1576368000000,
    0.0003543612491510645
  ],
  [
    1576454400000,
    0.00035522072352401
  ],
  [
    1576540800000,
    0.0003448458349051675
  ],
  [
    1576627200000,
    0.0004628248990310631
  ],
  [
    1576713600000,
    0.0004366245259181976
  ],
  [
    1576800000000,
    0.000715369509218484
  ],
  [
    1576886400000,
    0.0006460530247036332
  ],
  [
    1576972800000,
    0.0006425437078766826
  ],
  [
    1577059200000,
    0.0006697659105807795
  ],
  [
    1577145600000,
    0.0005858558557908608
  ],
  [
    1577232000000,
    0.0007949705730677568
  ],
  [
    1577318400000,
    0.0003600614051707385
  ],
  [
    1577404800000,
    0.0007922919281338303
  ],
  [
    1577491200000,
    0.0005062204430163293
  ],
  [
    1577577600000,
    0.0008044507507044833
  ],
  [
    1577664000000,
    0.0005919865665260912
  ],
  [
    1577750400000,
    0.000434738597695716
  ],
  [
    1577836800000,
    0.0004315676041338576
  ],
  [
    1577923200000,
    0.0005030494618585471
  ],
  [
    1578009600000,
    0.000278598031318432
  ],
  [
    1578096000000,
    0.000732765603075176
  ],
  [
    1578182400000,
    0.0004404074349584778
  ],
  [
    1578268800000,
    0.0005878943969096576
  ],
  [
    1578355200000,
    0.0006978565629861201
  ],
  [
    1578441600000,
    0.0004034386077734775
  ],
  [
    1578528000000,
    0.0006436674291633144
  ],
  [
    1578614400000,
    0.0002346105702829887
  ],
  [
    1578700800000,
    0.0006476186779019144
  ],
  [
    1578787200000,
    0.0008843067095539369
  ],
  [
    1578873600000,
    0.0006533410708945312
  ],
  [
    1578960000000,
    0.0008925216100748145
  ],
  [
    1579046400000,
    0.0009709304840813425
  ],
  [
    1579132800000,
    0.0004403184867397105
  ],
  [
    1579219200000,
    0.00043523491338326
  ],
  [
    1579305600000,
    0.0002673426690674271
  ],
  [
    1579392000000,
    0.000892079945149646
  ],
  [
    1579478400000,
    0.0006953635569369816
  ],
  [
    1579564800000,
    0.0007767213456717774
  ],
  [
    1579651200000,
    0.0003491366003920136
  ],
  [
    1579737600000,
    0.0005188155185405226
  ],
  [
    1579824000000,
    0.0002512212224818866
  ],
  [
    1579910400000,
    0.0004211374776598895
  ],
  [
    1579996800000,
    0.000836062638534702
  ],
  [
    1580083200000,
    0.0007713167252700492
  ],
  [
    1580169600000,
    0.0007115728088492328
  ],
  [
    1580256000000,
    0.0002739275342288706
  ],
  [
    1580342400000,
    0.0010252647950157988
  ],
  [
    1580428800000,
    0.00190163129938406
  ],
  [
    1580515200000,
    0.0013988186384218935
  ],
  [
    1580601600000,
    0.0017799870364949345
  ],
  [
    1580688000000,
    0.001400287793460243
  ],
  [
    1580774400000,
    0.0012997982742399493
  ],
  [
    1580860800000,
    0.0013750741869298065
  ],
  [
    1580947200000,
    0.0015362512457482672
  ],
  [
    1581033600000,
    0.0010706697156438966
  ],
  [
    1581120000000,
    0.00244776079595926
  ],
  [
    1581206400000,
    0.00197782002992772
  ],
  [
    1581292800000,
    0.002327172686776301
  ],
  [
    1581379200000,
    0.001382069828640606
  ],
  [
    1581465600000,
    0.001125457506688383
  ],
  [
    1581552000000,
    0.00237465363753227
  ],
  [
    1581638400000,
    0.002146554203933601
  ],
  [
    1581724800000,
    0.001753207549524307
  ],
  [
    1581811200000,
    0.005359680561176898
  ],
  [
    1581897600000,
    0.008862323541555502
  ],
  [
    1581984000000,
    0.013747994452370908
  ],
  [
    1582070400000,
    0.019108337475158547
  ],
  [
    1582156800000,
    0.02035017817162075
  ],
  [
    1582243200000,
    0.019688185531760407
  ],
  [
    1582329600000,
    0.020798635010812496
  ],
  [
    1582416000000,
    0.02066072792254498
  ],
  [
    1582502400000,
    0.020986439091907293
  ],
  [
    1582588800000,
    0.02057177353212697
  ],
  [
    1582675200000,
    0.01944618728803377
  ],
  [
    1582761600000,
    0.018404183658163716
  ],
  [
    1582848000000,
    0.01824686851377033
  ],
  [
    1582934400000,
    0.018150746251735277
  ],
  [
    1583020800000,
    0.01798917542929143
  ],
  [
    1583107200000,
    0.017534575721425964
  ],
  [
    1583193600000,
    0.01833586026322445
  ],
  [
    1583280000000,
    0.018512668890274357
  ],
  [
    1583366400000,
    0.0179468759828969
  ],
  [
    1583452800000,
    0.018852102176741766
  ],
  [
    1583539200000,
    0.019548688219817013
  ],
  [
    1583625600000,
    0.019118324243448514
  ],
  [
    1583712000000,
    0.01688236938604869
  ],
  [
    1583798400000,
    0.016588537155596165
  ],
  [
    1583884800000,
    0.016299571658271256
  ],
  [
    1583971200000,
    0.01586291579118694
  ],
  [
    1584057600000,
    0.010173836573218104
  ],
  [
    1584144000000,
    0.011767730491860952
  ],
  [
    1584230400000,
    0.010868648971116687
  ],
  [
    1584316800000,
    0.011487819867023658
  ],
  [
    1584403200000,
    0.010625450826024039
  ],
  [
    1584489600000,
    0.011075923567475015
  ],
  [
    1584576000000,
    0.010800003295305099
  ],
  [
    1584662400000,
    0.012861260341045119
  ],
  [
    1584748800000,
    0.012662898544629105
  ],
  [
    1584835200000,
    0.01251315809947747
  ],
  [
    1584921600000,
    0.011361402438778789
  ],
  [
    1585008000000,
    0.012270776219016406
  ],
  [
    1585094400000,
    0.013268426560892796
  ],
  [
    1585180800000,
    0.012901312849683115
  ],
  [
    1585267200000,
    0.013011043114643102
  ],
  [
    1585353600000,
    0.01304549212868895
  ],
  [
    1585440000000,
    0.011438688022919398
  ],
  [
    1585526400000,
    0.01151100714896273
  ],
  [
    1585612800000,
    0.012184778023564942
  ],
  [
    1585699200000,
    0.011907615871413512
  ],
  [
    1585785600000,
    0.012408814722588821
  ],
  [
    1585872000000,
    0.013261341315875504
  ],
  [
    1585958400000,
    0.01319681040917885
  ],
  [
    1586044800000,
    0.013336922062104186
  ],
  [
    1586131200000,
    0.013408384480712457
  ],
  [
    1586217600000,
    0.014244724119803055
  ],
  [
    1586304000000,
    0.014278750466838061
  ],
  [
    1586390400000,
    0.014433526824863646
  ],
  [
    1586476800000,
    0.013996643653472793
  ],
  [
    1586563200000,
    0.013008151619663464
  ],
  [
    1586649600000,
    0.013062190521505762
  ],
  [
    1586736000000,
    0.013318848186483137
  ],
  [
    1586822400000,
    0.013280941474689365
  ],
  [
    1586908800000,
    0.013700948042592425
  ],
  [
    1586995200000,
    0.012536145813283174
  ],
  [
    1587081600000,
    0.01413402166736511
  ],
  [
    1587168000000,
    0.013849428778663901
  ],
  [
    1587254400000,
    0.014300288766382627
  ],
  [
    1587340800000,
    0.014326506499366603
  ],
  [
    1587427200000,
    0.013038878337770081
  ],
  [
    1587513600000,
    0.013329292638965115
  ],
  [
    1587600000000,
    0.01344102232228924
  ],
  [
    1587686400000,
    0.014018627075559113
  ],
  [
    1587772800000,
    0.01401154687151903
  ],
  [
    1587859200000,
    0.014964506122508136
  ],
  [
    1587945600000,
    0.015201232702248086
  ],
  [
    1588032000000,
    0.015137937512354182
  ],
  [
    1588118400000,
    0.0146587141749761
  ],
  [
    1588204800000,
    0.016531942255734296
  ],
  [
    1588291200000,
    0.01722584469247816
  ],
  [
    1588377600000,
    0.01779837147635888
  ],
  [
    1588464000000,
    0.01669263096101052
  ],
  [
    1588550400000,
    0.01743095192908354
  ],
  [
    1588636800000,
    0.017164779400079676
  ],
  [
    1588723200000,
    0.017645507377763273
  ],
  [
    1588809600000,
    0.018259815068641338
  ],
  [
    1588896000000,
    0.019549843235123217
  ],
  [
    1588982400000,
    0.017982765181786767
  ],
  [
    1589068800000,
    0.018603776859670334
  ],
  [
    1589155200000,
    0.01682035503788638
  ],
  [
    1589241600000,
    0.01599399225975805
  ],
  [
    1589500800000,
    0.018490282242382982
  ],
  [
    1589587200000,
    0.017913232167108786
  ],
  [
    1589673600000,
    0.018152520478524534
  ],
  [
    1589760000000,
    0.0188241272020536
  ],
  [
    1589846400000,
    0.019026004256311478
  ],
  [
    1589932800000,
    0.017857442758867394
  ],
  [
    1590019200000,
    0.017809955408604253
  ],
  [
    1590105600000,
    0.01705438301651488
  ],
  [
    1590192000000,
    0.01733969653261949
  ],
  [
    1590278400000,
    0.017574849416367763
  ],
  [
    1590364800000,
    0.01664783915108312
  ],
  [
    1590451200000,
    0.01681245684458735
  ],
  [
    1590537600000,
    0.017058695165709896
  ],
  [
    1590624000000,
    0.018267916033288856
  ],
  [
    1590710400000,
    0.01775153968758101
  ],
  [
    1590796800000,
    0.018123478064475226
  ],
  [
    1590883200000,
    0.01848060326181384
  ],
  [
    1590969600000,
    0.018188222302298877
  ],
  [
    1591056000000,
    0.02027998964626413
  ],
  [
    1591142400000,
    0.018452753362356102
  ],
  [
    1591228800000,
    0.018526716865274188
  ],
  [
    1591315200000,
    0.018953111810070544
  ],
  [
    1591401600000,
    0.018518069957562826
  ],
  [
    1591488000000,
    0.018143905445811393
  ],
  [
    1591574400000,
    0.018510762255631103
  ],
  [
    1591660800000,
    0.019046889889518817
  ],
  [
    1591747200000,
    0.018667903277205498
  ],
  [
    1591833600000,
    0.01947840596440348
  ],
  [
    1591920000000,
    0.017423074657230867
  ],
  [
    1592006400000,
    0.01853310262585727
  ],
  [
    1592092800000,
    0.01893646144049402
  ],
  [
    1592179200000,
    0.018425391921530837
  ],
  [
    1592265600000,
    0.018807181387192947
  ],
  [
    1592352000000,
    0.018747671390138068
  ],
  [
    1592438400000,
    0.01844945739624981
  ],
  [
    1592524800000,
    0.017949541006514327
  ],
  [
    1592611200000,
    0.017306533883783573
  ],
  [
    1592697600000,
    0.01815212603090594
  ],
  [
    1592784000000,
    0.017292582105119123
  ],
  [
    1592870400000,
    0.01894199178728343
  ],
  [
    1592956800000,
    0.01863561484187576
  ],
  [
    1593043200000,
    0.017381528168965984
  ],
  [
    1593129600000,
    0.01860617838893183
  ],
  [
    1593216000000,
    0.017502930755418793
  ],
  [
    1593302400000,
    0.017740679793897745
  ],
  [
    1593388800000,
    0.017509037470696993
  ],
  [
    1593475200000,
    0.018444399019108545
  ],
  [
    1593561600000,
    0.017836751668504257
  ],
  [
    1593648000000,
    0.016797712401489164
  ],
  [
    1593734400000,
    0.017560933643709847
  ],
  [
    1593820800000,
    0.018226618522549275
  ],
  [
    1593907200000,
    0.01732380801695899
  ],
  [
    1593993600000,
    0.01759271353626264
  ],
  [
    1594080000000,
    0.01803230405964208
  ],
  [
    1594166400000,
    0.01851266200144498
  ],
  [
    1594252800000,
    0.017935939335916102
  ],
  [
    1594339200000,
    0.017432036866036175
  ],
  [
    1594425600000,
    0.017606856535234913
  ],
  [
    1594512000000,
    0.01782724701887339
  ],
  [
    1594598400000,
    0.018098424231150295
  ],
  [
    1594684800000,
    0.017185372806097127
  ],
  [
    1594771200000,
    0.018235443965805183
  ],
  [
    1594857600000,
    0.01684705306573288
  ],
  [
    1594944000000,
    0.017711275958112945
  ],
  [
    1595030400000,
    0.017402866773093932
  ],
  [
    1595116800000,
    0.01833359699163708
  ],
  [
    1595203200000,
    0.018281958119939854
  ],
  [
    1595289600000,
    0.01760342844417074
  ],
  [
    1595376000000,
    0.01810328693547566
  ],
  [
    1595462400000,
    0.0181711579517337
  ],
  [
    1595548800000,
    0.018216331167595776
  ],
  [
    1595635200000,
    0.01746095209556946
  ],
  [
    1595721600000,
    0.018704397051068793
  ],
  [
    1595808000000,
    0.019206151277367276
  ],
  [
    1595894400000,
    0.02147343367095253
  ],
  [
    1595980800000,
    0.02071063196159331
  ],
  [
    1596067200000,
    0.0211017090799179
  ],
  [
    1596153600000,
    0.021578320602483214
  ],
  [
    1596240000000,
    0.022166808085722665
  ],
  [
    1596326400000,
    0.023371089126282215
  ],
  [
    1596412800000,
    0.02227556936875436
  ],
  [
    1596499200000,
    0.021848150470054156
  ],
  [
    1596585600000,
    0.02039233469335535
  ],
  [
    1596672000000,
    0.02294449695329033
  ],
  [
    1596758400000,
    0.023285187423473384
  ],
  [
    1596844800000,
    0.02254279612602137
  ],
  [
    1596931200000,
    0.023259005457647256
  ],
  [
    1597017600000,
    0.02217653596496157
  ],
  [
    1597104000000,
    0.021808106158626897
  ],
  [
    1597190400000,
    0.02157694757266619
  ],
  [
    1597276800000,
    0.022112427278890245
  ],
  [
    1597363200000,
    0.02243734724136099
  ],
  [
    1597449600000,
    0.023300744833419536
  ],
  [
    1597536000000,
    0.02215691650369295
  ],
  [
    1597622400000,
    0.02322435437811294
  ],
  [
    1597708800000,
    0.022568036058308056
  ],
  [
    1597795200000,
    0.023795932002579148
  ],
  [
    1597881600000,
    0.02276270084422899
  ],
  [
    1597968000000,
    0.022899827358562417
  ],
  [
    1598054400000,
    0.022985778263227695
  ],
  [
    1598140800000,
    0.022412496637858752
  ],
  [
    1598227200000,
    0.022755722153005725
  ],
  [
    1598313600000,
    0.023361771408129443
  ],
  [
    1598400000000,
    0.021918968245316375
  ],
  [
    1598486400000,
    0.021900565027115394
  ],
  [
    1598572800000,
    0.022405385208872752
  ],
  [
    1598659200000,
    0.021782515921687017
  ],
  [
    1598745600000,
    0.02127581948760024
  ],
  [
    1598832000000,
    0.022896160865706408
  ],
  [
    1598918400000,
    0.02218633721770578
  ],
  [
    1599004800000,
    0.02347086659051484
  ],
  [
    1599091200000,
    0.021902437328623296
  ],
  [
    1599177600000,
    0.020860406049265413
  ],
  [
    1599264000000,
    0.02074269342404873
  ],
  [
    1599350400000,
    0.019828822638674207
  ],
  [
    1599436800000,
    0.020127560418528555
  ],
  [
    1599523200000,
    0.02002455550599158
  ],
  [
    1599609600000,
    0.019136859089225536
  ],
  [
    1599696000000,
    0.01965201165880599
  ],
  [
    1599782400000,
    0.019339744035108145
  ],
  [
    1599868800000,
    0.020512660311895158
  ],
  [
    1599955200000,
    0.019920626522672936
  ],
  [
    1600041600000,
    0.020537617260404994
  ],
  [
    1600128000000,
    0.0213229633176174
  ],
  [
    1600214400000,
    0.020042092878273784
  ],
  [
    1600300800000,
    0.021684641851727863
  ],
  [
    1600387200000,
    0.0218620547027652
  ],
  [
    1600473600000,
    0.02161897422534412
  ],
  [
    1600560000000,
    0.020426607582256624
  ],
  [
    1600646400000,
    0.02042824269216049
  ],
  [
    1600732800000,
    0.021045951581828266
  ],
  [
    1600819200000,
    0.020849561775608743
  ],
  [
    1600905600000,
    0.019081572176885525
  ],
  [
    1600992000000,
    0.021580121030255778
  ],
  [
    1601078400000,
    0.02050079799016147
  ],
  [
    1601164800000,
    0.021251957068074544
  ],
  [
    1601251200000,
    0.020890472454644482
  ],
  [
    1601337600000,
    0.02055702311788704
  ],
  [
    1601424000000,
    0.02018548364061978
  ],
  [
    1601510400000,
    0.020900175577750767
  ],
  [
    1601596800000,
    0.020894814722147395
  ],
  [
    1601683200000,
    0.01991788887580971
  ],
  [
    1601769600000,
    0.02005912344795989
  ],
  [
    1601856000000,
    0.019615261368583815
  ],
  [
    1601942400000,
    0.02119235403344303
  ],
  [
    1602028800000,
    0.0211874175071348
  ],
  [
    1602115200000,
    0.021133105401465287
  ],
  [
    1602201600000,
    0.02046363903442444
  ],
  [
    1602288000000,
    0.021715888600373184
  ],
  [
    1602374400000,
    0.02178704806696704
  ],
  [
    1602460800000,
    0.022392788235911964
  ],
  [
    1602547200000,
    0.02264145107472007
  ],
  [
    1602633600000,
    0.02216268163987113
  ],
  [
    1602720000000,
    0.02187425875771949
  ],
  [
    1602806400000,
    0.022081194768580607
  ],
  [
    1602892800000,
    0.02108230642218081
  ],
  [
    1602979200000,
    0.02110633669191446
  ],
  [
    1603065600000,
    0.020764688191491798
  ],
  [
    1603152000000,
    0.023216170211423047
  ],
  [
    1603238400000,
    0.022916451603035903
  ],
  [
    1603324800000,
    0.023904439162830384
  ],
  [
    1603411200000,
    0.024934568760309694
  ],
  [
    1603497600000,
    0.02550714591276104
  ],
  [
    1603584000000,
    0.024314888149862383
  ],
  [
    1603670400000,
    0.0240950680796553
  ],
  [
    1603756800000,
    0.025618786762202705
  ],
  [
    1603843200000,
    0.026917756579941977
  ],
  [
    1603929600000,
    0.02563974565708661
  ],
  [
    1604016000000,
    0.026799224396400156
  ],
  [
    1604102400000,
    0.026746702719843005
  ],
  [
    1604188800000,
    0.026592474106064242
  ],
  [
    1604275200000,
    0.02587999209792759
  ],
  [
    1604361600000,
    0.026738923752664914
  ],
  [
    1604448000000,
    0.02680950715909694
  ],
  [
    1604534400000,
    0.0277972343441987
  ],
  [
    1604620800000,
    0.0296859648442225
  ],
  [
    1604707200000,
    0.02889678766428123
  ],
  [
    1604793600000,
    0.028809078529348463
  ],
  [
    1604880000000,
    0.030037462241797437
  ],
  [
    1604966400000,
    0.029335217457543743
  ],
  [
    1605052800000,
    0.02938620964397395
  ],
  [
    1605139200000,
    0.02973877920442107
  ],
  [
    1605225600000,
    0.03132895887467272
  ],
  [
    1605312000000,
    0.03104583895989272
  ],
  [
    1605398400000,
    0.03124546211807154
  ],
  [
    1605484800000,
    0.0319118606189154
  ],
  [
    1605571200000,
    0.03177035708474363
  ],
  [
    1605657600000,
    0.03426453105874728
  ],
  [
    1605744000000,
    0.03414912227767373
  ],
  [
    1605830400000,
    0.034157862678981694
  ],
  [
    1605916800000,
    0.03609039025890854
  ],
  [
    1606003200000,
    0.03568718013436416
  ],
  [
    1606089600000,
    0.03521756327582718
  ],
  [
    1606176000000,
    0.03624493632496308
  ],
  [
    1606262400000,
    0.03761339674216725
  ],
  [
    1606348800000,
    0.037239047539643785
  ],
  [
    1606435200000,
    0.03277841347542048
  ],
  [
    1606521600000,
    0.03223782321151272
  ],
  [
    1606608000000,
    0.03520666829713315
  ],
  [
    1606694400000,
    0.03415869500371812
  ],
  [
    1606780800000,
    0.03676324538906315
  ],
  [
    1606867200000,
    0.037118561598189444
  ],
  [
    1606953600000,
    0.03525665866646577
  ],
  [
    1607040000000,
    0.03703371996534843
  ],
  [
    1607126400000,
    0.037087580347742725
  ],
  [
    1607212800000,
    0.03774155275309063
  ],
  [
    1607299200000,
    0.035119188928293486
  ],
  [
    1607385600000,
    0.03783257002402238
  ],
  [
    1607472000000,
    0.03476950452177511
  ],
  [
    1607558400000,
    0.03637001555925265
  ],
  [
    1607644800000,
    0.03484109861367226
  ],
  [
    1607731200000,
    0.03456654409961795
  ],
  [
    1607817600000,
    0.03649386179088886
  ],
  [
    1607904000000,
    0.03526456089694584
  ],
  [
    1607990400000,
    0.03666582010518761
  ],
  [
    1608076800000,
    0.03799897390855118
  ],
  [
    1608163200000,
    0.041031149791785744
  ],
  [
    1608249600000,
    0.04296151648846625
  ],
  [
    1608336000000,
    0.044029962758579906
  ],
  [
    1608422400000,
    0.04596216303295229
  ],
  [
    1608508800000,
    0.04431514417556083
  ],
  [
    1608595200000,
    0.04354340510104253
  ],
  [
    1608681600000,
    0.04553614980583219
  ],
  [
    1608768000000,
    0.04561540823997534
  ],
  [
    1608854400000,
    0.04301630045271947
  ],
  [
    1608940800000,
    0.04620176323678914
  ],
  [
    1609027200000,
    0.051084748584839614
  ],
  [
    1609113600000,
    0.04910840620470493
  ],
  [
    1609200000000,
    0.05256246367935752
  ],
  [
    1609286400000,
    0.05186924273892307
  ],
  [
    1609372800000,
    0.05536347382816685
  ],
  [
    1609459200000,
    0.057024940835659246
  ],
  [
    1609545600000,
    0.05508467112131881
  ],
  [
    1609632000000,
    0.05915479026437654
  ],
  [
    1609718400000,
    0.06619365535559142
  ],
  [
    1609804800000,
    0.06132113697782279
  ],
  [
    1609891200000,
    0.06631022015419552
  ],
  [
    1609977600000,
    0.07013903640331343
  ],
  [
    1610064000000,
    0.07140179413318253
  ],
  [
    1610150400000,
    0.07755296887700693
  ],
  [
    1610236800000,
    0.07831284193704714
  ],
  [
    1610323200000,
    0.07196315888447416
  ],
  [
    1610409600000,
    0.0634618381681202
  ],
  [
    1610496000000,
    0.0605938961105721
  ],
  [
    1610582400000,
    0.07046671141609036
  ],
  [
    1610668800000,
    0.07080334775369874
  ],
  [
    1610755200000,
    0.0709112853436035
  ],
  [
    1610841600000,
    0.06900008732069798
  ],
  [
    1610928000000,
    0.07054931994760455
  ],
  [
    1611014400000,
    0.07042749949663796
  ],
  [
    1611100800000,
    0.07093034164802854
  ],
  [
    1611187200000,
    0.06425392531424223
  ],
  [
    1611273600000,
    0.0616873977265441
  ],
  [
    1611360000000,
    0.0625259642069876
  ],
  [
    1611446400000,
    0.061187821394127255
  ],
  [
    1611532800000,
    0.06056953048724547
  ],
  [
    1611619200000,
    0.06398634127008172
  ],
  [
    1611705600000,
    0.06291957311284781
  ],
  [
    1611792000000,
    0.060218572059370326
  ],
  [
    1611878400000,
    0.06348793289314462
  ],
  [
    1611964800000,
    0.06649554368701198
  ],
  [
    1612051200000,
    0.06705804788695545
  ],
  [
    1612137600000,
    0.061544472817635885
  ],
  [
    1612224000000,
    0.06506465816141627
  ],
  [
    1612310400000,
    0.06956550720650836
  ],
  [
    1612396800000,
    0.06902647911917853
  ],
  [
    1612483200000,
    0.06898172687819489
  ],
  [
    1612569600000,
    0.07391548800168565
  ],
  [
    1612656000000,
    0.077257302443345
  ],
  [
    1612742400000,
    0.07023244775678245
  ],
  [
    1612828800000,
    0.08332996434213008
  ],
  [
    1612915200000,
    0.08775967244203435
  ],
  [
    1613001600000,
    0.08609884756091132
  ],
  [
    1613088000000,
    0.09419563413382083
  ],
  [
    1613174400000,
    0.0924363162281593
  ],
  [
    1613260800000,
    0.08856759479955961
  ],
  [
    1613347200000,
    0.09466315801076518
  ],
  [
    1613433600000,
    0.09065269480908641
  ],
  [
    1613520000000,
    0.09397104715015805
  ],
  [
    1613606400000,
    0.09553692626067238
  ],
  [
    1613692800000,
    0.09907722591614264
  ],
  [
    1613779200000,
    0.10683286356533299
  ],
  [
    1613865600000,
    0.10533821826716552
  ],
  [
    1613952000000,
    0.10826506090701893
  ],
  [
    1614038400000,
    0.10653381102633527
  ],
  [
    1614124800000,
    0.09016390647419628
  ],
  [
    1614211200000,
    0.09423894719070351
  ],
  [
    1614297600000,
    0.09216856589951913
  ],
  [
    1614384000000,
    0.08819805073137446
  ],
  [
    1614470400000,
    0.09012342411906404
  ],
  [
    1614556800000,
    0.08797436488747123
  ],
  [
    1614643200000,
    0.09783639979314518
  ],
  [
    1614729600000,
    0.08780518183882809
  ],
  [
    1614816000000,
    0.0979314755467601
  ],
  [
    1614902400000,
    0.09189619525448842
  ],
  [
    1614988800000,
    0.09573430229448988
  ],
  [
    1615075200000,
    0.09183827083552161
  ],
  [
    1615161600000,
    0.09449237883780713
  ],
  [
    1615248000000,
    0.09771573571162886
  ],
  [
    1615334400000,
    0.10857620683040214
  ],
  [
    1615420800000,
    0.11132300235073149
  ],
  [
    1615507200000,
    0.1120657354939571
  ],
  [
    1615593600000,
    0.10900603340592004
  ],
  [
    1615680000000,
    0.11554347935066914
  ],
  [
    1615766400000,
    0.11711567803658295
  ],
  [
    1615852800000,
    0.11214739262774139
  ],
  [
    1615939200000,
    0.10738838178402894
  ],
  [
    1616025600000,
    0.10793927170187151
  ],
  [
    1616112000000,
    0.10974549818336675
  ],
  [
    1616198400000,
    0.1154038683184721
  ],
  [
    1616284800000,
    0.11513608386396698
  ],
  [
    1616371200000,
    0.10942908578148991
  ],
  [
    1616457600000,
    0.10469186802712128
  ],
  [
    1616544000000,
    0.1059702305159224
  ],
  [
    1616630400000,
    0.10219064470420221
  ],
  [
    1616716800000,
    0.10321512356381059
  ],
  [
    1616803200000,
    0.10553493812591902
  ],
  [
    1616889600000,
    0.10707759053856103
  ],
  [
    1616976000000,
    0.10955049016637393
  ],
  [
    1617062400000,
    0.1101677121007484
  ],
  [
    1617148800000,
    0.11435076202044964
  ],
  [
    1617235200000,
    0.11443552971588349
  ],
  [
    1617321600000,
    0.11131324613417269
  ],
  [
    1617408000000,
    0.11601672317921173
  ],
  [
    1617494400000,
    0.11304908131086186
  ],
  [
    1617580800000,
    0.10991364076423402
  ],
  [
    1617667200000,
    0.10951619924715562
  ],
  [
    1617753600000,
    0.11557660433060798
  ],
  [
    1617840000000,
    0.1085267085162647
  ],
  [
    1617926400000,
    0.10773387217564988
  ],
  [
    1618012800000,
    0.11431998781751551
  ],
  [
    1618099200000,
    0.11401422308783289
  ],
  [
    1618185600000,
    0.11757338969173972
  ],
  [
    1618272000000,
    0.11697017111692244
  ],
  [
    1618358400000,
    0.12406420368820845
  ],
  [
    1618444800000,
    0.1228513973598988
  ],
  [
    1618531200000,
    0.12347246217315087
  ],
  [
    1618617600000,
    0.12024579526140597
  ],
  [
    1618704000000,
    0.11932252138676479
  ],
  [
    1618790400000,
    0.11138801916765531
  ],
  [
    1618876800000,
    0.10259684215596432
  ],
  [
    1618963200000,
    0.11169531989349347
  ],
  [
    1619049600000,
    0.10384350268258102
  ],
  [
    1619136000000,
    0.09648450720472285
  ],
  [
    1619222400000,
    0.09582139898032489
  ],
  [
    1619308800000,
    0.09967486799685453
  ],
  [
    1619395200000,
    0.09138696829979923
  ],
  [
    1619481600000,
    0.10461859916605637
  ],
  [
    1619568000000,
    0.10635779719937047
  ],
  [
    1619654400000,
    0.10715303228638327
  ],
  [
    1619740800000,
    0.10573856608309751
  ],
  [
    1619827200000,
    0.11146433300392027
  ],
  [
    1619913600000,
    0.10838830269768403
  ],
  [
    1620000000000,
    0.10660527811667897
  ],
  [
    1620086400000,
    0.10186576528615772
  ],
  [
    1620172800000,
    0.09889021466158777
  ],
  [
    1620259200000,
    0.1061579411332333
  ],
  [
    1620345600000,
    0.10340540513573288
  ],
  [
    1620432000000,
    0.10389944792070717
  ],
  [
    1620518400000,
    0.10729715307784976
  ],
  [
    1620604800000,
    0.10521968189798055
  ],
  [
    1620691200000,
    0.09896921954605849
  ],
  [
    1620777600000,
    0.10332112313461314
  ],
  [
    1620864000000,
    0.09847864218904238
  ],
  [
    1620950400000,
    0.08840017689132523
  ],
  [
    1621036800000,
    0.09189860166615031
  ],
  [
    1621123200000,
    0.0872489235745582
  ],
  [
    1621209600000,
    0.08032703231999705
  ],
  [
    1621296000000,
    0.07705436541288407
  ],
  [
    1621382400000,
    0.08028632093331377
  ],
  [
    1621468800000,
    0.06748955148391698
  ],
  [
    1621555200000,
    0.07312640390208026
  ],
  [
    1621641600000,
    0.06745560923097306
  ],
  [
    1621728000000,
    0.06756418461321116
  ],
  [
    1621814400000,
    0.06214470296268835
  ],
  [
    1621900800000,
    0.0697282283354973
  ],
  [
    1621987200000,
    0.07044559816085018
  ],
  [
    1622073600000,
    0.07031567666822118
  ],
  [
    1622160000000,
    0.07271592894513282
  ],
  [
    1622246400000,
    0.06323652266030681
  ],
  [
    1622332800000,
    0.062191592438567714
  ],
  [
    1622419200000,
    0.06365140747820369
  ],
  [
    1622505600000,
    0.06725362028263569
  ],
  [
    1622592000000,
    0.06668983045612895
  ],
  [
    1622678400000,
    0.06545827941441103
  ],
  [
    1622764800000,
    0.07117497418530572
  ],
  [
    1622851200000,
    0.06416892614935506
  ],
  [
    1622937600000,
    0.06398116607092447
  ],
  [
    1623024000000,
    0.06348252866372318
  ],
  [
    1623110400000,
    0.06280528893546433
  ],
  [
    1623196800000,
    0.0604216539918009
  ],
  [
    1623283200000,
    0.06636203905314017
  ],
  [
    1623369600000,
    0.06377077739588947
  ],
  [
    1623456000000,
    0.07009078102414722
  ],
  [
    1623542400000,
    0.06431535386913294
  ],
  [
    1623628800000,
    0.06883365065007768
  ],
  [
    1623715200000,
    0.07284999225418104
  ],
  [
    1623801600000,
    0.07180869417666783
  ],
  [
    1623888000000,
    0.0686848489204487
  ],
  [
    1623974400000,
    0.07041286600546592
  ],
  [
    1624060800000,
    0.06500916524034264
  ],
  [
    1624147200000,
    0.06475172391512915
  ],
  [
    1624233600000,
    0.0667887938473202
  ],
  [
    1624320000000,
    0.05753258542252585
  ],
  [
    1624406400000,
    0.06038862365531288
  ],
  [
    1624492800000,
    0.06262110561532838
  ],
  [
    1624579200000,
    0.06327323526323418
  ],
  [
    1624665600000,
    0.05477821699225025
  ],
  [
    1624752000000,
    0.057653958448969665
  ],
  [
    1624838400000,
    0.059583394411859225
  ],
  [
    1624924800000,
    0.0603870316081949
  ],
  [
    1625011200000,
    0.06718044430490423
  ],
  [
    1625097600000,
    0.062375257260032464
  ],
  [
    1625184000000,
    0.06308622060286091
  ],
  [
    1625270400000,
    0.05888458109133764
  ],
  [
    1625356800000,
    0.06359000762098624
  ],
  [
    1625443200000,
    0.06404349636425967
  ],
  [
    1625529600000,
    0.06042033693768784
  ],
  [
    1625616000000,
    0.06314852396046698
  ],
  [
    1625702400000,
    0.0609107527115434
  ],
  [
    1625788800000,
    0.059487467443082226
  ],
  [
    1625875200000,
    0.05928738786150057
  ],
  [
    1625961600000,
    0.06104323609442713
  ],
  [
    1626048000000,
    0.06409622049148894
  ],
  [
    1626134400000,
    0.057656019968879195
  ],
  [
    1626220800000,
    0.06102154985967596
  ],
  [
    1626307200000,
    0.06081540342514113
  ],
  [
    1626393600000,
    0.05642693070301275
  ],
  [
    1626480000000,
    0.055323444204815324
  ],
  [
    1626566400000,
    0.05640575576481957
  ],
  [
    1626652800000,
    0.05752838644219958
  ],
  [
    1626739200000,
    0.058203234375436196
  ],
  [
    1626825600000,
    0.05304813962114607
  ],
  [
    1626912000000,
    0.05946290163752933
  ],
  [
    1626998400000,
    0.05866467604963147
  ],
  [
    1627084800000,
    0.05715475980745344
  ],
  [
    1627171200000,
    0.06122704056442794
  ],
  [
    1627257600000,
    0.06100864237581133
  ],
  [
    1627344000000,
    0.0678081053570046
  ],
  [
    1627430400000,
    0.07174891939168006
  ],
  [
    1627516800000,
    0.07415704517769851
  ],
  [
    1627603200000,
    0.0729096662683219
  ],
  [
    1627689600000,
    0.07353521098227667
  ],
  [
    1627776000000,
    0.07541864527143888
  ],
  [
    1627862400000,
    0.07145752045581145
  ],
  [
    1627948800000,
    0.07106006317787927
  ],
  [
    1628035200000,
    0.07026240443638489
  ],
  [
    1628121600000,
    0.0745869870833106
  ],
  [
    1628208000000,
    0.073371755190089
  ],
  [
    1628294400000,
    0.07468772429514532
  ],
  [
    1628380800000,
    0.07892467961561647
  ],
  [
    1628467200000,
    0.0835473988093561
  ],
  [
    1628553600000,
    0.08221849386064821
  ],
  [
    1628640000000,
    0.08229442725325005
  ],
  [
    1628726400000,
    0.0824716959831918
  ],
  [
    1628812800000,
    0.08147235298296884
  ],
  [
    1628899200000,
    0.08697809130136744
  ],
  [
    1628985600000,
    0.08777386340025757
  ],
  [
    1629072000000,
    0.08209583086190643
  ],
  [
    1629158400000,
    0.08686151212772943
  ],
  [
    1629244800000,
    0.08168807984688879
  ],
  [
    1629331200000,
    0.08220858781105486
  ],
  [
    1629417600000,
    0.08759285149557121
  ],
  [
    1629504000000,
    0.09179784141385784
  ],
  [
    1629590400000,
    0.0887992041099042
  ],
  [
    1629676800000,
    0.08667428450171127
  ],
  [
    1629763200000,
    0.09324320769268056
  ],
  [
    1629849600000,
    0.08850762172945514
  ],
  [
    1629936000000,
    0.09262013693531136
  ],
  [
    1630022400000,
    0.08444379473111525
  ],
  [
    1630108800000,
    0.08973806136038613
  ],
  [
    1630195200000,
    0.0911748593821405
  ],
  [
    1630281600000,
    0.08754232971684628
  ],
  [
    1630368000000,
    0.0895084037633013
  ],
  [
    1630454400000,
    0.08436658450835725
  ],
  [
    1630540800000,
    0.0858984905476179
  ],
  [
    1630627200000,
    0.09389440675430127
  ]
]