[
  [
    1623715200000,
    617190.9367760038
  ],
  [
    1623801600000,
    617190.9367760038
  ],
  [
    1623888000000,
    534308.5385118494
  ],
  [
    1623974400000,
    245974.70198913466
  ],
  [
    1624060800000,
    536033.4974247628
  ],
  [
    1624147200000,
    476388.6826100182
  ],
  [
    1624233600000,
    255602.9083584801
  ],
  [
    1624320000000,
    335555.048781189
  ],
  [
    1624406400000,
    381232.6557496323
  ],
  [
    1624492800000,
    360231.1091352333
  ],
  [
    1624579200000,
    345883.3484172666
  ],
  [
    1624665600000,
    318603.8999934994
  ],
  [
    1624752000000,
    273607.7114567554
  ],
  [
    1624838400000,
    293497.52936556825
  ],
  [
    1624924800000,
    929482.5752761251
  ],
  [
    1625011200000,
    1082372.7566815594
  ],
  [
    1625097600000,
    808352.3492523613
  ],
  [
    1625184000000,
    824464.1345322313
  ],
  [
    1625270400000,
    608759.0223156309
  ],
  [
    1625356800000,
    673938.2223216529
  ],
  [
    1625443200000,
    479842.50975934585
  ],
  [
    1625529600000,
    401992.2590817164
  ],
  [
    1625616000000,
    613712.0844830448
  ],
  [
    1625702400000,
    646438.9924968428
  ],
  [
    1625788800000,
    503991.0602479045
  ],
  [
    1625875200000,
    467245.6654631795
  ],
  [
    1625961600000,
    422202.329257389
  ],
  [
    1626048000000,
    416796.63247300667
  ],
  [
    1626134400000,
    391332.71186733624
  ],
  [
    1626220800000,
    375474.5198603914
  ],
  [
    1626307200000,
    355712.67869223125
  ],
  [
    1626393600000,
    311317.41109212895
  ],
  [
    1626480000000,
    339487.07288440154
  ],
  [
    1626566400000,
    274724.2242154139
  ],
  [
    1626652800000,
    314531.76354286
  ],
  [
    1626739200000,
    366727.3316498872
  ],
  [
    1626825600000,
    367961.17139341624
  ],
  [
    1626912000000,
    480602.58024593216
  ],
  [
    1626998400000,
    502207.02573563263
  ],
  [
    1627084800000,
    557611.4578994047
  ],
  [
    1627171200000,
    1129148.923979689
  ],
  [
    1627257600000,
    1459630.607467787
  ],
  [
    1627344000000,
    1430019.9185524115
  ],
  [
    1627430400000,
    1138592.4476838124
  ],
  [
    1627516800000,
    958708.6246637616
  ],
  [
    1627603200000,
    1185616.6547890333
  ],
  [
    1627689600000,
    1691047.8669909774
  ],
  [
    1627776000000,
    2205991.832154362
  ],
  [
    1627862400000,
    1619611.1201110017
  ],
  [
    1627948800000,
    1481160.7209187653
  ],
  [
    1628035200000,
    1106169.638249386
  ],
  [
    1628121600000,
    989888.5916455764
  ],
  [
    1628208000000,
    1176236.1181342637
  ],
  [
    1628294400000,
    925876.8066593058
  ],
  [
    1628380800000,
    960929.729246923
  ],
  [
    1628467200000,
    858728.4876597532
  ],
  [
    1628553600000,
    882484.9280477599
  ],
  [
    1628640000000,
    743476.9961146747
  ],
  [
    1628726400000,
    579834.3522147905
  ],
  [
    1628812800000,
    429864.47822123877
  ],
  [
    1628899200000,
    655372.9663463349
  ],
  [
    1628985600000,
    612723.1816017644
  ],
  [
    1629072000000,
    512897.6098485394
  ],
  [
    1629158400000,
    301996.31908405275
  ],
  [
    1629244800000,
    342087.6091663905
  ],
  [
    1629331200000,
    433758.78086767305
  ],
  [
    1629417600000,
    321483.1356829889
  ],
  [
    1629504000000,
    438357.64554365864
  ],
  [
    1629590400000,
    362294.95066736283
  ],
  [
    1629676800000,
    319182.7298324942
  ],
  [
    1629763200000,
    249107.54900977557
  ],
  [
    1629849600000,
    269525.6394526975
  ],
  [
    1629936000000,
    349050.46118561627
  ],
  [
    1630022400000,
    627453.4635989735
  ],
  [
    1630108800000,
    480453.2002963812
  ],
  [
    1630195200000,
    392129.9113593206
  ],
  [
    1630281600000,
    277832.38070802635
  ],
  [
    1630368000000,
    277870.4209669251
  ],
  [
    1630454400000,
    427529.92393519793
  ],
  [
    1630540800000,
    472343.46622447576
  ],
  [
    1630627200000,
    347496.8690363812
  ]
]