[
  [
    1620259200000,
    0.06189940377741695
  ],
  [
    1620345600000,
    0.06189940377741695
  ],
  [
    1620432000000,
    0.04960365075657617
  ],
  [
    1620518400000,
    0.04693144129483297
  ],
  [
    1620604800000,
    0.05111294248370664
  ],
  [
    1620691200000,
    0.047657941636435205
  ],
  [
    1620777600000,
    0.05044283170487438
  ],
  [
    1620864000000,
    0.04480351671068748
  ],
  [
    1620950400000,
    0.035797601687315835
  ],
  [
    1621036800000,
    0.04439889654769461
  ],
  [
    1621123200000,
    0.03616896396022601
  ],
  [
    1621209600000,
    0.03476556990941358
  ],
  [
    1621296000000,
    0.02890091310509877
  ],
  [
    1621382400000,
    0.028651225215946305
  ],
  [
    1621468800000,
    0.018929105218451824
  ],
  [
    1621555200000,
    0.021061495228211654
  ],
  [
    1621641600000,
    0.017820079214149923
  ],
  [
    1621728000000,
    0.015974411392559996
  ],
  [
    1621814400000,
    0.013378154119299192
  ],
  [
    1621900800000,
    0.016808583603143454
  ],
  [
    1621987200000,
    0.01731653998238756
  ],
  [
    1622073600000,
    0.019166625884399987
  ],
  [
    1622160000000,
    0.024367310914804347
  ],
  [
    1622246400000,
    0.019963260486680408
  ],
  [
    1622332800000,
    0.017741625865378963
  ],
  [
    1622419200000,
    0.018952172960831782
  ],
  [
    1622505600000,
    0.01804284998434366
  ],
  [
    1622592000000,
    0.021411800015059716
  ],
  [
    1622678400000,
    0.02336193747130525
  ],
  [
    1622764800000,
    0.02289715462802071
  ],
  [
    1622851200000,
    0.020972160566684644
  ],
  [
    1622937600000,
    0.019753630269723297
  ],
  [
    1623024000000,
    0.02098145750940421
  ],
  [
    1623110400000,
    0.019738237753325148
  ],
  [
    1623196800000,
    0.01891920725315336
  ],
  [
    1623283200000,
    0.020271968533570005
  ],
  [
    1623369600000,
    0.018408993841082116
  ],
  [
    1623456000000,
    0.017652363114515263
  ],
  [
    1623542400000,
    0.017041124958589025
  ],
  [
    1623628800000,
    0.01775166418962767
  ],
  [
    1623715200000,
    0.01821109960510141
  ],
  [
    1623801600000,
    0.018238796424211775
  ],
  [
    1623888000000,
    0.017024933190571263
  ],
  [
    1623974400000,
    0.014472396931252593
  ],
  [
    1624060800000,
    0.013798523429825345
  ],
  [
    1624147200000,
    0.013411352248546218
  ],
  [
    1624233600000,
    0.013481617971558939
  ],
  [
    1624320000000,
    0.010930172229040766
  ],
  [
    1624406400000,
    0.009983175072833847
  ],
  [
    1624492800000,
    0.011165464237951343
  ],
  [
    1624579200000,
    0.011820671032617202
  ],
  [
    1624665600000,
    0.010557102201462174
  ],
  [
    1624752000000,
    0.0103951560035161
  ],
  [
    1624838400000,
    0.010761933823933022
  ],
  [
    1624924800000,
    0.011045125549579161
  ],
  [
    1625011200000,
    0.011671639246656727
  ],
  [
    1625097600000,
    0.010966290670382078
  ],
  [
    1625184000000,
    0.010610781453349613
  ],
  [
    1625270400000,
    0.010491670615613544
  ],
  [
    1625356800000,
    0.010686821163392016
  ],
  [
    1625443200000,
    0.011037068464036674
  ],
  [
    1625529600000,
    0.01076774476233394
  ],
  [
    1625616000000,
    0.011203503116242103
  ],
  [
    1625702400000,
    0.01163736764545963
  ],
  [
    1625788800000,
    0.011066860081902035
  ],
  [
    1625875200000,
    0.011101969159493498
  ],
  [
    1625961600000,
    0.011064711401021358
  ],
  [
    1626048000000,
    0.011319025408763238
  ],
  [
    1626134400000,
    0.010943370163694241
  ],
  [
    1626220800000,
    0.0106885395804133
  ],
  [
    1626307200000,
    0.010719690176210361
  ],
  [
    1626393600000,
    0.010941444100949929
  ],
  [
    1626480000000,
    0.010442680816689266
  ],
  [
    1626566400000,
    0.009364872556228846
  ],
  [
    1626652800000,
    0.009342233710313239
  ],
  [
    1626739200000,
    0.008833522992064146
  ],
  [
    1626825600000,
    0.00826494139309284
  ],
  [
    1626912000000,
    0.009043136877377777
  ],
  [
    1626998400000,
    0.009208756301258786
  ],
  [
    1627084800000,
    0.008762649226459198
  ],
  [
    1627171200000,
    0.009019918724308991
  ],
  [
    1627257600000,
    0.009655444963797676
  ],
  [
    1627344000000,
    0.009664024775120936
  ],
  [
    1627430400000,
    0.009803964480875338
  ],
  [
    1627516800000,
    0.010015249267359064
  ],
  [
    1627603200000,
    0.010119138263082188
  ],
  [
    1627689600000,
    0.010150029528432953
  ],
  [
    1627776000000,
    0.010661909727976841
  ],
  [
    1627862400000,
    0.010859001708283033
  ],
  [
    1627948800000,
    0.010723394582350785
  ],
  [
    1628035200000,
    0.010416752367840742
  ],
  [
    1628121600000,
    0.010276771483427177
  ],
  [
    1628208000000,
    0.0104931599116263
  ],
  [
    1628294400000,
    0.010399543579169439
  ],
  [
    1628380800000,
    0.010796692701439603
  ],
  [
    1628467200000,
    0.010692471131191266
  ],
  [
    1628553600000,
    0.010897542253493013
  ],
  [
    1628640000000,
    0.011401833309038439
  ],
  [
    1628726400000,
    0.012115933317381937
  ],
  [
    1628812800000,
    0.01156204868015194
  ],
  [
    1628899200000,
    0.011543923191016178
  ],
  [
    1628985600000,
    0.011637382366396814
  ],
  [
    1629072000000,
    0.010960913549381298
  ],
  [
    1629158400000,
    0.011058681240890262
  ],
  [
    1629244800000,
    0.010432518546142211
  ],
  [
    1629331200000,
    0.010334479298819926
  ],
  [
    1629417600000,
    0.01068736742890939
  ],
  [
    1629504000000,
    0.010950820822743334
  ],
  [
    1629590400000,
    0.010702071067878823
  ],
  [
    1629676800000,
    0.010202174106961972
  ],
  [
    1629763200000,
    0.011596064145947708
  ],
  [
    1629849600000,
    0.010035488079739195
  ],
  [
    1629936000000,
    0.01042523506245655
  ],
  [
    1630022400000,
    0.009991251810670803
  ],
  [
    1630108800000,
    0.010125294841362186
  ],
  [
    1630195200000,
    0.009952085753457681
  ],
  [
    1630281600000,
    0.01000863465079068
  ],
  [
    1630368000000,
    0.009752879099266537
  ],
  [
    1630454400000,
    0.00964178380874002
  ],
  [
    1630540800000,
    0.01002309528991593
  ],
  [
    1630627200000,
    0.010026245467004377
  ]
]