[
  [
    1609804800000,
    176.26356333991285
  ],
  [
    1609891200000,
    176.26356333991285
  ],
  [
    1609977600000,
    3655.9342647685453
  ],
  [
    1610064000000,
    3697.806876994861
  ],
  [
    1610150400000,
    778.7967682056676
  ],
  [
    1610236800000,
    321.21496780074165
  ],
  [
    1610323200000,
    683.9719123180058
  ],
  [
    1610409600000,
    889.756160267396
  ],
  [
    1610496000000,
    306.1151903538951
  ],
  [
    1610582400000,
    6446.252777698612
  ],
  [
    1610668800000,
    3677.41783938164
  ],
  [
    1610755200000,
    528.4687233631989
  ],
  [
    1610841600000,
    897.198118413831
  ],
  [
    1610928000000,
    369.41892490032666
  ],
  [
    1611014400000,
    231.3314725676349
  ],
  [
    1611100800000,
    265.47491495470416
  ],
  [
    1611187200000,
    278.21646849035926
  ],
  [
    1611273600000,
    471.8784164059646
  ],
  [
    1611360000000,
    311.84892281092004
  ],
  [
    1611446400000,
    212.28349047012898
  ],
  [
    1611532800000,
    817.8352935223323
  ],
  [
    1611619200000,
    3419.2540221972386
  ],
  [
    1611705600000,
    408.6288661530553
  ],
  [
    1611792000000,
    1612.1021068144894
  ],
  [
    1611878400000,
    1626.4645972000496
  ],
  [
    1611964800000,
    1925.4217103430274
  ],
  [
    1612051200000,
    492.50284625733644
  ],
  [
    1612137600000,
    1003.26250563702
  ],
  [
    1612224000000,
    888.5526254456782
  ],
  [
    1612310400000,
    549.4075218094573
  ],
  [
    1612396800000,
    507.9364821830247
  ],
  [
    1612483200000,
    1206.6572367132233
  ],
  [
    1612569600000,
    1370.1068177770808
  ],
  [
    1612656000000,
    739.026093866924
  ],
  [
    1612742400000,
    556.2652800032761
  ],
  [
    1612828800000,
    687.880909821018
  ],
  [
    1612915200000,
    2926.065405643792
  ],
  [
    1613001600000,
    3571.2279737553163
  ],
  [
    1613088000000,
    2534.7669195971416
  ],
  [
    1613174400000,
    1813.485275487761
  ],
  [
    1613260800000,
    882.1238121651268
  ],
  [
    1613347200000,
    448.633709255521
  ],
  [
    1613433600000,
    110.96961635049118
  ],
  [
    1613520000000,
    1040.7131739565282
  ],
  [
    1613606400000,
    727.5167713080871
  ],
  [
    1613692800000,
    274.9646432313541
  ],
  [
    1613779200000,
    118.59714494573309
  ],
  [
    1613865600000,
    344.2314234792413
  ],
  [
    1613952000000,
    289.11206334409457
  ],
  [
    1614038400000,
    1183.5749569284924
  ],
  [
    1614124800000,
    69.53346714457008
  ],
  [
    1614211200000,
    299.32616605480223
  ],
  [
    1614297600000,
    429.9073801326401
  ],
  [
    1614384000000,
    118.8149157949759
  ],
  [
    1614470400000,
    126.71901052605597
  ],
  [
    1614556800000,
    279.1034287481405
  ],
  [
    1614643200000,
    86.22569016371948
  ],
  [
    1614729600000,
    92.01554945646936
  ],
  [
    1614816000000,
    135.62625540742732
  ],
  [
    1614902400000,
    227.13476026991913
  ],
  [
    1614988800000,
    360.56962778212755
  ],
  [
    1615075200000,
    81.73627938787847
  ],
  [
    1615161600000,
    481.5465592872678
  ],
  [
    1615248000000,
    276.76165250631647
  ],
  [
    1615334400000,
    72.9200883023773
  ],
  [
    1615420800000,
    213.3255964602834
  ],
  [
    1615507200000,
    215.32616256065873
  ],
  [
    1615593600000,
    174.43263890151275
  ],
  [
    1615680000000,
    244.32745242027744
  ],
  [
    1615766400000,
    550.2744194805078
  ],
  [
    1615852800000,
    33.73556377556848
  ],
  [
    1615939200000,
    9.774831803395378
  ],
  [
    1616025600000,
    3.61463534369383
  ],
  [
    1616112000000,
    99.55223350763636
  ],
  [
    1616198400000,
    35.474241592868154
  ],
  [
    1616284800000,
    74.28704364922753
  ],
  [
    1616371200000,
    1.1899532297864233
  ],
  [
    1616457600000,
    135.70701448320406
  ],
  [
    1616544000000,
    101.78163374978254
  ],
  [
    1616630400000,
    113.50811951474373
  ],
  [
    1616716800000,
    13.821190581391585
  ],
  [
    1616803200000,
    240.8843362835376
  ],
  [
    1616889600000,
    336.70859893942986
  ],
  [
    1616976000000,
    218.2021604585764
  ],
  [
    1617062400000,
    113.024120167202
  ],
  [
    1617148800000,
    360.0953422542624
  ],
  [
    1617235200000,
    32.91163428218422
  ],
  [
    1617321600000,
    53.00138381985282
  ],
  [
    1617408000000,
    1.4311779401343883
  ],
  [
    1617494400000,
    599.8250524978649
  ],
  [
    1617580800000,
    10.022020936123223
  ],
  [
    1617667200000,
    515.3453286188034
  ],
  [
    1617753600000,
    113.53648372729563
  ],
  [
    1617840000000,
    87.16046594157223
  ],
  [
    1617926400000,
    3.7970171668974095
  ],
  [
    1618012800000,
    300.1831726211474
  ],
  [
    1618099200000,
    58.94191786665376
  ],
  [
    1618185600000,
    10.38475666869205
  ],
  [
    1618272000000,
    0.8009651299845639
  ],
  [
    1618358400000,
    89.30278037277999
  ],
  [
    1618444800000,
    8.476055398545872
  ],
  [
    1618531200000,
    370.90573063036277
  ],
  [
    1618617600000,
    514.214201354249
  ],
  [
    1618704000000,
    5.091707313612437
  ],
  [
    1618790400000,
    0.1612177939238451
  ],
  [
    1618876800000,
    118.35584272073841
  ],
  [
    1618963200000,
    146.0514623275967
  ],
  [
    1619049600000,
    58.043422645218065
  ],
  [
    1619136000000,
    1.2582736504112597
  ],
  [
    1619222400000,
    84.7346916708354
  ],
  [
    1619308800000,
    0.05287593160598023
  ],
  [
    1619395200000,
    74.14071723274522
  ],
  [
    1619481600000,
    2.2911365711043286
  ],
  [
    1619568000000,
    34.87709577094302
  ],
  [
    1619654400000,
    23.950252692363573
  ],
  [
    1619740800000,
    94.51798025590594
  ],
  [
    1619827200000,
    29.782861006491093
  ],
  [
    1619913600000,
    8.85954012322751
  ],
  [
    1620000000000,
    1.0472733561424987
  ],
  [
    1620086400000,
    27.702681502253068
  ],
  [
    1620172800000,
    20.05416795268109
  ],
  [
    1620259200000,
    3.590955141652689
  ],
  [
    1620345600000,
    680.397352136782
  ],
  [
    1620432000000,
    53.03221058918657
  ],
  [
    1620518400000,
    1.2817975226326794
  ],
  [
    1620604800000,
    42.94434196055013
  ],
  [
    1620691200000,
    42.94434196055013
  ],
  [
    1620777600000,
    11.409280235440777
  ],
  [
    1620864000000,
    7.2570832651937955
  ],
  [
    1620950400000,
    0.9190028386617479
  ],
  [
    1621036800000,
    0.003063818719350808
  ],
  [
    1621123200000,
    216.8435876111799
  ],
  [
    1621209600000,
    41.38826377614129
  ],
  [
    1621296000000,
    40.07156192000492
  ],
  [
    1621382400000,
    0.9625197388303447
  ],
  [
    1621468800000,
    12.976524972070235
  ],
  [
    1621555200000,
    9.241395896342492
  ],
  [
    1621641600000,
    2.5397083642044365
  ],
  [
    1621728000000,
    23.02351917963043
  ],
  [
    1621814400000,
    126.05445047591999
  ],
  [
    1621900800000,
    15.01241980976745
  ],
  [
    1621987200000,
    118.03599976214555
  ],
  [
    1622073600000,
    4.559888237155958
  ],
  [
    1622160000000,
    18.34793831022389
  ],
  [
    1622246400000,
    1.4840428703755142
  ],
  [
    1622332800000,
    1.0094272949944518
  ],
  [
    1622419200000,
    39.59108751662311
  ],
  [
    1622505600000,
    214.08943898193544
  ],
  [
    1622592000000,
    0.23278737435297706
  ],
  [
    1622678400000,
    169.58664361899244
  ],
  [
    1622764800000,
    15.561897077569203
  ],
  [
    1622851200000,
    14.287636653447363
  ],
  [
    1622937600000,
    26.75741888142193
  ],
  [
    1623024000000,
    2.4275091480992685
  ],
  [
    1623110400000,
    29.784488271958676
  ],
  [
    1623196800000,
    0.5853436996393444
  ],
  [
    1623283200000,
    0.5169878951362138
  ],
  [
    1623369600000,
    0.15883486246435197
  ],
  [
    1623456000000,
    1.22107992570672
  ],
  [
    1623542400000,
    171.33955397499528
  ],
  [
    1623628800000,
    59.27654050592407
  ],
  [
    1623715200000,
    0.24331170249127473
  ],
  [
    1623801600000,
    0.24331170249127473
  ],
  [
    1623888000000,
    0.08310043122455893
  ],
  [
    1623974400000,
    0.3403901475965586
  ],
  [
    1624060800000,
    0.3403901475965586
  ],
  [
    1624147200000,
    2.6734032356895825
  ],
  [
    1624233600000,
    14.187944269023152
  ],
  [
    1624320000000,
    0.5608164844474494
  ],
  [
    1624406400000,
    30.98981209588282
  ],
  [
    1624492800000,
    1.0522552027140415
  ],
  [
    1624579200000,
    37.06267030238939
  ],
  [
    1624665600000,
    0.8621296698146494
  ],
  [
    1624752000000,
    0.4337004761773419
  ],
  [
    1624838400000,
    1.3856054105704836
  ],
  [
    1624924800000,
    0.41832496072946584
  ],
  [
    1625011200000,
    1.1435917340907327
  ],
  [
    1625097600000,
    0.1155624753599932
  ],
  [
    1625184000000,
    20.49241804575764
  ],
  [
    1625270400000,
    51.40375642349977
  ],
  [
    1625356800000,
    4.801676499063969
  ],
  [
    1625443200000,
    0.8468253217691649
  ],
  [
    1625529600000,
    0.23825078837727576
  ],
  [
    1625616000000,
    4.332560328021109
  ],
  [
    1625702400000,
    4.4489800201453695
  ],
  [
    1625788800000,
    0.12289836695088104
  ],
  [
    1625875200000,
    1.2425766920874148
  ],
  [
    1625961600000,
    238.942857684512
  ],
  [
    1626048000000,
    2.8298256488509157
  ],
  [
    1626134400000,
    6.546770822149526
  ],
  [
    1626220800000,
    129.28470606227566
  ],
  [
    1626307200000,
    16.17202691619173
  ],
  [
    1626393600000,
    32.72172990499768
  ],
  [
    1626480000000,
    48.502517955332856
  ],
  [
    1626566400000,
    0.2868184733221222
  ],
  [
    1626652800000,
    2.6063663150965573
  ],
  [
    1626739200000,
    1.2402390160511523
  ],
  [
    1626825600000,
    120.03274092045864
  ],
  [
    1626912000000,
    46.59648720038135
  ],
  [
    1626998400000,
    0.22624095195307936
  ],
  [
    1627084800000,
    0.05270160592708412
  ],
  [
    1627171200000,
    0.27695391876960856
  ],
  [
    1627257600000,
    0.07820791091396082
  ],
  [
    1627344000000,
    5.387106965661986
  ],
  [
    1627430400000,
    20.401022976083283
  ],
  [
    1627516800000,
    8.726277098709314
  ],
  [
    1627603200000,
    100.66446570067055
  ],
  [
    1627689600000,
    125.04091401218153
  ],
  [
    1627776000000,
    12.570359661847453
  ],
  [
    1627862400000,
    13.625732112094656
  ],
  [
    1627948800000,
    51.4027583600183
  ],
  [
    1628035200000,
    0.2686873978891951
  ],
  [
    1628121600000,
    0.13032342606594452
  ],
  [
    1628208000000,
    161.9348191367483
  ],
  [
    1628294400000,
    8.176062210851066
  ],
  [
    1628380800000,
    3.163337350138141
  ],
  [
    1628467200000,
    5.262001008801375
  ],
  [
    1628553600000,
    85.1000145694652
  ],
  [
    1628640000000,
    4.087072087496021
  ],
  [
    1628726400000,
    34.370059837041616
  ],
  [
    1628812800000,
    1.1146310482484478
  ],
  [
    1628899200000,
    73.34237880835752
  ],
  [
    1628985600000,
    28.87019465400245
  ],
  [
    1629072000000,
    2.1391001156161202
  ],
  [
    1629158400000,
    5.021976825758675
  ],
  [
    1629244800000,
    10.580558134220986
  ],
  [
    1629331200000,
    0.5825684650278241
  ],
  [
    1629417600000,
    53.114078352443116
  ],
  [
    1629504000000,
    4.755266251443125
  ],
  [
    1629590400000,
    3.7077149317994813
  ],
  [
    1629676800000,
    10.480491955612466
  ],
  [
    1629763200000,
    0.21199833894244902
  ],
  [
    1629849600000,
    1.0824351600860818
  ],
  [
    1629936000000,
    12.001361875451863
  ],
  [
    1630022400000,
    1.1722115715286654
  ],
  [
    1630108800000,
    13.214201911928395
  ],
  [
    1630195200000,
    40.6454760400108
  ],
  [
    1630281600000,
    5.780779156992211
  ],
  [
    1630368000000,
    49.00535428392112
  ],
  [
    1630454400000,
    5.2866414136855555
  ],
  [
    1630540800000,
    4.982232998106803
  ],
  [
    1630627200000,
    0.10488641042651918
  ]
]