[
  [
    1620086400000,
    0.04852586861269849
  ],
  [
    1620172800000,
    0.04852586861269849
  ],
  [
    1620259200000,
    0.04561432773001446
  ],
  [
    1620345600000,
    0.04307360099360396
  ],
  [
    1620432000000,
    0.03927377277191904
  ],
  [
    1620518400000,
    0.03153268984221929
  ],
  [
    1620604800000,
    0.03268499752434468
  ],
  [
    1620691200000,
    0.029746466249228772
  ],
  [
    1620777600000,
    0.0233173105419797
  ],
  [
    1620864000000,
    0.019434309606995114
  ],
  [
    1620950400000,
    0.01662572300265476
  ],
  [
    1621036800000,
    0.014223528415567385
  ],
  [
    1621123200000,
    0.013724263391164164
  ],
  [
    1621209600000,
    0.016335380412236786
  ],
  [
    1621296000000,
    0.013724297423959407
  ],
  [
    1621382400000,
    0.0239663773818465
  ],
  [
    1621468800000,
    0.012164550777942176
  ],
  [
    1621555200000,
    0.0007077163399502224
  ],
  [
    1621641600000,
    0.0005745870258792598
  ],
  [
    1621728000000,
    0.0005557124773243314
  ],
  [
    1621814400000,
    0.00048818476030744646
  ],
  [
    1621900800000,
    0.0005890237345389868
  ],
  [
    1621987200000,
    0.0006019885578410227
  ],
  [
    1622073600000,
    0.0006294801063134737
  ],
  [
    1622160000000,
    0.0006104400853817874
  ],
  [
    1622246400000,
    0.0005507896097572856
  ],
  [
    1622332800000,
    0.0005079885432231547
  ],
  [
    1622419200000,
    0.0005312148089729626
  ],
  [
    1622505600000,
    0.0005526098481929707
  ],
  [
    1622592000000,
    0.0005796636829402581
  ],
  [
    1622678400000,
    0.0006166069398967411
  ],
  [
    1622764800000,
    0.0006114510344037711
  ],
  [
    1622851200000,
    0.0005866487759909529
  ],
  [
    1622937600000,
    0.0005726113788978813
  ],
  [
    1623024000000,
    0.0005912308910693332
  ],
  [
    1623110400000,
    0.0005966463014849327
  ],
  [
    1623196800000,
    0.0005092957002861061
  ],
  [
    1623283200000,
    0.0005473006167323295
  ],
  [
    1623369600000,
    0.0005278884714023095
  ],
  [
    1623456000000,
    0.0004990645030990085
  ],
  [
    1623542400000,
    0.00046945773143449273
  ],
  [
    1623628800000,
    0.00048598735474236044
  ],
  [
    1623715200000,
    0.000488520331931487
  ],
  [
    1623801600000,
    0.0004713094598766925
  ],
  [
    1623888000000,
    0.00045356788854805663
  ],
  [
    1623974400000,
    0.0004552883962812351
  ],
  [
    1624060800000,
    0.00040977025482454943
  ],
  [
    1624147200000,
    0.00038680536508835
  ],
  [
    1624233600000,
    0.00038680536508835
  ],
  [
    1624320000000,
    0.00035417808547173545
  ],
  [
    1624406400000,
    0.0003203911788134534
  ],
  [
    1624492800000,
    0.0003508895312740696
  ],
  [
    1624579200000,
    0.00035478853721450127
  ],
  [
    1624665600000,
    0.0003193773697356833
  ],
  [
    1624752000000,
    0.00031931727416164245
  ],
  [
    1624838400000,
    0.00032784986770431434
  ],
  [
    1624924800000,
    0.0003781560033873794
  ],
  [
    1625011200000,
    0.0003904823834735109
  ],
  [
    1625097600000,
    0.000392943540717168
  ],
  [
    1625184000000,
    0.0003696235216967454
  ],
  [
    1625270400000,
    0.0003742374213316181
  ],
  [
    1625356800000,
    0.0003875969409929592
  ],
  [
    1625443200000,
    0.00038608740210965153
  ],
  [
    1625529600000,
    0.00038608740210965153
  ],
  [
    1625616000000,
    0.0003860446274026956
  ],
  [
    1625961600000,
    0.000373914860032241
  ],
  [
    1626048000000,
    0.000373914860032241
  ],
  [
    1626134400000,
    0.00036408981290338664
  ],
  [
    1626393600000,
    0.0003227896158500636
  ],
  [
    1626480000000,
    0.0003227896158500636
  ],
  [
    1626566400000,
    0.00033869548124953363
  ],
  [
    1626652800000,
    0.00033869548124953363
  ],
  [
    1626739200000,
    0.000325737879679686
  ],
  [
    1626825600000,
    0.0003405071377767952
  ],
  [
    1626912000000,
    0.0003405071377767952
  ],
  [
    1626998400000,
    0.00034469205756332397
  ],
  [
    1627344000000,
    0.0003803757463480583
  ],
  [
    1627430400000,
    0.0003803757463480583
  ],
  [
    1627516800000,
    0.00038743357951844724
  ],
  [
    1627603200000,
    0.00038260936658050684
  ],
  [
    1627689600000,
    0.0003847195615974716
  ],
  [
    1627776000000,
    0.0003995481544397355
  ],
  [
    1627862400000,
    0.00042551421682840586
  ],
  [
    1627948800000,
    0.0004188300104072876
  ],
  [
    1628294400000,
    0.0004787841077953253
  ],
  [
    1628380800000,
    0.0004787841077953253
  ],
  [
    1628553600000,
    0.0005062470451805857
  ],
  [
    1628640000000,
    0.0005062470451805857
  ],
  [
    1628726400000,
    0.0005232153391789024
  ],
  [
    1628812800000,
    0.0004874237971592971
  ],
  [
    1628899200000,
    0.0005193922123744835
  ],
  [
    1628985600000,
    0.0005193922123744835
  ],
  [
    1629072000000,
    0.0005174304895656682
  ],
  [
    1629158400000,
    0.0005227776862010693
  ],
  [
    1629417600000,
    0.0005051898540396792
  ],
  [
    1629504000000,
    0.0005051898540396792
  ],
  [
    1629590400000,
    0.0005227182022284425
  ],
  [
    1629676800000,
    0.0004940576402269316
  ],
  [
    1629763200000,
    0.0005243775318854723
  ],
  [
    1629849600000,
    0.0005188851266590401
  ],
  [
    1629936000000,
    0.0004854799295975949
  ],
  [
    1630022400000,
    0.0004854799295975949
  ],
  [
    1630108800000,
    0.000503689016116842
  ],
  [
    1630195200000,
    0.000503689016116842
  ],
  [
    1630368000000,
    0.0005293318495537058
  ],
  [
    1630454400000,
    0.0005293318495537058
  ]
]