[
  [
    1625529600000,
    5723690.735178463
  ],
  [
    1625616000000,
    5723690.735178463
  ],
  [
    1625702400000,
    417029.3561988099
  ],
  [
    1625788800000,
    395427.84424342396
  ],
  [
    1625875200000,
    134431.884020722
  ],
  [
    1625961600000,
    188942.68079563614
  ],
  [
    1626048000000,
    244571.56132726953
  ],
  [
    1626134400000,
    231866.71641541718
  ],
  [
    1626220800000,
    225412.53881095754
  ],
  [
    1626307200000,
    230129.43495484977
  ],
  [
    1626393600000,
    221802.50428591092
  ],
  [
    1626480000000,
    201039.0610715878
  ],
  [
    1626566400000,
    191934.03749235364
  ],
  [
    1626652800000,
    164708.52458223357
  ],
  [
    1626739200000,
    187540.7695068939
  ],
  [
    1626825600000,
    165274.65140094378
  ],
  [
    1626912000000,
    183441.10652907044
  ],
  [
    1626998400000,
    201046.10594456596
  ],
  [
    1627084800000,
    293094.71216191613
  ],
  [
    1627171200000,
    205110.36158841994
  ],
  [
    1627257600000,
    232019.32881300026
  ],
  [
    1627344000000,
    172233.70754157493
  ],
  [
    1627430400000,
    217209.25789630212
  ],
  [
    1627516800000,
    202074.12175217466
  ],
  [
    1627603200000,
    182027.48750796125
  ],
  [
    1627689600000,
    185940.03549214662
  ],
  [
    1627776000000,
    177290.45313155808
  ],
  [
    1627862400000,
    124739.02327929977
  ],
  [
    1627948800000,
    189438.38795480353
  ],
  [
    1628035200000,
    192354.84331611905
  ],
  [
    1628121600000,
    231944.85139916022
  ],
  [
    1628208000000,
    192097.63227611687
  ],
  [
    1628294400000,
    178647.47110040454
  ],
  [
    1628380800000,
    198841.3325354885
  ],
  [
    1628467200000,
    149229.44880782714
  ],
  [
    1628553600000,
    164408.85279259487
  ],
  [
    1628640000000,
    138130.58296207758
  ],
  [
    1628726400000,
    175684.4806502814
  ],
  [
    1628812800000,
    171104.92143203816
  ],
  [
    1628899200000,
    158762.45378796227
  ],
  [
    1628985600000,
    118461.29454265496
  ],
  [
    1629072000000,
    162299.58622278614
  ],
  [
    1629158400000,
    129656.25035721385
  ],
  [
    1629244800000,
    125667.75447532562
  ],
  [
    1629331200000,
    136890.94568942804
  ],
  [
    1629417600000,
    152014.30666301513
  ],
  [
    1629504000000,
    150038.25427740434
  ],
  [
    1629590400000,
    153448.6909540519
  ],
  [
    1629676800000,
    168069.44268152586
  ],
  [
    1629763200000,
    165089.39818629244
  ],
  [
    1629849600000,
    148345.10098213577
  ],
  [
    1629936000000,
    171493.18286343376
  ],
  [
    1630022400000,
    156307.09249360228
  ],
  [
    1630108800000,
    152525.68927906314
  ],
  [
    1630195200000,
    171181.89185074813
  ],
  [
    1630281600000,
    152844.6893747066
  ],
  [
    1630368000000,
    226305.01050544687
  ],
  [
    1630454400000,
    178427.50337871097
  ],
  [
    1630540800000,
    197082.80679832937
  ],
  [
    1630627200000,
    186408.75415028573
  ]
]