[
  [
    1564790400000,
    0.000011363013604077006
  ],
  [
    1564876800000,
    0.000008693170354175886
  ],
  [
    1564963200000,
    0.00001388583204366656
  ],
  [
    1565049600000,
    0.000011523779787139907
  ],
  [
    1565136000000,
    0.000010969623627833552
  ],
  [
    1565222400000,
    0.00001012127760256183
  ],
  [
    1565308800000,
    0.00000900714761182762
  ],
  [
    1565395200000,
    0.000007064973794915861
  ],
  [
    1565481600000,
    0.000004994644500996151
  ],
  [
    1565568000000,
    0.000004432395622734414
  ],
  [
    1565654400000,
    0.000004793324765817583
  ],
  [
    1565740800000,
    0.0000052413123312882
  ],
  [
    1565827200000,
    0.000011216871620656623
  ],
  [
    1565913600000,
    0.000012284396539500793
  ],
  [
    1566000000000,
    0.0000201153362396364
  ],
  [
    1566086400000,
    0.000028418941650921125
  ],
  [
    1566172800000,
    0.00005797349244367081
  ],
  [
    1566259200000,
    0.00003703054950847943
  ],
  [
    1566345600000,
    0.000027436948542152992
  ],
  [
    1566432000000,
    0.00002317583495176004
  ],
  [
    1566518400000,
    0.00003531814410064637
  ],
  [
    1566604800000,
    0.000029888086345671582
  ],
  [
    1566691200000,
    0.000029735074282233724
  ],
  [
    1566777600000,
    0.00002221565306545835
  ],
  [
    1566864000000,
    0.000028084609475747934
  ],
  [
    1566950400000,
    0.0000260608500718714
  ],
  [
    1567036800000,
    0.000021919649712647914
  ],
  [
    1567123200000,
    0.000012910838449680052
  ],
  [
    1567209600000,
    0.000011866660276060599
  ],
  [
    1567296000000,
    0.000009925462073210751
  ],
  [
    1567382400000,
    0.000010155661256123043
  ],
  [
    1567468800000,
    0.00001527524073289679
  ],
  [
    1567555200000,
    0.000013935488719456974
  ],
  [
    1567641600000,
    0.000019885226901857228
  ],
  [
    1567728000000,
    0.000015249525754570816
  ],
  [
    1567814400000,
    0.000016671408017869332
  ],
  [
    1567900800000,
    0.000017217841016429205
  ],
  [
    1567987200000,
    0.00001496592237566368
  ],
  [
    1568073600000,
    0.000010375050314391255
  ],
  [
    1568160000000,
    0.000011065679090842075
  ],
  [
    1568246400000,
    0.000011993071544600068
  ],
  [
    1568332800000,
    0.000011022531458602755
  ],
  [
    1568419200000,
    0.000010511088295338244
  ],
  [
    1568505600000,
    0.000010009497160545303
  ],
  [
    1568592000000,
    0.000009610335131445526
  ],
  [
    1568678400000,
    0.000010073796849157408
  ],
  [
    1568764800000,
    0.000010191443429843731
  ],
  [
    1568851200000,
    0.000009685796890685504
  ],
  [
    1568937600000,
    0.000007590363468489777
  ],
  [
    1569024000000,
    0.000008477195537293704
  ],
  [
    1569110400000,
    0.000008263692990078172
  ],
  [
    1569196800000,
    0.000006283651568677629
  ],
  [
    1569283200000,
    0.000006273811557386021
  ],
  [
    1569369600000,
    0.000007880972135653236
  ],
  [
    1569456000000,
    0.000006130643834917105
  ],
  [
    1569542400000,
    0.000007784432309953366
  ],
  [
    1569628800000,
    0.0000070305315310616665
  ],
  [
    1569715200000,
    0.000006683170378348481
  ],
  [
    1569801600000,
    0.000004757821206863961
  ],
  [
    1569888000000,
    0.0000060984013800276745
  ],
  [
    1569974400000,
    0.000006511600235725816
  ],
  [
    1570060800000,
    0.000006511600235725816
  ],
  [
    1570147200000,
    0.000004763363609936045
  ],
  [
    1570233600000,
    0.000004763363609936045
  ],
  [
    1570320000000,
    0.000005008121361332924
  ],
  [
    1570406400000,
    0.000004912571518442369
  ],
  [
    1570492800000,
    0.000004658142066818435
  ],
  [
    1570579200000,
    0.000003635098840404455
  ],
  [
    1570665600000,
    0.000003086182546487911
  ],
  [
    1570752000000,
    0.000003308681399573015
  ],
  [
    1570838400000,
    0.000004002146641456416
  ],
  [
    1570924800000,
    0.000003889628917458668
  ],
  [
    1571011200000,
    0.0000028620166298241202
  ],
  [
    1571097600000,
    0.0000030025690171169846
  ],
  [
    1571184000000,
    0.000003601077702574465
  ],
  [
    1571270400000,
    0.000003601282640002748
  ],
  [
    1571356800000,
    0.0000038128215649481158
  ],
  [
    1571443200000,
    0.000003020826438042012
  ],
  [
    1571529600000,
    0.0000034846539077962555
  ],
  [
    1571616000000,
    0.0000033840227953411285
  ],
  [
    1571702400000,
    0.000003574305472466208
  ],
  [
    1571788800000,
    0.0000035933751154293917
  ],
  [
    1571875200000,
    0.0000033804420561134566
  ],
  [
    1571961600000,
    0.0000035050177262807555
  ],
  [
    1572048000000,
    0.000004368648070676564
  ],
  [
    1572134400000,
    0.000004021413868042233
  ],
  [
    1572220800000,
    0.00000340443087437238
  ],
  [
    1572307200000,
    0.0000035864466140239
  ],
  [
    1572393600000,
    0.000003476880593289345
  ],
  [
    1572480000000,
    0.0000034642304120873283
  ],
  [
    1572566400000,
    0.0000033599456256742577
  ],
  [
    1572652800000,
    0.0000033833266665473267
  ],
  [
    1572739200000,
    0.000003036006061061426
  ],
  [
    1572825600000,
    0.0000031813849284045723
  ],
  [
    1572912000000,
    0.000002738347234728811
  ],
  [
    1572998400000,
    0.0000029992494084506043
  ],
  [
    1573084800000,
    0.0000025683008586170216
  ],
  [
    1573171200000,
    0.0000021001905466458364
  ],
  [
    1573257600000,
    0.0000025088414488299835
  ],
  [
    1573344000000,
    0.00000229955971059314
  ],
  [
    1573430400000,
    0.000002840108636045521
  ],
  [
    1573516800000,
    0.000002482020603756146
  ],
  [
    1573603200000,
    0.000002469417487127553
  ],
  [
    1573689600000,
    0.0000031556126199136123
  ],
  [
    1573776000000,
    0.0000029474741128194708
  ],
  [
    1573862400000,
    0.0000029520132981770617
  ],
  [
    1573948800000,
    0.000002922504692957796
  ],
  [
    1574035200000,
    0.00000299300521069071
  ],
  [
    1574121600000,
    0.000002200157034028125
  ],
  [
    1574208000000,
    0.0000021102030248998667
  ],
  [
    1574294400000,
    0.0000024419094242476218
  ],
  [
    1574380800000,
    0.0000026600662971729105
  ],
  [
    1574467200000,
    0.000003553785762313477
  ],
  [
    1574553600000,
    0.0000026518009043529617
  ],
  [
    1574640000000,
    0.0000012905180759691122
  ],
  [
    1574726400000,
    0.0000019444925828786177
  ],
  [
    1574812800000,
    0.0000016110242574186108
  ],
  [
    1574899200000,
    0.000001361784149556889
  ],
  [
    1574985600000,
    0.0000014201668565171441
  ],
  [
    1575072000000,
    0.0000013897034836657715
  ],
  [
    1575158400000,
    0.0000015009186144584226
  ],
  [
    1575244800000,
    0.0000013106518890644506
  ],
  [
    1575331200000,
    0.000001310509579153322
  ],
  [
    1575417600000,
    0.0000012895150588596773
  ],
  [
    1575504000000,
    0.0000012712756846229723
  ],
  [
    1575590400000,
    0.0000011601096834911379
  ],
  [
    1575676800000,
    0.0000013393386873129572
  ],
  [
    1575763200000,
    0.000001079984513156891
  ],
  [
    1575849600000,
    0.0000011085762067329873
  ],
  [
    1575936000000,
    0.0000013498602920713243
  ],
  [
    1576022400000,
    0.000001379761586970446
  ],
  [
    1576108800000,
    0.000004892291690817196
  ],
  [
    1576195200000,
    0.000004017075928652003
  ],
  [
    1576281600000,
    0.000004346174357713741
  ],
  [
    1576368000000,
    0.000003897527606557522
  ],
  [
    1576454400000,
    0.00000384620252158422
  ],
  [
    1576540800000,
    0.000003090638725655256
  ],
  [
    1576627200000,
    0.000003934596467384291
  ],
  [
    1576713600000,
    0.0000035811497663363972
  ],
  [
    1576800000000,
    0.000003850616618794861
  ],
  [
    1576886400000,
    0.0000037896748939174055
  ],
  [
    1576972800000,
    0.000003329858468008505
  ],
  [
    1577059200000,
    0.0000031974833043689695
  ],
  [
    1577145600000,
    0.0000029273334722092796
  ],
  [
    1577232000000,
    0.0000026085501574083506
  ],
  [
    1577318400000,
    0.0000029297110856051944
  ],
  [
    1577404800000,
    0.00000240012845338177
  ],
  [
    1577491200000,
    0.0000024894553482193357
  ],
  [
    1577577600000,
    0.0000016283864683554633
  ],
  [
    1577664000000,
    0.000001730418299860293
  ],
  [
    1577750400000,
    0.0000012287410368908984
  ],
  [
    1577836800000,
    0.0000015491110077483753
  ],
  [
    1577923200000,
    0.000001568567665969456
  ],
  [
    1578009600000,
    0.0000012095962288694928
  ],
  [
    1578096000000,
    0.0000017510995605830085
  ],
  [
    1578182400000,
    0.00000174935384393863
  ],
  [
    1578268800000,
    0.00000228827490120474
  ],
  [
    1578355200000,
    0.0000015161535784613345
  ],
  [
    1578441600000,
    0.0000019795228537742555
  ],
  [
    1578528000000,
    0.0000015085715709218974
  ],
  [
    1578614400000,
    0.0000015099043598664158
  ],
  [
    1578700800000,
    0.0000021960221394545604
  ],
  [
    1578787200000,
    0.0000021951544632301705
  ],
  [
    1578873600000,
    0.000002228114754285083
  ],
  [
    1578960000000,
    0.000002267263393796883
  ],
  [
    1579046400000,
    0.0000020100725872622497
  ],
  [
    1579132800000,
    0.0000018187100386510857
  ],
  [
    1579219200000,
    0.0000017869169685417374
  ],
  [
    1579305600000,
    0.00000158637482964321
  ],
  [
    1579392000000,
    0.0000020861808019064626
  ],
  [
    1579478400000,
    0.000001733450005482791
  ],
  [
    1579564800000,
    0.0000021664411144159702
  ],
  [
    1579651200000,
    0.0000019369958658864687
  ],
  [
    1579737600000,
    0.000002325456910453757
  ],
  [
    1579824000000,
    0.0000025878869126495597
  ],
  [
    1579910400000,
    0.0000027977440920548934
  ],
  [
    1579996800000,
    0.000002707509546999314
  ],
  [
    1580083200000,
    0.000002695090488931389
  ],
  [
    1580169600000,
    0.0000022554585251084863
  ],
  [
    1580256000000,
    0.0000024848691298356576
  ],
  [
    1580342400000,
    0.0000023215093957742567
  ],
  [
    1580428800000,
    0.0000024275206981615202
  ],
  [
    1580515200000,
    0.000002286990267903699
  ],
  [
    1580601600000,
    0.000002436528320223128
  ],
  [
    1580688000000,
    0.0000023178524720183635
  ],
  [
    1580774400000,
    0.0000022975827665653748
  ],
  [
    1580860800000,
    0.0000022907341163759992
  ],
  [
    1580947200000,
    0.0000019084871514041767
  ],
  [
    1581033600000,
    0.0000031737326538116104
  ],
  [
    1581120000000,
    0.0000026155310239326533
  ],
  [
    1581206400000,
    0.0000026378435191326733
  ],
  [
    1581292800000,
    0.00000263258004706527
  ],
  [
    1581379200000,
    0.000003412745314675832
  ],
  [
    1581465600000,
    0.0000031067735330927197
  ],
  [
    1581552000000,
    0.0000025632276213080604
  ],
  [
    1581638400000,
    0.0000023660673234789084
  ],
  [
    1581724800000,
    0.0000022476972412113798
  ],
  [
    1581811200000,
    0.0000022879379958112433
  ],
  [
    1581897600000,
    0.000002538865666173217
  ],
  [
    1581984000000,
    0.0000023539204387353045
  ],
  [
    1582070400000,
    0.000002257364145132831
  ],
  [
    1582156800000,
    0.0000024904838095417086
  ],
  [
    1582243200000,
    0.0000021686981379235213
  ],
  [
    1582329600000,
    0.0000029033294964507986
  ],
  [
    1582416000000,
    0.000002678890879094985
  ],
  [
    1582502400000,
    0.0000022953878455668615
  ],
  [
    1582588800000,
    0.000002599744015583349
  ],
  [
    1582675200000,
    0.0000023637559430919756
  ],
  [
    1582761600000,
    0.000002151020025555549
  ],
  [
    1582848000000,
    0.0000023385952783321055
  ],
  [
    1582934400000,
    0.000001882442407558077
  ],
  [
    1583020800000,
    0.0000019998312926705074
  ],
  [
    1583107200000,
    0.000002102945908592007
  ],
  [
    1583193600000,
    0.0000032308319976807138
  ],
  [
    1583280000000,
    0.000002986671298795571
  ],
  [
    1583366400000,
    0.0000021825799801935977
  ],
  [
    1583452800000,
    0.0000022104166876185303
  ],
  [
    1583539200000,
    0.0000025481956237508565
  ],
  [
    1583625600000,
    0.0000025410521131466468
  ],
  [
    1583712000000,
    0.0000022035946651826495
  ],
  [
    1583798400000,
    0.00000222599676523552
  ],
  [
    1583884800000,
    0.0000022845946436586933
  ],
  [
    1583971200000,
    0.000002152872717778392
  ],
  [
    1584057600000,
    0.0000021774212498711865
  ],
  [
    1584144000000,
    0.000002089316467415757
  ],
  [
    1584230400000,
    0.00000209774222672478
  ],
  [
    1584316800000,
    0.0000018636345099218073
  ],
  [
    1584403200000,
    0.0000018766065915633265
  ],
  [
    1584489600000,
    0.000001874893033270665
  ],
  [
    1584576000000,
    0.0000018901536433827867
  ],
  [
    1584662400000,
    0.0000018690252893817386
  ],
  [
    1584748800000,
    0.0000018744998601684072
  ],
  [
    1584835200000,
    0.0000016583711982845616
  ],
  [
    1584921600000,
    0.0000015324634812470352
  ],
  [
    1585008000000,
    0.0000017091070277441376
  ],
  [
    1585094400000,
    0.000001675754360624781
  ],
  [
    1585180800000,
    0.0000016959674058260597
  ],
  [
    1585267200000,
    0.000001649413559385565
  ],
  [
    1585353600000,
    0.0000015358368526973078
  ],
  [
    1585440000000,
    0.000001573445445244371
  ],
  [
    1585526400000,
    0.000001634068416166672
  ],
  [
    1585612800000,
    0.0000015338287863890254
  ],
  [
    1585699200000,
    0.0000017388931462296286
  ],
  [
    1585785600000,
    0.0000016344163364415116
  ],
  [
    1585872000000,
    0.0000013951116151838225
  ],
  [
    1585958400000,
    0.0000015075792209127659
  ],
  [
    1586044800000,
    0.000001506381770319593
  ],
  [
    1586131200000,
    0.0000015695903335775735
  ],
  [
    1586217600000,
    0.000001750830296369703
  ],
  [
    1586304000000,
    0.000001340464948466415
  ],
  [
    1586390400000,
    0.0000015885946850990988
  ],
  [
    1586476800000,
    0.0000016314926101300545
  ],
  [
    1586563200000,
    0.0000012917796815548235
  ],
  [
    1586649600000,
    0.0000013925735242864052
  ],
  [
    1586736000000,
    0.0000012123233482373268
  ],
  [
    1586822400000,
    0.0000011820459396775063
  ],
  [
    1586908800000,
    0.0000013996809557385907
  ],
  [
    1586995200000,
    0.0000010288745696749658
  ],
  [
    1587081600000,
    0.0000010993091615148701
  ],
  [
    1587168000000,
    0.0000012905643388918713
  ],
  [
    1587254400000,
    0.000001359900668608148
  ],
  [
    1587340800000,
    0.000001241074394437229
  ],
  [
    1587427200000,
    0.0000010468304852438013
  ],
  [
    1587513600000,
    0.0000010600728215309099
  ],
  [
    1587600000000,
    8.89512549574684e-7
  ],
  [
    1587686400000,
    8.286797382793666e-7
  ],
  [
    1587772800000,
    0.0000010093053702792903
  ],
  [
    1587859200000,
    9.093541397312573e-7
  ],
  [
    1587945600000,
    0.0000010325710213383224
  ],
  [
    1588032000000,
    7.307387807889169e-7
  ],
  [
    1588118400000,
    0.000001119757431767289
  ],
  [
    1588204800000,
    0.0000010598163534803784
  ],
  [
    1588291200000,
    0.0000010466073054743185
  ],
  [
    1588377600000,
    0.000001039279899313395
  ],
  [
    1588464000000,
    0.0000010006126171756769
  ],
  [
    1588550400000,
    9.909406972348969e-7
  ],
  [
    1588636800000,
    9.580868158524085e-7
  ],
  [
    1588723200000,
    0.0000010502199584236773
  ],
  [
    1588809600000,
    8.8023975302173e-7
  ],
  [
    1588896000000,
    0.0000010306226103672887
  ],
  [
    1588982400000,
    8.574280895832527e-7
  ],
  [
    1589068800000,
    0.0000010599239617403311
  ],
  [
    1589155200000,
    0.000001072069595127258
  ],
  [
    1589241600000,
    9.260486291844007e-7
  ],
  [
    1589328000000,
    9.492542665469595e-7
  ],
  [
    1589414400000,
    9.498862803458897e-7
  ],
  [
    1589500800000,
    7.9140512437145e-7
  ],
  [
    1589587200000,
    5.597597498775016e-7
  ],
  [
    1589673600000,
    6.593601205024289e-7
  ],
  [
    1589760000000,
    8.409590349868601e-7
  ],
  [
    1589846400000,
    8.901304074763294e-7
  ],
  [
    1589932800000,
    8.187651397044332e-7
  ],
  [
    1590019200000,
    8.722854172644975e-7
  ],
  [
    1590105600000,
    8.486739239909453e-7
  ],
  [
    1590192000000,
    8.48593044209934e-7
  ],
  [
    1590278400000,
    8.185607270175335e-7
  ],
  [
    1590364800000,
    7.414551534998194e-7
  ],
  [
    1590451200000,
    7.490840720243194e-7
  ],
  [
    1590537600000,
    8.390725188182461e-7
  ],
  [
    1590624000000,
    7.695200935914801e-7
  ],
  [
    1590710400000,
    7.523508604229783e-7
  ],
  [
    1590796800000,
    7.292826690557833e-7
  ],
  [
    1590883200000,
    7.689429160684889e-7
  ],
  [
    1590969600000,
    9.800017274216786e-7
  ],
  [
    1591056000000,
    9.376464719103959e-7
  ],
  [
    1591142400000,
    7.696167662879302e-7
  ],
  [
    1591228800000,
    8.992500948650264e-7
  ],
  [
    1591315200000,
    8.2975635648785e-7
  ],
  [
    1591401600000,
    9.109899440385585e-7
  ],
  [
    1591488000000,
    0.0000011506692659892166
  ],
  [
    1591574400000,
    0.0000011492956473130085
  ],
  [
    1591660800000,
    6.008430090675218e-7
  ],
  [
    1591747200000,
    9.603279653297858e-7
  ],
  [
    1591833600000,
    8.90362050557241e-7
  ],
  [
    1591920000000,
    9.296461720303819e-7
  ],
  [
    1592006400000,
    8.61798409001328e-7
  ],
  [
    1592092800000,
    8.69545739534284e-7
  ],
  [
    1592179200000,
    8.692056145256442e-7
  ],
  [
    1592265600000,
    9.097607048358551e-7
  ],
  [
    1592352000000,
    8.500934545983522e-7
  ],
  [
    1592438400000,
    8.804015101188147e-7
  ],
  [
    1592524800000,
    8.710111910019886e-7
  ],
  [
    1592611200000,
    6.999158185171838e-7
  ],
  [
    1592697600000,
    6.899859839203764e-7
  ],
  [
    1592784000000,
    6.899014098466171e-7
  ],
  [
    1592870400000,
    6.104055619962161e-7
  ],
  [
    1592956800000,
    6.397699116174612e-7
  ],
  [
    1593043200000,
    6.586906084776735e-7
  ],
  [
    1593129600000,
    8.101356039432872e-7
  ],
  [
    1593216000000,
    7.395414121560375e-7
  ],
  [
    1593302400000,
    8.012087022999971e-7
  ],
  [
    1593388800000,
    6.600482106784977e-7
  ],
  [
    1593475200000,
    6.498825908029123e-7
  ],
  [
    1593561600000,
    7.601236726846213e-7
  ],
  [
    1593648000000,
    7.197897025328501e-7
  ],
  [
    1593734400000,
    7.649313026623829e-7
  ],
  [
    1593993600000,
    7.700758170466077e-7
  ],
  [
    1594080000000,
    7.700758170466077e-7
  ],
  [
    1594166400000,
    7.297804466543083e-7
  ],
  [
    1594252800000,
    6.798139860969653e-7
  ],
  [
    1594339200000,
    7.099705403783229e-7
  ],
  [
    1594425600000,
    6.89851212998031e-7
  ],
  [
    1594512000000,
    6.998163758730564e-7
  ],
  [
    1594598400000,
    7.398892228219283e-7
  ],
  [
    1594684800000,
    6.899241434820766e-7
  ],
  [
    1594771200000,
    7.996179002435578e-7
  ],
  [
    1594857600000,
    8.191298685331593e-7
  ],
  [
    1594944000000,
    7.796915635966175e-7
  ],
  [
    1595030400000,
    7.600115596812098e-7
  ],
  [
    1595116800000,
    7.101230742494384e-7
  ],
  [
    1595203200000,
    7.803044842419252e-7
  ],
  [
    1595289600000,
    8.598050746647285e-7
  ],
  [
    1595376000000,
    9.300263260080832e-7
  ],
  [
    1595462400000,
    7.30981839824148e-7
  ],
  [
    1595548800000,
    7.40293160987136e-7
  ],
  [
    1595635200000,
    7.599459820210612e-7
  ],
  [
    1595721600000,
    8.098125380875143e-7
  ],
  [
    1595808000000,
    8.687389723958151e-7
  ],
  [
    1595894400000,
    8.857971713625239e-7
  ],
  [
    1595980800000,
    0.0000013490400535834412
  ],
  [
    1596067200000,
    0.0000010299448408136204
  ],
  [
    1596153600000,
    9.799191603285943e-7
  ],
  [
    1596240000000,
    9.182055322873106e-7
  ],
  [
    1596326400000,
    0.0000010207767808317886
  ],
  [
    1596412800000,
    0.0000010288327717221172
  ],
  [
    1596499200000,
    7.193592648127829e-7
  ],
  [
    1596585600000,
    7.70508443739836e-7
  ],
  [
    1596672000000,
    0.0000010290490213766307
  ],
  [
    1596758400000,
    0.0000010098279624960962
  ],
  [
    1596844800000,
    7.30260776999676e-7
  ],
  [
    1596931200000,
    0.0000013002042536229628
  ],
  [
    1597017600000,
    0.0000013111600747516573
  ],
  [
    1597104000000,
    8.597398710916086e-7
  ],
  [
    1597190400000,
    0.0000013303540062964812
  ],
  [
    1597276800000,
    0.0000017107325275263729
  ],
  [
    1597363200000,
    0.0000010015867586804458
  ],
  [
    1597449600000,
    0.0000012093870677918869
  ],
  [
    1597536000000,
    0.0000010809236986404049
  ],
  [
    1597622400000,
    0.000001339633365045435
  ],
  [
    1597708800000,
    0.0000015171184449713118
  ],
  [
    1597795200000,
    0.0000017618412612699423
  ],
  [
    1597881600000,
    0.00000178027579022851
  ],
  [
    1597968000000,
    0.000001369200448249703
  ],
  [
    1598054400000,
    0.000001792713223463455
  ],
  [
    1598140800000,
    0.0000011688975443728109
  ],
  [
    1598227200000,
    0.0000011394281338017084
  ],
  [
    1598313600000,
    0.000001349663468173068
  ],
  [
    1598400000000,
    0.0000010307541414220686
  ],
  [
    1598486400000,
    0.000001319832873751594
  ],
  [
    1598572800000,
    0.000001172309262058028
  ],
  [
    1598659200000,
    0.0000010801660651588825
  ],
  [
    1598745600000,
    0.0000011500580761013496
  ],
  [
    1598832000000,
    0.0000011201311100628037
  ],
  [
    1598918400000,
    0.0000011197833329675574
  ],
  [
    1599004800000,
    9.208930983008889e-7
  ],
  [
    1599091200000,
    9.801348314638128e-7
  ],
  [
    1599177600000,
    9.930818609051262e-7
  ],
  [
    1599264000000,
    9.312840140703873e-7
  ],
  [
    1599350400000,
    9.332603753687317e-7
  ],
  [
    1599436800000,
    8.512533477257836e-7
  ],
  [
    1599523200000,
    9.82221202916921e-7
  ],
  [
    1599609600000,
    9.198986244139729e-7
  ],
  [
    1599696000000,
    8.59698154046156e-7
  ],
  [
    1599782400000,
    8.797929424810751e-7
  ],
  [
    1599868800000,
    8.107700213868687e-7
  ],
  [
    1599955200000,
    7.399273385826776e-7
  ],
  [
    1600041600000,
    8.105353702637743e-7
  ],
  [
    1600128000000,
    9.10389400745249e-7
  ],
  [
    1600214400000,
    7.305057531616385e-7
  ],
  [
    1600300800000,
    6.300116303784814e-7
  ],
  [
    1600387200000,
    8.703931680923889e-7
  ],
  [
    1600473600000,
    7.103326923370138e-7
  ],
  [
    1600560000000,
    7.002728808992731e-7
  ],
  [
    1600646400000,
    8.004365001329612e-7
  ],
  [
    1600732800000,
    6.692090565387103e-7
  ],
  [
    1600819200000,
    6.902975858657814e-7
  ],
  [
    1600905600000,
    6.907839054765074e-7
  ],
  [
    1600992000000,
    6.397891491735915e-7
  ],
  [
    1601078400000,
    6.496534767384485e-7
  ],
  [
    1601164800000,
    7.89652009252141e-7
  ],
  [
    1601251200000,
    7.698077513193788e-7
  ],
  [
    1601337600000,
    7.797877303547729e-7
  ],
  [
    1601424000000,
    6.497913459542717e-7
  ],
  [
    1601510400000,
    6.69985693527066e-7
  ],
  [
    1601596800000,
    6.402599144958078e-7
  ],
  [
    1601683200000,
    6.402636122363964e-7
  ],
  [
    1601769600000,
    7.505449850973294e-7
  ],
  [
    1601856000000,
    6.104965660559608e-7
  ],
  [
    1601942400000,
    6.100783016086491e-7
  ],
  [
    1602028800000,
    6.200151440004708e-7
  ],
  [
    1602115200000,
    6.703068241458936e-7
  ],
  [
    1602201600000,
    6.303030470948853e-7
  ],
  [
    1602288000000,
    5.899988596523467e-7
  ],
  [
    1602374400000,
    5.800080771315186e-7
  ],
  [
    1602460800000,
    5.796163794984986e-7
  ],
  [
    1602547200000,
    5.79839735684978e-7
  ],
  [
    1602633600000,
    5.999287419189841e-7
  ],
  [
    1602720000000,
    5.703011398767888e-7
  ],
  [
    1602806400000,
    5.702530512074115e-7
  ],
  [
    1602892800000,
    5.401963574425933e-7
  ],
  [
    1602979200000,
    5.801595608776294e-7
  ],
  [
    1603065600000,
    5.403103236177897e-7
  ],
  [
    1603152000000,
    6.00458811805897e-7
  ],
  [
    1603238400000,
    5.106828616400846e-7
  ],
  [
    1603324800000,
    4.818120253289768e-7
  ],
  [
    1603411200000,
    5.296348261225256e-7
  ],
  [
    1603497600000,
    5.300658116054677e-7
  ],
  [
    1603584000000,
    5.897305796122318e-7
  ],
  [
    1603670400000,
    6.398750959650071e-7
  ],
  [
    1603756800000,
    6.600988090634146e-7
  ],
  [
    1603843200000,
    5.901521156139831e-7
  ],
  [
    1603929600000,
    5.294980770881276e-7
  ],
  [
    1604016000000,
    5.498580487849161e-7
  ],
  [
    1604102400000,
    5.299393400983099e-7
  ],
  [
    1604188800000,
    6.191778393336722e-7
  ],
  [
    1604275200000,
    5.389939499141402e-7
  ],
  [
    1604361600000,
    8.092528503413947e-7
  ],
  [
    1604448000000,
    8.303044226470384e-7
  ],
  [
    1604534400000,
    0.0000010988598227405517
  ],
  [
    1604620800000,
    0.0000010609870889249153
  ],
  [
    1604707200000,
    8.201089845204183e-7
  ],
  [
    1604793600000,
    8.102796942156046e-7
  ],
  [
    1604880000000,
    9.994620643172627e-7
  ],
  [
    1604966400000,
    8.795615330470928e-7
  ],
  [
    1605052800000,
    7.296056540092859e-7
  ],
  [
    1605139200000,
    7.799299222950474e-7
  ],
  [
    1605225600000,
    0.0000010893220300483912
  ],
  [
    1605312000000,
    9.597613146635198e-7
  ],
  [
    1605398400000,
    9.802873997793975e-7
  ],
  [
    1605484800000,
    9.205416118222539e-7
  ],
  [
    1605571200000,
    0.0000010591157720487457
  ],
  [
    1605657600000,
    8.292338483578547e-7
  ],
  [
    1605744000000,
    8.100681368187611e-7
  ],
  [
    1605830400000,
    7.792011373686309e-7
  ],
  [
    1605916800000,
    9.294095139841489e-7
  ],
  [
    1606003200000,
    8.880235899491554e-7
  ],
  [
    1606089600000,
    8.493040251349989e-7
  ],
  [
    1606176000000,
    7.881265618183602e-7
  ],
  [
    1606262400000,
    7.77503086333482e-7
  ],
  [
    1606348800000,
    7.006303927321577e-7
  ],
  [
    1606435200000,
    7.122495879243857e-7
  ],
  [
    1606521600000,
    7.288028248929044e-7
  ],
  [
    1606608000000,
    0.0000010401425030720943
  ],
  [
    1606694400000,
    0.0000010099350263699157
  ],
  [
    1606780800000,
    7.781271373157004e-7
  ],
  [
    1606867200000,
    9.101764309254501e-7
  ],
  [
    1606953600000,
    8.276576647086646e-7
  ],
  [
    1607040000000,
    7.001065372386834e-7
  ],
  [
    1607126400000,
    6.304341092177325e-7
  ],
  [
    1607212800000,
    6.303222416726668e-7
  ],
  [
    1607299200000,
    7.108385429277894e-7
  ],
  [
    1607385600000,
    6.306128906374271e-7
  ],
  [
    1607472000000,
    7.217530832666965e-7
  ],
  [
    1607558400000,
    6.903336803639219e-7
  ],
  [
    1607644800000,
    8.207981375213506e-7
  ],
  [
    1607731200000,
    7.801097395061303e-7
  ],
  [
    1607817600000,
    6.897772665341273e-7
  ],
  [
    1607904000000,
    6.497304709899392e-7
  ],
  [
    1607990400000,
    7.388116534578324e-7
  ],
  [
    1608076800000,
    6.702049127830542e-7
  ],
  [
    1608163200000,
    6.994109325146354e-7
  ],
  [
    1608249600000,
    6.882588029746172e-7
  ],
  [
    1608336000000,
    7.002012265959266e-7
  ],
  [
    1608422400000,
    6.599523997730391e-7
  ],
  [
    1608508800000,
    6.803451856862569e-7
  ],
  [
    1608595200000,
    6.884929169955433e-7
  ],
  [
    1608681600000,
    5.602232235770247e-7
  ],
  [
    1608768000000,
    5.846492236386904e-7
  ],
  [
    1608854400000,
    5.501751148533699e-7
  ],
  [
    1608940800000,
    6.898466336406443e-7
  ],
  [
    1609027200000,
    5.793059598265328e-7
  ],
  [
    1609113600000,
    7.486107484199506e-7
  ],
  [
    1609200000000,
    7.513903386720492e-7
  ],
  [
    1609286400000,
    9.017480242973992e-7
  ],
  [
    1609372800000,
    6.407114284269618e-7
  ],
  [
    1609459200000,
    8.110739712157632e-7
  ],
  [
    1609545600000,
    6.409881310956278e-7
  ],
  [
    1609632000000,
    6.605542457679229e-7
  ],
  [
    1609718400000,
    7.839846144960472e-7
  ],
  [
    1609804800000,
    8.010242336338862e-7
  ],
  [
    1609891200000,
    8.32356177066101e-7
  ],
  [
    1609977600000,
    8.903370759003261e-7
  ],
  [
    1610064000000,
    8.861714866991513e-7
  ],
  [
    1610150400000,
    8.607647659777233e-7
  ],
  [
    1610236800000,
    0.0000010967938602341053
  ],
  [
    1610323200000,
    9.810268568349085e-7
  ],
  [
    1610409600000,
    0.0000010015909181778491
  ],
  [
    1610496000000,
    8.636900711052533e-7
  ],
  [
    1610582400000,
    0.000001355097742958698
  ],
  [
    1610668800000,
    0.0000014263990391080696
  ],
  [
    1610755200000,
    0.000001272258875132424
  ],
  [
    1610841600000,
    0.000001941972876729722
  ],
  [
    1610928000000,
    0.0000017980357829343074
  ],
  [
    1611014400000,
    0.000002247354745801887
  ],
  [
    1611100800000,
    0.0000023999728004083435
  ],
  [
    1611187200000,
    0.0000024026078238269724
  ],
  [
    1611273600000,
    0.0000024527394083895746
  ],
  [
    1611360000000,
    0.0000015222351141085986
  ],
  [
    1611446400000,
    0.0000019985846371100125
  ],
  [
    1611532800000,
    0.0000020075929191506926
  ],
  [
    1611619200000,
    0.0000022164168602870394
  ],
  [
    1611705600000,
    0.0000020967035775430806
  ],
  [
    1611792000000,
    0.000002193907596551723
  ],
  [
    1611878400000,
    0.0000019580020193367472
  ],
  [
    1611964800000,
    0.00000185616015297973
  ],
  [
    1612051200000,
    0.0000024338731564317506
  ],
  [
    1612137600000,
    0.000002459169645358375
  ],
  [
    1612224000000,
    0.000002320144912201783
  ],
  [
    1612310400000,
    0.000002109700975077038
  ],
  [
    1612396800000,
    0.0000021014974822336715
  ],
  [
    1612483200000,
    0.0000025091297955513532
  ],
  [
    1612569600000,
    0.0000018213169747392808
  ],
  [
    1612656000000,
    0.0000014317634210287347
  ],
  [
    1612742400000,
    0.0000017863623664167396
  ],
  [
    1612828800000,
    0.0000015237407462167478
  ],
  [
    1612915200000,
    0.0000010468219157454551
  ],
  [
    1613001600000,
    0.0000013508669686684393
  ],
  [
    1613088000000,
    0.0000017915966887501506
  ],
  [
    1613174400000,
    0.000001722798997921863
  ],
  [
    1613260800000,
    0.0000018201021653627724
  ],
  [
    1613347200000,
    0.000001641503186681188
  ],
  [
    1613433600000,
    0.0000015336242454831484
  ],
  [
    1613520000000,
    0.0000017591172393742657
  ],
  [
    1613606400000,
    0.0000015410221977665808
  ],
  [
    1613692800000,
    0.0000015141475668828097
  ],
  [
    1613779200000,
    0.0000011546145953129493
  ],
  [
    1613865600000,
    0.0000013518693638869022
  ],
  [
    1613952000000,
    0.000001457671903644625
  ],
  [
    1614038400000,
    0.000001506958438752329
  ],
  [
    1614124800000,
    0.000001163029106583597
  ],
  [
    1614211200000,
    0.0000013200929017060598
  ],
  [
    1614297600000,
    0.0000011228280502550416
  ],
  [
    1614384000000,
    0.0000012338804313583659
  ],
  [
    1614470400000,
    0.000001516826531036719
  ],
  [
    1614556800000,
    0.0000013735052624864602
  ],
  [
    1614643200000,
    0.0000012753959069774789
  ],
  [
    1614729600000,
    0.0000012187059893256354
  ],
  [
    1614816000000,
    0.0000013555413248996595
  ],
  [
    1614902400000,
    0.0000014793313932949687
  ],
  [
    1614988800000,
    0.000001523476421217585
  ],
  [
    1615075200000,
    0.0000014116450038252782
  ],
  [
    1615161600000,
    0.000001412074983735653
  ],
  [
    1615248000000,
    0.0000014048150312326138
  ],
  [
    1615334400000,
    0.0000014364925758497369
  ],
  [
    1615420800000,
    0.00000155023227036711
  ],
  [
    1615507200000,
    0.0000015525005370590224
  ],
  [
    1615593600000,
    0.0000014745851131551385
  ],
  [
    1615680000000,
    0.0000016853210414565427
  ],
  [
    1615766400000,
    0.000004149970710875122
  ],
  [
    1615852800000,
    0.000005531495819379468
  ],
  [
    1615939200000,
    0.000004651956823067649
  ],
  [
    1616025600000,
    0.0000039636011118951046
  ],
  [
    1616112000000,
    0.000003792249062743674
  ],
  [
    1616198400000,
    0.0000036620960180344973
  ],
  [
    1616284800000,
    0.0000034191250079985203
  ],
  [
    1616371200000,
    0.0000035695120675220443
  ],
  [
    1616457600000,
    0.0000035614406017559834
  ],
  [
    1616544000000,
    0.0000037813846959842527
  ],
  [
    1616630400000,
    0.0000036698510456012405
  ],
  [
    1616716800000,
    0.0000032129062470558865
  ],
  [
    1616803200000,
    0.000003606842871641646
  ],
  [
    1616889600000,
    0.000003292463740668151
  ],
  [
    1616976000000,
    0.0000037360648638154134
  ],
  [
    1617062400000,
    0.000003848602727487333
  ],
  [
    1617148800000,
    0.0000038502230749261505
  ],
  [
    1617235200000,
    0.000003853379969400312
  ],
  [
    1617321600000,
    0.000003874301480565464
  ],
  [
    1617408000000,
    0.000003948198125215525
  ],
  [
    1617494400000,
    0.000004324667959058485
  ],
  [
    1617580800000,
    0.000005092561196830139
  ],
  [
    1617667200000,
    0.000005560026482734403
  ],
  [
    1617753600000,
    0.000005449556571581234
  ],
  [
    1617840000000,
    0.000006803565630165675
  ],
  [
    1617926400000,
    0.000006755778585400669
  ],
  [
    1618012800000,
    0.000005599558238672006
  ],
  [
    1618099200000,
    0.000005103873824716853
  ],
  [
    1618185600000,
    0.000004630814080043478
  ],
  [
    1618272000000,
    0.000005151059719574147
  ],
  [
    1618358400000,
    0.000005472012344488729
  ],
  [
    1618444800000,
    0.0000055139515717680495
  ],
  [
    1618531200000,
    0.0000055509446564537884
  ],
  [
    1618617600000,
    0.00000431899133986691
  ],
  [
    1618704000000,
    0.000005265510577739047
  ],
  [
    1618790400000,
    0.000005096585256938219
  ],
  [
    1618876800000,
    0.000004819663860797049
  ],
  [
    1618963200000,
    0.000004297692877453342
  ],
  [
    1619049600000,
    0.000004303247267705065
  ],
  [
    1619136000000,
    0.000004536283934952078
  ],
  [
    1619222400000,
    0.00000444989233340452
  ],
  [
    1619308800000,
    0.00000449248290845052
  ],
  [
    1619395200000,
    0.0000044001124888236845
  ],
  [
    1619481600000,
    0.000004402668175878735
  ],
  [
    1619568000000,
    0.0000044675418702432124
  ],
  [
    1619654400000,
    0.0000043707424237473674
  ],
  [
    1619740800000,
    0.000004050941269156949
  ],
  [
    1619827200000,
    0.000003492653010994001
  ],
  [
    1619913600000,
    0.000003417848737932541
  ],
  [
    1620000000000,
    0.0000042329379254501955
  ],
  [
    1620086400000,
    0.000004212353378702326
  ],
  [
    1620172800000,
    0.0000042825615012459854
  ],
  [
    1620259200000,
    0.000004223357040195332
  ],
  [
    1620345600000,
    0.000004143817125170774
  ],
  [
    1620432000000,
    0.000004090283340119399
  ],
  [
    1620518400000,
    0.0000037373780859488137
  ],
  [
    1620604800000,
    0.000003970302772204376
  ],
  [
    1620691200000,
    0.000004629816643692775
  ],
  [
    1620777600000,
    0.000007013236410518495
  ],
  [
    1620864000000,
    0.000005551191022204842
  ],
  [
    1620950400000,
    0.000004441115750711885
  ],
  [
    1621036800000,
    0.000004063692691425288
  ],
  [
    1621123200000,
    0.000004028600028799085
  ],
  [
    1621209600000,
    0.0000037978714919655406
  ],
  [
    1621296000000,
    0.000003753322360632111
  ],
  [
    1621382400000,
    0.000002038261163710874
  ],
  [
    1621468800000,
    0.0000020174996121181175
  ],
  [
    1621555200000,
    0.0000034280981058076456
  ],
  [
    1621641600000,
    0.000003488888398200646
  ],
  [
    1621728000000,
    0.000003014471205496784
  ],
  [
    1621814400000,
    0.0000030024687368826995
  ],
  [
    1621900800000,
    0.000002971886804065722
  ],
  [
    1621987200000,
    0.0000019394570392940893
  ],
  [
    1622073600000,
    0.000002337322806418647
  ],
  [
    1622160000000,
    0.000002170535888781342
  ],
  [
    1622246400000,
    0.0000014832124379102624
  ],
  [
    1622332800000,
    0.0000015535868456350183
  ],
  [
    1622419200000,
    0.0000014737280120995098
  ],
  [
    1622505600000,
    0.0000014679644484495373
  ],
  [
    1622592000000,
    0.000001452944885958287
  ],
  [
    1622678400000,
    0.0000014295097154473747
  ],
  [
    1622764800000,
    0.0000014151868396335286
  ],
  [
    1622851200000,
    0.0000014005472386579098
  ],
  [
    1622937600000,
    0.0000014022574617973704
  ],
  [
    1623024000000,
    0.0000013713235159536752
  ],
  [
    1623110400000,
    0.000001318968761488137
  ],
  [
    1623196800000,
    0.0000014905497153727118
  ],
  [
    1623283200000,
    0.0000014108224860269765
  ],
  [
    1623369600000,
    0.0000014352107800516798
  ],
  [
    1623456000000,
    0.0000013762170863184338
  ],
  [
    1623542400000,
    0.0000013708354073487968
  ],
  [
    1623628800000,
    0.0000013735133626325037
  ],
  [
    1623715200000,
    0.0000013553939240812272
  ],
  [
    1623801600000,
    0.0000013643599597598313
  ],
  [
    1623888000000,
    0.0000013991014390927716
  ],
  [
    1623974400000,
    0.0000014057560357687654
  ],
  [
    1624060800000,
    0.000001386370293473636
  ],
  [
    1624147200000,
    9.012404771318613e-7
  ],
  [
    1624233600000,
    9.074676399842354e-7
  ],
  [
    1624320000000,
    9.121244086908273e-7
  ],
  [
    1624406400000,
    9.186330691477479e-7
  ],
  [
    1624492800000,
    0.000001058765554510662
  ],
  [
    1624579200000,
    0.0000010741612909937969
  ],
  [
    1624665600000,
    9.930673542658303e-7
  ],
  [
    1624752000000,
    9.176349540999648e-7
  ],
  [
    1624838400000,
    9.864841738165799e-7
  ],
  [
    1624924800000,
    9.113058723429776e-7
  ],
  [
    1625011200000,
    9.532232999653489e-7
  ],
  [
    1625097600000,
    9.755944307250057e-7
  ],
  [
    1625184000000,
    9.768755309126993e-7
  ],
  [
    1625270400000,
    9.622616116865175e-7
  ],
  [
    1625356800000,
    0.000001004304580667862
  ],
  [
    1625443200000,
    9.72771565787747e-7
  ],
  [
    1625529600000,
    9.740956948698884e-7
  ],
  [
    1625616000000,
    0.0000010075316519473539
  ],
  [
    1625702400000,
    9.734177592921959e-7
  ],
  [
    1625788800000,
    9.682523875504563e-7
  ],
  [
    1625875200000,
    9.62980158311494e-7
  ],
  [
    1625961600000,
    9.627432339551518e-7
  ],
  [
    1626048000000,
    9.623367098266808e-7
  ],
  [
    1626134400000,
    9.558355488278218e-7
  ],
  [
    1626220800000,
    9.152490605308276e-7
  ],
  [
    1626307200000,
    9.089219066865906e-7
  ],
  [
    1626393600000,
    9.023187218719576e-7
  ],
  [
    1626480000000,
    9.166270786188734e-7
  ],
  [
    1626566400000,
    8.809839032547877e-7
  ],
  [
    1626652800000,
    8.710777923030332e-7
  ],
  [
    1626739200000,
    8.720498452618983e-7
  ],
  [
    1626825600000,
    7.913136875819653e-7
  ],
  [
    1626912000000,
    6.859319781940053e-7
  ],
  [
    1626998400000,
    6.682741327339772e-7
  ],
  [
    1627084800000,
    6.410822453338528e-7
  ],
  [
    1627171200000,
    8.223534721094884e-7
  ],
  [
    1627257600000,
    9.145819889924903e-7
  ],
  [
    1627344000000,
    9.134275796951602e-7
  ],
  [
    1627430400000,
    9.03514513856483e-7
  ],
  [
    1627516800000,
    9.343827419095255e-7
  ],
  [
    1627603200000,
    9.226657989482664e-7
  ],
  [
    1627689600000,
    8.272125866072753e-7
  ],
  [
    1627776000000,
    5.217710208748414e-7
  ],
  [
    1627862400000,
    6.256025101466902e-7
  ],
  [
    1627948800000,
    5.418295840705195e-7
  ],
  [
    1628035200000,
    5.178717384150163e-7
  ],
  [
    1628121600000,
    5.491919195950634e-7
  ],
  [
    1628208000000,
    6.726010323795968e-7
  ],
  [
    1628294400000,
    9.154088504997066e-7
  ],
  [
    1628380800000,
    8.770636191739147e-7
  ],
  [
    1628467200000,
    8.981527485211492e-7
  ],
  [
    1628553600000,
    8.950334441128162e-7
  ],
  [
    1628640000000,
    0.0000010012783671993484
  ],
  [
    1628726400000,
    0.0000010252908205415987
  ],
  [
    1628812800000,
    0.000001045305177262876
  ],
  [
    1628899200000,
    0.000001024856838640068
  ],
  [
    1628985600000,
    0.0000010251391080612832
  ],
  [
    1629072000000,
    0.0000010252553147005912
  ],
  [
    1629158400000,
    0.0000010012684755291402
  ],
  [
    1629244800000,
    6.066722944280954e-7
  ],
  [
    1629331200000,
    5.220148779180058e-7
  ],
  [
    1629417600000,
    5.411345595274943e-7
  ],
  [
    1629504000000,
    5.494558522855459e-7
  ],
  [
    1629590400000,
    5.454557866863288e-7
  ],
  [
    1629676800000,
    5.37110368187299e-7
  ],
  [
    1629763200000,
    5.362385583763272e-7
  ],
  [
    1629849600000,
    5.798348616399502e-7
  ],
  [
    1629936000000,
    6.411018409914529e-7
  ],
  [
    1630022400000,
    6.34839444781763e-7
  ],
  [
    1630108800000,
    6.362363023359469e-7
  ],
  [
    1630195200000,
    6.231155629354948e-7
  ],
  [
    1630281600000,
    6.261614346475517e-7
  ],
  [
    1630368000000,
    6.271006556617817e-7
  ],
  [
    1630454400000,
    6.353499178057308e-7
  ],
  [
    1630540800000,
    0.0000028024665569738097
  ],
  [
    1630627200000,
    0.0000031980940591381325
  ]
]