[
  [
    1541116800000,
    0.000768272161380576
  ],
  [
    1541203200000,
    0.0007713363629352888
  ],
  [
    1541289600000,
    0.0021716265019807745
  ],
  [
    1541376000000,
    0.00632314299231055
  ],
  [
    1541462400000,
    0.00643404671107386
  ],
  [
    1541548800000,
    0.00646196882065114
  ],
  [
    1541635200000,
    0.006495870206961402
  ],
  [
    1541721600000,
    0.006435047031991875
  ],
  [
    1541808000000,
    0.006358061301075455
  ],
  [
    1541894400000,
    0.00644816814630779
  ],
  [
    1541980800000,
    0.019967326600180572
  ],
  [
    1542067200000,
    0.020046586012889465
  ],
  [
    1542153600000,
    0.012769189369213741
  ],
  [
    1542240000000,
    0.011530241951084503
  ],
  [
    1542326400000,
    0.01459678237344054
  ],
  [
    1542412800000,
    0.01544755432194689
  ],
  [
    1542499200000,
    0.013990266597735826
  ],
  [
    1542585600000,
    0.014342099349556912
  ],
  [
    1542672000000,
    0.011315741476605927
  ],
  [
    1542758400000,
    0.00887279145930653
  ],
  [
    1542844800000,
    0.009086214829757465
  ],
  [
    1542931200000,
    0.00834897974421338
  ],
  [
    1543017600000,
    0.008204316277837269
  ],
  [
    1543104000000,
    0.007785185796160129
  ],
  [
    1543190400000,
    0.007490937160152719
  ],
  [
    1543276800000,
    0.007279567866545599
  ],
  [
    1543363200000,
    0.007268221354552061
  ],
  [
    1543449600000,
    0.008066730750920693
  ],
  [
    1543536000000,
    0.003115343175104909
  ],
  [
    1543622400000,
    0.024175470562599
  ],
  [
    1543708800000,
    0.007897943071121757
  ],
  [
    1543795200000,
    0.00825329642490118
  ],
  [
    1543881600000,
    0.027134841913324808
  ],
  [
    1543968000000,
    0.017694689187663176
  ],
  [
    1544054400000,
    0.021406850077821782
  ],
  [
    1544140800000,
    0.02073606503271528
  ],
  [
    1544227200000,
    0.016988503824891827
  ],
  [
    1544313600000,
    0.016689239065864312
  ],
  [
    1544400000000,
    0.017496172632542252
  ],
  [
    1544486400000,
    0.0077578340842445175
  ],
  [
    1544572800000,
    0.011839615886669866
  ],
  [
    1544659200000,
    0.01031701392950922
  ],
  [
    1544745600000,
    0.009820801957346591
  ],
  [
    1544832000000,
    0.0066491553480502895
  ],
  [
    1544918400000,
    0.00965436321956583
  ],
  [
    1545004800000,
    0.010921275488090581
  ],
  [
    1545091200000,
    0.00929591455560457
  ],
  [
    1545177600000,
    0.01098531043610943
  ],
  [
    1545264000000,
    0.01584746386156362
  ],
  [
    1545350400000,
    0.004028885098944409
  ],
  [
    1545436800000,
    0.013153648038952574
  ],
  [
    1545523200000,
    0.009817639417464654
  ],
  [
    1545609600000,
    0.004204935734477721
  ],
  [
    1545696000000,
    0.00987689249057007
  ],
  [
    1545782400000,
    0.008573683994421185
  ],
  [
    1545868800000,
    0.0082218891155524
  ],
  [
    1545955200000,
    0.008388677435463515
  ],
  [
    1546041600000,
    0.009153412650418828
  ],
  [
    1546128000000,
    0.009031061493236717
  ],
  [
    1546214400000,
    0.008888815110582319
  ],
  [
    1546300800000,
    0.008610116480624928
  ],
  [
    1546387200000,
    0.009793407160748625
  ],
  [
    1546473600000,
    0.010810022320695053
  ],
  [
    1546560000000,
    0.010557338502930185
  ],
  [
    1546646400000,
    0.010469307909490017
  ],
  [
    1546732800000,
    0.0094704343372382
  ],
  [
    1546819200000,
    0.010020278461056525
  ],
  [
    1546905600000,
    0.009953303412265526
  ],
  [
    1546992000000,
    0.01190250250914474
  ],
  [
    1547078400000,
    0.010700332945952287
  ],
  [
    1547164800000,
    0.010963768071252714
  ],
  [
    1547251200000,
    0.010955539696361738
  ],
  [
    1547337600000,
    0.0215927217567579
  ],
  [
    1547424000000,
    0.043580297799938626
  ],
  [
    1547510400000,
    0.0364297940295283
  ],
  [
    1547596800000,
    0.04845781195900503
  ],
  [
    1547683200000,
    0.047896531842041914
  ],
  [
    1547769600000,
    0.058612221275026376
  ],
  [
    1547856000000,
    0.08796398135721846
  ],
  [
    1547942400000,
    0.07603891640541234
  ],
  [
    1548028800000,
    0.06017638841257724
  ],
  [
    1548115200000,
    0.0705316357468232
  ],
  [
    1548201600000,
    0.035766915949954486
  ],
  [
    1548288000000,
    0.05670802997095355
  ],
  [
    1548374400000,
    0.06352003838812158
  ],
  [
    1548460800000,
    0.06061772209774224
  ],
  [
    1548547200000,
    0.05670051095998595
  ],
  [
    1548633600000,
    0.03908756277278204
  ],
  [
    1548720000000,
    0.042928904193769
  ],
  [
    1548806400000,
    0.05970545964399503
  ],
  [
    1548892800000,
    0.04673957026706323
  ],
  [
    1548979200000,
    0.05157120346510173
  ],
  [
    1549065600000,
    0.06699894247306849
  ],
  [
    1549152000000,
    0.06833277099125197
  ],
  [
    1549238400000,
    0.06731019725826794
  ],
  [
    1549324800000,
    0.06730930970972009
  ],
  [
    1549411200000,
    0.06962565761235565
  ],
  [
    1549497600000,
    0.06849694194244553
  ],
  [
    1549584000000,
    0.06766483541828698
  ],
  [
    1549670400000,
    0.08231203843473252
  ],
  [
    1549756800000,
    0.0811976734140656
  ],
  [
    1549843200000,
    0.08258532061677845
  ],
  [
    1549929600000,
    0.07589584437764883
  ],
  [
    1550016000000,
    0.07424906103995575
  ],
  [
    1550102400000,
    0.07299080623558712
  ],
  [
    1550188800000,
    0.07361207228725346
  ],
  [
    1550275200000,
    0.07342593793029559
  ],
  [
    1550361600000,
    0.07521796997927295
  ],
  [
    1550448000000,
    0.07402151748761711
  ],
  [
    1550534400000,
    0.07695040187308592
  ],
  [
    1550620800000,
    0.0776920654636561
  ],
  [
    1550707200000,
    0.0809065412990273
  ],
  [
    1550793600000,
    0.077356746982906
  ],
  [
    1550880000000,
    0.07806664534418369
  ],
  [
    1550966400000,
    0.07308283706278701
  ],
  [
    1551052800000,
    0.06824151793756537
  ],
  [
    1551139200000,
    0.07256544813321499
  ],
  [
    1551225600000,
    0.08742183708571205
  ],
  [
    1551312000000,
    0.13580910742163577
  ],
  [
    1551398400000,
    0.10370604026461676
  ],
  [
    1551484800000,
    0.12708968540602109
  ],
  [
    1551571200000,
    0.14056137379198744
  ],
  [
    1551657600000,
    0.14198549196996196
  ],
  [
    1551744000000,
    0.1384731240055109
  ],
  [
    1551830400000,
    0.16515323333570628
  ],
  [
    1551916800000,
    0.182063726229888
  ],
  [
    1552003200000,
    0.17981811513848983
  ],
  [
    1552089600000,
    0.1837575822364894
  ],
  [
    1552176000000,
    0.19816788359892737
  ],
  [
    1552262400000,
    0.19650157198492815
  ],
  [
    1552348800000,
    0.16445846418204887
  ],
  [
    1552435200000,
    0.13306418698314024
  ],
  [
    1552521600000,
    0.16107032235897037
  ],
  [
    1552608000000,
    0.12595416074420226
  ],
  [
    1552694400000,
    0.21035494346990927
  ],
  [
    1552780800000,
    0.18343423448073276
  ],
  [
    1552867200000,
    0.15690375020320854
  ],
  [
    1552953600000,
    0.15984879288149065
  ],
  [
    1553040000000,
    0.1513650590977106
  ],
  [
    1553126400000,
    0.1314546746197194
  ],
  [
    1553212800000,
    0.16337747770764213
  ],
  [
    1553299200000,
    0.16300118713452208
  ],
  [
    1553385600000,
    0.1588985628240621
  ],
  [
    1553472000000,
    0.15916071576570986
  ],
  [
    1553558400000,
    0.1671114405845957
  ],
  [
    1553644800000,
    0.18583127516644907
  ],
  [
    1553731200000,
    0.18113565852549973
  ],
  [
    1553817600000,
    0.1758655820371714
  ],
  [
    1553904000000,
    0.19574898946537814
  ],
  [
    1553990400000,
    0.19924152588928595
  ],
  [
    1554076800000,
    0.1922301524597516
  ],
  [
    1554163200000,
    0.18168154092911618
  ],
  [
    1554249600000,
    0.2057727024933859
  ],
  [
    1554336000000,
    0.21334442024863348
  ],
  [
    1554422400000,
    0.2164234883532001
  ],
  [
    1554508800000,
    0.218998327580211
  ],
  [
    1554595200000,
    0.21844631812692736
  ],
  [
    1554681600000,
    0.23256162297585106
  ],
  [
    1554768000000,
    0.24296629363546232
  ],
  [
    1554854400000,
    0.248742736699189
  ],
  [
    1554940800000,
    0.26977551183103965
  ],
  [
    1555027200000,
    0.2603197516299804
  ],
  [
    1555113600000,
    0.2562839945728311
  ],
  [
    1555200000000,
    0.25356323715505774
  ],
  [
    1555286400000,
    0.2561389081183524
  ],
  [
    1555372800000,
    0.33177544970396605
  ],
  [
    1555459200000,
    0.5054477047863072
  ],
  [
    1555545600000,
    0.6816293873046081
  ],
  [
    1555632000000,
    0.5570095814615648
  ],
  [
    1555718400000,
    0.5460736527289756
  ],
  [
    1555804800000,
    0.5199978621849889
  ],
  [
    1555891200000,
    0.4916590710845191
  ],
  [
    1555977600000,
    0.5116855164445958
  ],
  [
    1556064000000,
    0.5797680626348986
  ],
  [
    1556150400000,
    0.5719659353424563
  ],
  [
    1556236800000,
    0.5021270331741087
  ],
  [
    1556323200000,
    0.5432619758899032
  ],
  [
    1556409600000,
    0.5831839442753182
  ],
  [
    1556496000000,
    0.529476606603208
  ],
  [
    1556582400000,
    0.5596467930040397
  ],
  [
    1556668800000,
    0.5334936940751802
  ],
  [
    1556755200000,
    0.5422899223254227
  ],
  [
    1556841600000,
    0.5051103244404705
  ],
  [
    1556928000000,
    0.46822973867596834
  ],
  [
    1557014400000,
    0.37259724772051966
  ],
  [
    1557100800000,
    0.41874324182263883
  ],
  [
    1557187200000,
    0.4414251062737052
  ],
  [
    1557273600000,
    0.4327867740851061
  ],
  [
    1557360000000,
    0.4112858308077894
  ],
  [
    1557446400000,
    0.44489571137374134
  ],
  [
    1557532800000,
    0.3965294233617371
  ],
  [
    1557619200000,
    0.4180964894445211
  ],
  [
    1557705600000,
    0.40064367725830524
  ],
  [
    1557792000000,
    0.3894124979607396
  ],
  [
    1557878400000,
    0.38824509623714987
  ],
  [
    1557964800000,
    0.36055995763550647
  ],
  [
    1558051200000,
    0.2820237084226741
  ],
  [
    1558137600000,
    0.26971953126798387
  ],
  [
    1558224000000,
    0.2652990383811236
  ],
  [
    1558310400000,
    0.2854002682318214
  ],
  [
    1558396800000,
    0.2655837679642931
  ],
  [
    1558483200000,
    0.2400394274060499
  ],
  [
    1558569600000,
    0.22931252283589906
  ],
  [
    1558656000000,
    0.2256401562551077
  ],
  [
    1558742400000,
    0.21698738193789185
  ],
  [
    1558828800000,
    0.22489125533309345
  ],
  [
    1558915200000,
    0.23200800324823692
  ],
  [
    1559001600000,
    0.23431733297346286
  ],
  [
    1559088000000,
    0.23180648334916049
  ],
  [
    1559174400000,
    0.23761746697902608
  ],
  [
    1559260800000,
    0.24779959731483192
  ],
  [
    1559347200000,
    0.27630980284277606
  ],
  [
    1559433600000,
    0.3920666659811204
  ],
  [
    1559520000000,
    0.3692695873537087
  ],
  [
    1559606400000,
    0.4080210401931247
  ],
  [
    1559692800000,
    0.37845889174889186
  ],
  [
    1559779200000,
    0.36535179014121855
  ],
  [
    1559865600000,
    0.3409936725588226
  ],
  [
    1559952000000,
    0.35961201415507643
  ],
  [
    1560038400000,
    0.33637617651091434
  ],
  [
    1560124800000,
    0.3310830454345279
  ],
  [
    1560211200000,
    0.34378039249594355
  ],
  [
    1560297600000,
    0.3522592053374316
  ],
  [
    1560384000000,
    0.3440835214744133
  ],
  [
    1560470400000,
    0.36849457543767666
  ],
  [
    1560556800000,
    0.3826249514240582
  ],
  [
    1560643200000,
    0.3725050747070507
  ],
  [
    1560729600000,
    0.39763782485601074
  ],
  [
    1560816000000,
    0.39369387562486274
  ],
  [
    1560902400000,
    0.40319110103728195
  ],
  [
    1560988800000,
    0.41725891808977567
  ],
  [
    1561075200000,
    0.5033901136835799
  ],
  [
    1561161600000,
    0.6031498335179049
  ],
  [
    1561248000000,
    0.6574528925412954
  ],
  [
    1561334400000,
    0.5796506099375707
  ],
  [
    1561420800000,
    0.5818929650952465
  ],
  [
    1561507200000,
    0.6169106416371701
  ],
  [
    1561593600000,
    0.579728893108952
  ],
  [
    1561680000000,
    0.48559485260781043
  ],
  [
    1561766400000,
    0.5860889636434972
  ],
  [
    1561852800000,
    0.5099711363905132
  ],
  [
    1561939200000,
    0.4989385591519672
  ],
  [
    1562025600000,
    0.4954678228182709
  ],
  [
    1562112000000,
    0.5995793635567176
  ],
  [
    1562198400000,
    0.6353452739370844
  ],
  [
    1562284800000,
    0.5839460107378974
  ],
  [
    1562371200000,
    0.5982199274931558
  ],
  [
    1562457600000,
    0.6870905656996517
  ],
  [
    1562544000000,
    0.8500432323361102
  ],
  [
    1562630400000,
    1.0062732637826
  ],
  [
    1562716800000,
    0.9446017724111634
  ],
  [
    1562803200000,
    1.1609675047851866
  ],
  [
    1562889600000,
    1.061282499158299
  ],
  [
    1562976000000,
    1.4395588915688848
  ],
  [
    1563062400000,
    1.3174472756911544
  ],
  [
    1563148800000,
    1.5636794976652992
  ],
  [
    1563235200000,
    1.55065144496838
  ],
  [
    1563321600000,
    1.8892220150188566
  ],
  [
    1563408000000,
    1.8239748200492787
  ],
  [
    1563494400000,
    1.918841887048532
  ],
  [
    1563580800000,
    2.1364504529620088
  ],
  [
    1563667200000,
    2.395127886252803
  ],
  [
    1563753600000,
    2.058279303381538
  ],
  [
    1563840000000,
    1.9682034551022647
  ],
  [
    1563926400000,
    1.6804887698214226
  ],
  [
    1564012800000,
    1.9049932694860903
  ],
  [
    1564099200000,
    1.911150680071292
  ],
  [
    1564185600000,
    2.163588433711131
  ],
  [
    1564272000000,
    2.3410134357369525
  ],
  [
    1564358400000,
    2.442819797009036
  ],
  [
    1564444800000,
    2.2687434595011275
  ],
  [
    1564531200000,
    2.178698487296196
  ],
  [
    1564617600000,
    2.0823090437485337
  ],
  [
    1564704000000,
    1.961283542787037
  ],
  [
    1564790400000,
    2.042887143666892
  ],
  [
    1564876800000,
    2.0249139519397237
  ],
  [
    1564963200000,
    1.914439418386846
  ],
  [
    1565049600000,
    1.5977913325435789
  ],
  [
    1565136000000,
    1.6558758190332257
  ],
  [
    1565222400000,
    1.7874121636358988
  ],
  [
    1565308800000,
    1.6787296582465219
  ],
  [
    1565395200000,
    1.5964272992485466
  ],
  [
    1565481600000,
    1.4821815418253232
  ],
  [
    1565568000000,
    1.4438236844912482
  ],
  [
    1565654400000,
    1.329571685799256
  ],
  [
    1565740800000,
    1.5120632300581167
  ],
  [
    1565827200000,
    1.4839485019027367
  ],
  [
    1565913600000,
    1.4369749407482741
  ],
  [
    1566000000000,
    1.4198075433853554
  ],
  [
    1566086400000,
    1.5858140161620125
  ],
  [
    1566172800000,
    1.5743739052798131
  ],
  [
    1566259200000,
    1.5438212587782765
  ],
  [
    1566345600000,
    1.635445707696878
  ],
  [
    1566432000000,
    1.5576749740031073
  ],
  [
    1566518400000,
    1.5146722640912311
  ],
  [
    1566604800000,
    1.4606176196824279
  ],
  [
    1566691200000,
    1.456474472083549
  ],
  [
    1566777600000,
    1.47204164121476
  ],
  [
    1566864000000,
    1.4822201345819777
  ],
  [
    1566950400000,
    1.5033923305152257
  ],
  [
    1567036800000,
    1.4057170049027374
  ],
  [
    1567123200000,
    1.3154885636026419
  ],
  [
    1567209600000,
    1.3337059676043908
  ],
  [
    1567296000000,
    1.283463463836645
  ],
  [
    1567382400000,
    1.269403222091482
  ],
  [
    1567468800000,
    1.2612924900671045
  ],
  [
    1567555200000,
    1.2470812672879046
  ],
  [
    1567641600000,
    1.1436350163951492
  ],
  [
    1567728000000,
    1.0921856328709667
  ],
  [
    1567814400000,
    1.1578318467533608
  ],
  [
    1567900800000,
    1.1996308022436506
  ],
  [
    1567987200000,
    1.2731649867175185
  ],
  [
    1568073600000,
    1.4513935579849804
  ],
  [
    1568160000000,
    1.4266329552546797
  ],
  [
    1568246400000,
    1.3195878034701263
  ],
  [
    1568332800000,
    1.3108308477411124
  ],
  [
    1568419200000,
    1.3075782473443394
  ],
  [
    1568505600000,
    1.290246479693466
  ],
  [
    1568592000000,
    1.299022781829383
  ],
  [
    1568678400000,
    1.2935159841390602
  ],
  [
    1568764800000,
    1.2668014529255052
  ],
  [
    1568851200000,
    1.3619666106416632
  ],
  [
    1568937600000,
    1.3901380583752099
  ],
  [
    1569024000000,
    1.3816453065227028
  ],
  [
    1569110400000,
    1.3896118160779731
  ],
  [
    1569196800000,
    1.381160525784276
  ],
  [
    1569283200000,
    1.310467508453805
  ],
  [
    1569369600000,
    1.1153797823692737
  ],
  [
    1569456000000,
    1.0223106255034373
  ],
  [
    1569542400000,
    1.0900112786720464
  ],
  [
    1569628800000,
    1.0497978943155686
  ],
  [
    1569715200000,
    1.0646756856641735
  ],
  [
    1569801600000,
    1.1390495188721619
  ],
  [
    1569888000000,
    1.1204696046479714
  ],
  [
    1569974400000,
    1.056890439070025
  ],
  [
    1570060800000,
    1.056890439070025
  ],
  [
    1570147200000,
    1.0246376753850794
  ],
  [
    1570233600000,
    1.0251259385908194
  ],
  [
    1570320000000,
    1.0026530268630416
  ],
  [
    1570406400000,
    0.9042350007200294
  ],
  [
    1570492800000,
    0.8297884031140577
  ],
  [
    1570579200000,
    0.795382899773159
  ],
  [
    1570665600000,
    0.6911764515696307
  ],
  [
    1570752000000,
    0.6749456186037572
  ],
  [
    1570838400000,
    0.6832004136934077
  ],
  [
    1570924800000,
    0.6591181121508398
  ],
  [
    1571011200000,
    0.6528223821519334
  ],
  [
    1571097600000,
    0.7037362427330361
  ],
  [
    1571184000000,
    0.7655921722576265
  ],
  [
    1571270400000,
    0.6481220809224507
  ],
  [
    1571356800000,
    0.6765381052506472
  ],
  [
    1571443200000,
    0.656576776852165
  ],
  [
    1571529600000,
    0.665526023752521
  ],
  [
    1571616000000,
    0.6548550088436568
  ],
  [
    1571702400000,
    0.6378857145366921
  ],
  [
    1571788800000,
    0.6250202694328075
  ],
  [
    1571875200000,
    0.6168396801434033
  ],
  [
    1571961600000,
    0.6311902299135119
  ],
  [
    1572048000000,
    0.6186424434395785
  ],
  [
    1572134400000,
    0.6488849017956457
  ],
  [
    1572220800000,
    0.5922694052136641
  ],
  [
    1572307200000,
    0.6024340635985113
  ],
  [
    1572393600000,
    0.6094242743158154
  ],
  [
    1572480000000,
    0.5863342046778399
  ],
  [
    1572566400000,
    0.648523685058195
  ],
  [
    1572652800000,
    0.6872182406427899
  ],
  [
    1572739200000,
    0.7402077274495694
  ],
  [
    1572825600000,
    0.7785050783001958
  ],
  [
    1572912000000,
    0.8715765991516738
  ],
  [
    1572998400000,
    1.0523280068331733
  ],
  [
    1573084800000,
    0.8996583685171358
  ],
  [
    1573171200000,
    0.7585865396987065
  ],
  [
    1573257600000,
    0.7307154774850174
  ],
  [
    1573344000000,
    0.7388066568737858
  ],
  [
    1573430400000,
    0.7475756559642495
  ],
  [
    1573516800000,
    0.779351328524995
  ],
  [
    1573603200000,
    0.7697006048591174
  ],
  [
    1573689600000,
    0.7377286215930454
  ],
  [
    1573776000000,
    0.7262279595491306
  ],
  [
    1573862400000,
    0.7284293520459267
  ],
  [
    1573948800000,
    0.7392405399660148
  ],
  [
    1574035200000,
    0.7517257728329818
  ],
  [
    1574121600000,
    0.7028920435714421
  ],
  [
    1574208000000,
    0.7117606499274703
  ],
  [
    1574294400000,
    0.704699191318757
  ],
  [
    1574380800000,
    0.675688916817879
  ],
  [
    1574467200000,
    0.5913485417988529
  ],
  [
    1574553600000,
    0.6000050805764723
  ],
  [
    1574640000000,
    0.5200978782565133
  ],
  [
    1574726400000,
    0.5327825022570324
  ],
  [
    1574812800000,
    0.5377385652301686
  ],
  [
    1574899200000,
    0.5458218110849231
  ],
  [
    1574985600000,
    0.5971978192975294
  ],
  [
    1575072000000,
    0.5783864010009033
  ],
  [
    1575158400000,
    0.5715648937193458
  ],
  [
    1575244800000,
    0.5158430173956046
  ],
  [
    1575331200000,
    0.5110614732999454
  ],
  [
    1575417600000,
    0.48997784213582085
  ],
  [
    1575504000000,
    0.48609782373661564
  ],
  [
    1575590400000,
    0.47174805759307753
  ],
  [
    1575676800000,
    0.4705447549192988
  ],
  [
    1575763200000,
    0.46602343849150474
  ],
  [
    1575849600000,
    0.48254985535265515
  ],
  [
    1575936000000,
    0.4719343828683722
  ],
  [
    1576022400000,
    0.46017602390576473
  ],
  [
    1576108800000,
    0.4517747304121207
  ],
  [
    1576195200000,
    0.45233670741666343
  ],
  [
    1576281600000,
    0.4234662155451168
  ],
  [
    1576368000000,
    0.4290364192146108
  ],
  [
    1576454400000,
    0.4292673237279497
  ],
  [
    1576540800000,
    0.40703910477986527
  ],
  [
    1576627200000,
    0.38348974114250756
  ],
  [
    1576713600000,
    0.3807875452253318
  ],
  [
    1576800000000,
    0.3358143667578046
  ],
  [
    1576886400000,
    0.3342664928053499
  ],
  [
    1576972800000,
    0.3302915665765214
  ],
  [
    1577059200000,
    0.3330543537458646
  ],
  [
    1577145600000,
    0.3122404015976376
  ],
  [
    1577232000000,
    0.3181836133900822
  ],
  [
    1577318400000,
    0.31297206782829257
  ],
  [
    1577404800000,
    0.3447820201158366
  ],
  [
    1577491200000,
    0.3223294309906041
  ],
  [
    1577577600000,
    0.3240566382123733
  ],
  [
    1577664000000,
    0.3267729940388818
  ],
  [
    1577750400000,
    0.34003941769453044
  ],
  [
    1577836800000,
    0.33075729227801764
  ],
  [
    1577923200000,
    0.371622284265373
  ],
  [
    1578009600000,
    0.353913283675438
  ],
  [
    1578096000000,
    0.3727148012148871
  ],
  [
    1578182400000,
    0.3799493955147526
  ],
  [
    1578268800000,
    0.4533570130106297
  ],
  [
    1578355200000,
    0.48873323544036906
  ],
  [
    1578441600000,
    0.5082278687086028
  ],
  [
    1578528000000,
    0.4818392791577188
  ],
  [
    1578614400000,
    0.4592845880201443
  ],
  [
    1578700800000,
    0.468214380732761
  ],
  [
    1578787200000,
    0.456796548877466
  ],
  [
    1578873600000,
    0.4890905880601777
  ],
  [
    1578960000000,
    0.5118948449253427
  ],
  [
    1579046400000,
    0.5628625064880369
  ],
  [
    1579132800000,
    0.5821080810618501
  ],
  [
    1579219200000,
    0.5646169082394626
  ],
  [
    1579305600000,
    0.5600027501860014
  ],
  [
    1579392000000,
    0.5660290370090316
  ],
  [
    1579478400000,
    0.5637127095544461
  ],
  [
    1579564800000,
    0.5373817699684205
  ],
  [
    1579651200000,
    0.5047383566573832
  ],
  [
    1579737600000,
    0.5157957671377689
  ],
  [
    1579824000000,
    0.48378479445285183
  ],
  [
    1579910400000,
    0.48660158186223174
  ],
  [
    1579996800000,
    0.4759909416355872
  ],
  [
    1580083200000,
    0.5031019751146983
  ],
  [
    1580169600000,
    0.5016503911317478
  ],
  [
    1580256000000,
    0.5090541556485438
  ],
  [
    1580342400000,
    0.48521096854714313
  ],
  [
    1580428800000,
    0.49952507128779944
  ],
  [
    1580515200000,
    0.48947097808782536
  ],
  [
    1580601600000,
    0.49662775943644766
  ],
  [
    1580688000000,
    0.5098364006808316
  ],
  [
    1580774400000,
    0.560030989637644
  ],
  [
    1580860800000,
    0.5855624024377059
  ],
  [
    1580947200000,
    0.5814345167025776
  ],
  [
    1581033600000,
    0.5956791285716689
  ],
  [
    1581120000000,
    0.6186294410865766
  ],
  [
    1581206400000,
    0.5823819607672982
  ],
  [
    1581292800000,
    0.5917073526172294
  ],
  [
    1581379200000,
    0.5679821721854823
  ],
  [
    1581465600000,
    0.5526105230652644
  ],
  [
    1581552000000,
    0.5712828189080198
  ],
  [
    1581638400000,
    0.6341919743173311
  ],
  [
    1581724800000,
    0.6025584217311544
  ],
  [
    1581811200000,
    0.5687470665054699
  ],
  [
    1581897600000,
    0.5993139772537375
  ],
  [
    1581984000000,
    0.5685431998579802
  ],
  [
    1582070400000,
    0.5425919721716748
  ],
  [
    1582156800000,
    0.5284682842670892
  ],
  [
    1582243200000,
    0.5178432625913959
  ],
  [
    1582329600000,
    0.499323926928293
  ],
  [
    1582416000000,
    0.4993941714399815
  ],
  [
    1582502400000,
    0.49281952686345587
  ],
  [
    1582588800000,
    0.5059149309312286
  ],
  [
    1582675200000,
    0.43670678878996805
  ],
  [
    1582761600000,
    0.42081207055622705
  ],
  [
    1582848000000,
    0.41311387687818285
  ],
  [
    1582934400000,
    0.41326627608342
  ],
  [
    1583020800000,
    0.4158380620072021
  ],
  [
    1583107200000,
    0.43270629283074674
  ],
  [
    1583193600000,
    0.5319023608546223
  ],
  [
    1583280000000,
    0.5263880701084301
  ],
  [
    1583366400000,
    0.4751784119709729
  ],
  [
    1583452800000,
    0.5225494295380598
  ],
  [
    1583539200000,
    0.471442343290487
  ],
  [
    1583625600000,
    0.4315770134314512
  ],
  [
    1583712000000,
    0.3977780480875403
  ],
  [
    1583798400000,
    0.3968949314216741
  ],
  [
    1583884800000,
    0.39342827359878313
  ],
  [
    1583971200000,
    0.42045203726327335
  ],
  [
    1584057600000,
    0.28656817592311196
  ],
  [
    1584144000000,
    0.3055115271992613
  ],
  [
    1584230400000,
    0.3043102921020216
  ],
  [
    1584316800000,
    0.3257782239723333
  ],
  [
    1584403200000,
    0.28159813682640533
  ],
  [
    1584489600000,
    0.29025138110056076
  ],
  [
    1584576000000,
    0.2728842038377095
  ],
  [
    1584662400000,
    0.29895502160683934
  ],
  [
    1584748800000,
    0.3028290863367778
  ],
  [
    1584835200000,
    0.29647396885993904
  ],
  [
    1584921600000,
    0.2795999536962262
  ],
  [
    1585008000000,
    0.2926852002422561
  ],
  [
    1585094400000,
    0.3030495335248299
  ],
  [
    1585180800000,
    0.3089766467731203
  ],
  [
    1585267200000,
    0.3039546466779513
  ],
  [
    1585353600000,
    0.28195314406993993
  ],
  [
    1585440000000,
    0.2671047542516907
  ],
  [
    1585526400000,
    0.2568050221712342
  ],
  [
    1585612800000,
    0.25894915500754867
  ],
  [
    1585699200000,
    0.26665978981752514
  ],
  [
    1585785600000,
    0.2720674104881808
  ],
  [
    1585872000000,
    0.2655084872158762
  ],
  [
    1585958400000,
    0.277237727913635
  ],
  [
    1586044800000,
    0.27323817174004156
  ],
  [
    1586131200000,
    0.2662054707191542
  ],
  [
    1586217600000,
    0.29825968198369374
  ],
  [
    1586304000000,
    0.2948869780824569
  ],
  [
    1586390400000,
    0.2910276892045285
  ],
  [
    1586476800000,
    0.2944070970039937
  ],
  [
    1586563200000,
    0.279714038875042
  ],
  [
    1586649600000,
    0.2792187394207348
  ],
  [
    1586736000000,
    0.286616876536838
  ],
  [
    1586822400000,
    0.2824598428369859
  ],
  [
    1586908800000,
    0.2822372277433566
  ],
  [
    1586995200000,
    0.26262864451919987
  ],
  [
    1587081600000,
    0.2767620170665276
  ],
  [
    1587168000000,
    0.2654198072400508
  ],
  [
    1587254400000,
    0.27131018201878904
  ],
  [
    1587340800000,
    0.27874897401442833
  ],
  [
    1587427200000,
    0.2601855390311419
  ],
  [
    1587513600000,
    0.2438491049263468
  ],
  [
    1587600000000,
    0.2563524526386218
  ],
  [
    1587686400000,
    0.25963130227372616
  ],
  [
    1587772800000,
    0.25576882440824633
  ],
  [
    1587859200000,
    0.2533488955953919
  ],
  [
    1587945600000,
    0.25039590853532684
  ],
  [
    1588032000000,
    0.23587033959974626
  ],
  [
    1588118400000,
    0.22754089389499776
  ],
  [
    1588204800000,
    0.2513292968791637
  ],
  [
    1588291200000,
    0.23048051589299054
  ],
  [
    1588377600000,
    0.19662095537842347
  ],
  [
    1588464000000,
    0.23490773683673147
  ],
  [
    1588550400000,
    0.23159259623272893
  ],
  [
    1588636800000,
    0.20765276286905388
  ],
  [
    1588723200000,
    0.23033746323477794
  ],
  [
    1588809600000,
    0.2110360388250946
  ],
  [
    1588896000000,
    0.21867085787256638
  ],
  [
    1588982400000,
    0.22506127273629412
  ],
  [
    1589068800000,
    0.20620211965943144
  ],
  [
    1589155200000,
    0.19752479638140874
  ],
  [
    1589241600000,
    0.19882907876028705
  ],
  [
    1589328000000,
    0.21009232579515957
  ],
  [
    1589414400000,
    0.21177186796694206
  ],
  [
    1589500800000,
    0.21507422556571862
  ],
  [
    1589587200000,
    0.2151184181078959
  ],
  [
    1589673600000,
    0.2152617501181636
  ],
  [
    1589760000000,
    0.21061908626514456
  ],
  [
    1589846400000,
    0.20936018681399993
  ],
  [
    1589932800000,
    0.21063443287111844
  ],
  [
    1590019200000,
    0.20932716303525836
  ],
  [
    1590105600000,
    0.19405209539765503
  ],
  [
    1590192000000,
    0.19820271596163716
  ],
  [
    1590278400000,
    0.19672189391076492
  ],
  [
    1590364800000,
    0.2130374260520542
  ],
  [
    1590451200000,
    0.20368329324845513
  ],
  [
    1590537600000,
    0.2031857215345536
  ],
  [
    1590624000000,
    0.20513242241275145
  ],
  [
    1590710400000,
    0.21598814923098933
  ],
  [
    1590796800000,
    0.22252261831626685
  ],
  [
    1590883200000,
    0.226959789604454
  ],
  [
    1590969600000,
    0.23480610356495002
  ],
  [
    1591056000000,
    0.236460086318962
  ],
  [
    1591142400000,
    0.2460972055094515
  ],
  [
    1591228800000,
    0.24686955240949288
  ],
  [
    1591315200000,
    0.2321857239387572
  ],
  [
    1591401600000,
    0.2293941581764326
  ],
  [
    1591488000000,
    0.23110872071261965
  ],
  [
    1591574400000,
    0.2245682532742654
  ],
  [
    1591660800000,
    0.2170649530906441
  ],
  [
    1591747200000,
    0.22501303566409792
  ],
  [
    1591833600000,
    0.2303479557480801
  ],
  [
    1591920000000,
    0.2251452163263867
  ],
  [
    1592006400000,
    0.2258818587241694
  ],
  [
    1592092800000,
    0.22542154355229055
  ],
  [
    1592179200000,
    0.21609237287300861
  ],
  [
    1592265600000,
    0.22187604714171458
  ],
  [
    1592352000000,
    0.22393442851326437
  ],
  [
    1592438400000,
    0.21739530165731907
  ],
  [
    1592524800000,
    0.21699351627101826
  ],
  [
    1592611200000,
    0.21873823940830014
  ],
  [
    1592697600000,
    0.21335890984131217
  ],
  [
    1592784000000,
    0.21457205289010714
  ],
  [
    1592870400000,
    0.20705275403882778
  ],
  [
    1592956800000,
    0.2280641332778233
  ],
  [
    1593043200000,
    0.21762605518139794
  ],
  [
    1593129600000,
    0.20620439239784374
  ],
  [
    1593216000000,
    0.20860903947559828
  ],
  [
    1593302400000,
    0.20973934678828712
  ],
  [
    1593388800000,
    0.19694231045792926
  ],
  [
    1593475200000,
    0.21565649588696714
  ],
  [
    1593561600000,
    0.19697689624115255
  ],
  [
    1593648000000,
    0.2030059771488519
  ],
  [
    1593734400000,
    0.2034671708604127
  ],
  [
    1593820800000,
    0.1919922646161731
  ],
  [
    1593907200000,
    0.1874949556771005
  ],
  [
    1593993600000,
    0.18067220092841235
  ],
  [
    1594080000000,
    0.17836615418619614
  ],
  [
    1594166400000,
    0.18308725851104077
  ],
  [
    1594252800000,
    0.18760434202710735
  ],
  [
    1594339200000,
    0.1919839677370047
  ],
  [
    1594425600000,
    0.1791075696860459
  ],
  [
    1594512000000,
    0.1803616325734975
  ],
  [
    1594598400000,
    0.1837775823179484
  ],
  [
    1594684800000,
    0.20232414464353562
  ],
  [
    1594771200000,
    0.1913908939349157
  ],
  [
    1594857600000,
    0.18819313841112387
  ],
  [
    1594944000000,
    0.18557935746992
  ],
  [
    1595030400000,
    0.180894705531046
  ],
  [
    1595116800000,
    0.19402810918695942
  ],
  [
    1595203200000,
    0.18112515492625533
  ],
  [
    1595289600000,
    0.18147379575951555
  ],
  [
    1595376000000,
    0.15469706886515674
  ],
  [
    1595462400000,
    0.16912697999422216
  ],
  [
    1595548800000,
    0.1615933713437868
  ],
  [
    1595635200000,
    0.16965662197562648
  ],
  [
    1595721600000,
    0.21189166317539143
  ],
  [
    1595808000000,
    0.22019231796969221
  ],
  [
    1595894400000,
    0.18276832124294604
  ],
  [
    1595980800000,
    0.18751713352908964
  ],
  [
    1596067200000,
    0.18012916750928734
  ],
  [
    1596153600000,
    0.18442623549447829
  ],
  [
    1596240000000,
    0.18417588990580944
  ],
  [
    1596326400000,
    0.1952575780479661
  ],
  [
    1596412800000,
    0.18207598768304648
  ],
  [
    1596499200000,
    0.18813467989577765
  ],
  [
    1596585600000,
    0.18209988953788508
  ],
  [
    1596672000000,
    0.1891342393077275
  ],
  [
    1596758400000,
    0.18151362733611254
  ],
  [
    1596844800000,
    0.1753415858770466
  ],
  [
    1596931200000,
    0.1761800039228011
  ],
  [
    1597017600000,
    0.1793918917940393
  ],
  [
    1597104000000,
    0.1877187731383225
  ],
  [
    1597190400000,
    0.17448406659188803
  ],
  [
    1597276800000,
    0.18224147907824106
  ],
  [
    1597363200000,
    0.17049263949852078
  ],
  [
    1597449600000,
    0.17867455038765773
  ],
  [
    1597536000000,
    0.1813542080612426
  ],
  [
    1597622400000,
    0.18614306946440304
  ],
  [
    1597708800000,
    0.19474276275444818
  ],
  [
    1597795200000,
    0.21104658667772422
  ],
  [
    1597881600000,
    0.19696228491209866
  ],
  [
    1597968000000,
    0.18419752783032828
  ],
  [
    1598054400000,
    0.18731566004112232
  ],
  [
    1598140800000,
    0.17267019543447332
  ],
  [
    1598227200000,
    0.19187076907908757
  ],
  [
    1598313600000,
    0.1782577910698958
  ],
  [
    1598400000000,
    0.17610440841323957
  ],
  [
    1598486400000,
    0.18085724922743715
  ],
  [
    1598572800000,
    0.17293731656184033
  ],
  [
    1598659200000,
    0.18329484082983544
  ],
  [
    1598745600000,
    0.18331285034061953
  ],
  [
    1598832000000,
    0.17857528930958322
  ],
  [
    1598918400000,
    0.17339861270687504
  ],
  [
    1599004800000,
    0.17126528735595015
  ],
  [
    1599091200000,
    0.17211077162319435
  ],
  [
    1599177600000,
    0.16855235608389824
  ],
  [
    1599264000000,
    0.16246517705958136
  ],
  [
    1599350400000,
    0.17983342219702445
  ],
  [
    1599436800000,
    0.15290212922543062
  ],
  [
    1599523200000,
    0.1762369284475247
  ],
  [
    1599609600000,
    0.14149503239700806
  ],
  [
    1599696000000,
    0.16128371463588437
  ],
  [
    1599782400000,
    0.16465750356196007
  ],
  [
    1599868800000,
    0.16510285074715675
  ],
  [
    1599955200000,
    0.16532007937495635
  ],
  [
    1600041600000,
    0.1534445623376161
  ],
  [
    1600128000000,
    0.16166218992885611
  ],
  [
    1600214400000,
    0.16181662910207714
  ],
  [
    1600300800000,
    0.15702149532155404
  ],
  [
    1600387200000,
    0.15711111159832666
  ],
  [
    1600473600000,
    0.14799904920879997
  ],
  [
    1600560000000,
    0.15239560375015904
  ],
  [
    1600646400000,
    0.1364300298493976
  ],
  [
    1600732800000,
    0.13386138715882245
  ],
  [
    1600819200000,
    0.11775659565681372
  ],
  [
    1600905600000,
    0.11606471542303654
  ],
  [
    1600992000000,
    0.11988952521287229
  ],
  [
    1601078400000,
    0.11545214723070962
  ],
  [
    1601164800000,
    0.09698156235002803
  ],
  [
    1601251200000,
    0.1036492671383552
  ],
  [
    1601337600000,
    0.1034596902954069
  ],
  [
    1601424000000,
    0.07414902021588243
  ],
  [
    1601510400000,
    0.07902608253051148
  ],
  [
    1601596800000,
    0.08681505514739961
  ],
  [
    1601683200000,
    0.08620964151290787
  ],
  [
    1601769600000,
    0.08175808462184257
  ],
  [
    1601856000000,
    0.07897048534943792
  ],
  [
    1601942400000,
    0.07950724071764292
  ],
  [
    1602028800000,
    0.078475553842906
  ],
  [
    1602115200000,
    0.08026038887054311
  ],
  [
    1602201600000,
    0.07979545512939928
  ],
  [
    1602288000000,
    0.0849573335668801
  ],
  [
    1602374400000,
    0.0896793707837707
  ],
  [
    1602460800000,
    0.08529756170500506
  ],
  [
    1602547200000,
    0.08547810154603529
  ],
  [
    1602633600000,
    0.07937896941380772
  ],
  [
    1602720000000,
    0.0786773509417007
  ],
  [
    1602806400000,
    0.07858667172639797
  ],
  [
    1602892800000,
    0.0785717579030371
  ],
  [
    1602979200000,
    0.07821419043011628
  ],
  [
    1603065600000,
    0.07903789175472871
  ],
  [
    1603152000000,
    0.08089359776340473
  ],
  [
    1603238400000,
    0.0897564107651548
  ],
  [
    1603324800000,
    0.09295305995882162
  ],
  [
    1603411200000,
    0.11319948757328173
  ],
  [
    1603497600000,
    0.09231327922671195
  ],
  [
    1603584000000,
    0.08981916687056266
  ],
  [
    1603670400000,
    0.09125303519242355
  ],
  [
    1603756800000,
    0.09110603448280437
  ],
  [
    1603843200000,
    0.09396839302334381
  ],
  [
    1603929600000,
    0.09032139968458165
  ],
  [
    1604016000000,
    0.08907455280720662
  ],
  [
    1604102400000,
    0.07062983432553965
  ],
  [
    1604188800000,
    0.0894142410697697
  ],
  [
    1604275200000,
    0.08960056194278608
  ],
  [
    1604361600000,
    0.08700411130794389
  ],
  [
    1604448000000,
    0.08988817091784139
  ],
  [
    1604534400000,
    0.09364994339884793
  ],
  [
    1604620800000,
    0.09131702513809437
  ],
  [
    1604707200000,
    0.08755884445563893
  ],
  [
    1604793600000,
    0.08196141700088401
  ],
  [
    1604880000000,
    0.08570302177273244
  ],
  [
    1604966400000,
    0.08616898304266843
  ],
  [
    1605052800000,
    0.09252021127517418
  ],
  [
    1605139200000,
    0.0880144261290029
  ],
  [
    1605225600000,
    0.09024782920427499
  ],
  [
    1605312000000,
    0.06463403315589425
  ],
  [
    1605398400000,
    0.06202220042380393
  ],
  [
    1605484800000,
    0.05869210867607429
  ],
  [
    1605571200000,
    0.06064994043506568
  ],
  [
    1605657600000,
    0.0642923612623046
  ],
  [
    1605744000000,
    0.06509970581798125
  ],
  [
    1605830400000,
    0.06170208484020597
  ],
  [
    1605916800000,
    0.060854005622873256
  ],
  [
    1606003200000,
    0.06213272846356583
  ],
  [
    1606089600000,
    0.060965399858788856
  ],
  [
    1606176000000,
    0.060385227609560416
  ],
  [
    1606262400000,
    0.055578061933124055
  ],
  [
    1606348800000,
    0.053564291735171486
  ],
  [
    1606435200000,
    0.049893733262039934
  ],
  [
    1606521600000,
    0.04742678775063897
  ],
  [
    1606608000000,
    0.047959967894380735
  ],
  [
    1606694400000,
    0.0619597253418622
  ],
  [
    1606780800000,
    0.06020339581516673
  ],
  [
    1606867200000,
    0.057847483988642825
  ],
  [
    1606953600000,
    0.05811656299334626
  ],
  [
    1607040000000,
    0.05916969707137029
  ],
  [
    1607126400000,
    0.0598269413683132
  ],
  [
    1607212800000,
    0.06401470446414396
  ],
  [
    1607299200000,
    0.0645937253318951
  ],
  [
    1607385600000,
    0.0599366843598878
  ],
  [
    1607472000000,
    0.05633796580872232
  ],
  [
    1607558400000,
    0.06643752937685059
  ],
  [
    1607644800000,
    0.06646256981207607
  ],
  [
    1607731200000,
    0.06631353041816697
  ],
  [
    1607817600000,
    0.07479192633910911
  ],
  [
    1607904000000,
    0.07468600949126808
  ],
  [
    1607990400000,
    0.07026791161551467
  ],
  [
    1608076800000,
    0.06967122186279433
  ],
  [
    1608163200000,
    0.07412377119935122
  ],
  [
    1608249600000,
    0.06872317619811244
  ],
  [
    1608336000000,
    0.06742173582936066
  ],
  [
    1608422400000,
    0.07106444337658388
  ],
  [
    1608508800000,
    0.06716654683512804
  ],
  [
    1608595200000,
    0.06503442584808439
  ],
  [
    1608681600000,
    0.061927233548587174
  ],
  [
    1608768000000,
    0.060539459385277425
  ],
  [
    1608854400000,
    0.06114980962485065
  ],
  [
    1608940800000,
    0.06566667355320235
  ],
  [
    1609027200000,
    0.07246181061696837
  ],
  [
    1609113600000,
    0.06941054505331418
  ],
  [
    1609200000000,
    0.07117872713288421
  ],
  [
    1609286400000,
    0.05714695566449668
  ],
  [
    1609372800000,
    0.06207521648985768
  ],
  [
    1609459200000,
    0.06522950366422264
  ],
  [
    1609545600000,
    0.06561757215552387
  ],
  [
    1609632000000,
    0.06121376479975775
  ],
  [
    1609718400000,
    0.06137985208770701
  ],
  [
    1609804800000,
    0.05999541263140236
  ],
  [
    1609891200000,
    0.06335482446549119
  ],
  [
    1609977600000,
    0.0639039640772356
  ],
  [
    1610064000000,
    0.0659321069707265
  ],
  [
    1610150400000,
    0.07498393785601978
  ],
  [
    1610236800000,
    0.07672021789107107
  ],
  [
    1610323200000,
    0.06592824895435673
  ],
  [
    1610409600000,
    0.06395616829409043
  ],
  [
    1610496000000,
    0.06494280228606317
  ],
  [
    1610582400000,
    0.05023948637314811
  ],
  [
    1610668800000,
    0.04434726777292772
  ],
  [
    1610755200000,
    0.03454451571244311
  ],
  [
    1610841600000,
    0.04051866771913788
  ],
  [
    1610928000000,
    0.03696566079940406
  ],
  [
    1611014400000,
    0.035715087288072184
  ],
  [
    1611100800000,
    0.038416770389552
  ],
  [
    1611187200000,
    0.03914577005417899
  ],
  [
    1611273600000,
    0.037634276604673805
  ],
  [
    1611360000000,
    0.04022468979454514
  ],
  [
    1611446400000,
    0.04686600556177242
  ],
  [
    1611532800000,
    0.04171635073075201
  ],
  [
    1611619200000,
    0.044731864606594826
  ],
  [
    1611705600000,
    0.04589854769409159
  ],
  [
    1611792000000,
    0.041128357054285
  ],
  [
    1611878400000,
    0.04505491130722157
  ],
  [
    1611964800000,
    0.04401413838858707
  ],
  [
    1612051200000,
    0.043218894554317704
  ],
  [
    1612137600000,
    0.04210991730596594
  ],
  [
    1612224000000,
    0.041017272016762786
  ],
  [
    1612310400000,
    0.035913853463391626
  ],
  [
    1612396800000,
    0.0472338834671974
  ],
  [
    1612483200000,
    0.04556525315172637
  ],
  [
    1612569600000,
    0.047322811501523336
  ],
  [
    1612656000000,
    0.045220500668224986
  ],
  [
    1612742400000,
    0.04616982094368874
  ],
  [
    1612828800000,
    0.05158209928557866
  ],
  [
    1612915200000,
    0.05278817511371754
  ],
  [
    1613001600000,
    0.055290170851884486
  ],
  [
    1613088000000,
    0.05595108457161582
  ],
  [
    1613174400000,
    0.055574191069484545
  ],
  [
    1613260800000,
    0.07139486319457962
  ],
  [
    1613347200000,
    0.051478213006182515
  ],
  [
    1613433600000,
    0.04876096459485266
  ],
  [
    1613520000000,
    0.04798704896602671
  ],
  [
    1613606400000,
    0.05013697066363446
  ],
  [
    1613692800000,
    0.05367572955260962
  ],
  [
    1613779200000,
    0.05595795818412023
  ],
  [
    1613865600000,
    0.07447413973819936
  ],
  [
    1613952000000,
    0.06541851086671681
  ],
  [
    1614038400000,
    0.0770719812778997
  ],
  [
    1614124800000,
    0.07116667207785678
  ],
  [
    1614211200000,
    0.06774770064522513
  ],
  [
    1614297600000,
    0.06698712287333357
  ],
  [
    1614384000000,
    0.05590913594906746
  ],
  [
    1614470400000,
    0.05265319920382087
  ],
  [
    1614556800000,
    0.06501583554256071
  ],
  [
    1614643200000,
    0.08106193342486907
  ],
  [
    1614729600000,
    0.06336900628570634
  ],
  [
    1614816000000,
    0.0584900071120915
  ],
  [
    1614902400000,
    0.06582252204578853
  ],
  [
    1614988800000,
    0.059511052242639105
  ],
  [
    1615075200000,
    0.058941236763982253
  ],
  [
    1615161600000,
    0.06999281662395651
  ],
  [
    1615248000000,
    0.06571491694520096
  ],
  [
    1615334400000,
    0.06963545552106258
  ],
  [
    1615420800000,
    0.07034627649164203
  ],
  [
    1615507200000,
    0.07166887431884024
  ],
  [
    1615593600000,
    0.06342739910680908
  ],
  [
    1615680000000,
    0.06999769349735817
  ],
  [
    1615766400000,
    0.06929334071727039
  ],
  [
    1615852800000,
    0.07013119562201005
  ],
  [
    1615939200000,
    0.06501204814331168
  ],
  [
    1616025600000,
    0.06550357948922599
  ],
  [
    1616112000000,
    0.056123928172197905
  ],
  [
    1616198400000,
    0.0669289030713923
  ],
  [
    1616284800000,
    0.08122228466772191
  ],
  [
    1616371200000,
    0.10137113615331167
  ],
  [
    1616457600000,
    0.12969045833346157
  ],
  [
    1616544000000,
    0.16257552973139383
  ],
  [
    1616630400000,
    0.15889649949010304
  ],
  [
    1616716800000,
    0.16578826795418208
  ],
  [
    1616803200000,
    0.292604267517994
  ],
  [
    1616889600000,
    0.3542207669876259
  ],
  [
    1616976000000,
    0.29380101125611163
  ],
  [
    1617062400000,
    0.3691976863934204
  ],
  [
    1617148800000,
    0.29209784822114754
  ],
  [
    1617235200000,
    0.3084599783168319
  ],
  [
    1617321600000,
    0.252598268602685
  ],
  [
    1617408000000,
    0.18124298219214183
  ],
  [
    1617494400000,
    0.2184072037072667
  ],
  [
    1617580800000,
    0.172362018286919
  ],
  [
    1617667200000,
    0.22219089660395652
  ],
  [
    1617753600000,
    0.23143442969902903
  ],
  [
    1617840000000,
    0.20711857934714312
  ],
  [
    1617926400000,
    0.14134543619200246
  ],
  [
    1618012800000,
    0.12210865089912049
  ],
  [
    1618099200000,
    0.18986814536920193
  ],
  [
    1618185600000,
    0.18420797146169082
  ],
  [
    1618272000000,
    0.13904186286162493
  ],
  [
    1618358400000,
    0.1475564421650335
  ],
  [
    1618444800000,
    0.1472963589114873
  ],
  [
    1618531200000,
    0.16766855018665275
  ],
  [
    1618617600000,
    0.16982717458029314
  ],
  [
    1618704000000,
    0.23237412361386361
  ],
  [
    1618790400000,
    0.25307906512446054
  ],
  [
    1618876800000,
    0.30667044076707306
  ],
  [
    1618963200000,
    0.24432122304696352
  ],
  [
    1619049600000,
    0.20964000010360373
  ],
  [
    1619136000000,
    0.19971973499435444
  ],
  [
    1619222400000,
    0.22158021279379372
  ],
  [
    1619308800000,
    0.1856908634817427
  ],
  [
    1619395200000,
    0.16633773935467053
  ],
  [
    1619481600000,
    0.16117045271740266
  ],
  [
    1619568000000,
    0.15021297849029322
  ],
  [
    1619654400000,
    0.15705199137265685
  ],
  [
    1619740800000,
    0.1562880025733208
  ],
  [
    1619827200000,
    0.12623564537973292
  ],
  [
    1619913600000,
    0.12810703555018454
  ],
  [
    1620000000000,
    0.1318428749197992
  ],
  [
    1620086400000,
    0.12407918629096949
  ],
  [
    1620172800000,
    0.11773633805312819
  ],
  [
    1620259200000,
    0.12348092790124297
  ],
  [
    1620345600000,
    0.1514834643588727
  ],
  [
    1620432000000,
    0.12940384139377986
  ],
  [
    1620518400000,
    0.1174221639705326
  ],
  [
    1620604800000,
    0.1289366283824277
  ],
  [
    1620691200000,
    0.12120841998967043
  ],
  [
    1620777600000,
    0.12484435198779081
  ],
  [
    1620864000000,
    0.09727931952864075
  ],
  [
    1620950400000,
    0.11166528834176319
  ],
  [
    1621036800000,
    0.1273583354077554
  ],
  [
    1621123200000,
    0.10402793954166364
  ],
  [
    1621209600000,
    0.10686478340164185
  ],
  [
    1621296000000,
    0.10232409018153309
  ],
  [
    1621382400000,
    0.106457795776409
  ],
  [
    1621468800000,
    0.10039848521518964
  ],
  [
    1621555200000,
    0.09995559038535004
  ],
  [
    1621641600000,
    0.09593462209982796
  ],
  [
    1621728000000,
    0.08920985327692063
  ],
  [
    1621814400000,
    0.09701323624776799
  ],
  [
    1621900800000,
    0.11431342363561574
  ],
  [
    1621987200000,
    0.11065822568106314
  ],
  [
    1622073600000,
    0.11013009709822749
  ],
  [
    1622160000000,
    0.1078039757854518
  ],
  [
    1622246400000,
    0.10109356611102725
  ],
  [
    1622332800000,
    0.09788670263169329
  ],
  [
    1622419200000,
    0.09934569488154613
  ],
  [
    1622505600000,
    0.1037335274175894
  ],
  [
    1622592000000,
    0.1036224345105225
  ],
  [
    1622678400000,
    0.10517020904690619
  ],
  [
    1622764800000,
    0.12868503424023633
  ],
  [
    1622851200000,
    0.1271188982418316
  ],
  [
    1622937600000,
    0.09608253171672954
  ],
  [
    1623024000000,
    0.08453201441909472
  ],
  [
    1623110400000,
    0.08113979683923793
  ],
  [
    1623196800000,
    0.07832895241017096
  ],
  [
    1623283200000,
    0.08609822510833996
  ],
  [
    1623369600000,
    0.08848733186968871
  ],
  [
    1623456000000,
    0.09517899498094876
  ],
  [
    1623542400000,
    0.09205402675987463
  ],
  [
    1623628800000,
    0.10855015920478159
  ],
  [
    1623715200000,
    0.10343964851511296
  ],
  [
    1623801600000,
    0.10132701093342968
  ],
  [
    1623888000000,
    0.09706191242015133
  ],
  [
    1623974400000,
    0.07893660508223228
  ],
  [
    1624060800000,
    0.0850891049467948
  ],
  [
    1624147200000,
    0.07932509421212378
  ],
  [
    1624233600000,
    0.07851197211170256
  ],
  [
    1624320000000,
    0.06690482006954036
  ],
  [
    1624406400000,
    0.060786531991420034
  ],
  [
    1624492800000,
    0.06643212814454123
  ],
  [
    1624579200000,
    0.060981961478924325
  ],
  [
    1624665600000,
    0.056775605421139796
  ],
  [
    1624752000000,
    0.05261620662729269
  ],
  [
    1624838400000,
    0.05493609304429549
  ],
  [
    1624924800000,
    0.055043684317979714
  ],
  [
    1625011200000,
    0.05191763189946088
  ],
  [
    1625097600000,
    0.05799729067715887
  ],
  [
    1625184000000,
    0.05560539411938497
  ],
  [
    1625270400000,
    0.05354458356658312
  ],
  [
    1625356800000,
    0.05072665072178976
  ],
  [
    1625443200000,
    0.03985164857232993
  ],
  [
    1625529600000,
    0.04212602562728158
  ],
  [
    1625616000000,
    0.04118370202834039
  ],
  [
    1625702400000,
    0.04084453923263053
  ],
  [
    1625788800000,
    0.03233987809949491
  ],
  [
    1625875200000,
    0.03324899888225232
  ],
  [
    1625961600000,
    0.05191642552847782
  ],
  [
    1626048000000,
    0.045827865303425946
  ],
  [
    1626134400000,
    0.044286770686965835
  ],
  [
    1626220800000,
    0.04399529270192587
  ],
  [
    1626307200000,
    0.04608290806752547
  ],
  [
    1626393600000,
    0.04529557848033587
  ],
  [
    1626480000000,
    0.04478894341167968
  ],
  [
    1626566400000,
    0.039958706256537954
  ],
  [
    1626652800000,
    0.03601685937934738
  ],
  [
    1626739200000,
    0.03619806016449879
  ],
  [
    1626825600000,
    0.03377596291285262
  ],
  [
    1626912000000,
    0.029102660908519366
  ],
  [
    1626998400000,
    0.0381190758422822
  ],
  [
    1627084800000,
    0.03340965970918798
  ],
  [
    1627171200000,
    0.03587955862697577
  ],
  [
    1627257600000,
    0.04055081219098112
  ],
  [
    1627344000000,
    0.03657642081876863
  ],
  [
    1627430400000,
    0.03866110022105912
  ],
  [
    1627516800000,
    0.041503856834263206
  ],
  [
    1627603200000,
    0.038961818531914
  ],
  [
    1627689600000,
    0.037278329153316116
  ],
  [
    1627776000000,
    0.03967544288218531
  ],
  [
    1627862400000,
    0.03503364513228501
  ],
  [
    1627948800000,
    0.03597341026829656
  ],
  [
    1628035200000,
    0.03631312566918081
  ],
  [
    1628121600000,
    0.03870229063179743
  ],
  [
    1628208000000,
    0.04017448174608296
  ],
  [
    1628294400000,
    0.0416720665362379
  ],
  [
    1628380800000,
    0.04242367704525341
  ],
  [
    1628467200000,
    0.041934268457028336
  ],
  [
    1628553600000,
    0.04421461335558284
  ],
  [
    1628640000000,
    0.04360497315124538
  ],
  [
    1628726400000,
    0.0466480828723318
  ],
  [
    1628812800000,
    0.04581337814786436
  ],
  [
    1628899200000,
    0.06416925736549955
  ],
  [
    1628985600000,
    0.07039373920453107
  ],
  [
    1629072000000,
    0.06494266689746794
  ],
  [
    1629158400000,
    0.058375121014676665
  ],
  [
    1629244800000,
    0.048487394033990834
  ],
  [
    1629331200000,
    0.05107309486300914
  ],
  [
    1629417600000,
    0.05165834553137837
  ],
  [
    1629504000000,
    0.053265394692405495
  ],
  [
    1629590400000,
    0.048745155682277025
  ],
  [
    1629676800000,
    0.047809394140939244
  ],
  [
    1629763200000,
    0.04820535304470213
  ],
  [
    1629849600000,
    0.047278371721018876
  ],
  [
    1629936000000,
    0.04780112902010295
  ],
  [
    1630022400000,
    0.047404777478358806
  ],
  [
    1630108800000,
    0.0669144328233072
  ],
  [
    1630195200000,
    0.06547299629068598
  ],
  [
    1630281600000,
    0.06142369552340379
  ],
  [
    1630368000000,
    0.060384636906507215
  ],
  [
    1630454400000,
    0.05587211148818588
  ],
  [
    1630540800000,
    0.054222760368371536
  ],
  [
    1630627200000,
    0.05440263711997716
  ]
]