[
  [
    1611964800000,
    61789.92061202352
  ],
  [
    1612051200000,
    61789.92061202352
  ],
  [
    1612137600000,
    37430.19130879173
  ],
  [
    1612224000000,
    104831.05919049672
  ],
  [
    1612310400000,
    54209.14242232275
  ],
  [
    1612396800000,
    79271.35283219992
  ],
  [
    1612483200000,
    34000.381381960906
  ],
  [
    1612569600000,
    31512.147370278217
  ],
  [
    1612656000000,
    71226.52347874737
  ],
  [
    1612742400000,
    11283.60039623682
  ],
  [
    1612828800000,
    74434.6974810514
  ],
  [
    1612915200000,
    21686.605726340076
  ],
  [
    1613001600000,
    20193.045040351266
  ],
  [
    1613088000000,
    45408.5389474922
  ],
  [
    1613174400000,
    148575.7166709777
  ],
  [
    1613260800000,
    914206.5598872752
  ],
  [
    1613347200000,
    2244792.6805254878
  ],
  [
    1613433600000,
    724963.4343412135
  ],
  [
    1613520000000,
    1596346.3624733915
  ],
  [
    1613606400000,
    10244175.137824493
  ],
  [
    1613692800000,
    3823532.7492109057
  ],
  [
    1613779200000,
    3033555.6787968683
  ],
  [
    1613865600000,
    1358973.832736787
  ],
  [
    1613952000000,
    2845916.0546420403
  ],
  [
    1614038400000,
    2427736.023408245
  ],
  [
    1614124800000,
    2471713.67495148
  ],
  [
    1614211200000,
    1948648.7329970933
  ],
  [
    1614297600000,
    6621636.270385026
  ],
  [
    1614384000000,
    2537324.076947512
  ],
  [
    1614470400000,
    3067948.0804248177
  ],
  [
    1614556800000,
    1632735.3594126941
  ],
  [
    1614643200000,
    3493443.695549374
  ],
  [
    1614729600000,
    1231881.4264802637
  ],
  [
    1614816000000,
    4663972.563354362
  ],
  [
    1614902400000,
    2507909.5602889415
  ],
  [
    1614988800000,
    1971540.692310652
  ],
  [
    1615075200000,
    574721.5451173699
  ],
  [
    1615161600000,
    3064311.290091843
  ],
  [
    1615248000000,
    9300676.915121742
  ],
  [
    1615334400000,
    15568662.079877751
  ],
  [
    1615420800000,
    12996594.192064723
  ],
  [
    1615507200000,
    41997131.8842885
  ],
  [
    1615593600000,
    16946483.268108428
  ],
  [
    1615680000000,
    12754771.113631686
  ],
  [
    1615766400000,
    9726613.768772116
  ],
  [
    1615852800000,
    4765741.0237558745
  ],
  [
    1615939200000,
    3040421.792314925
  ],
  [
    1616025600000,
    3185497.166133042
  ],
  [
    1616112000000,
    3707883.000485957
  ],
  [
    1616198400000,
    3346594.199423765
  ],
  [
    1616284800000,
    3629785.666391356
  ],
  [
    1616371200000,
    1404820.2101516293
  ],
  [
    1616457600000,
    2231821.0605248357
  ],
  [
    1616544000000,
    4957418.452869381
  ],
  [
    1616630400000,
    1732303.053889098
  ],
  [
    1616716800000,
    1162761.919004745
  ],
  [
    1616803200000,
    2184700.4735882063
  ],
  [
    1616889600000,
    955572.8916228187
  ],
  [
    1616976000000,
    1240679.1790384182
  ],
  [
    1617062400000,
    2832000.792237185
  ],
  [
    1617148800000,
    763584.3041955562
  ],
  [
    1617235200000,
    982678.7493812738
  ],
  [
    1617321600000,
    794645.7312693879
  ],
  [
    1617408000000,
    505375.93355439854
  ],
  [
    1617494400000,
    726612.2555704572
  ],
  [
    1617580800000,
    575258.1961500915
  ],
  [
    1617667200000,
    1593793.5910168474
  ],
  [
    1617753600000,
    1190899.1639884403
  ],
  [
    1617840000000,
    1068394.736932541
  ],
  [
    1617926400000,
    703017.1669215374
  ],
  [
    1618012800000,
    1161691.8242879282
  ],
  [
    1618099200000,
    544498.8839177553
  ],
  [
    1618185600000,
    486366.8925559873
  ],
  [
    1618272000000,
    960130.2410868912
  ],
  [
    1618358400000,
    526681.8023833609
  ],
  [
    1618444800000,
    1934466.2140522243
  ],
  [
    1618531200000,
    549331.0617763569
  ],
  [
    1618617600000,
    268204.04312902
  ],
  [
    1618704000000,
    170349.6138807347
  ],
  [
    1618790400000,
    222692.6829882443
  ],
  [
    1618876800000,
    596310.1115970211
  ],
  [
    1618963200000,
    609129.8161933251
  ],
  [
    1619049600000,
    443048.91679642134
  ],
  [
    1619136000000,
    528307.3815264661
  ],
  [
    1619222400000,
    1572635.910776362
  ],
  [
    1619308800000,
    785110.5940612496
  ],
  [
    1619395200000,
    245480.1460758073
  ],
  [
    1619481600000,
    363230.7181101408
  ],
  [
    1619568000000,
    510614.4450381308
  ],
  [
    1619654400000,
    791574.1173945914
  ],
  [
    1619740800000,
    965790.1325593484
  ],
  [
    1619827200000,
    1915917.3008874916
  ],
  [
    1619913600000,
    709961.7312071401
  ],
  [
    1620000000000,
    710098.0978366926
  ],
  [
    1620086400000,
    485900.7480068693
  ],
  [
    1620172800000,
    906969.7866059802
  ],
  [
    1620259200000,
    163576.15561278106
  ],
  [
    1620345600000,
    802036.1870893831
  ],
  [
    1620432000000,
    139534.15801680667
  ],
  [
    1620518400000,
    190295.79431997388
  ],
  [
    1620604800000,
    239108.20745607425
  ],
  [
    1620691200000,
    2531930.2973800395
  ],
  [
    1620777600000,
    756310.8783181183
  ],
  [
    1620864000000,
    441351.8710724391
  ],
  [
    1620950400000,
    354847.0120844339
  ],
  [
    1621036800000,
    284285.68030715967
  ],
  [
    1621123200000,
    368998.9636375115
  ],
  [
    1621209600000,
    273521.9580727172
  ],
  [
    1621296000000,
    226034.44166244694
  ],
  [
    1621382400000,
    190371.49950196416
  ],
  [
    1621468800000,
    174757.36903697555
  ],
  [
    1621555200000,
    220918.75208296336
  ],
  [
    1621641600000,
    204986.13693965628
  ],
  [
    1621728000000,
    163924.37538326456
  ],
  [
    1621814400000,
    166459.5379519213
  ],
  [
    1621900800000,
    314166.2220670888
  ],
  [
    1621987200000,
    215190.03546996956
  ],
  [
    1622073600000,
    327847.3016583566
  ],
  [
    1622160000000,
    320841.5904943729
  ],
  [
    1622246400000,
    270470.24651777564
  ],
  [
    1622332800000,
    254698.3937874152
  ],
  [
    1622419200000,
    288366.7470377019
  ],
  [
    1622505600000,
    650742.4312594956
  ],
  [
    1622592000000,
    356306.63978303794
  ],
  [
    1622678400000,
    336342.253444238
  ],
  [
    1622764800000,
    312107.1967716773
  ],
  [
    1622851200000,
    247793.42162791584
  ],
  [
    1622937600000,
    294889.6438201395
  ],
  [
    1623024000000,
    256800.63456786424
  ],
  [
    1623110400000,
    630902.013855594
  ],
  [
    1623196800000,
    376715.00676935475
  ],
  [
    1623283200000,
    319332.7573665032
  ],
  [
    1623369600000,
    318043.0366147046
  ],
  [
    1623456000000,
    337063.04100324644
  ],
  [
    1623542400000,
    348033.7850619832
  ],
  [
    1623628800000,
    403023.1729425101
  ],
  [
    1623715200000,
    299393.6865555414
  ],
  [
    1623801600000,
    317888.44610247185
  ],
  [
    1623888000000,
    353018.44223623135
  ],
  [
    1623974400000,
    280973.2163855458
  ],
  [
    1624060800000,
    169666.65014520634
  ],
  [
    1624147200000,
    211711.97496374184
  ],
  [
    1624233600000,
    233266.61763116147
  ],
  [
    1624320000000,
    540754.9775069949
  ],
  [
    1624406400000,
    233950.72563594836
  ],
  [
    1624492800000,
    140422.54574833353
  ],
  [
    1624579200000,
    157074.0762955612
  ],
  [
    1624665600000,
    253159.38923175738
  ],
  [
    1624752000000,
    225488.5039245513
  ],
  [
    1624838400000,
    150008.75784536463
  ],
  [
    1624924800000,
    203133.15753926613
  ],
  [
    1625011200000,
    235999.9666338722
  ],
  [
    1625097600000,
    220060.61509311982
  ],
  [
    1625184000000,
    255197.97898220827
  ],
  [
    1625270400000,
    198649.10795048505
  ],
  [
    1625356800000,
    171687.73818298485
  ],
  [
    1625443200000,
    205910.63247452554
  ],
  [
    1625529600000,
    235835.5653621724
  ],
  [
    1625616000000,
    151489.11630239064
  ],
  [
    1625702400000,
    172266.9410497943
  ],
  [
    1625788800000,
    143016.53095351398
  ],
  [
    1625875200000,
    197269.53103297408
  ],
  [
    1625961600000,
    273127.96455009835
  ],
  [
    1626048000000,
    716666.9255459862
  ],
  [
    1626134400000,
    433310.05511611106
  ],
  [
    1626220800000,
    241139.82274962927
  ],
  [
    1626307200000,
    350618.01980427885
  ],
  [
    1626393600000,
    277696.03278646065
  ],
  [
    1626480000000,
    305532.20962373354
  ],
  [
    1626566400000,
    299256.8509374743
  ],
  [
    1626652800000,
    199874.66593146013
  ],
  [
    1626739200000,
    335745.76869930985
  ],
  [
    1626825600000,
    452822.42782644555
  ],
  [
    1626912000000,
    262853.34127064596
  ],
  [
    1626998400000,
    296568.52660239383
  ],
  [
    1627084800000,
    246985.0322218933
  ],
  [
    1627171200000,
    272950.08387700724
  ],
  [
    1627257600000,
    409233.99934676435
  ],
  [
    1627344000000,
    154645.09046725545
  ],
  [
    1627430400000,
    97600.74349083958
  ],
  [
    1627516800000,
    60990.152305077565
  ],
  [
    1627603200000,
    407585.20017372153
  ],
  [
    1627689600000,
    372695.5268070868
  ],
  [
    1627776000000,
    349656.4871032974
  ],
  [
    1627862400000,
    1045779.3339291466
  ],
  [
    1627948800000,
    1659502.225225964
  ],
  [
    1628035200000,
    768297.494072811
  ],
  [
    1628121600000,
    428742.808709281
  ],
  [
    1628208000000,
    396378.4019957679
  ],
  [
    1628294400000,
    317151.1466564756
  ],
  [
    1628380800000,
    885788.7580066575
  ],
  [
    1628467200000,
    606398.842933548
  ],
  [
    1628553600000,
    342255.82202238694
  ],
  [
    1628640000000,
    202167.22476019198
  ],
  [
    1628726400000,
    281239.4430118536
  ],
  [
    1628812800000,
    303493.4343194715
  ],
  [
    1628899200000,
    278714.3236379135
  ],
  [
    1628985600000,
    167897.17050961262
  ],
  [
    1629072000000,
    201410.05111370873
  ],
  [
    1629158400000,
    164798.99820781368
  ],
  [
    1629244800000,
    198692.44900841746
  ],
  [
    1629331200000,
    112437.35620472574
  ],
  [
    1629417600000,
    191053.51512113222
  ],
  [
    1629504000000,
    183592.8463317041
  ],
  [
    1629590400000,
    181968.14789293494
  ],
  [
    1629676800000,
    201630.76939099043
  ],
  [
    1629763200000,
    308731.1820965891
  ],
  [
    1629849600000,
    553122.5724660782
  ],
  [
    1629936000000,
    205398.39933548955
  ],
  [
    1630022400000,
    158363.06545160513
  ],
  [
    1630108800000,
    146814.40705953696
  ],
  [
    1630195200000,
    206654.63975277997
  ],
  [
    1630281600000,
    176654.66354545933
  ],
  [
    1630368000000,
    151254.16569794458
  ],
  [
    1630454400000,
    159279.17841887372
  ],
  [
    1630540800000,
    204067.6492344542
  ],
  [
    1630627200000,
    189658.30036513397
  ]
]