[
  [
    1625875200000,
    591987.2930254575
  ],
  [
    1625961600000,
    591987.2930254575
  ],
  [
    1626048000000,
    194935.85251562475
  ],
  [
    1626134400000,
    233532.48572169838
  ],
  [
    1626220800000,
    154943.8743942255
  ],
  [
    1626307200000,
    146664.48767152822
  ],
  [
    1626393600000,
    129152.40490496848
  ],
  [
    1626480000000,
    77275.07339487819
  ],
  [
    1626566400000,
    49063.6858247671
  ],
  [
    1626652800000,
    16812.215851723726
  ],
  [
    1626739200000,
    5596.444450373617
  ],
  [
    1626825600000,
    5348.751298016572
  ],
  [
    1626912000000,
    673.2984152266179
  ],
  [
    1626998400000,
    807.3898873683512
  ],
  [
    1627084800000,
    1302.6694375948466
  ],
  [
    1627171200000,
    705.5517832629733
  ],
  [
    1627257600000,
    403.18434633554153
  ],
  [
    1627344000000,
    318.20691642529624
  ],
  [
    1627430400000,
    80.81920543208157
  ],
  [
    1627516800000,
    162.55397242599403
  ],
  [
    1627603200000,
    119.87743011632269
  ],
  [
    1627689600000,
    118.57089254955136
  ],
  [
    1627776000000,
    171.55620116948734
  ],
  [
    1627862400000,
    274.30198164099266
  ],
  [
    1627948800000,
    239.94128191009037
  ],
  [
    1628035200000,
    80.22635431910149
  ],
  [
    1628121600000,
    32.276368851619594
  ],
  [
    1628208000000,
    66.66580247409256
  ],
  [
    1628294400000,
    128.14052477976153
  ],
  [
    1628380800000,
    68.84635643294402
  ],
  [
    1628467200000,
    14.909593517748041
  ],
  [
    1628553600000,
    309.7065894461763
  ],
  [
    1628640000000,
    82.08299817403534
  ],
  [
    1628726400000,
    131.02587763158581
  ],
  [
    1628812800000,
    320.59867577721667
  ],
  [
    1628899200000,
    113.22054483969507
  ],
  [
    1628985600000,
    288.816885637435
  ],
  [
    1629072000000,
    82.52731901707055
  ],
  [
    1629158400000,
    310.4394814230327
  ],
  [
    1629244800000,
    316.2340360845802
  ],
  [
    1629331200000,
    83.02666767791798
  ],
  [
    1629417600000,
    14.948029378951981
  ],
  [
    1629504000000,
    15.887005874787771
  ],
  [
    1629590400000,
    14.40277107355239
  ],
  [
    1629676800000,
    6.153783300269031
  ],
  [
    1629763200000,
    7.9326715084933035
  ],
  [
    1629849600000,
    29.944089795593356
  ],
  [
    1629936000000,
    93.2829326884667
  ],
  [
    1630022400000,
    61.1200945320107
  ],
  [
    1630108800000,
    18.469894873171555
  ],
  [
    1630195200000,
    34.11515482357079
  ],
  [
    1630281600000,
    85.58981664896785
  ],
  [
    1630368000000,
    46.36318280904259
  ],
  [
    1630454400000,
    3.6286371642795285
  ],
  [
    1630540800000,
    45.542126562994895
  ],
  [
    1630627200000,
    45.542126562994895
  ]
]