[
  [
    1597536000000,
    0
  ],
  [
    1597622400000,
    0
  ],
  [
    1597708800000,
    0
  ],
  [
    1597795200000,
    18467200.550259743
  ],
  [
    1597881600000,
    18467200.550259743
  ],
  [
    1597968000000,
    18467200.550259743
  ],
  [
    1598054400000,
    0
  ],
  [
    1598140800000,
    0
  ],
  [
    1598227200000,
    0
  ],
  [
    1598313600000,
    0
  ],
  [
    1598400000000,
    0
  ],
  [
    1598486400000,
    4894399.319588689
  ],
  [
    1598572800000,
    4305074.964475352
  ],
  [
    1598659200000,
    4187974.4072730034
  ],
  [
    1598745600000,
    4190758.608455556
  ],
  [
    1598832000000,
    4060117.484455549
  ],
  [
    1598918400000,
    4588555.82924344
  ],
  [
    1599004800000,
    5953597.024251142
  ],
  [
    1599091200000,
    4383151.573643384
  ],
  [
    1599177600000,
    4858724.443632026
  ],
  [
    1599264000000,
    4611083.441952529
  ],
  [
    1599350400000,
    3285988.3586141025
  ],
  [
    1599436800000,
    3716626.7983356523
  ],
  [
    1599523200000,
    3460349.7685606973
  ],
  [
    1599609600000,
    3281582.2440628842
  ],
  [
    1599696000000,
    3599440.698349656
  ],
  [
    1599782400000,
    3736680.861344512
  ],
  [
    1599868800000,
    3518558.1913492954
  ],
  [
    1599955200000,
    3241391.088362234
  ],
  [
    1600041600000,
    2595485.8789680405
  ],
  [
    1600128000000,
    2587084.953526597
  ],
  [
    1600214400000,
    2773166.2041605837
  ],
  [
    1600300800000,
    2467854.613296824
  ],
  [
    1600387200000,
    2485238.2251611585
  ],
  [
    1600473600000,
    2726776.1573112197
  ],
  [
    1600560000000,
    3789067.8697743127
  ],
  [
    1600646400000,
    2681519.533696281
  ],
  [
    1600732800000,
    2502500.8531233124
  ],
  [
    1600819200000,
    2125721.830133111
  ],
  [
    1600905600000,
    2222391.6156970486
  ],
  [
    1600992000000,
    2401696.713766605
  ],
  [
    1601078400000,
    2244652.6387051013
  ],
  [
    1601164800000,
    2231712.3648507893
  ],
  [
    1601251200000,
    2206587.1380541525
  ],
  [
    1601337600000,
    1976989.0350172764
  ],
  [
    1601424000000,
    2062556.6167658505
  ],
  [
    1601510400000,
    2211786.606442869
  ],
  [
    1601596800000,
    2171583.1693698755
  ],
  [
    1601683200000,
    1892386.066503875
  ],
  [
    1601769600000,
    2054755.5505984477
  ],
  [
    1601856000000,
    2117870.7333960705
  ],
  [
    1601942400000,
    2000195.082534495
  ],
  [
    1602028800000,
    1544117.5313779318
  ],
  [
    1602115200000,
    1577907.7487504166
  ],
  [
    1602201600000,
    1547674.618803597
  ],
  [
    1602288000000,
    1604643.788352535
  ],
  [
    1602374400000,
    1646255.216281442
  ],
  [
    1602460800000,
    1670257.477213246
  ],
  [
    1602547200000,
    2082699.491938121
  ],
  [
    1602633600000,
    1993719.152783411
  ],
  [
    1602720000000,
    1860883.8934239717
  ],
  [
    1602806400000,
    1887509.2322857766
  ],
  [
    1602892800000,
    1772768.5588281443
  ],
  [
    1602979200000,
    1645024.685872792
  ],
  [
    1603065600000,
    1820719.9511758771
  ],
  [
    1603152000000,
    1696182.987748981
  ],
  [
    1603238400000,
    1622728.9380217805
  ],
  [
    1603324800000,
    1713898.6315970544
  ],
  [
    1603411200000,
    1855498.1701795333
  ],
  [
    1603497600000,
    1731294.7359148283
  ],
  [
    1603584000000,
    1661275.2857419718
  ],
  [
    1603670400000,
    1578738.2962138462
  ],
  [
    1603756800000,
    1495810.5541281994
  ],
  [
    1603843200000,
    1540897.7486283407
  ],
  [
    1603929600000,
    1597810.1940460901
  ],
  [
    1604016000000,
    1496170.4011608085
  ],
  [
    1604102400000,
    1476204.114265715
  ],
  [
    1604188800000,
    1435698.3137030231
  ],
  [
    1604275200000,
    1437915.9883294012
  ],
  [
    1604361600000,
    1411638.183833262
  ],
  [
    1604448000000,
    1407460.5159647602
  ],
  [
    1604534400000,
    1465220.2003545149
  ],
  [
    1604620800000,
    1585904.8711179385
  ],
  [
    1604707200000,
    1796810.162941712
  ],
  [
    1604793600000,
    1699273.8953512616
  ],
  [
    1604880000000,
    1757987.3093042367
  ],
  [
    1604966400000,
    1662194.4830219336
  ],
  [
    1605052800000,
    1687171.962975625
  ],
  [
    1605139200000,
    1983464.5275051505
  ],
  [
    1605225600000,
    1926053.7309386241
  ],
  [
    1605312000000,
    2169475.4884189065
  ],
  [
    1605398400000,
    2107347.4884647736
  ],
  [
    1605484800000,
    2343108.745599069
  ],
  [
    1605571200000,
    1877886.037680895
  ],
  [
    1605657600000,
    1819647.8624535992
  ],
  [
    1605744000000,
    1763241.4190797498
  ],
  [
    1605830400000,
    1974211.4173575619
  ],
  [
    1605916800000,
    1960906.4125824904
  ],
  [
    1606003200000,
    2067772.290023506
  ],
  [
    1606089600000,
    2360948.9899291648
  ],
  [
    1606176000000,
    2768600.7837206973
  ],
  [
    1606262400000,
    2866490.7251437046
  ],
  [
    1606348800000,
    2797375.7924427404
  ],
  [
    1606435200000,
    2562143.06560659
  ],
  [
    1606521600000,
    2881169.045673446
  ],
  [
    1606608000000,
    3137388.934348276
  ],
  [
    1606694400000,
    3498913.3621998676
  ],
  [
    1606780800000,
    3136892.3675834616
  ],
  [
    1606867200000,
    3275580.44486597
  ],
  [
    1606953600000,
    3474351.6855123746
  ],
  [
    1607040000000,
    3877830.699472277
  ],
  [
    1607126400000,
    3652978.4040005086
  ],
  [
    1607212800000,
    2996488.6184778186
  ],
  [
    1607299200000,
    2950423.396524876
  ],
  [
    1607385600000,
    2539574.4359574453
  ],
  [
    1607472000000,
    2165360.911036894
  ],
  [
    1607558400000,
    1823323.6765601037
  ],
  [
    1607644800000,
    1848050.4001224714
  ],
  [
    1607731200000,
    1963929.5028283836
  ],
  [
    1607817600000,
    2090086.149399791
  ],
  [
    1607904000000,
    2131674.8400980392
  ],
  [
    1607990400000,
    2107337.556688442
  ],
  [
    1608076800000,
    1906051.07708581
  ],
  [
    1608163200000,
    2026438.2977401642
  ],
  [
    1608249600000,
    2399025.2930696723
  ],
  [
    1608336000000,
    2526442.1293876506
  ],
  [
    1608422400000,
    3093716.996819661
  ],
  [
    1608508800000,
    3065372.3351451075
  ],
  [
    1608595200000,
    2588635.7308777687
  ],
  [
    1608681600000,
    2379756.495449318
  ],
  [
    1608768000000,
    1967920.4086223969
  ],
  [
    1608854400000,
    2142909.6449897466
  ],
  [
    1608940800000,
    2191381.422313743
  ],
  [
    1609027200000,
    2052917.2704685351
  ],
  [
    1609113600000,
    2131570.254097396
  ],
  [
    1609200000000,
    2078680.3771577084
  ],
  [
    1609286400000,
    1937013.6929627063
  ],
  [
    1609372800000,
    1748983.3171549402
  ],
  [
    1609459200000,
    1528287.7346575968
  ],
  [
    1609545600000,
    1471756.9468922687
  ],
  [
    1609632000000,
    1539607.651721268
  ],
  [
    1609718400000,
    2105536.2816029945
  ],
  [
    1609804800000,
    2202186.596670021
  ],
  [
    1609891200000,
    2290322.935067017
  ],
  [
    1609977600000,
    2429369.08377822
  ],
  [
    1610064000000,
    2256250.0578284576
  ],
  [
    1610150400000,
    2170548.1495304075
  ],
  [
    1610236800000,
    2222781.0328739393
  ],
  [
    1610323200000,
    2089119.1783380012
  ],
  [
    1610409600000,
    1948761.8984770365
  ],
  [
    1610496000000,
    1939214.9785532032
  ],
  [
    1610582400000,
    1952325.4804584186
  ],
  [
    1610668800000,
    2096348.7199234776
  ],
  [
    1610755200000,
    3079896.39879483
  ],
  [
    1610841600000,
    2898798.6225952096
  ],
  [
    1610928000000,
    2625079.9276340683
  ],
  [
    1611014400000,
    2608083.95803144
  ],
  [
    1611100800000,
    2996900.6305746315
  ],
  [
    1611187200000,
    2729169.4288335815
  ],
  [
    1611273600000,
    2349628.333294903
  ],
  [
    1611360000000,
    2580705.827370908
  ],
  [
    1611446400000,
    2442343.1099452497
  ],
  [
    1611532800000,
    2684890.381788428
  ],
  [
    1611619200000,
    2805534.6633095103
  ],
  [
    1611705600000,
    2811509.52168027
  ],
  [
    1611792000000,
    2446450.7838757676
  ],
  [
    1611878400000,
    2540765.2782745687
  ],
  [
    1611964800000,
    2606725.899480427
  ],
  [
    1612051200000,
    2550139.507202078
  ],
  [
    1612137600000,
    2413179.934564547
  ],
  [
    1612224000000,
    2296018.6956866784
  ],
  [
    1612310400000,
    2802556.0642008213
  ],
  [
    1612396800000,
    3118984.1944084154
  ],
  [
    1612483200000,
    2911989.257823729
  ],
  [
    1612569600000,
    3057598.609063262
  ],
  [
    1612656000000,
    2885281.4136931985
  ],
  [
    1612742400000,
    2711647.7362239845
  ],
  [
    1612828800000,
    2790327.718004041
  ],
  [
    1612915200000,
    2701603.6703074067
  ],
  [
    1613001600000,
    3001487.8584161336
  ],
  [
    1613088000000,
    2597295.8868390666
  ],
  [
    1613174400000,
    2628098.937342059
  ],
  [
    1613260800000,
    3121523.8453283603
  ],
  [
    1613347200000,
    3409921.889425484
  ],
  [
    1613433600000,
    3808372.1811989583
  ],
  [
    1613520000000,
    3542571.230976085
  ],
  [
    1613606400000,
    3555551.666208817
  ],
  [
    1613692800000,
    3992730.9259726307
  ],
  [
    1613779200000,
    3835119.4193596574
  ],
  [
    1613865600000,
    3631428.220711975
  ],
  [
    1613952000000,
    3845151.1776245725
  ],
  [
    1614038400000,
    3710736.303757614
  ],
  [
    1614124800000,
    2974208.8650020217
  ],
  [
    1614211200000,
    3006982.8835643292
  ],
  [
    1614297600000,
    2824186.0272022346
  ],
  [
    1614384000000,
    2448416.445820368
  ],
  [
    1614470400000,
    2514662.7471700134
  ],
  [
    1614556800000,
    2510946.1594869816
  ],
  [
    1614643200000,
    2878719.7585728797
  ],
  [
    1614729600000,
    3289500.696954736
  ],
  [
    1614816000000,
    3598422.691921942
  ],
  [
    1614902400000,
    3127073.2857619594
  ],
  [
    1614988800000,
    3108415.2617596234
  ],
  [
    1615075200000,
    3481968.3498130934
  ],
  [
    1615161600000,
    3709361.0397114153
  ],
  [
    1615248000000,
    4020264.6162243034
  ],
  [
    1615334400000,
    4324362.661344009
  ],
  [
    1615420800000,
    4519777.148841586
  ],
  [
    1615507200000,
    4588893.945037367
  ],
  [
    1615593600000,
    4426984.8239858365
  ],
  [
    1615680000000,
    4829479.053858099
  ],
  [
    1615766400000,
    4641493.618419995
  ],
  [
    1615852800000,
    4202261.072686488
  ],
  [
    1615939200000,
    3889461.4741198653
  ],
  [
    1616025600000,
    3570230.0126259564
  ],
  [
    1616112000000,
    2418907.404457334
  ],
  [
    1616198400000,
    2779585.1017878093
  ],
  [
    1616284800000,
    2886579.387211935
  ],
  [
    1616371200000,
    2817964.5949642453
  ],
  [
    1616457600000,
    2649491.927058788
  ],
  [
    1616544000000,
    2561671.12530799
  ],
  [
    1616630400000,
    2490932.7360883616
  ],
  [
    1616716800000,
    2464716.199771564
  ],
  [
    1616803200000,
    2720567.5892691533
  ],
  [
    1616889600000,
    2662839.3991822745
  ],
  [
    1616976000000,
    2651831.5406518723
  ],
  [
    1617062400000,
    2738428.116799375
  ],
  [
    1617148800000,
    2900104.7862817175
  ],
  [
    1617235200000,
    3481348.803556574
  ],
  [
    1617321600000,
    3465865.969477178
  ],
  [
    1617408000000,
    3977779.7856472447
  ],
  [
    1617494400000,
    4202119.8643100755
  ],
  [
    1617580800000,
    4674201.066792381
  ],
  [
    1617667200000,
    5071775.828759225
  ],
  [
    1617753600000,
    5037706.554269371
  ],
  [
    1617840000000,
    4340249.252137392
  ],
  [
    1617926400000,
    4640117.609617402
  ],
  [
    1618012800000,
    4342741.733885539
  ],
  [
    1618099200000,
    4136702.2254602727
  ],
  [
    1618185600000,
    4070745.931531157
  ],
  [
    1618272000000,
    4095947.486636444
  ],
  [
    1618358400000,
    3949115.74785387
  ],
  [
    1618444800000,
    4007929.4942421634
  ],
  [
    1618531200000,
    7025278.789524617
  ],
  [
    1618617600000,
    6025025.383389958
  ],
  [
    1618704000000,
    5995427.227087126
  ],
  [
    1618790400000,
    5686081.4428051645
  ],
  [
    1618876800000,
    5160514.038804175
  ],
  [
    1618963200000,
    5487673.054028893
  ],
  [
    1619049600000,
    5935738.177542054
  ],
  [
    1619136000000,
    6400825.877261741
  ],
  [
    1619222400000,
    6165646.0732685905
  ],
  [
    1619308800000,
    5792640.31437023
  ],
  [
    1619395200000,
    5581065.566910652
  ],
  [
    1619481600000,
    6097297.324391647
  ],
  [
    1619568000000,
    6359461.096047954
  ],
  [
    1619654400000,
    6302069.597511236
  ],
  [
    1619740800000,
    6416664.217032888
  ],
  [
    1619827200000,
    6780065.983752673
  ],
  [
    1619913600000,
    6809927.348113026
  ],
  [
    1620000000000,
    7322911.128058279
  ],
  [
    1620086400000,
    8138612.349319087
  ],
  [
    1620172800000,
    8195428.697397185
  ],
  [
    1620259200000,
    9071788.890141817
  ],
  [
    1620345600000,
    8956773.874747666
  ],
  [
    1620432000000,
    8105700.320323811
  ],
  [
    1620518400000,
    8816867.938434988
  ],
  [
    1620604800000,
    8691737.346264245
  ],
  [
    1620691200000,
    8709373.51539023
  ],
  [
    1620777600000,
    8776234.61291375
  ],
  [
    1620864000000,
    7897528.936531178
  ],
  [
    1620950400000,
    8414150.400622062
  ],
  [
    1621036800000,
    12264334.549926352
  ],
  [
    1621123200000,
    7966860.8878134815
  ],
  [
    1621209600000,
    6828513.807304134
  ],
  [
    1621296000000,
    5901635.097233524
  ],
  [
    1621382400000,
    6225439.145653125
  ],
  [
    1621468800000,
    4785375.720264685
  ],
  [
    1621555200000,
    5155851.789063628
  ],
  [
    1621641600000,
    4230778.677113966
  ],
  [
    1621728000000,
    3821247.036386199
  ],
  [
    1621814400000,
    2946573.4716987573
  ],
  [
    1621900800000,
    3185491.553882211
  ],
  [
    1621987200000,
    3233227.0703086043
  ],
  [
    1622073600000,
    3176158.6348142466
  ],
  [
    1622160000000,
    3215570.753772169
  ],
  [
    1622246400000,
    3284768.3980165506
  ],
  [
    1622332800000,
    2704342.660740105
  ],
  [
    1622419200000,
    2708462.365030384
  ],
  [
    1622505600000,
    2990932.188668028
  ],
  [
    1622592000000,
    2789664.121686022
  ],
  [
    1622678400000,
    3554808.3266409887
  ],
  [
    1622764800000,
    3078023.4036976956
  ],
  [
    1622851200000,
    3024716.791717843
  ],
  [
    1622937600000,
    2923714.8088346035
  ],
  [
    1623024000000,
    3132680.0358865648
  ],
  [
    1623110400000,
    2993049.260310227
  ],
  [
    1623196800000,
    2984210.1268512523
  ],
  [
    1623283200000,
    3026438.4045519517
  ],
  [
    1623369600000,
    2830653.8049455993
  ],
  [
    1623456000000,
    2702212.814228394
  ],
  [
    1623542400000,
    2687989.828480642
  ],
  [
    1623628800000,
    2781206.1574248015
  ],
  [
    1623715200000,
    2879336.1964200935
  ],
  [
    1623801600000,
    2819332.977295606
  ],
  [
    1623888000000,
    2472429.9088474126
  ],
  [
    1623974400000,
    2505747.2284308975
  ],
  [
    1624060800000,
    2207789.1719048396
  ],
  [
    1624147200000,
    2300969.0969418553
  ],
  [
    1624233600000,
    2446527.115854768
  ],
  [
    1624320000000,
    2182241.646421529
  ],
  [
    1624406400000,
    2015392.8390695485
  ],
  [
    1624492800000,
    2047313.9809727296
  ],
  [
    1624579200000,
    1973192.5465570989
  ],
  [
    1624665600000,
    1901248.3650150425
  ],
  [
    1624752000000,
    1915683.636086489
  ],
  [
    1624838400000,
    1934001.0595430858
  ],
  [
    1624924800000,
    1893879.302194675
  ],
  [
    1625011200000,
    2180077.5402584835
  ],
  [
    1625097600000,
    2192578.2290957766
  ],
  [
    1625184000000,
    2338973.3892302443
  ],
  [
    1625270400000,
    1982055.293118497
  ],
  [
    1625356800000,
    2012935.3322877462
  ],
  [
    1625443200000,
    2113586.021942634
  ],
  [
    1625529600000,
    2059786.6870866849
  ],
  [
    1625616000000,
    2048269.1498777338
  ],
  [
    1625702400000,
    1985717.899633951
  ],
  [
    1625788800000,
    1801252.4575058357
  ],
  [
    1625875200000,
    1786367.2450445066
  ],
  [
    1625961600000,
    1719945.5007376126
  ],
  [
    1626048000000,
    1679707.1267755984
  ],
  [
    1626134400000,
    1661749.6233667787
  ],
  [
    1626220800000,
    1590376.594824864
  ],
  [
    1626307200000,
    1553931.3027344053
  ],
  [
    1626393600000,
    1533931.7914759582
  ],
  [
    1626480000000,
    1450558.328991681
  ],
  [
    1626566400000,
    1390868.1093009848
  ],
  [
    1626652800000,
    1408193.1326820096
  ],
  [
    1626739200000,
    1255079.5612498065
  ],
  [
    1626825600000,
    1228174.552877365
  ],
  [
    1626912000000,
    1301918.9649473554
  ],
  [
    1626998400000,
    1292501.3360313964
  ],
  [
    1627084800000,
    1353301.4603446852
  ],
  [
    1627171200000,
    1375871.8854403782
  ],
  [
    1627257600000,
    1357722.2633403135
  ],
  [
    1627344000000,
    1304843.9022044572
  ],
  [
    1627430400000,
    1312197.5303793522
  ],
  [
    1627516800000,
    1290217.5715623256
  ],
  [
    1627603200000,
    1479198.7229924183
  ],
  [
    1627689600000,
    1535120.245778613
  ],
  [
    1627776000000,
    1505152.8770515756
  ],
  [
    1627862400000,
    1531347.7356642738
  ],
  [
    1627948800000,
    1535198.4690710655
  ],
  [
    1628035200000,
    1586750.9520280818
  ],
  [
    1628121600000,
    1709197.3078638148
  ],
  [
    1628208000000,
    1759747.1522927468
  ],
  [
    1628294400000,
    1730792.555061647
  ],
  [
    1628380800000,
    1841409.2310371185
  ],
  [
    1628467200000,
    1829644.9628511746
  ],
  [
    1628553600000,
    1834056.3548159914
  ],
  [
    1628640000000,
    1936304.3316664828
  ],
  [
    1628726400000,
    1857632.4570735013
  ],
  [
    1628812800000,
    1800098.5022292165
  ],
  [
    1628899200000,
    1933204.3593247489
  ],
  [
    1628985600000,
    1891279.5475789323
  ],
  [
    1629072000000,
    1832084.4339422456
  ],
  [
    1629158400000,
    1778183.3543331972
  ],
  [
    1629244800000,
    1707709.9618639327
  ],
  [
    1629331200000,
    1691088.2013324047
  ],
  [
    1629417600000,
    1714914.4975818957
  ],
  [
    1629504000000,
    1814730.035265066
  ],
  [
    1629590400000,
    1698037.6100774652
  ],
  [
    1629676800000,
    1643486.4055379874
  ],
  [
    1629763200000,
    1764280.662226204
  ],
  [
    1629849600000,
    1864740.0307717132
  ],
  [
    1629936000000,
    1996518.695013242
  ],
  [
    1630022400000,
    1731550.3384337532
  ],
  [
    1630108800000,
    1829810.8644387221
  ],
  [
    1630195200000,
    1844932.7520488424
  ],
  [
    1630281600000,
    1837384.2108027036
  ],
  [
    1630368000000,
    1853511.1968163312
  ],
  [
    1630454400000,
    1777346.981552857
  ],
  [
    1630540800000,
    1887657.9982820065
  ],
  [
    1630627200000,
    1961675.8755362213
  ]
]