[
  [
    1597536000000,
    0.12013787176932018
  ],
  [
    1597622400000,
    0.12013787176932018
  ],
  [
    1597708800000,
    0.0898591700568025
  ],
  [
    1597795200000,
    0.0882867237821166
  ],
  [
    1597881600000,
    0.08743721307393415
  ],
  [
    1597968000000,
    0.08678672001190028
  ],
  [
    1598054400000,
    0.06774240015534548
  ],
  [
    1598140800000,
    0.06561068151767563
  ],
  [
    1598227200000,
    0.06226458649616122
  ],
  [
    1598313600000,
    0.06193809116675154
  ],
  [
    1598400000000,
    0.06041539102385305
  ],
  [
    1598486400000,
    0.07205928995407855
  ],
  [
    1598572800000,
    0.06322307093918594
  ],
  [
    1598659200000,
    0.06043233888374829
  ],
  [
    1598745600000,
    0.061333911695826686
  ],
  [
    1598832000000,
    0.059629814875038024
  ],
  [
    1598918400000,
    0.0649032705811063
  ],
  [
    1599004800000,
    0.08512093961812525
  ],
  [
    1599091200000,
    0.06453996556707772
  ],
  [
    1599177600000,
    0.07189853547505509
  ],
  [
    1599264000000,
    0.06702664584612493
  ],
  [
    1599350400000,
    0.0483402718947924
  ],
  [
    1599436800000,
    0.05398387491012831
  ],
  [
    1599523200000,
    0.05078852149653652
  ],
  [
    1599609600000,
    0.04840227189011964
  ],
  [
    1599696000000,
    0.052720399082701104
  ],
  [
    1599782400000,
    0.05469330750784824
  ],
  [
    1599868800000,
    0.050168668659938194
  ],
  [
    1599955200000,
    0.046420170758694444
  ],
  [
    1600041600000,
    0.03714365441737448
  ],
  [
    1600128000000,
    0.03704386296028319
  ],
  [
    1600214400000,
    0.03950695656472501
  ],
  [
    1600300800000,
    0.03513845711015478
  ],
  [
    1600387200000,
    0.03528581149989264
  ],
  [
    1600473600000,
    0.038753125307473185
  ],
  [
    1600560000000,
    0.05386261952975955
  ],
  [
    1600646400000,
    0.03885872776370389
  ],
  [
    1600732800000,
    0.03538104430267949
  ],
  [
    1600819200000,
    0.030223176684019748
  ],
  [
    1600905600000,
    0.03150846868917353
  ],
  [
    1600992000000,
    0.034102259591357424
  ],
  [
    1601078400000,
    0.03198589609065575
  ],
  [
    1601164800000,
    0.03157525262093804
  ],
  [
    1601251200000,
    0.03132955445540444
  ],
  [
    1601337600000,
    0.028091096599163777
  ],
  [
    1601424000000,
    0.029234076503858335
  ],
  [
    1601510400000,
    0.031356584670033195
  ],
  [
    1601596800000,
    0.03078353843049868
  ],
  [
    1601683200000,
    0.026864362715194153
  ],
  [
    1601769600000,
    0.029141688089531003
  ],
  [
    1601856000000,
    0.030121741099853255
  ],
  [
    1601942400000,
    0.028372141402406927
  ],
  [
    1602028800000,
    0.021777650604736066
  ],
  [
    1602115200000,
    0.022396927958309866
  ],
  [
    1602201600000,
    0.022092624701403118
  ],
  [
    1602288000000,
    0.022685276452657655
  ],
  [
    1602374400000,
    0.023206203184285373
  ],
  [
    1602460800000,
    0.023522554063423934
  ],
  [
    1602547200000,
    0.029314840529776624
  ],
  [
    1602633600000,
    0.028106606564042198
  ],
  [
    1602720000000,
    0.026228993700663877
  ],
  [
    1602806400000,
    0.026514443747820554
  ],
  [
    1602892800000,
    0.024907195673612
  ],
  [
    1602979200000,
    0.023206800358824404
  ],
  [
    1603065600000,
    0.025659750361291884
  ],
  [
    1603152000000,
    0.023904661229805026
  ],
  [
    1603238400000,
    0.022883407042897243
  ],
  [
    1603324800000,
    0.024150028848728383
  ],
  [
    1603411200000,
    0.026186142380733798
  ],
  [
    1603497600000,
    0.024374777641316594
  ],
  [
    1603584000000,
    0.023397945044890782
  ],
  [
    1603670400000,
    0.02222297505958802
  ],
  [
    1603756800000,
    0.021070720004728316
  ],
  [
    1603843200000,
    0.021707759100525765
  ],
  [
    1603929600000,
    0.02249393498191274
  ],
  [
    1604016000000,
    0.021002650527807174
  ],
  [
    1604102400000,
    0.02078550829280576
  ],
  [
    1604188800000,
    0.020210112564211714
  ],
  [
    1604275200000,
    0.020270738662221083
  ],
  [
    1604361600000,
    0.01987317151364244
  ],
  [
    1604448000000,
    0.019810917426311466
  ],
  [
    1604534400000,
    0.020655009730252992
  ],
  [
    1604620800000,
    0.02242307768401737
  ],
  [
    1604707200000,
    0.025392744219102724
  ],
  [
    1604793600000,
    0.023910976728180166
  ],
  [
    1604880000000,
    0.02473057082810943
  ],
  [
    1604966400000,
    0.023409419536363732
  ],
  [
    1605052800000,
    0.023842594445146744
  ],
  [
    1605139200000,
    0.02791781091366081
  ],
  [
    1605225600000,
    0.027106822850908936
  ],
  [
    1605312000000,
    0.030581759623056332
  ],
  [
    1605398400000,
    0.029647193696843443
  ],
  [
    1605484800000,
    0.03308976865507835
  ],
  [
    1605571200000,
    0.026390782505806655
  ],
  [
    1605657600000,
    0.02558921985845225
  ],
  [
    1605744000000,
    0.02476762941478023
  ],
  [
    1605830400000,
    0.027841233306503625
  ],
  [
    1605916800000,
    0.027596738928877693
  ],
  [
    1606003200000,
    0.02922446310306417
  ],
  [
    1606089600000,
    0.03302081640235381
  ],
  [
    1606176000000,
    0.03902707800689612
  ],
  [
    1606262400000,
    0.04011105254041791
  ],
  [
    1606348800000,
    0.03908824156658677
  ],
  [
    1606435200000,
    0.035886007008155606
  ],
  [
    1606521600000,
    0.04031401535198088
  ],
  [
    1606608000000,
    0.043647257942608764
  ],
  [
    1606694400000,
    0.04952613674853335
  ],
  [
    1606780800000,
    0.04354753675511666
  ],
  [
    1606867200000,
    0.04536968300182598
  ],
  [
    1606953600000,
    0.048141322099397865
  ],
  [
    1607040000000,
    0.05371464488596328
  ],
  [
    1607126400000,
    0.05064141807538782
  ],
  [
    1607212800000,
    0.04168206156589885
  ],
  [
    1607299200000,
    0.040878726349676035
  ],
  [
    1607385600000,
    0.03501723123202794
  ],
  [
    1607472000000,
    0.02998869456877744
  ],
  [
    1607558400000,
    0.02526915076042318
  ],
  [
    1607644800000,
    0.02562950662138722
  ],
  [
    1607731200000,
    0.027274173867983864
  ],
  [
    1607817600000,
    0.028946379071867426
  ],
  [
    1607904000000,
    0.029618239039500224
  ],
  [
    1607990400000,
    0.029137291395309038
  ],
  [
    1608076800000,
    0.02637255069199003
  ],
  [
    1608163200000,
    0.028145606532452353
  ],
  [
    1608249600000,
    0.03324947260182548
  ],
  [
    1608336000000,
    0.03509864358435794
  ],
  [
    1608422400000,
    0.0429384406659613
  ],
  [
    1608508800000,
    0.0424566069552939
  ],
  [
    1608595200000,
    0.03578517946456884
  ],
  [
    1608681600000,
    0.03303608714591105
  ],
  [
    1608768000000,
    0.027103047567806945
  ],
  [
    1608854400000,
    0.029653149542574826
  ],
  [
    1608940800000,
    0.03026161800404856
  ],
  [
    1609027200000,
    0.02845601398433441
  ],
  [
    1609113600000,
    0.02917446517623897
  ],
  [
    1609200000000,
    0.028743245383470752
  ],
  [
    1609286400000,
    0.02683413553368059
  ],
  [
    1609372800000,
    0.024262815580772135
  ],
  [
    1609459200000,
    0.02120324876343563
  ],
  [
    1609545600000,
    0.020384459780669033
  ],
  [
    1609632000000,
    0.021188236159218853
  ],
  [
    1609718400000,
    0.027136970768583384
  ],
  [
    1609804800000,
    0.028476880077455222
  ],
  [
    1609891200000,
    0.02937744098364855
  ],
  [
    1609977600000,
    0.03149706958000765
  ],
  [
    1610064000000,
    0.02917896984369247
  ],
  [
    1610150400000,
    0.028044528867864973
  ],
  [
    1610236800000,
    0.028541787280653357
  ],
  [
    1610323200000,
    0.026836302629861464
  ],
  [
    1610409600000,
    0.02522490780129825
  ],
  [
    1610496000000,
    0.025156550567006043
  ],
  [
    1610582400000,
    0.025313904941004682
  ],
  [
    1610668800000,
    0.027324308273564142
  ],
  [
    1610755200000,
    0.03847910559985803
  ],
  [
    1610841600000,
    0.03751569135534957
  ],
  [
    1610928000000,
    0.033724634547986784
  ],
  [
    1611014400000,
    0.03254763778431209
  ],
  [
    1611100800000,
    0.0387407298525416
  ],
  [
    1611187200000,
    0.035699844351876495
  ],
  [
    1611273600000,
    0.030318249041166246
  ],
  [
    1611360000000,
    0.03361495884319895
  ],
  [
    1611446400000,
    0.03151312510764817
  ],
  [
    1611532800000,
    0.034987209812286126
  ],
  [
    1611619200000,
    0.03706102970563583
  ],
  [
    1611705600000,
    0.036178859821771124
  ],
  [
    1611792000000,
    0.03202150795508352
  ],
  [
    1611878400000,
    0.03267941632134854
  ],
  [
    1611964800000,
    0.03358677373950387
  ],
  [
    1612051200000,
    0.0326980483374067
  ],
  [
    1612137600000,
    0.031079604494611994
  ],
  [
    1612224000000,
    0.029597564733204084
  ],
  [
    1612310400000,
    0.03610517151490637
  ],
  [
    1612396800000,
    0.04035384191998763
  ],
  [
    1612483200000,
    0.03736308122368239
  ],
  [
    1612569600000,
    0.03950057004724349
  ],
  [
    1612656000000,
    0.0370774242674013
  ],
  [
    1612742400000,
    0.034959227388437056
  ],
  [
    1612828800000,
    0.03608838162871097
  ],
  [
    1612915200000,
    0.034955943211685485
  ],
  [
    1613001600000,
    0.03854159737340034
  ],
  [
    1613088000000,
    0.03356117141780874
  ],
  [
    1613174400000,
    0.03418258798701078
  ],
  [
    1613260800000,
    0.03992656525036602
  ],
  [
    1613347200000,
    0.04402661507970093
  ],
  [
    1613433600000,
    0.04942653545034085
  ],
  [
    1613520000000,
    0.04569855965324457
  ],
  [
    1613606400000,
    0.0459175710444757
  ],
  [
    1613692800000,
    0.05126798677144181
  ],
  [
    1613779200000,
    0.04952056541872087
  ],
  [
    1613865600000,
    0.04679307672075816
  ],
  [
    1613952000000,
    0.04961622535810374
  ],
  [
    1614038400000,
    0.04786680646971487
  ],
  [
    1614124800000,
    0.038317946254086056
  ],
  [
    1614211200000,
    0.039063928289573044
  ],
  [
    1614297600000,
    0.036093723679057485
  ],
  [
    1614384000000,
    0.031580439858747256
  ],
  [
    1614470400000,
    0.03264726076136379
  ],
  [
    1614556800000,
    0.03233871161250661
  ],
  [
    1614643200000,
    0.03724955152817898
  ],
  [
    1614729600000,
    0.04242591779291357
  ],
  [
    1614816000000,
    0.04637029511546189
  ],
  [
    1614902400000,
    0.040437066331935126
  ],
  [
    1614988800000,
    0.04013546713904928
  ],
  [
    1615075200000,
    0.045160165190992
  ],
  [
    1615161600000,
    0.04804123692497319
  ],
  [
    1615248000000,
    0.051859852654612876
  ],
  [
    1615334400000,
    0.056004260856471255
  ],
  [
    1615420800000,
    0.058332934155727
  ],
  [
    1615507200000,
    0.05923511465222701
  ],
  [
    1615593600000,
    0.05710204011706472
  ],
  [
    1615680000000,
    0.06223883244454511
  ],
  [
    1615766400000,
    0.06020112403969221
  ],
  [
    1615852800000,
    0.05412353547175499
  ],
  [
    1615939200000,
    0.05032047762661974
  ],
  [
    1616025600000,
    0.046096233752349
  ],
  [
    1616112000000,
    0.031096595517171973
  ],
  [
    1616198400000,
    0.03582927809971134
  ],
  [
    1616284800000,
    0.03720523728802096
  ],
  [
    1616371200000,
    0.03645644610766823
  ],
  [
    1616457600000,
    0.034120362450416816
  ],
  [
    1616544000000,
    0.03303048012517371
  ],
  [
    1616630400000,
    0.031920688138379505
  ],
  [
    1616716800000,
    0.03192302156642915
  ],
  [
    1616803200000,
    0.035175328927271744
  ],
  [
    1616889600000,
    0.03445786265873984
  ],
  [
    1616976000000,
    0.03443059200477896
  ],
  [
    1617062400000,
    0.03540585784505492
  ],
  [
    1617148800000,
    0.037482003566187874
  ],
  [
    1617235200000,
    0.04182626489474495
  ],
  [
    1617321600000,
    0.04144167049352626
  ],
  [
    1617408000000,
    0.04750302441487855
  ],
  [
    1617494400000,
    0.05048143287648149
  ],
  [
    1617580800000,
    0.05616240492732454
  ],
  [
    1617667200000,
    0.06102821279502193
  ],
  [
    1617753600000,
    0.06050897838325331
  ],
  [
    1617840000000,
    0.052033016711902955
  ],
  [
    1617926400000,
    0.05570813070370783
  ],
  [
    1618012800000,
    0.05226318093642365
  ],
  [
    1618099200000,
    0.049884623748053775
  ],
  [
    1618185600000,
    0.049168748079860665
  ],
  [
    1618272000000,
    0.04921326611428741
  ],
  [
    1618358400000,
    0.047428475347957015
  ],
  [
    1618444800000,
    0.04824368645378131
  ],
  [
    1618531200000,
    0.0843369202691693
  ],
  [
    1618617600000,
    0.07230794432321544
  ],
  [
    1618704000000,
    0.0719669135738929
  ],
  [
    1618790400000,
    0.06831638285786679
  ],
  [
    1618876800000,
    0.06215491626861593
  ],
  [
    1618963200000,
    0.06564304083420273
  ],
  [
    1619049600000,
    0.071100634718923
  ],
  [
    1619136000000,
    0.07496243602624025
  ],
  [
    1619222400000,
    0.07213905677360143
  ],
  [
    1619308800000,
    0.06747188757886219
  ],
  [
    1619395200000,
    0.06563889941752937
  ],
  [
    1619481600000,
    0.07159394188892744
  ],
  [
    1619568000000,
    0.07250095768669802
  ],
  [
    1619654400000,
    0.07419828865881559
  ],
  [
    1619740800000,
    0.07526397689874818
  ],
  [
    1619827200000,
    0.07953436864607989
  ],
  [
    1619913600000,
    0.0798885226552041
  ],
  [
    1620000000000,
    0.0860523058385113
  ],
  [
    1620086400000,
    0.09565707114633175
  ],
  [
    1620172800000,
    0.09575719697433459
  ],
  [
    1620259200000,
    0.10700848846718472
  ],
  [
    1620345600000,
    0.1053720418759392
  ],
  [
    1620432000000,
    0.09514138482421441
  ],
  [
    1620518400000,
    0.1044145902897142
  ],
  [
    1620604800000,
    0.10221408984362867
  ],
  [
    1620691200000,
    0.10246360219031779
  ],
  [
    1620777600000,
    0.09665630141037383
  ],
  [
    1620864000000,
    0.09848179646341307
  ],
  [
    1620950400000,
    0.09739843646885359
  ],
  [
    1621036800000,
    0.11692699974368567
  ],
  [
    1621123200000,
    0.09362584955111027
  ],
  [
    1621209600000,
    0.08009413004578904
  ],
  [
    1621296000000,
    0.06996094910260862
  ],
  [
    1621382400000,
    0.0735735069055685
  ],
  [
    1621468800000,
    0.057737659678474836
  ],
  [
    1621555200000,
    0.06060464058145579
  ],
  [
    1621641600000,
    0.049718735537443694
  ],
  [
    1621728000000,
    0.04487829991069443
  ],
  [
    1621814400000,
    0.03465241556897509
  ],
  [
    1621900800000,
    0.037651662527268974
  ],
  [
    1621987200000,
    0.03815107764853311
  ],
  [
    1622073600000,
    0.03732408519546102
  ],
  [
    1622160000000,
    0.037816914937977265
  ],
  [
    1622246400000,
    0.03851090745841944
  ],
  [
    1622332800000,
    0.03160682378209337
  ],
  [
    1622419200000,
    0.031623432884435435
  ],
  [
    1622505600000,
    0.03484624794704402
  ],
  [
    1622592000000,
    0.032732238800888
  ],
  [
    1622678400000,
    0.042635491204058504
  ],
  [
    1622764800000,
    0.03593397381378898
  ],
  [
    1622851200000,
    0.035430682595321415
  ],
  [
    1622937600000,
    0.03427925770215713
  ],
  [
    1623024000000,
    0.036839025962079025
  ],
  [
    1623110400000,
    0.03501274861618539
  ],
  [
    1623196800000,
    0.034445602057216064
  ],
  [
    1623283200000,
    0.03541629858075709
  ],
  [
    1623369600000,
    0.03320060680579665
  ],
  [
    1623456000000,
    0.03187582964624832
  ],
  [
    1623542400000,
    0.03152633071554162
  ],
  [
    1623628800000,
    0.03264436165131168
  ],
  [
    1623715200000,
    0.03365410463503543
  ],
  [
    1623801600000,
    0.03292384969452998
  ],
  [
    1623888000000,
    0.029225662864472046
  ],
  [
    1623974400000,
    0.02809778618117339
  ],
  [
    1624060800000,
    0.026288429776279442
  ],
  [
    1624147200000,
    0.026950996293743958
  ],
  [
    1624233600000,
    0.028628986365744215
  ],
  [
    1624320000000,
    0.025317040959150456
  ],
  [
    1624406400000,
    0.023553434120399338
  ],
  [
    1624492800000,
    0.023894723202103348
  ],
  [
    1624579200000,
    0.023074124229898803
  ],
  [
    1624665600000,
    0.02233695307677202
  ],
  [
    1624752000000,
    0.02258030017078161
  ],
  [
    1624838400000,
    0.02268124028166801
  ],
  [
    1624924800000,
    0.02200605957386308
  ],
  [
    1625011200000,
    0.02535935075079571
  ],
  [
    1625097600000,
    0.02585425257250473
  ],
  [
    1625184000000,
    0.027454863824560135
  ],
  [
    1625270400000,
    0.023050532475756284
  ],
  [
    1625356800000,
    0.02376203684600218
  ],
  [
    1625443200000,
    0.024925372446601538
  ],
  [
    1625529600000,
    0.024056362445830023
  ],
  [
    1625616000000,
    0.02418367182417773
  ],
  [
    1625702400000,
    0.023231396452773088
  ],
  [
    1625788800000,
    0.021103797880759865
  ],
  [
    1625875200000,
    0.020857356266719605
  ],
  [
    1625961600000,
    0.020201345130578932
  ],
  [
    1626048000000,
    0.019699052989213584
  ],
  [
    1626134400000,
    0.019452909047664228
  ],
  [
    1626220800000,
    0.01865011537848801
  ],
  [
    1626307200000,
    0.01819598630979656
  ],
  [
    1626393600000,
    0.01797527791963837
  ],
  [
    1626480000000,
    0.016972714887588683
  ],
  [
    1626566400000,
    0.016310508340686064
  ],
  [
    1626652800000,
    0.015874745212693962
  ],
  [
    1626739200000,
    0.014134580507483141
  ],
  [
    1626825600000,
    0.013937752393897307
  ],
  [
    1626912000000,
    0.014675995943922365
  ],
  [
    1626998400000,
    0.014618438988626298
  ],
  [
    1627084800000,
    0.015284204422420707
  ],
  [
    1627171200000,
    0.01549581985948667
  ],
  [
    1627257600000,
    0.015290840808295148
  ],
  [
    1627344000000,
    0.014594115491946445
  ],
  [
    1627430400000,
    0.014818350715157406
  ],
  [
    1627516800000,
    0.01465709115750263
  ],
  [
    1627603200000,
    0.016665146431530328
  ],
  [
    1627689600000,
    0.017329938890178937
  ],
  [
    1627776000000,
    0.01696995158737565
  ],
  [
    1627862400000,
    0.017142220841177905
  ],
  [
    1627948800000,
    0.017338661483668808
  ],
  [
    1628035200000,
    0.017930186909311377
  ],
  [
    1628121600000,
    0.019226799287939144
  ],
  [
    1628208000000,
    0.019918282833036014
  ],
  [
    1628294400000,
    0.019448260147907247
  ],
  [
    1628380800000,
    0.020794045802106673
  ],
  [
    1628467200000,
    0.020612113316188396
  ],
  [
    1628553600000,
    0.021617256663399895
  ],
  [
    1628640000000,
    0.021579027364349797
  ],
  [
    1628726400000,
    0.02090486037593249
  ],
  [
    1628812800000,
    0.020395562352345194
  ],
  [
    1628899200000,
    0.021839165610171293
  ],
  [
    1628985600000,
    0.021369130874134536
  ],
  [
    1629072000000,
    0.02076502205730426
  ],
  [
    1629158400000,
    0.020148858656010307
  ],
  [
    1629244800000,
    0.019233019637570327
  ],
  [
    1629331200000,
    0.01905850214487108
  ],
  [
    1629417600000,
    0.019836168736642904
  ],
  [
    1629504000000,
    0.020636482425751286
  ],
  [
    1629590400000,
    0.01910169930220904
  ],
  [
    1629676800000,
    0.018544537703405816
  ],
  [
    1629763200000,
    0.01981091321357892
  ],
  [
    1629849600000,
    0.020796244207236806
  ],
  [
    1629936000000,
    0.022514564909706245
  ],
  [
    1630022400000,
    0.019501448934685382
  ],
  [
    1630108800000,
    0.020483287719231667
  ],
  [
    1630195200000,
    0.020822015597780887
  ],
  [
    1630281600000,
    0.020745992817178125
  ],
  [
    1630368000000,
    0.020888574680228096
  ],
  [
    1630454400000,
    0.02004267231316246
  ],
  [
    1630540800000,
    0.021457551496719497
  ],
  [
    1630627200000,
    0.022184629708392724
  ]
]