[
  [
    1608336000000,
    0
  ],
  [
    1608422400000,
    0
  ],
  [
    1608508800000,
    0
  ],
  [
    1608595200000,
    0
  ],
  [
    1608681600000,
    0
  ],
  [
    1608768000000,
    0
  ],
  [
    1608854400000,
    0
  ],
  [
    1608940800000,
    0
  ],
  [
    1609027200000,
    0
  ],
  [
    1609113600000,
    0
  ],
  [
    1609200000000,
    0
  ],
  [
    1609286400000,
    7598443.111004534
  ],
  [
    1609372800000,
    10371334.941906238
  ],
  [
    1609459200000,
    14288212.786288109
  ],
  [
    1609545600000,
    16320182.210897634
  ],
  [
    1609632000000,
    7110065.238077115
  ],
  [
    1609718400000,
    5066974.299133996
  ],
  [
    1609804800000,
    1892536.2719107834
  ],
  [
    1609891200000,
    2223175.4033252946
  ],
  [
    1609977600000,
    1587611.3639815333
  ],
  [
    1610064000000,
    1589041.2752370366
  ],
  [
    1610150400000,
    1341686.7819083019
  ],
  [
    1610236800000,
    999662.1892141243
  ],
  [
    1610323200000,
    1033947.8539722619
  ],
  [
    1610409600000,
    2430129.7553258743
  ],
  [
    1610496000000,
    818818.5241458712
  ],
  [
    1610582400000,
    1453679.990211358
  ],
  [
    1610668800000,
    1384522.0998916083
  ],
  [
    1610755200000,
    1147561.4252517796
  ],
  [
    1610841600000,
    639278.971025388
  ],
  [
    1610928000000,
    810675.2874869368
  ],
  [
    1611014400000,
    1031219.7278721167
  ],
  [
    1611100800000,
    753785.8641685935
  ],
  [
    1611187200000,
    749787.3188563182
  ],
  [
    1611273600000,
    673687.2493201736
  ],
  [
    1611360000000,
    689590.0582465817
  ],
  [
    1611446400000,
    593850.8630772317
  ],
  [
    1611532800000,
    596988.1704879333
  ],
  [
    1611619200000,
    661999.7078222887
  ],
  [
    1611705600000,
    640978.0381507573
  ],
  [
    1611792000000,
    643518.3535676989
  ],
  [
    1611878400000,
    665790.2600303317
  ],
  [
    1611964800000,
    440263.78452245815
  ],
  [
    1612051200000,
    392466.40897728817
  ],
  [
    1612137600000,
    389047.47297332226
  ],
  [
    1612224000000,
    464493.5611495792
  ],
  [
    1612310400000,
    441728.97063157836
  ],
  [
    1612396800000,
    467043.5936900958
  ],
  [
    1612483200000,
    473215.4418446142
  ],
  [
    1612569600000,
    504713.1526653886
  ],
  [
    1612656000000,
    507421.6941019119
  ],
  [
    1612742400000,
    427068.5869744622
  ],
  [
    1612828800000,
    515359.71301446605
  ],
  [
    1612915200000,
    400131.81909497554
  ],
  [
    1613001600000,
    388592.1467449049
  ],
  [
    1613088000000,
    389207.80150308163
  ],
  [
    1613174400000,
    452093.74863285845
  ],
  [
    1613260800000,
    483274.8022464228
  ],
  [
    1613347200000,
    346468.2491302534
  ],
  [
    1613433600000,
    352073.9710849781
  ],
  [
    1613520000000,
    360323.36087607505
  ],
  [
    1613606400000,
    1287795.1532710476
  ],
  [
    1613692800000,
    914789.8278073758
  ],
  [
    1613779200000,
    1050659.9006132993
  ],
  [
    1613865600000,
    963012.3789372691
  ],
  [
    1613952000000,
    579757.1398702749
  ],
  [
    1614038400000,
    632296.0376213
  ],
  [
    1614124800000,
    100770.20468405378
  ],
  [
    1614211200000,
    215898.85123759054
  ],
  [
    1614297600000,
    238530.7936501603
  ],
  [
    1614384000000,
    160207.5511976258
  ],
  [
    1614470400000,
    188264.7586634189
  ],
  [
    1614556800000,
    169896.7562962974
  ],
  [
    1614643200000,
    118979.3036603643
  ],
  [
    1614729600000,
    159901.9271122535
  ],
  [
    1614816000000,
    159304.83596129218
  ],
  [
    1614902400000,
    161649.74232821653
  ],
  [
    1614988800000,
    161129.39344461038
  ],
  [
    1615075200000,
    162707.96026212064
  ],
  [
    1615161600000,
    168230.93597947783
  ],
  [
    1615248000000,
    161631.53492485872
  ],
  [
    1615334400000,
    170860.90321118958
  ],
  [
    1615420800000,
    153783.02231351985
  ],
  [
    1615507200000,
    153736.70639440793
  ],
  [
    1615593600000,
    168208.657961035
  ],
  [
    1615680000000,
    163975.77546637214
  ],
  [
    1615766400000,
    141751.73434997254
  ],
  [
    1615852800000,
    172383.62615371565
  ],
  [
    1615939200000,
    180224.781435317
  ],
  [
    1616025600000,
    180088.2613505782
  ],
  [
    1616112000000,
    130647.0156016704
  ],
  [
    1616198400000,
    151601.36896379967
  ],
  [
    1616284800000,
    134457.53042139698
  ],
  [
    1616371200000,
    152719.52707199112
  ],
  [
    1616457600000,
    150664.37844372468
  ],
  [
    1616544000000,
    150962.6502289906
  ],
  [
    1616630400000,
    123167.90250830805
  ],
  [
    1616716800000,
    107552.03763414442
  ],
  [
    1616803200000,
    108464.27792179515
  ],
  [
    1616889600000,
    110071.5697129241
  ],
  [
    1616976000000,
    91015.7256971147
  ],
  [
    1617062400000,
    123663.51456438708
  ],
  [
    1617148800000,
    123385.00649223704
  ],
  [
    1617235200000,
    94939.396651372
  ],
  [
    1617321600000,
    99406.43943179851
  ],
  [
    1617408000000,
    95762.63072151165
  ],
  [
    1617494400000,
    80400.66993212902
  ],
  [
    1617580800000,
    81619.76160464402
  ],
  [
    1617667200000,
    81792.79616624977
  ],
  [
    1617753600000,
    89412.47362524565
  ],
  [
    1617840000000,
    93035.34406791202
  ],
  [
    1617926400000,
    95195.91277411058
  ],
  [
    1618012800000,
    71769.24125299972
  ],
  [
    1618099200000,
    71769.24125299972
  ],
  [
    1618185600000,
    74006.91177115835
  ],
  [
    1618272000000,
    74288.14043325794
  ],
  [
    1618358400000,
    76212.73471343712
  ],
  [
    1618444800000,
    133578.01238780815
  ],
  [
    1618531200000,
    155211.8687679026
  ],
  [
    1618617600000,
    111824.25765271253
  ],
  [
    1618704000000,
    115311.63207656478
  ],
  [
    1618790400000,
    122424.8512393269
  ],
  [
    1618876800000,
    100873.7617592478
  ],
  [
    1618963200000,
    104333.18579813832
  ],
  [
    1619049600000,
    98441.15139604565
  ],
  [
    1619136000000,
    97569.97085300583
  ],
  [
    1619222400000,
    97904.39232770095
  ],
  [
    1619308800000,
    96327.39454443609
  ],
  [
    1619395200000,
    96577.09272802231
  ],
  [
    1619481600000,
    96415.02596451512
  ],
  [
    1619568000000,
    96696.26515079917
  ],
  [
    1619654400000,
    94923.3464369429
  ],
  [
    1619740800000,
    91298.92467428162
  ],
  [
    1619827200000,
    94590.3774381056
  ],
  [
    1621209600000,
    81759.29760851138
  ],
  [
    1621296000000,
    81759.29760851138
  ],
  [
    1621382400000,
    83997.67841773419
  ],
  [
    1621468800000,
    82600.85375895195
  ],
  [
    1621555200000,
    61316.798482023616
  ],
  [
    1621641600000,
    58949.96843183325
  ],
  [
    1621728000000,
    51554.56534296873
  ],
  [
    1621814400000,
    50846.734311062915
  ],
  [
    1621900800000,
    226832.34029222917
  ],
  [
    1621987200000,
    88911.47091864972
  ],
  [
    1622073600000,
    71331.75353808036
  ],
  [
    1622160000000,
    85903.51475587048
  ],
  [
    1622246400000,
    86052.53858083067
  ],
  [
    1622332800000,
    77427.09026250493
  ],
  [
    1622419200000,
    76648.16648880405
  ],
  [
    1622505600000,
    71795.74499252129
  ],
  [
    1622592000000,
    65540.16153960905
  ],
  [
    1622678400000,
    67207.88448770157
  ],
  [
    1622764800000,
    47683.67350100248
  ],
  [
    1622851200000,
    31670.14287271923
  ],
  [
    1622937600000,
    45791.446354975895
  ],
  [
    1623024000000,
    60690.69607680446
  ],
  [
    1623110400000,
    62838.23826406442
  ],
  [
    1623196800000,
    60000.033409325944
  ],
  [
    1623283200000,
    52621.9201238957
  ],
  [
    1623369600000,
    46206.09610519303
  ],
  [
    1623456000000,
    46079.94799006914
  ],
  [
    1623542400000,
    48542.35172513874
  ],
  [
    1623628800000,
    46474.53500146566
  ],
  [
    1623715200000,
    55341.54414682852
  ],
  [
    1623801600000,
    53336.30173707344
  ],
  [
    1623888000000,
    30436.28442858557
  ],
  [
    1623974400000,
    38767.35985702622
  ],
  [
    1624060800000,
    30736.26723494482
  ],
  [
    1624147200000,
    28914.150899416905
  ],
  [
    1624233600000,
    30927.13071716032
  ],
  [
    1624320000000,
    25056.094851422185
  ],
  [
    1624406400000,
    33290.69014546341
  ],
  [
    1624492800000,
    33240.09340197641
  ],
  [
    1624579200000,
    62533.04189604535
  ],
  [
    1624665600000,
    34713.13938201861
  ],
  [
    1624752000000,
    37932.69436385595
  ],
  [
    1624838400000,
    31698.073780581566
  ],
  [
    1624924800000,
    39205.74629244619
  ],
  [
    1625011200000,
    30041.417154993575
  ],
  [
    1625097600000,
    31108.666331827248
  ],
  [
    1625184000000,
    29593.58536871638
  ],
  [
    1625270400000,
    29559.64696498004
  ],
  [
    1625356800000,
    41080.63335620051
  ],
  [
    1625443200000,
    37843.71783972209
  ],
  [
    1625529600000,
    38473.44245048011
  ],
  [
    1625616000000,
    34910.581790472505
  ],
  [
    1625702400000,
    29113.877685898857
  ],
  [
    1625788800000,
    34404.105367039745
  ],
  [
    1625875200000,
    32134.73432532926
  ],
  [
    1625961600000,
    31491.85264650833
  ],
  [
    1626048000000,
    31820.59693143929
  ],
  [
    1626134400000,
    29723.735490497766
  ],
  [
    1626220800000,
    30050.81292657985
  ],
  [
    1626307200000,
    27263.082362137935
  ],
  [
    1626393600000,
    26612.2137705483
  ],
  [
    1626480000000,
    26618.145966998898
  ],
  [
    1626566400000,
    31436.56314779935
  ],
  [
    1626652800000,
    25619.36862083928
  ],
  [
    1626739200000,
    25436.881655264297
  ],
  [
    1626825600000,
    27000.15571951971
  ],
  [
    1626912000000,
    26884.962918342415
  ],
  [
    1626998400000,
    49571.85415097094
  ],
  [
    1627084800000,
    40003.37710197963
  ],
  [
    1627171200000,
    36008.692096550854
  ],
  [
    1627257600000,
    35126.52417039911
  ],
  [
    1627344000000,
    36137.944712926816
  ],
  [
    1627430400000,
    37589.29282905997
  ],
  [
    1627516800000,
    38299.84518562888
  ],
  [
    1627603200000,
    38888.1334307052
  ],
  [
    1627689600000,
    39820.17412280165
  ],
  [
    1627776000000,
    37550.079899279976
  ],
  [
    1627862400000,
    32711.480220911588
  ],
  [
    1627948800000,
    30120.27387895727
  ],
  [
    1628035200000,
    30699.434547851124
  ],
  [
    1628121600000,
    31453.687396549365
  ],
  [
    1628208000000,
    26726.552281475393
  ],
  [
    1628294400000,
    27518.153061922247
  ],
  [
    1628380800000,
    28539.562078595693
  ],
  [
    1628467200000,
    25836.29301293689
  ],
  [
    1628553600000,
    26747.58602520725
  ],
  [
    1628640000000,
    52874.41271411054
  ],
  [
    1628726400000,
    50532.11554023507
  ],
  [
    1628812800000,
    46081.41368073376
  ],
  [
    1628899200000,
    33527.02505422331
  ],
  [
    1628985600000,
    34720.500820067165
  ],
  [
    1629072000000,
    31555.984879568685
  ],
  [
    1629158400000,
    33374.70101677897
  ],
  [
    1629244800000,
    30544.922416935253
  ],
  [
    1629331200000,
    29979.573432479432
  ],
  [
    1629417600000,
    31454.1936746601
  ],
  [
    1629504000000,
    31830.734289473505
  ],
  [
    1629590400000,
    30838.40015173648
  ],
  [
    1629676800000,
    32941.96504697258
  ],
  [
    1629763200000,
    32348.41265096849
  ],
  [
    1629849600000,
    31682.63783630215
  ],
  [
    1629936000000,
    32009.997826799416
  ],
  [
    1630022400000,
    30940.441233439833
  ],
  [
    1630108800000,
    31166.869919023884
  ],
  [
    1630195200000,
    28892.13069587068
  ],
  [
    1630281600000,
    28602.797049382356
  ],
  [
    1630368000000,
    28422.84383937526
  ],
  [
    1630454400000,
    28302.534209124813
  ],
  [
    1630540800000,
    29583.858301698503
  ],
  [
    1630627200000,
    28293.98703262048
  ]
]