[
  [
    1546646400000,
    25459.595103094754
  ],
  [
    1546732800000,
    17755.94114796262
  ],
  [
    1546819200000,
    12698.967204750872
  ],
  [
    1546905600000,
    702347.6122484185
  ],
  [
    1546992000000,
    1523747.4450430041
  ],
  [
    1547078400000,
    1479880.060498403
  ],
  [
    1547164800000,
    1929715.2356360424
  ],
  [
    1547251200000,
    2075410.1054209976
  ],
  [
    1547337600000,
    1695411.5446699916
  ],
  [
    1547424000000,
    1221799.298970715
  ],
  [
    1547510400000,
    1541286.878850558
  ],
  [
    1547596800000,
    1809395.7304371663
  ],
  [
    1547683200000,
    1524304.721043542
  ],
  [
    1547769600000,
    1507389.232263703
  ],
  [
    1547856000000,
    1986284.1440032735
  ],
  [
    1547942400000,
    2281348.8477464714
  ],
  [
    1548028800000,
    1992533.0287574325
  ],
  [
    1548115200000,
    4423576.733008447
  ],
  [
    1548201600000,
    4840597.311766099
  ],
  [
    1548288000000,
    4227735.014127269
  ],
  [
    1548374400000,
    2557553.967430794
  ],
  [
    1548460800000,
    4744871.406288451
  ],
  [
    1548547200000,
    4743396.325115531
  ],
  [
    1548633600000,
    12194050.72348671
  ],
  [
    1548720000000,
    5230883.813573472
  ],
  [
    1548806400000,
    5895252.915180486
  ],
  [
    1548892800000,
    5739409.454641584
  ],
  [
    1548979200000,
    5109597.747509935
  ],
  [
    1549065600000,
    6305766.423052285
  ],
  [
    1549152000000,
    5868131.40912092
  ],
  [
    1549238400000,
    3958150.6624656385
  ],
  [
    1549324800000,
    4617837.82106761
  ],
  [
    1549411200000,
    5338480.8031092845
  ],
  [
    1549497600000,
    3816351.369156316
  ],
  [
    1549584000000,
    4297846.011013567
  ],
  [
    1549670400000,
    3441884.7771812174
  ],
  [
    1549756800000,
    4819877.133812582
  ],
  [
    1549843200000,
    5571337.372402458
  ],
  [
    1549929600000,
    2447489.999447399
  ],
  [
    1550016000000,
    2809559.5439358116
  ],
  [
    1550102400000,
    2754812.527575899
  ],
  [
    1550188800000,
    6500751.303679744
  ],
  [
    1550275200000,
    8095869.361122268
  ],
  [
    1550361600000,
    8920529.42190864
  ],
  [
    1550448000000,
    9577317.8077275
  ],
  [
    1550534400000,
    10399067.048218366
  ],
  [
    1550620800000,
    9637851.137039637
  ],
  [
    1550707200000,
    4859768.544847289
  ],
  [
    1550793600000,
    7846820.230723615
  ],
  [
    1550880000000,
    3065230.141317523
  ],
  [
    1550966400000,
    1945270.395320384
  ],
  [
    1551052800000,
    2155464.1807531533
  ],
  [
    1551139200000,
    1843468.5807183764
  ],
  [
    1551225600000,
    7548560.662721852
  ],
  [
    1551312000000,
    8742811.416040253
  ],
  [
    1551398400000,
    6226129.428595092
  ],
  [
    1551484800000,
    8049643.551331352
  ],
  [
    1551571200000,
    7763870.3176799845
  ],
  [
    1551657600000,
    7940391.7642204035
  ],
  [
    1551744000000,
    6324419.995941625
  ],
  [
    1551830400000,
    7496344.520637303
  ],
  [
    1551916800000,
    7403760.399843855
  ],
  [
    1552003200000,
    7218854.229573244
  ],
  [
    1552089600000,
    7750332.931855363
  ],
  [
    1552176000000,
    7716548.947524678
  ],
  [
    1552262400000,
    7533149.722387281
  ],
  [
    1552348800000,
    7455789.767311353
  ],
  [
    1552435200000,
    6672418.672156065
  ],
  [
    1552521600000,
    6141913.910791055
  ],
  [
    1552608000000,
    6565534.359188554
  ],
  [
    1552694400000,
    6488943.802697772
  ],
  [
    1552780800000,
    6966719.937214297
  ],
  [
    1552867200000,
    6461599.060399988
  ],
  [
    1552953600000,
    6738669.735639513
  ],
  [
    1553040000000,
    6091707.057330922
  ],
  [
    1553126400000,
    6751716.865622894
  ],
  [
    1553212800000,
    6170934.7489720415
  ],
  [
    1553299200000,
    5603444.827139012
  ],
  [
    1553385600000,
    5690524.227184353
  ],
  [
    1553472000000,
    6107001.535564227
  ],
  [
    1553558400000,
    5713257.80349708
  ],
  [
    1553644800000,
    5587666.917703399
  ],
  [
    1553731200000,
    6555094.834728019
  ],
  [
    1553817600000,
    5513359.435668748
  ],
  [
    1553904000000,
    7381082.398252974
  ],
  [
    1553990400000,
    7997485.3654224165
  ],
  [
    1554076800000,
    7632153.015371019
  ],
  [
    1554163200000,
    7022657.489959075
  ],
  [
    1554249600000,
    8515240.257387564
  ],
  [
    1554336000000,
    7734577.63483045
  ],
  [
    1554422400000,
    7200412.638831685
  ],
  [
    1554508800000,
    7401367.946810582
  ],
  [
    1554595200000,
    6689574.302247475
  ],
  [
    1554681600000,
    6209087.539945689
  ],
  [
    1554768000000,
    8084361.127649682
  ],
  [
    1554854400000,
    8579919.706795508
  ],
  [
    1554940800000,
    8443016.119014917
  ],
  [
    1555027200000,
    6670747.3541367
  ],
  [
    1555113600000,
    6955478.481874978
  ],
  [
    1555200000000,
    6605034.496963686
  ],
  [
    1555286400000,
    7054307.858971412
  ],
  [
    1555372800000,
    5707531.626333997
  ],
  [
    1555459200000,
    5203958.175972046
  ],
  [
    1555545600000,
    5468141.044978848
  ],
  [
    1555632000000,
    4812926.241356921
  ],
  [
    1555718400000,
    4967765.937169489
  ],
  [
    1555804800000,
    4109393.1562712244
  ],
  [
    1555891200000,
    4939895.776455382
  ],
  [
    1555977600000,
    4823422.954439986
  ],
  [
    1556064000000,
    1719566.7436035816
  ],
  [
    1556150400000,
    5244986.761877064
  ],
  [
    1556236800000,
    6513583.58572133
  ],
  [
    1556323200000,
    7757400.102921426
  ],
  [
    1556409600000,
    6461088.63061812
  ],
  [
    1556496000000,
    7635916.731645474
  ],
  [
    1556582400000,
    7006107.387642175
  ],
  [
    1556668800000,
    6924391.324365171
  ],
  [
    1556755200000,
    5419800.241578736
  ],
  [
    1556841600000,
    6008886.9488804275
  ],
  [
    1556928000000,
    5678565.987152053
  ],
  [
    1557014400000,
    5809437.240670644
  ],
  [
    1557100800000,
    6275285.468793053
  ],
  [
    1557187200000,
    5857535.939047949
  ],
  [
    1557273600000,
    6412185.140960142
  ],
  [
    1557360000000,
    6616243.380279913
  ],
  [
    1557446400000,
    6658619.841708223
  ],
  [
    1557532800000,
    4910457.752452951
  ],
  [
    1557619200000,
    6717989.9196177
  ],
  [
    1557705600000,
    6693329.435337294
  ],
  [
    1557792000000,
    6716671.398067685
  ],
  [
    1557878400000,
    7389438.780796127
  ],
  [
    1557964800000,
    8126939.03570875
  ],
  [
    1558051200000,
    8238628.656593604
  ],
  [
    1558137600000,
    6182595.75833622
  ],
  [
    1558224000000,
    6026527.921029124
  ],
  [
    1558310400000,
    5546416.247110441
  ],
  [
    1558396800000,
    6751465.359340278
  ],
  [
    1558483200000,
    7982383.198732385
  ],
  [
    1558569600000,
    7039219.520355784
  ],
  [
    1558656000000,
    6438004.373568855
  ],
  [
    1558742400000,
    7110144.292666664
  ],
  [
    1558828800000,
    5897722.386652616
  ],
  [
    1558915200000,
    6422364.934250718
  ],
  [
    1559001600000,
    6920218.675756911
  ],
  [
    1559088000000,
    6504234.204970298
  ],
  [
    1559174400000,
    6745233.615662689
  ],
  [
    1559260800000,
    7630712.47989866
  ],
  [
    1559347200000,
    6941653.898368495
  ],
  [
    1559433600000,
    7026930.868990052
  ],
  [
    1559520000000,
    5929608.63620243
  ],
  [
    1559606400000,
    5235404.910335243
  ],
  [
    1559692800000,
    4948847.329986548
  ],
  [
    1559779200000,
    5920792.377815152
  ],
  [
    1559865600000,
    6134814.758049896
  ],
  [
    1559952000000,
    6469227.06494216
  ],
  [
    1560038400000,
    9088501.140500968
  ],
  [
    1560124800000,
    9052548.958170565
  ],
  [
    1560211200000,
    7656703.669972397
  ],
  [
    1560297600000,
    7419646.360777365
  ],
  [
    1560384000000,
    10456779.203183338
  ],
  [
    1560470400000,
    9928701.312623534
  ],
  [
    1560556800000,
    10411904.928653354
  ],
  [
    1560643200000,
    13390266.250058737
  ],
  [
    1560729600000,
    15357323.909810627
  ],
  [
    1560816000000,
    21713207.584678587
  ],
  [
    1560902400000,
    20412249.658680998
  ],
  [
    1560988800000,
    21968366.1610939
  ],
  [
    1561075200000,
    27941775.827411596
  ],
  [
    1561161600000,
    20431953.830453232
  ],
  [
    1561248000000,
    43599965.04251207
  ],
  [
    1561334400000,
    63483071.9329856
  ],
  [
    1561420800000,
    73080658.06620063
  ],
  [
    1561507200000,
    77973474.62671386
  ],
  [
    1561593600000,
    84303057.28020549
  ],
  [
    1561680000000,
    61624775.56925864
  ],
  [
    1561766400000,
    63465923.349656515
  ],
  [
    1561852800000,
    60953417.7249097
  ],
  [
    1561939200000,
    52470031.261704266
  ],
  [
    1562025600000,
    58829228.576510206
  ],
  [
    1562112000000,
    71984646.516837
  ],
  [
    1562198400000,
    69687309.94166897
  ],
  [
    1562284800000,
    57030971.98606635
  ],
  [
    1562371200000,
    38336799.299745895
  ],
  [
    1562457600000,
    23045143.48182681
  ],
  [
    1562544000000,
    17957282.651671134
  ],
  [
    1562630400000,
    14267347.306156581
  ],
  [
    1562716800000,
    40803874.53790803
  ],
  [
    1562803200000,
    64553614.618066855
  ],
  [
    1562889600000,
    51967068.359771006
  ],
  [
    1562976000000,
    67085653.13691833
  ],
  [
    1563062400000,
    112407547.7699988
  ],
  [
    1563148800000,
    175610244.78688616
  ],
  [
    1563235200000,
    191501859.21375167
  ],
  [
    1563321600000,
    163259371.33798966
  ],
  [
    1563408000000,
    277097620.4084605
  ],
  [
    1563494400000,
    128806477.14993098
  ],
  [
    1563580800000,
    125077470.1206874
  ],
  [
    1563667200000,
    122585707.78554966
  ],
  [
    1563753600000,
    112692077.21027826
  ],
  [
    1563840000000,
    112148895.48708498
  ],
  [
    1563926400000,
    110267135.26358522
  ],
  [
    1564012800000,
    141053452.35580707
  ],
  [
    1564099200000,
    123983027.78093514
  ],
  [
    1564185600000,
    101088766.26757066
  ],
  [
    1564272000000,
    113113131.87606542
  ],
  [
    1564358400000,
    78655880.67368159
  ],
  [
    1564444800000,
    98891745.35477518
  ],
  [
    1564531200000,
    77304864.48549515
  ],
  [
    1564617600000,
    98881871.38406655
  ],
  [
    1564704000000,
    96161010.14058785
  ],
  [
    1564790400000,
    100707637.07173239
  ],
  [
    1564876800000,
    89398279.0205245
  ],
  [
    1564963200000,
    77104720.252776
  ],
  [
    1565049600000,
    102701682.27280019
  ],
  [
    1565136000000,
    99032180.54636015
  ],
  [
    1565222400000,
    84049919.18834254
  ],
  [
    1565308800000,
    51162466.49496049
  ],
  [
    1565395200000,
    85042487.56715794
  ],
  [
    1565481600000,
    86186839.92637075
  ],
  [
    1565568000000,
    91941463.81502731
  ],
  [
    1565654400000,
    52177045.493328504
  ],
  [
    1565740800000,
    56205654.318602115
  ],
  [
    1565827200000,
    81948532.6630184
  ],
  [
    1565913600000,
    80102688.4640548
  ],
  [
    1566000000000,
    67720222.78363024
  ],
  [
    1566086400000,
    62749719.48788783
  ],
  [
    1566172800000,
    74505250.06532063
  ],
  [
    1566259200000,
    71999006.10157026
  ],
  [
    1566345600000,
    58375976.39839958
  ],
  [
    1566432000000,
    68711740.80833279
  ],
  [
    1566518400000,
    54845093.81413168
  ],
  [
    1566604800000,
    76124655.58426511
  ],
  [
    1566691200000,
    68663110.12187648
  ],
  [
    1566777600000,
    69101973.55464919
  ],
  [
    1566864000000,
    69562762.38863753
  ],
  [
    1566950400000,
    60922512.65975404
  ],
  [
    1567036800000,
    68100014.69812137
  ],
  [
    1567123200000,
    70550868.18826154
  ],
  [
    1567209600000,
    57689717.94684955
  ],
  [
    1567296000000,
    60032233.38472713
  ],
  [
    1567382400000,
    59394993.435990475
  ],
  [
    1567468800000,
    69148974.93381198
  ],
  [
    1567555200000,
    72134558.82839654
  ],
  [
    1567641600000,
    53188348.41814055
  ],
  [
    1567728000000,
    58009631.305450626
  ],
  [
    1567814400000,
    62056230.832008064
  ],
  [
    1567900800000,
    61728741.54074961
  ],
  [
    1567987200000,
    61372048.62171426
  ],
  [
    1568073600000,
    61973890.30603382
  ],
  [
    1568160000000,
    51366019.012252875
  ],
  [
    1568246400000,
    64432109.13492252
  ],
  [
    1568332800000,
    65728027.56436441
  ],
  [
    1568419200000,
    64331267.21009341
  ],
  [
    1568505600000,
    70110335.62898546
  ],
  [
    1568592000000,
    63649920.384243116
  ],
  [
    1568678400000,
    70447779.36268197
  ],
  [
    1568764800000,
    72663654.30238788
  ],
  [
    1568851200000,
    70656781.8569887
  ],
  [
    1568937600000,
    92423389.08148009
  ],
  [
    1569024000000,
    97534536.71719982
  ],
  [
    1569110400000,
    71780366.688226
  ],
  [
    1569196800000,
    73825317.388437
  ],
  [
    1569283200000,
    75198784.82181413
  ],
  [
    1569369600000,
    79465658.0779198
  ],
  [
    1569456000000,
    77838929.0726455
  ],
  [
    1569542400000,
    52922759.48921205
  ],
  [
    1569628800000,
    51270389.10020423
  ],
  [
    1569715200000,
    49649436.76423439
  ],
  [
    1569801600000,
    47262267.7508392
  ],
  [
    1569888000000,
    61705099.16768557
  ],
  [
    1569974400000,
    54075832.62704635
  ],
  [
    1570060800000,
    54075832.62704635
  ],
  [
    1570147200000,
    53167694.75793912
  ],
  [
    1570233600000,
    52010559.98359095
  ],
  [
    1570320000000,
    50843370.426453315
  ],
  [
    1570406400000,
    49118615.122830324
  ],
  [
    1570492800000,
    54411762.35507061
  ],
  [
    1570579200000,
    48250150.01064178
  ],
  [
    1570665600000,
    57656761.31164177
  ],
  [
    1570752000000,
    52211529.3335288
  ],
  [
    1570838400000,
    49132086.48326698
  ],
  [
    1570924800000,
    40389407.825360835
  ],
  [
    1571011200000,
    44646673.99957372
  ],
  [
    1571097600000,
    47199011.97584164
  ],
  [
    1571184000000,
    46061049.99645579
  ],
  [
    1571270400000,
    38295222.064191364
  ],
  [
    1571356800000,
    36347931.99240016
  ],
  [
    1571443200000,
    28299221.931166615
  ],
  [
    1571529600000,
    29981811.971762367
  ],
  [
    1571616000000,
    35468883.039068066
  ],
  [
    1571702400000,
    35289494.30548614
  ],
  [
    1571788800000,
    34641139.30913527
  ],
  [
    1571875200000,
    36140782.73710179
  ],
  [
    1571961600000,
    26848291.87040542
  ],
  [
    1572048000000,
    44601774.70768842
  ],
  [
    1572134400000,
    48722984.34525709
  ],
  [
    1572220800000,
    51211709.97328802
  ],
  [
    1572307200000,
    51013110.117256775
  ],
  [
    1572393600000,
    39668279.42144189
  ],
  [
    1572480000000,
    37544257.324867874
  ],
  [
    1572566400000,
    36219081.04196798
  ],
  [
    1572652800000,
    34071722.11951695
  ],
  [
    1572739200000,
    39916909.459212415
  ],
  [
    1572825600000,
    43728952.93359383
  ],
  [
    1572912000000,
    44986162.04355207
  ],
  [
    1572998400000,
    44741605.98075837
  ],
  [
    1573084800000,
    38435195.51439819
  ],
  [
    1573171200000,
    18164567.77808305
  ],
  [
    1573257600000,
    30129708.808570072
  ],
  [
    1573344000000,
    27168646.030813675
  ],
  [
    1573430400000,
    28693644.52334957
  ],
  [
    1573516800000,
    24634235.138385296
  ],
  [
    1573603200000,
    47469791.04702789
  ],
  [
    1573689600000,
    42158146.471723266
  ],
  [
    1573776000000,
    17008278.261096653
  ],
  [
    1573862400000,
    19357844.96061816
  ],
  [
    1573948800000,
    12294758.400370656
  ],
  [
    1574035200000,
    36338845.53189357
  ],
  [
    1574121600000,
    40315602.859223604
  ],
  [
    1574208000000,
    22406246.628182575
  ],
  [
    1574294400000,
    33567740.68886537
  ],
  [
    1574380800000,
    29214006.99338682
  ],
  [
    1574467200000,
    26951460.01320457
  ],
  [
    1574553600000,
    34268045.30087832
  ],
  [
    1574640000000,
    32712950.505038373
  ],
  [
    1574726400000,
    41166440.75505701
  ],
  [
    1574812800000,
    27075657.269418545
  ],
  [
    1574899200000,
    38149008.01771209
  ],
  [
    1574985600000,
    19604371.958345667
  ],
  [
    1575072000000,
    23373432.786229804
  ],
  [
    1575158400000,
    17687568.05423244
  ],
  [
    1575244800000,
    31762082.42553946
  ],
  [
    1575331200000,
    26172957.409842346
  ],
  [
    1575417600000,
    15580498.328241037
  ],
  [
    1575504000000,
    37966268.25990734
  ],
  [
    1575590400000,
    42408169.60610099
  ],
  [
    1575676800000,
    42689081.258879066
  ],
  [
    1575763200000,
    42218745.95594854
  ],
  [
    1575849600000,
    40908839.113007315
  ],
  [
    1575936000000,
    42383526.36182568
  ],
  [
    1576022400000,
    43493149.79136464
  ],
  [
    1576108800000,
    39980408.129521124
  ],
  [
    1576195200000,
    42277194.62445624
  ],
  [
    1576281600000,
    45701870.92912937
  ],
  [
    1576368000000,
    43253656.54454346
  ],
  [
    1576454400000,
    43887039.628723145
  ],
  [
    1576540800000,
    42388231.35721166
  ],
  [
    1576627200000,
    39073917.67946362
  ],
  [
    1576713600000,
    42317228.35232373
  ],
  [
    1576800000000,
    21613238.32527008
  ],
  [
    1576886400000,
    34965003.49258823
  ],
  [
    1576972800000,
    25251250.145138264
  ],
  [
    1577059200000,
    27036068.89607156
  ],
  [
    1577145600000,
    30172852.50027207
  ],
  [
    1577232000000,
    24344009.240972515
  ],
  [
    1577318400000,
    25987821.056171145
  ],
  [
    1577404800000,
    28529401.61417212
  ],
  [
    1577491200000,
    25899249.17048186
  ],
  [
    1577577600000,
    27311854.95042818
  ],
  [
    1577664000000,
    27529427.820159223
  ],
  [
    1577750400000,
    25574878.90450919
  ],
  [
    1577836800000,
    23973512.78988738
  ],
  [
    1577923200000,
    29542531.783839084
  ],
  [
    1578009600000,
    14342187.214403452
  ],
  [
    1578096000000,
    25809934.626136195
  ],
  [
    1578182400000,
    22912231.85856768
  ],
  [
    1578268800000,
    30844428.6319967
  ],
  [
    1578355200000,
    32548465.021465678
  ],
  [
    1578441600000,
    27535899.115574155
  ],
  [
    1578528000000,
    20086991.040988717
  ],
  [
    1578614400000,
    23771919.14386689
  ],
  [
    1578700800000,
    25409115.194577556
  ],
  [
    1578787200000,
    25852572.50792662
  ],
  [
    1578873600000,
    24526380.365898833
  ],
  [
    1578960000000,
    22699901.11655477
  ],
  [
    1579046400000,
    38676816.27702652
  ],
  [
    1579132800000,
    37640126.56561734
  ],
  [
    1579219200000,
    30021492.47859108
  ],
  [
    1579305600000,
    33235976.65187685
  ],
  [
    1579392000000,
    35019304.851822734
  ],
  [
    1579478400000,
    31069033.57621136
  ],
  [
    1579564800000,
    16327314.570931211
  ],
  [
    1579651200000,
    26175331.368135355
  ],
  [
    1579737600000,
    25155321.05469997
  ],
  [
    1579824000000,
    26976267.36101852
  ],
  [
    1579910400000,
    10428997.146586454
  ],
  [
    1579996800000,
    24809870.69684109
  ],
  [
    1580083200000,
    24370189.05945096
  ],
  [
    1580169600000,
    27687073.053452414
  ],
  [
    1580256000000,
    28453928.74288466
  ],
  [
    1580342400000,
    36641281.39027307
  ],
  [
    1580428800000,
    31267559.48912723
  ],
  [
    1580515200000,
    35465788.16605464
  ],
  [
    1580601600000,
    21801731.776117716
  ],
  [
    1580688000000,
    39171867.86613462
  ],
  [
    1580774400000,
    36885178.321101725
  ],
  [
    1580860800000,
    12264970.643496873
  ],
  [
    1580947200000,
    31881316.194264494
  ],
  [
    1581033600000,
    30059482.153911635
  ],
  [
    1581120000000,
    32463166.929510448
  ],
  [
    1581206400000,
    15120374.226271203
  ],
  [
    1581292800000,
    33853410.13859309
  ],
  [
    1581379200000,
    40332525.14993305
  ],
  [
    1581465600000,
    42302987.90230764
  ],
  [
    1581552000000,
    35637558.01730846
  ],
  [
    1581638400000,
    49263956.39652332
  ],
  [
    1581724800000,
    42986448.47542217
  ],
  [
    1581811200000,
    42445052.12919592
  ],
  [
    1581897600000,
    42019789.53216815
  ],
  [
    1581984000000,
    36371683.00177899
  ],
  [
    1582070400000,
    35576567.90297681
  ],
  [
    1582156800000,
    32341261.074795566
  ],
  [
    1582243200000,
    32721122.46627909
  ],
  [
    1582329600000,
    29180466.315398913
  ],
  [
    1582416000000,
    26627742.919249535
  ],
  [
    1582502400000,
    29910606.960222024
  ],
  [
    1582588800000,
    30768466.187620576
  ],
  [
    1582675200000,
    30024121.76951963
  ],
  [
    1582761600000,
    23454383.945335504
  ],
  [
    1582848000000,
    35926924.00837827
  ],
  [
    1582934400000,
    33720359.82687831
  ],
  [
    1583020800000,
    30998003.802654352
  ],
  [
    1583107200000,
    34055635.20917412
  ],
  [
    1583193600000,
    37808491.53656134
  ],
  [
    1583280000000,
    34796198.58327368
  ],
  [
    1583366400000,
    30478775.620172042
  ],
  [
    1583452800000,
    34557524.85502464
  ],
  [
    1583539200000,
    29440282.41514749
  ],
  [
    1583625600000,
    30572877.9377585
  ],
  [
    1583712000000,
    37029932.76545616
  ],
  [
    1583798400000,
    38707074.388342015
  ],
  [
    1583884800000,
    32917597.185057104
  ],
  [
    1583971200000,
    19679061.327401433
  ],
  [
    1584057600000,
    29930810.185953513
  ],
  [
    1584144000000,
    37572927.869257845
  ],
  [
    1584230400000,
    15228147.022511672
  ],
  [
    1584316800000,
    19984587.00482773
  ],
  [
    1584403200000,
    23718984.984308872
  ],
  [
    1584489600000,
    31167056.94539005
  ],
  [
    1584576000000,
    53238449.7085691
  ],
  [
    1584662400000,
    80269051.1268417
  ],
  [
    1584748800000,
    99444151.48860231
  ],
  [
    1584835200000,
    112227693.82717791
  ],
  [
    1584921600000,
    103156301.3603815
  ],
  [
    1585008000000,
    68622593.26334447
  ],
  [
    1585094400000,
    113301664.4563027
  ],
  [
    1585180800000,
    103427150.95464934
  ],
  [
    1585267200000,
    93072394.93092643
  ],
  [
    1585353600000,
    96349547.80299765
  ],
  [
    1585440000000,
    103951106.37932287
  ],
  [
    1585526400000,
    82903721.75554
  ],
  [
    1585612800000,
    106911771.18739936
  ],
  [
    1585699200000,
    96479078.07230993
  ],
  [
    1585785600000,
    93332355.24002565
  ],
  [
    1585872000000,
    110474070.69122374
  ],
  [
    1585958400000,
    104053816.8915299
  ],
  [
    1586044800000,
    98908774.10964713
  ],
  [
    1586131200000,
    108339675.29494356
  ],
  [
    1586217600000,
    82313353.33809257
  ],
  [
    1586304000000,
    113737393.81876649
  ],
  [
    1586390400000,
    88845426.4107539
  ],
  [
    1586476800000,
    98965602.28632362
  ],
  [
    1586563200000,
    107565184.1207483
  ],
  [
    1586649600000,
    114996040.23558526
  ],
  [
    1586736000000,
    118599448.9940512
  ],
  [
    1586822400000,
    121504099.26301606
  ],
  [
    1586908800000,
    109980128.48763068
  ],
  [
    1586995200000,
    119776703.41060913
  ],
  [
    1587081600000,
    121791623.80641842
  ],
  [
    1587168000000,
    109954568.63268758
  ],
  [
    1587254400000,
    133266680.62589775
  ],
  [
    1587340800000,
    115494156.02349758
  ],
  [
    1587427200000,
    108276809.9283291
  ],
  [
    1587513600000,
    112123994.89463171
  ],
  [
    1587600000000,
    75464805.20708048
  ],
  [
    1587686400000,
    58214212.57936623
  ],
  [
    1587772800000,
    70124630.2548635
  ],
  [
    1587859200000,
    39043426.834875986
  ],
  [
    1587945600000,
    40353822.96409562
  ],
  [
    1588032000000,
    105488607.51666793
  ],
  [
    1588118400000,
    122743776.50048472
  ],
  [
    1588204800000,
    98428172.42394161
  ],
  [
    1588291200000,
    93455989.15956171
  ],
  [
    1588377600000,
    31291748.383241426
  ],
  [
    1588464000000,
    83112052.63912362
  ],
  [
    1588550400000,
    41535546.99774182
  ],
  [
    1588636800000,
    83309818.46223205
  ],
  [
    1588723200000,
    72960168.62829691
  ],
  [
    1588809600000,
    36158666.09174011
  ],
  [
    1588896000000,
    107436916.03015567
  ],
  [
    1588982400000,
    119098715.74569784
  ],
  [
    1589068800000,
    109013250.08967616
  ],
  [
    1589155200000,
    126854403.89069203
  ],
  [
    1589241600000,
    120115105.26822817
  ],
  [
    1589328000000,
    132101724.65637076
  ],
  [
    1589414400000,
    126360900.56202617
  ],
  [
    1589500800000,
    167467309.13572294
  ],
  [
    1589587200000,
    146305777.9241582
  ],
  [
    1589673600000,
    205729357.4644935
  ],
  [
    1589760000000,
    241690674.67094675
  ],
  [
    1589846400000,
    157865731.83930987
  ],
  [
    1589932800000,
    81199774.36393782
  ],
  [
    1590019200000,
    73499443.88461472
  ],
  [
    1590105600000,
    80967245.34398575
  ],
  [
    1590192000000,
    77706889.006834
  ],
  [
    1590278400000,
    75660495.58594961
  ],
  [
    1590364800000,
    95900967.49957493
  ],
  [
    1590451200000,
    97421395.6041084
  ],
  [
    1590537600000,
    55247543.74384347
  ],
  [
    1590624000000,
    46251402.93216174
  ],
  [
    1590710400000,
    41417147.143006645
  ],
  [
    1590796800000,
    43233952.21679892
  ],
  [
    1590883200000,
    54872411.14472106
  ],
  [
    1590969600000,
    54649346.781318635
  ],
  [
    1591056000000,
    58168329.326258555
  ],
  [
    1591142400000,
    79362113.80176054
  ],
  [
    1591228800000,
    49634480.55180579
  ],
  [
    1591315200000,
    68829155.153457
  ],
  [
    1591401600000,
    71989201.48587362
  ],
  [
    1591488000000,
    54836237.21650917
  ],
  [
    1591574400000,
    57454187.76384867
  ],
  [
    1591660800000,
    44749031.75873326
  ],
  [
    1591747200000,
    55300616.30306625
  ],
  [
    1591833600000,
    69984975.78547853
  ],
  [
    1591920000000,
    74138308.79551135
  ],
  [
    1592006400000,
    73285709.54687779
  ],
  [
    1592092800000,
    65046242.89106529
  ],
  [
    1592179200000,
    56233001.812297836
  ],
  [
    1592265600000,
    80963047.16352315
  ],
  [
    1592352000000,
    63850661.1965203
  ],
  [
    1592438400000,
    72807851.06582591
  ],
  [
    1592524800000,
    60388262.72047779
  ],
  [
    1592611200000,
    69480505.33999076
  ],
  [
    1592697600000,
    61975589.228273
  ],
  [
    1592784000000,
    52095043.750978425
  ],
  [
    1592870400000,
    55922515.69588452
  ],
  [
    1592956800000,
    32264603.251683224
  ],
  [
    1593043200000,
    27391155.411020976
  ],
  [
    1593129600000,
    27498437.18694921
  ],
  [
    1593216000000,
    29356624.826933913
  ],
  [
    1593302400000,
    15414222.459966268
  ],
  [
    1593388800000,
    12830569.173697866
  ],
  [
    1593475200000,
    14570940.24504079
  ],
  [
    1593561600000,
    10148598.650305824
  ],
  [
    1593648000000,
    9454462.300813487
  ],
  [
    1593734400000,
    10794225.660884302
  ],
  [
    1593820800000,
    8563194.507431133
  ],
  [
    1593907200000,
    9270486.943493528
  ],
  [
    1593993600000,
    9007762.020649722
  ],
  [
    1594080000000,
    10274898.152609546
  ],
  [
    1594166400000,
    8339406.3706480265
  ],
  [
    1594252800000,
    10638246.087669052
  ],
  [
    1594339200000,
    9736255.563267622
  ],
  [
    1594425600000,
    8327074.637427023
  ],
  [
    1594512000000,
    8532646.780865137
  ],
  [
    1594598400000,
    8498396.51478553
  ],
  [
    1594684800000,
    9274564.635318562
  ],
  [
    1594771200000,
    9245767.283981908
  ],
  [
    1594857600000,
    7655998.614362989
  ],
  [
    1594944000000,
    8796996.85729529
  ],
  [
    1595030400000,
    6732196.181478954
  ],
  [
    1595116800000,
    7040861.368706607
  ],
  [
    1595203200000,
    7990063.0911486205
  ],
  [
    1595289600000,
    9670655.481245209
  ],
  [
    1595376000000,
    8661869.883581102
  ],
  [
    1595462400000,
    9088626.131452763
  ],
  [
    1595548800000,
    14123914.374055082
  ],
  [
    1595635200000,
    16447670.594489235
  ],
  [
    1595721600000,
    13685710.826765986
  ],
  [
    1595808000000,
    13076578.692442024
  ],
  [
    1595894400000,
    13603921.259767609
  ],
  [
    1595980800000,
    11982319.678281888
  ],
  [
    1596067200000,
    9975457.423423896
  ],
  [
    1596153600000,
    9201700.756119298
  ],
  [
    1596240000000,
    9321221.993792675
  ],
  [
    1596326400000,
    10088259.543529652
  ],
  [
    1596412800000,
    11089144.053814441
  ],
  [
    1596499200000,
    8623196.65573642
  ],
  [
    1596585600000,
    5437246.335093453
  ],
  [
    1596672000000,
    6297287.411157718
  ],
  [
    1596758400000,
    11106283.14751839
  ],
  [
    1596844800000,
    10744657.088160874
  ],
  [
    1596931200000,
    16212066.99272045
  ],
  [
    1597017600000,
    28431384.622098573
  ],
  [
    1597104000000,
    19312743.487121496
  ],
  [
    1597190400000,
    16634169.40065243
  ],
  [
    1597276800000,
    17653458.727861352
  ],
  [
    1597363200000,
    13820945.501814408
  ],
  [
    1597449600000,
    11111962.146231314
  ],
  [
    1597536000000,
    11781749.592583857
  ],
  [
    1597622400000,
    9798820.540937822
  ],
  [
    1597708800000,
    18474144.83363718
  ],
  [
    1597795200000,
    15271256.632475488
  ],
  [
    1597881600000,
    12622067.608341927
  ],
  [
    1597968000000,
    8665128.642774342
  ],
  [
    1598054400000,
    13349455.403491026
  ],
  [
    1598140800000,
    9869939.286197795
  ],
  [
    1598227200000,
    9943336.99985684
  ],
  [
    1598313600000,
    11009848.492675513
  ],
  [
    1598400000000,
    14768775.810835088
  ],
  [
    1598486400000,
    12386506.655484
  ],
  [
    1598572800000,
    12916938.143691646
  ],
  [
    1598659200000,
    9321366.485998498
  ],
  [
    1598745600000,
    13684523.03085359
  ],
  [
    1598832000000,
    16145841.96434366
  ],
  [
    1598918400000,
    12308981.634063393
  ],
  [
    1599004800000,
    15322507.572470766
  ],
  [
    1599091200000,
    10108307.672894634
  ],
  [
    1599177600000,
    9226966.131842585
  ],
  [
    1599264000000,
    9441942.474382345
  ],
  [
    1599350400000,
    20368539.798470274
  ],
  [
    1599436800000,
    26612472.849663243
  ],
  [
    1599523200000,
    26638060.782044504
  ],
  [
    1599609600000,
    28596600.131203894
  ],
  [
    1599696000000,
    26882022.72862979
  ],
  [
    1599782400000,
    31065299.891060404
  ],
  [
    1599868800000,
    27750270.35665964
  ],
  [
    1599955200000,
    24782759.0909676
  ],
  [
    1600041600000,
    29406461.178336047
  ],
  [
    1600128000000,
    25455212.383928977
  ],
  [
    1600214400000,
    26102210.828686662
  ],
  [
    1600300800000,
    23776389.425353307
  ],
  [
    1600387200000,
    9693661.01637989
  ],
  [
    1600473600000,
    5840777.388667899
  ],
  [
    1600560000000,
    3896402.4387513325
  ],
  [
    1600646400000,
    4855438.65383652
  ],
  [
    1600732800000,
    7246321.372620174
  ],
  [
    1600819200000,
    4856459.6050672745
  ],
  [
    1600905600000,
    9437289.909687541
  ],
  [
    1600992000000,
    16647502.132424435
  ],
  [
    1601078400000,
    8180082.458852148
  ],
  [
    1601164800000,
    4401166.812296831
  ],
  [
    1601251200000,
    5215517.361582607
  ],
  [
    1601337600000,
    6194736.408117338
  ],
  [
    1601424000000,
    4707180.990131726
  ],
  [
    1601510400000,
    4666436.048337268
  ],
  [
    1601596800000,
    6497010.505705023
  ],
  [
    1601683200000,
    5363176.815242818
  ],
  [
    1601769600000,
    3444900.925638974
  ],
  [
    1601856000000,
    3950673.901121477
  ],
  [
    1601942400000,
    5170259.349613844
  ],
  [
    1602028800000,
    5696156.966302625
  ],
  [
    1602115200000,
    4877803.799542314
  ],
  [
    1602201600000,
    4740711.408123104
  ],
  [
    1602288000000,
    4717573.748072467
  ],
  [
    1602374400000,
    4797046.676268731
  ],
  [
    1602460800000,
    4233490.010208271
  ],
  [
    1602547200000,
    6617209.517704887
  ],
  [
    1602633600000,
    3453869.152784902
  ],
  [
    1602720000000,
    4449719.7923992835
  ],
  [
    1602806400000,
    5298790.726181446
  ],
  [
    1602892800000,
    4650621.91177707
  ],
  [
    1602979200000,
    3683116.069277217
  ],
  [
    1603065600000,
    3005506.8968185172
  ],
  [
    1603152000000,
    5288567.218438833
  ],
  [
    1603238400000,
    6143836.339244389
  ],
  [
    1603324800000,
    7404218.069760118
  ],
  [
    1603411200000,
    4577069.201899424
  ],
  [
    1603497600000,
    3492757.620661356
  ],
  [
    1603584000000,
    2878055.9967083237
  ],
  [
    1603670400000,
    2691385.7613407657
  ],
  [
    1603756800000,
    4276783.135891737
  ],
  [
    1603843200000,
    6050741.656728087
  ],
  [
    1603929600000,
    6780435.092617497
  ],
  [
    1604016000000,
    4467728.313243743
  ],
  [
    1604102400000,
    3627408.513768402
  ],
  [
    1604188800000,
    3439563.9476291086
  ],
  [
    1604275200000,
    3022604.711481202
  ],
  [
    1604361600000,
    4883672.037533752
  ],
  [
    1604448000000,
    7717513.442597206
  ],
  [
    1604534400000,
    7074455.586347263
  ],
  [
    1604620800000,
    8801315.270810736
  ],
  [
    1604707200000,
    7360280.261540556
  ],
  [
    1604793600000,
    9528435.124156173
  ],
  [
    1604880000000,
    7288337.55097347
  ],
  [
    1604966400000,
    6900321.844089045
  ],
  [
    1605052800000,
    9852335.137150135
  ],
  [
    1605139200000,
    7465818.235845522
  ],
  [
    1605225600000,
    9627932.103110889
  ],
  [
    1605312000000,
    8286822.66645861
  ],
  [
    1605398400000,
    6452182.209869626
  ],
  [
    1605484800000,
    6673903.772848756
  ],
  [
    1605571200000,
    8531544.400076643
  ],
  [
    1605657600000,
    8606668.913554428
  ],
  [
    1605744000000,
    9328886.188645331
  ],
  [
    1605830400000,
    6912473.394413993
  ],
  [
    1605916800000,
    7089615.951244018
  ],
  [
    1606003200000,
    6960383.482681867
  ],
  [
    1606089600000,
    6247208.885832524
  ],
  [
    1606176000000,
    9498688.642036514
  ],
  [
    1606262400000,
    13100088.080716606
  ],
  [
    1606348800000,
    9927493.642001955
  ],
  [
    1606435200000,
    11402096.248798523
  ],
  [
    1606521600000,
    7063301.9600307
  ],
  [
    1606608000000,
    7384988.293197405
  ],
  [
    1606694400000,
    4653594.637315268
  ],
  [
    1606780800000,
    6021618.162669255
  ],
  [
    1606867200000,
    5602482.182454132
  ],
  [
    1606953600000,
    4973441.839274544
  ],
  [
    1607040000000,
    4593172.181008042
  ],
  [
    1607126400000,
    4893568.608183864
  ],
  [
    1607212800000,
    3903641.6440019477
  ],
  [
    1607299200000,
    4373314.942105178
  ],
  [
    1607385600000,
    4679006.431422619
  ],
  [
    1607472000000,
    5427456.461339508
  ],
  [
    1607558400000,
    6905376.842298348
  ],
  [
    1607644800000,
    5564881.733655218
  ],
  [
    1607731200000,
    5408420.828905996
  ],
  [
    1607817600000,
    4199709.842155636
  ],
  [
    1607904000000,
    4335348.965250553
  ],
  [
    1607990400000,
    4985478.99748844
  ],
  [
    1608076800000,
    7797474.532797503
  ],
  [
    1608163200000,
    9976560.143386086
  ],
  [
    1608249600000,
    40769365.34458724
  ],
  [
    1608336000000,
    21660807.370154805
  ],
  [
    1608422400000,
    8830318.814035138
  ],
  [
    1608508800000,
    9206263.78758591
  ],
  [
    1608595200000,
    9023369.069505874
  ],
  [
    1608681600000,
    8601415.382980166
  ],
  [
    1608768000000,
    9878863.312440831
  ],
  [
    1608854400000,
    5264743.982564736
  ],
  [
    1608940800000,
    5416776.819227577
  ],
  [
    1609027200000,
    5771293.101392564
  ],
  [
    1609113600000,
    5876427.88939651
  ],
  [
    1609200000000,
    4393097.582735077
  ],
  [
    1609286400000,
    6231106.212425483
  ],
  [
    1609372800000,
    5577799.038593635
  ],
  [
    1609459200000,
    5748933.048845067
  ],
  [
    1609545600000,
    4668910.278323465
  ],
  [
    1609632000000,
    5859174.431898468
  ],
  [
    1609718400000,
    5343881.870822811
  ],
  [
    1609804800000,
    6041089.171330645
  ],
  [
    1609891200000,
    7630343.205864349
  ],
  [
    1609977600000,
    9738269.769272834
  ],
  [
    1610064000000,
    8766992.558847208
  ],
  [
    1610150400000,
    7390802.836608407
  ],
  [
    1610236800000,
    8472224.00605126
  ],
  [
    1610323200000,
    15442575.707954213
  ],
  [
    1610409600000,
    15838221.302121997
  ],
  [
    1610496000000,
    8018795.191111818
  ],
  [
    1610582400000,
    6541097.18125556
  ],
  [
    1610668800000,
    6825125.969497917
  ],
  [
    1610755200000,
    8853819.822125405
  ],
  [
    1610841600000,
    7159083.032621632
  ],
  [
    1610928000000,
    5905513.433260579
  ],
  [
    1611014400000,
    10540833.184369357
  ],
  [
    1611100800000,
    9385693.357853679
  ],
  [
    1611187200000,
    8329556.180739048
  ],
  [
    1611273600000,
    14519665.093291132
  ],
  [
    1611360000000,
    11394375.963653194
  ],
  [
    1611446400000,
    8934006.780467926
  ],
  [
    1611532800000,
    8292420.850908491
  ],
  [
    1611619200000,
    7378311.116173063
  ],
  [
    1611705600000,
    6997483.077131419
  ],
  [
    1611792000000,
    7228507.633613048
  ],
  [
    1611878400000,
    7464437.043629687
  ],
  [
    1611964800000,
    10433521.05032559
  ],
  [
    1612051200000,
    7995046.248753246
  ],
  [
    1612137600000,
    21644154.309032973
  ],
  [
    1612224000000,
    14449703.628654547
  ],
  [
    1612310400000,
    8127021.8649088275
  ],
  [
    1612396800000,
    9029421.40709528
  ],
  [
    1612483200000,
    10666587.165338516
  ],
  [
    1612569600000,
    12033731.060000751
  ],
  [
    1612656000000,
    10827615.725542624
  ],
  [
    1612742400000,
    10398185.094959311
  ],
  [
    1612828800000,
    12287499.787928443
  ],
  [
    1612915200000,
    12586957.755251225
  ],
  [
    1613001600000,
    21042694.702391066
  ],
  [
    1613088000000,
    22516211.85564215
  ],
  [
    1613174400000,
    13619301.188327737
  ],
  [
    1613260800000,
    20589528.299644638
  ],
  [
    1613347200000,
    16751358.002671212
  ],
  [
    1613433600000,
    15107994.685728127
  ],
  [
    1613520000000,
    15891692.9109007
  ],
  [
    1613606400000,
    15054844.728891602
  ],
  [
    1613692800000,
    14269111.76888549
  ],
  [
    1613779200000,
    13805679.367952488
  ],
  [
    1613865600000,
    28308690.827631906
  ],
  [
    1613952000000,
    37924942.477993764
  ],
  [
    1614038400000,
    30472189.328431234
  ],
  [
    1614124800000,
    23913165.55152942
  ],
  [
    1614211200000,
    15025695.228219664
  ],
  [
    1614297600000,
    12447133.868072778
  ],
  [
    1614384000000,
    13452837.243863596
  ],
  [
    1614470400000,
    12609319.486213062
  ],
  [
    1614556800000,
    11532487.03068884
  ],
  [
    1614643200000,
    11864717.59687059
  ],
  [
    1614729600000,
    9081114.059098039
  ],
  [
    1614816000000,
    13895404.704954859
  ],
  [
    1614902400000,
    14696259.60810132
  ],
  [
    1614988800000,
    21731392.21811246
  ],
  [
    1615075200000,
    9071292.266165858
  ],
  [
    1615161600000,
    10746461.334622841
  ],
  [
    1615248000000,
    18923624.80763229
  ],
  [
    1615334400000,
    20351169.629249208
  ],
  [
    1615420800000,
    22300009.21831254
  ],
  [
    1615507200000,
    20413291.134538677
  ],
  [
    1615593600000,
    24311466.455889467
  ],
  [
    1615680000000,
    61823777.3018282
  ],
  [
    1615766400000,
    43116655.43432156
  ],
  [
    1615852800000,
    34745852.31243611
  ],
  [
    1615939200000,
    39003087.89902058
  ],
  [
    1616025600000,
    28060265.06670245
  ],
  [
    1616112000000,
    31200147.48734075
  ],
  [
    1616198400000,
    65683469.65840859
  ],
  [
    1616284800000,
    47342299.832645155
  ],
  [
    1616371200000,
    74772427.14150171
  ],
  [
    1616457600000,
    53450956.202360116
  ],
  [
    1616544000000,
    34315244.606457114
  ],
  [
    1616630400000,
    32235680.627687898
  ],
  [
    1616716800000,
    30330771.9469393
  ],
  [
    1616803200000,
    22005864.022948246
  ],
  [
    1616889600000,
    17451094.60740403
  ],
  [
    1616976000000,
    41646623.671188764
  ],
  [
    1617062400000,
    29230334.618584678
  ],
  [
    1617148800000,
    59162673.64275717
  ],
  [
    1617235200000,
    34170812.6968399
  ],
  [
    1617321600000,
    26128350.63419746
  ],
  [
    1617408000000,
    21554478.228826195
  ],
  [
    1617494400000,
    24944107.380586557
  ],
  [
    1617580800000,
    42485735.00754094
  ],
  [
    1617667200000,
    35320179.47310749
  ],
  [
    1617753600000,
    21889701.79690485
  ],
  [
    1617840000000,
    29645612.252728112
  ],
  [
    1617926400000,
    21631923.09682295
  ],
  [
    1618012800000,
    51696643.03174497
  ],
  [
    1618099200000,
    159240139.39181855
  ],
  [
    1618185600000,
    204569594.27314574
  ],
  [
    1618272000000,
    53535411.97415863
  ],
  [
    1618358400000,
    117757810.80677344
  ],
  [
    1618444800000,
    63456488.676392086
  ],
  [
    1618531200000,
    61820760.15508745
  ],
  [
    1618617600000,
    35103174.34080837
  ],
  [
    1618704000000,
    41192802.87171883
  ],
  [
    1618790400000,
    43218152.61303392
  ],
  [
    1618876800000,
    53244194.89826723
  ],
  [
    1618963200000,
    28971806.515848327
  ],
  [
    1619049600000,
    36526907.55160702
  ],
  [
    1619136000000,
    43327524.3193141
  ],
  [
    1619222400000,
    49889069.22730996
  ],
  [
    1619308800000,
    23402286.82083706
  ],
  [
    1619395200000,
    32082844.14638712
  ],
  [
    1619481600000,
    54642132.7683343
  ],
  [
    1619568000000,
    41536502.2763311
  ],
  [
    1619654400000,
    33749066.8740888
  ],
  [
    1619740800000,
    46042250.66509242
  ],
  [
    1619827200000,
    31817634.202532314
  ],
  [
    1619913600000,
    46776930.34478325
  ],
  [
    1620000000000,
    46280545.20430648
  ],
  [
    1620086400000,
    30826199.790074497
  ],
  [
    1620172800000,
    26608978.03446972
  ],
  [
    1620259200000,
    21405749.500039127
  ],
  [
    1620345600000,
    19694715.65163008
  ],
  [
    1620432000000,
    29098465.33091816
  ],
  [
    1620518400000,
    24880897.085494455
  ],
  [
    1620604800000,
    17763782.017932408
  ],
  [
    1620691200000,
    18222170.64846474
  ],
  [
    1620777600000,
    20759652.828129973
  ],
  [
    1620864000000,
    25193514.553464945
  ],
  [
    1620950400000,
    53028692.92485565
  ],
  [
    1621036800000,
    25079710.127583947
  ],
  [
    1621123200000,
    18776227.97121535
  ],
  [
    1621209600000,
    30197392.585471928
  ],
  [
    1621296000000,
    25809571.325278796
  ],
  [
    1621382400000,
    17643218.16650225
  ],
  [
    1621468800000,
    26078131.132173043
  ],
  [
    1621555200000,
    24730985.284630526
  ],
  [
    1621641600000,
    17332742.994429648
  ],
  [
    1621728000000,
    11324722.484002754
  ],
  [
    1621814400000,
    13726253.075193377
  ],
  [
    1621900800000,
    12250559.861799471
  ],
  [
    1621987200000,
    14607131.666261103
  ],
  [
    1622073600000,
    12370404.961486315
  ],
  [
    1622160000000,
    9427939.956493562
  ],
  [
    1622246400000,
    59863476.13878409
  ],
  [
    1622332800000,
    26872924.859773412
  ],
  [
    1622419200000,
    13782686.761846708
  ],
  [
    1622505600000,
    12368251.700890964
  ],
  [
    1622592000000,
    19817265.819256198
  ],
  [
    1622678400000,
    11746217.519001035
  ],
  [
    1622764800000,
    12294110.873008674
  ],
  [
    1622851200000,
    10824549.239347326
  ],
  [
    1622937600000,
    9073837.481637925
  ],
  [
    1623024000000,
    11100374.051685506
  ],
  [
    1623110400000,
    9166109.95952842
  ],
  [
    1623196800000,
    11691730.050820211
  ],
  [
    1623283200000,
    15762103.754962586
  ],
  [
    1623369600000,
    17812803.665779382
  ],
  [
    1623456000000,
    9768055.842842622
  ],
  [
    1623542400000,
    9386164.429962544
  ],
  [
    1623628800000,
    9709629.28825854
  ],
  [
    1623715200000,
    10569700.342262499
  ],
  [
    1623801600000,
    8665325.983760923
  ],
  [
    1623888000000,
    7248818.793480745
  ],
  [
    1623974400000,
    7106115.316345624
  ],
  [
    1624060800000,
    8154365.230131823
  ],
  [
    1624147200000,
    7163311.416397746
  ],
  [
    1624233600000,
    7219520.752864798
  ],
  [
    1624320000000,
    8257092.86271965
  ],
  [
    1624406400000,
    8728342.58482796
  ],
  [
    1624492800000,
    5756286.971158162
  ],
  [
    1624579200000,
    8060168.839030182
  ],
  [
    1624665600000,
    6161227.2998774
  ],
  [
    1624752000000,
    6058289.629857529
  ],
  [
    1624838400000,
    5811063.093017999
  ],
  [
    1624924800000,
    3522120.4680492403
  ],
  [
    1625011200000,
    6405348.629370502
  ],
  [
    1625097600000,
    5059678.105587506
  ],
  [
    1625184000000,
    5460191.089539779
  ],
  [
    1625270400000,
    4630333.562884549
  ],
  [
    1625356800000,
    9421262.06750158
  ],
  [
    1625443200000,
    10508993.28482203
  ],
  [
    1625529600000,
    8822299.238910222
  ],
  [
    1625616000000,
    6197146.671958404
  ],
  [
    1625702400000,
    8705929.859218998
  ],
  [
    1625788800000,
    7009066.984430274
  ],
  [
    1625875200000,
    6287939.654558994
  ],
  [
    1625961600000,
    7750018.733479675
  ],
  [
    1626048000000,
    41476550.36317832
  ],
  [
    1626134400000,
    10107071.11689274
  ],
  [
    1626220800000,
    7681536.399684877
  ],
  [
    1626307200000,
    7084280.700894442
  ],
  [
    1626393600000,
    7784553.364311749
  ],
  [
    1626480000000,
    6457614.595816422
  ],
  [
    1626566400000,
    5802387.85309032
  ],
  [
    1626652800000,
    5560278.485217608
  ],
  [
    1626739200000,
    5183436.267072403
  ],
  [
    1626825600000,
    5080388.016315534
  ],
  [
    1626912000000,
    6835729.182614635
  ],
  [
    1626998400000,
    6152035.128391028
  ],
  [
    1627084800000,
    13989608.194208272
  ],
  [
    1627171200000,
    11419334.801990652
  ],
  [
    1627257600000,
    6298713.2411368545
  ],
  [
    1627344000000,
    10725403.548658649
  ],
  [
    1627430400000,
    7589163.144241104
  ],
  [
    1627516800000,
    6083552.549579051
  ],
  [
    1627603200000,
    9119850.466765014
  ],
  [
    1627689600000,
    7696368.98070615
  ],
  [
    1627776000000,
    12145321.587020254
  ],
  [
    1627862400000,
    6815576.880830031
  ],
  [
    1627948800000,
    7214028.141850442
  ],
  [
    1628035200000,
    7553584.322326673
  ],
  [
    1628121600000,
    5518012.478859889
  ],
  [
    1628208000000,
    11491261.666484252
  ],
  [
    1628294400000,
    30534374.161820456
  ],
  [
    1628380800000,
    16053235.939080965
  ],
  [
    1628467200000,
    13407860.720906997
  ],
  [
    1628553600000,
    16883511.87141028
  ],
  [
    1628640000000,
    8976429.784519657
  ],
  [
    1628726400000,
    8737575.970671123
  ],
  [
    1628812800000,
    7604942.075070081
  ],
  [
    1628899200000,
    11209283.98655276
  ],
  [
    1628985600000,
    16374321.433301827
  ],
  [
    1629072000000,
    11601097.642560601
  ],
  [
    1629158400000,
    13927585.391981097
  ],
  [
    1629244800000,
    9718335.65663362
  ],
  [
    1629331200000,
    8009088.4632755015
  ],
  [
    1629417600000,
    8698020.232043356
  ],
  [
    1629504000000,
    11367809.19282024
  ],
  [
    1629590400000,
    8716158.703709144
  ],
  [
    1629676800000,
    15765136.252884185
  ],
  [
    1629763200000,
    11494596.001898225
  ],
  [
    1629849600000,
    9565751.360462585
  ],
  [
    1629936000000,
    9379496.597498048
  ],
  [
    1630022400000,
    9248775.105803037
  ],
  [
    1630108800000,
    8149260.2566002915
  ],
  [
    1630195200000,
    8549939.509036241
  ],
  [
    1630281600000,
    7219797.084953151
  ],
  [
    1630368000000,
    6612761.533444543
  ],
  [
    1630454400000,
    7372795.562385395
  ],
  [
    1630540800000,
    6849520.509465246
  ],
  [
    1630627200000,
    10675722.514841044
  ]
]