[
  [
    1626912000000,
    15012826.605435159
  ],
  [
    1626998400000,
    15012826.605435159
  ],
  [
    1627084800000,
    5665695.887441591
  ],
  [
    1627171200000,
    6631784.5544002075
  ],
  [
    1627257600000,
    12344123.590088814
  ],
  [
    1627344000000,
    4780376.209777475
  ],
  [
    1627430400000,
    1900799.7168404888
  ],
  [
    1627516800000,
    1592834.0975139628
  ],
  [
    1627603200000,
    2211815.127352094
  ],
  [
    1627689600000,
    1139946.4037755055
  ],
  [
    1627776000000,
    953339.8211993709
  ],
  [
    1627862400000,
    785632.4775722034
  ],
  [
    1627948800000,
    737737.3550228174
  ],
  [
    1628035200000,
    536822.1374537086
  ],
  [
    1628121600000,
    453725.0414321144
  ],
  [
    1628208000000,
    634223.720570041
  ],
  [
    1628294400000,
    587507.4504444733
  ],
  [
    1628380800000,
    498593.602964403
  ],
  [
    1628467200000,
    1139321.433340242
  ],
  [
    1628553600000,
    3463147.920663573
  ],
  [
    1628640000000,
    1266854.9734072557
  ],
  [
    1628726400000,
    1174754.7046956935
  ],
  [
    1628812800000,
    768882.0342142807
  ],
  [
    1628899200000,
    485003.606238903
  ],
  [
    1628985600000,
    349569.19410920795
  ],
  [
    1629072000000,
    285709.46325989685
  ],
  [
    1629158400000,
    841028.3897935536
  ],
  [
    1629244800000,
    1009052.7931552662
  ],
  [
    1629331200000,
    872083.9256562891
  ],
  [
    1629417600000,
    445894.0672976177
  ],
  [
    1629504000000,
    899779.9577013807
  ],
  [
    1629590400000,
    596759.432876151
  ],
  [
    1629676800000,
    524262.0471616833
  ],
  [
    1629763200000,
    525325.452305617
  ],
  [
    1629849600000,
    728428.1374338517
  ],
  [
    1629936000000,
    770870.2256088505
  ],
  [
    1630022400000,
    894456.0122117678
  ],
  [
    1630108800000,
    768423.5792557363
  ],
  [
    1630195200000,
    386795.370354447
  ],
  [
    1630281600000,
    222219.71587644212
  ],
  [
    1630368000000,
    94452.29927058928
  ],
  [
    1630454400000,
    612271.2803321428
  ],
  [
    1630540800000,
    422746.0011671458
  ],
  [
    1630627200000,
    467588.1285629074
  ]
]