[
  [
    1558137600000,
    0.006092977751438168
  ],
  [
    1558224000000,
    0.006780957332088384
  ],
  [
    1558310400000,
    0.006191566188613444
  ],
  [
    1558396800000,
    0.005214667763640705
  ],
  [
    1558483200000,
    0.005044013773029186
  ],
  [
    1558569600000,
    0.006871418559256564
  ],
  [
    1558656000000,
    0.006718390424101141
  ],
  [
    1558742400000,
    0.006043036699051756
  ],
  [
    1558828800000,
    0.006412900265433691
  ],
  [
    1558915200000,
    0.006700522343451591
  ],
  [
    1559001600000,
    0.006420257103904959
  ],
  [
    1559088000000,
    0.005711754055466251
  ],
  [
    1559174400000,
    0.00577337446583794
  ],
  [
    1559260800000,
    0.005825344657595961
  ],
  [
    1559347200000,
    0.005608536301434694
  ],
  [
    1559433600000,
    0.005072107468913513
  ],
  [
    1559520000000,
    0.005383390446964501
  ],
  [
    1559606400000,
    0.005260132786163871
  ],
  [
    1559692800000,
    0.004828638134030888
  ],
  [
    1559779200000,
    0.004952691255814786
  ],
  [
    1559865600000,
    0.005107078882295667
  ],
  [
    1559952000000,
    0.005950167942963152
  ],
  [
    1560038400000,
    0.007765787793830054
  ],
  [
    1560124800000,
    0.0069005656308066925
  ],
  [
    1560211200000,
    0.008183824910680646
  ],
  [
    1560297600000,
    0.008975228427050274
  ],
  [
    1560384000000,
    0.027080078138167835
  ],
  [
    1560470400000,
    0.03259917113205028
  ],
  [
    1560556800000,
    0.02724007451246038
  ],
  [
    1560643200000,
    0.027408571640593873
  ],
  [
    1560729600000,
    0.02531913535317956
  ],
  [
    1560816000000,
    0.03947266785534889
  ],
  [
    1560902400000,
    0.04727087661090509
  ],
  [
    1560988800000,
    0.04958979445254676
  ],
  [
    1561075200000,
    0.061117511751010836
  ],
  [
    1561161600000,
    0.0751379088237107
  ],
  [
    1561248000000,
    0.07956168552658878
  ],
  [
    1561334400000,
    0.07800163593138186
  ],
  [
    1561420800000,
    0.07003862921426228
  ],
  [
    1561507200000,
    0.07297895642200541
  ],
  [
    1561593600000,
    0.06969553746031314
  ],
  [
    1561680000000,
    0.04772787740008676
  ],
  [
    1561766400000,
    0.03842374638339402
  ],
  [
    1561852800000,
    0.051184141076883426
  ],
  [
    1561939200000,
    0.04849356625096298
  ],
  [
    1562025600000,
    0.04862245314560994
  ],
  [
    1562112000000,
    0.04696182282516687
  ],
  [
    1562198400000,
    0.04682334730461044
  ],
  [
    1562284800000,
    0.04414259962089982
  ],
  [
    1562371200000,
    0.04223045444259707
  ],
  [
    1562457600000,
    0.04107321952650111
  ],
  [
    1562544000000,
    0.038563812362310955
  ],
  [
    1562630400000,
    0.03874589488248759
  ],
  [
    1562716800000,
    0.039710363862251595
  ],
  [
    1562803200000,
    0.047642746285137226
  ],
  [
    1562889600000,
    0.04788879082516839
  ],
  [
    1562976000000,
    0.04733204529020599
  ],
  [
    1563062400000,
    0.04536833784218165
  ],
  [
    1563148800000,
    0.041609116232834704
  ],
  [
    1563235200000,
    0.04224431405788794
  ],
  [
    1563321600000,
    0.035256295188274375
  ],
  [
    1563408000000,
    0.034051441508180964
  ],
  [
    1563494400000,
    0.03311973513104411
  ],
  [
    1563580800000,
    0.03189669331155215
  ],
  [
    1563667200000,
    0.029195964797334228
  ],
  [
    1563753600000,
    0.02978420007350562
  ],
  [
    1563840000000,
    0.028100337828143213
  ],
  [
    1563926400000,
    0.02733985125793858
  ],
  [
    1564012800000,
    0.027251402542026303
  ],
  [
    1564099200000,
    0.026899885091272342
  ],
  [
    1564185600000,
    0.026882377985820945
  ],
  [
    1564272000000,
    0.027500162211010554
  ],
  [
    1564358400000,
    0.027630683209615866
  ],
  [
    1564444800000,
    0.02927063827780339
  ],
  [
    1564531200000,
    0.031089973179197785
  ],
  [
    1564617600000,
    0.033783698802561025
  ],
  [
    1564704000000,
    0.031024737213264514
  ],
  [
    1564790400000,
    0.030124535679302875
  ],
  [
    1564876800000,
    0.02895314267487862
  ],
  [
    1564963200000,
    0.027396788875789137
  ],
  [
    1565049600000,
    0.02616777690023024
  ],
  [
    1565136000000,
    0.0238725159238393
  ],
  [
    1565222400000,
    0.023381156863731146
  ],
  [
    1565308800000,
    0.02092176010209899
  ],
  [
    1565395200000,
    0.016708886730005527
  ],
  [
    1565481600000,
    0.017131697960071978
  ],
  [
    1565568000000,
    0.017265195510489186
  ],
  [
    1565654400000,
    0.017989231817981427
  ],
  [
    1565740800000,
    0.020591113053773497
  ],
  [
    1565827200000,
    0.01975285439369286
  ],
  [
    1565913600000,
    0.017654008487099453
  ],
  [
    1566000000000,
    0.02454575864859846
  ],
  [
    1566086400000,
    0.03322318060898374
  ],
  [
    1566172800000,
    0.026378290801385068
  ],
  [
    1566259200000,
    0.025910486538594932
  ],
  [
    1566345600000,
    0.023248752040822294
  ],
  [
    1566432000000,
    0.019560930622491392
  ],
  [
    1566518400000,
    0.020466510141517215
  ],
  [
    1566604800000,
    0.020843864314762615
  ],
  [
    1566691200000,
    0.020552199439912957
  ],
  [
    1566777600000,
    0.020051245784235113
  ],
  [
    1566864000000,
    0.02042336804265792
  ],
  [
    1566950400000,
    0.018874159365536387
  ],
  [
    1567036800000,
    0.01821484541802372
  ],
  [
    1567123200000,
    0.017532508201073677
  ],
  [
    1567209600000,
    0.018349466243384238
  ],
  [
    1567296000000,
    0.021834743940623163
  ],
  [
    1567382400000,
    0.019748833259499998
  ],
  [
    1567468800000,
    0.023639921892021555
  ],
  [
    1567555200000,
    0.022362222133388523
  ],
  [
    1567641600000,
    0.02345940111554361
  ],
  [
    1567728000000,
    0.022925205406688784
  ],
  [
    1567814400000,
    0.02413979529971621
  ],
  [
    1567900800000,
    0.023865296879096106
  ],
  [
    1567987200000,
    0.02220631948125131
  ],
  [
    1568073600000,
    0.022999506384701482
  ],
  [
    1568160000000,
    0.022781056647319418
  ],
  [
    1568246400000,
    0.020806336893828
  ],
  [
    1568332800000,
    0.019632597680092897
  ],
  [
    1568419200000,
    0.02010549645057157
  ],
  [
    1568505600000,
    0.01896788280788318
  ],
  [
    1568592000000,
    0.01611723634859835
  ],
  [
    1568678400000,
    0.016183148881672188
  ],
  [
    1568764800000,
    0.014604752370620335
  ],
  [
    1568851200000,
    0.013464062912375174
  ],
  [
    1568937600000,
    0.010310541574256366
  ],
  [
    1569024000000,
    0.010097450512955257
  ],
  [
    1569110400000,
    0.0069910551118166925
  ],
  [
    1569196800000,
    0.011003064444282428
  ],
  [
    1569283200000,
    0.009771682434595592
  ],
  [
    1569369600000,
    0.008022911351710729
  ],
  [
    1569456000000,
    0.012435046982618443
  ],
  [
    1569542400000,
    0.010364381571133063
  ],
  [
    1569628800000,
    0.010118740490751624
  ],
  [
    1569715200000,
    0.008678466984636816
  ],
  [
    1569801600000,
    0.007563590570929483
  ],
  [
    1569888000000,
    0.00725137607512542
  ],
  [
    1569974400000,
    0.007807618164341946
  ],
  [
    1570060800000,
    0.007807618164341946
  ],
  [
    1570147200000,
    0.006697084069281722
  ],
  [
    1570233600000,
    0.00668226318763545
  ],
  [
    1570320000000,
    0.006408280690549847
  ],
  [
    1570406400000,
    0.006266295363642717
  ],
  [
    1570492800000,
    0.006438236313071407
  ],
  [
    1570579200000,
    0.006120527598131996
  ],
  [
    1570665600000,
    0.005705410287077837
  ],
  [
    1570752000000,
    0.005614327692411877
  ],
  [
    1570838400000,
    0.005138410671321518
  ],
  [
    1570924800000,
    0.004836715760980492
  ],
  [
    1571011200000,
    0.004188908962715927
  ],
  [
    1571097600000,
    0.004452382930194491
  ],
  [
    1571184000000,
    0.0043691773336849435
  ],
  [
    1571270400000,
    0.004410801971138426
  ],
  [
    1571356800000,
    0.004560796590392003
  ],
  [
    1571443200000,
    0.0038225445124075016
  ],
  [
    1571529600000,
    0.004605139979258667
  ],
  [
    1571616000000,
    0.004770257506622405
  ],
  [
    1571702400000,
    0.004517188341323518
  ],
  [
    1571788800000,
    0.003002827413515193
  ],
  [
    1571875200000,
    0.003363716074709327
  ],
  [
    1571961600000,
    0.0032721493037292295
  ],
  [
    1572048000000,
    0.0034702822814787764
  ],
  [
    1572134400000,
    0.0043992218394703075
  ],
  [
    1572220800000,
    0.004332614706893744
  ],
  [
    1572307200000,
    0.004084948762097151
  ],
  [
    1572393600000,
    0.004177184457193427
  ],
  [
    1572480000000,
    0.0038451483088922035
  ],
  [
    1572566400000,
    0.00365341571945023
  ],
  [
    1572652800000,
    0.0038702990419127764
  ],
  [
    1572739200000,
    0.003595794763339527
  ],
  [
    1572825600000,
    0.00360000118874209
  ],
  [
    1572912000000,
    0.003534555149194793
  ],
  [
    1572998400000,
    0.0035652966194047397
  ],
  [
    1573084800000,
    0.003321246737912856
  ],
  [
    1573171200000,
    0.0031099428862841364
  ],
  [
    1573257600000,
    0.002950890540720843
  ],
  [
    1573344000000,
    0.002994823407272352
  ],
  [
    1573430400000,
    0.002814685662384905
  ],
  [
    1573516800000,
    0.0029078839668976344
  ],
  [
    1573603200000,
    0.0028804130362197066
  ],
  [
    1573689600000,
    0.0026386573573883645
  ],
  [
    1573776000000,
    0.0021325331191102796
  ],
  [
    1573862400000,
    0.002122985142612573
  ],
  [
    1573948800000,
    0.0018442269987456832
  ],
  [
    1574035200000,
    0.002420720305443289
  ],
  [
    1574121600000,
    0.0035976688735936124
  ],
  [
    1574208000000,
    0.003175903032089208
  ],
  [
    1574294400000,
    0.0037590763125264722
  ],
  [
    1574380800000,
    0.0026541202261831805
  ],
  [
    1574467200000,
    0.002671643795266825
  ],
  [
    1574553600000,
    0.0023980458821326327
  ],
  [
    1574640000000,
    0.0026109492940819146
  ],
  [
    1574726400000,
    0.002215661347934202
  ],
  [
    1574812800000,
    0.0021780435937822818
  ],
  [
    1574899200000,
    0.0021057804516413916
  ],
  [
    1574985600000,
    0.002416203617015882
  ],
  [
    1575072000000,
    0.0024205765193536714
  ],
  [
    1575158400000,
    0.002277313474644413
  ],
  [
    1575244800000,
    0.0020595025295993196
  ],
  [
    1575331200000,
    0.0019656304251549454
  ],
  [
    1575417600000,
    0.001952998100294614
  ],
  [
    1575504000000,
    0.0018097070790974328
  ],
  [
    1575590400000,
    0.0016938478029941896
  ],
  [
    1575676800000,
    0.0016653106538219214
  ],
  [
    1575763200000,
    0.0017464602656018092
  ],
  [
    1575849600000,
    0.0020457888407639695
  ],
  [
    1575936000000,
    0.00214842038523459
  ],
  [
    1576022400000,
    0.0020876340855526558
  ],
  [
    1576108800000,
    0.001964828759508391
  ],
  [
    1576195200000,
    0.0019250986612187708
  ],
  [
    1576281600000,
    0.0018378794337727804
  ],
  [
    1576368000000,
    0.001828904368061966
  ],
  [
    1576454400000,
    0.0017312888487695211
  ],
  [
    1576540800000,
    0.0015099349395789254
  ],
  [
    1576627200000,
    0.001516073900912249
  ],
  [
    1576713600000,
    0.0014052904897847737
  ],
  [
    1576800000000,
    0.0014373423113570587
  ],
  [
    1576886400000,
    0.0014317270600074708
  ],
  [
    1576972800000,
    0.0014898217443294222
  ],
  [
    1577059200000,
    0.0015227382459613303
  ],
  [
    1577145600000,
    0.001528927963484631
  ],
  [
    1577232000000,
    0.001857966453626869
  ],
  [
    1577318400000,
    0.0018104092234467494
  ],
  [
    1577404800000,
    0.0015788808541126848
  ],
  [
    1577491200000,
    0.001329614369637247
  ],
  [
    1577577600000,
    0.0013673740938425585
  ],
  [
    1577664000000,
    0.001406782327303163
  ],
  [
    1577750400000,
    0.0014157205116491363
  ],
  [
    1577836800000,
    0.0015286294585120494
  ],
  [
    1577923200000,
    0.0015561464218290133
  ],
  [
    1578009600000,
    0.0015574181076633033
  ],
  [
    1578096000000,
    0.0017795382851343675
  ],
  [
    1578182400000,
    0.001841389740357367
  ],
  [
    1578268800000,
    0.0020472769758131427
  ],
  [
    1578355200000,
    0.0019364192427797505
  ],
  [
    1578441600000,
    0.001734079018378069
  ],
  [
    1578528000000,
    0.001689665032159375
  ],
  [
    1578614400000,
    0.0016589634554512323
  ],
  [
    1578700800000,
    0.0016371781690706169
  ],
  [
    1578787200000,
    0.0015259478212036215
  ],
  [
    1578873600000,
    0.0015057102836450276
  ],
  [
    1578960000000,
    0.0015082403804644597
  ],
  [
    1579046400000,
    0.001588395180335679
  ],
  [
    1579132800000,
    0.0015890441838622886
  ],
  [
    1579219200000,
    0.0016352764558022269
  ],
  [
    1579305600000,
    0.0016758756429599217
  ],
  [
    1579392000000,
    0.0015179626335968868
  ],
  [
    1579478400000,
    0.0015911761529131894
  ],
  [
    1579564800000,
    0.0017367593964010511
  ],
  [
    1579651200000,
    0.0017390358270666733
  ],
  [
    1579737600000,
    0.0017584929283472254
  ],
  [
    1579824000000,
    0.001758891176933356
  ],
  [
    1579910400000,
    0.001778423500658873
  ],
  [
    1579996800000,
    0.0017883901983239405
  ],
  [
    1580083200000,
    0.0017980045956720147
  ],
  [
    1580169600000,
    0.0018571727632047481
  ],
  [
    1580256000000,
    0.002023584486173632
  ],
  [
    1580342400000,
    0.002049692944536141
  ],
  [
    1580428800000,
    0.0020705392159174026
  ],
  [
    1580515200000,
    0.002063476025751829
  ],
  [
    1580601600000,
    0.0017559765501911617
  ],
  [
    1580688000000,
    0.001727524904165363
  ],
  [
    1580774400000,
    0.0017737821445520938
  ],
  [
    1580860800000,
    0.000460371404421607
  ],
  [
    1580947200000,
    0.00045869210690371897
  ],
  [
    1581033600000,
    0.0004648234808637771
  ],
  [
    1581120000000,
    0.0004659191408436526
  ],
  [
    1581206400000,
    0.000481786956435971
  ],
  [
    1581292800000,
    0.00047381509886815166
  ],
  [
    1581379200000,
    0.00046820596874535766
  ],
  [
    1581465600000,
    0.002051735644869838
  ],
  [
    1581552000000,
    0.0020377599010962364
  ],
  [
    1581638400000,
    0.0018041857199365535
  ],
  [
    1581724800000,
    0.001819985954589675
  ],
  [
    1581811200000,
    0.0017932946536551222
  ],
  [
    1581897600000,
    0.0017617805683853211
  ],
  [
    1581984000000,
    0.001980506110026537
  ],
  [
    1582070400000,
    0.0021863831568173127
  ],
  [
    1582156800000,
    0.002071107900603898
  ],
  [
    1582243200000,
    0.0020618166503872663
  ],
  [
    1582329600000,
    0.002005134937859483
  ],
  [
    1582416000000,
    0.0020113338437258267
  ],
  [
    1582502400000,
    0.002430753098760983
  ],
  [
    1582588800000,
    0.002474940869151708
  ],
  [
    1582675200000,
    0.0020292175727810776
  ],
  [
    1582761600000,
    0.0019328272258419496
  ],
  [
    1582848000000,
    0.0017509492608601318
  ],
  [
    1582934400000,
    0.0017395498231082493
  ],
  [
    1583020800000,
    0.0019387182573736576
  ],
  [
    1583107200000,
    0.0017313352766244255
  ],
  [
    1583193600000,
    0.0015531729110335355
  ],
  [
    1583280000000,
    0.0015387708654027337
  ],
  [
    1583366400000,
    0.0015167409229997397
  ],
  [
    1583452800000,
    0.0014769916500701682
  ],
  [
    1583539200000,
    0.0012920990606641691
  ],
  [
    1583625600000,
    0.001637022871558446
  ],
  [
    1583712000000,
    0.0018148281558272178
  ],
  [
    1583798400000,
    0.0022639000134138942
  ],
  [
    1583884800000,
    0.001511933961062429
  ],
  [
    1583971200000,
    0.0019277076336416572
  ],
  [
    1584057600000,
    0.0014731461576626811
  ],
  [
    1584144000000,
    0.0016817054880990936
  ],
  [
    1584230400000,
    0.0015467419605977187
  ],
  [
    1584316800000,
    0.001640641545368133
  ],
  [
    1584403200000,
    0.0013396234593276326
  ],
  [
    1584489600000,
    0.0013238270532164185
  ],
  [
    1584576000000,
    0.0012796036803465031
  ],
  [
    1584662400000,
    0.0014714027794086105
  ],
  [
    1584748800000,
    0.0011579246651542239
  ],
  [
    1584835200000,
    0.001184090788764527
  ],
  [
    1584921600000,
    0.0012892346329619335
  ],
  [
    1585008000000,
    0.0012956222903437692
  ],
  [
    1585094400000,
    0.0012959461319583137
  ],
  [
    1585180800000,
    0.0013104967715336228
  ],
  [
    1585267200000,
    0.0013399284622279733
  ],
  [
    1585353600000,
    0.0013452245000434542
  ],
  [
    1585440000000,
    0.0013251607303140225
  ],
  [
    1585526400000,
    0.0012893747518409734
  ],
  [
    1585612800000,
    0.0013114186726421494
  ],
  [
    1585699200000,
    0.0012859409806349194
  ],
  [
    1585785600000,
    0.001283036684732007
  ],
  [
    1585872000000,
    0.0012596744582728044
  ],
  [
    1585958400000,
    0.0012230688539891293
  ],
  [
    1586044800000,
    0.0011898049539540779
  ],
  [
    1586131200000,
    0.0011794615519214165
  ],
  [
    1586217600000,
    0.001226697382434105
  ],
  [
    1586304000000,
    0.001228809461414524
  ],
  [
    1586390400000,
    0.0012552901805826674
  ],
  [
    1586476800000,
    0.001190725604605064
  ],
  [
    1586563200000,
    0.0011770552662933888
  ],
  [
    1586649600000,
    0.0013220002129681059
  ],
  [
    1586736000000,
    0.001199429997419234
  ],
  [
    1586822400000,
    0.001189853010870607
  ],
  [
    1586908800000,
    0.0009405287742198552
  ],
  [
    1586995200000,
    0.0008904010351026294
  ],
  [
    1587081600000,
    0.0007376445123538769
  ],
  [
    1587168000000,
    0.0007181422540929443
  ],
  [
    1587254400000,
    0.0005892137330366267
  ],
  [
    1587340800000,
    0.0006259015484299271
  ],
  [
    1587427200000,
    0.0005995828529431035
  ],
  [
    1587513600000,
    0.0005978967541014153
  ],
  [
    1587600000000,
    0.0006001092838301289
  ],
  [
    1587686400000,
    0.0005820919189088601
  ],
  [
    1587772800000,
    0.0006000851741451229
  ],
  [
    1587859200000,
    0.0006105230098292623
  ],
  [
    1587945600000,
    0.0006501164817220708
  ],
  [
    1588032000000,
    0.0006905025764663911
  ],
  [
    1588118400000,
    0.0007405381146069205
  ],
  [
    1588204800000,
    0.0007288266494306623
  ],
  [
    1588291200000,
    0.0007463134257719063
  ],
  [
    1588377600000,
    0.00114588074603407
  ],
  [
    1588464000000,
    0.0015298599805550859
  ],
  [
    1588550400000,
    0.0032604497214506357
  ],
  [
    1588636800000,
    0.002656841967680141
  ],
  [
    1588723200000,
    0.0026427505032164114
  ],
  [
    1588809600000,
    0.002202350160026372
  ],
  [
    1588896000000,
    0.0017763394069306114
  ],
  [
    1588982400000,
    0.001987076436466659
  ],
  [
    1589068800000,
    0.002149728730621019
  ],
  [
    1589155200000,
    0.0018408428440225973
  ],
  [
    1589241600000,
    0.0018810844286890089
  ],
  [
    1589328000000,
    0.0019746128897200816
  ],
  [
    1589414400000,
    0.0015026374323910123
  ],
  [
    1589500800000,
    0.001964127869525593
  ],
  [
    1589587200000,
    0.0020341126113909685
  ],
  [
    1589673600000,
    0.0019845484250456723
  ],
  [
    1589760000000,
    0.001986598300757865
  ],
  [
    1589846400000,
    0.0019250393959083735
  ],
  [
    1589932800000,
    0.00196774709471283
  ],
  [
    1590019200000,
    0.001974214541380563
  ],
  [
    1590105600000,
    0.0019216329429439002
  ],
  [
    1590192000000,
    0.0019024732251996903
  ],
  [
    1590278400000,
    0.0019365948907487988
  ],
  [
    1590364800000,
    0.001706114917271381
  ],
  [
    1590451200000,
    0.0016088546249261389
  ],
  [
    1590537600000,
    0.0016110754884441129
  ],
  [
    1590624000000,
    0.0015933247649143787
  ],
  [
    1590710400000,
    0.0016425735360868353
  ],
  [
    1590796800000,
    0.0016362168750344835
  ],
  [
    1590883200000,
    0.0016466296086282567
  ],
  [
    1590969600000,
    0.0017942683386755584
  ],
  [
    1591056000000,
    0.0016690631326724994
  ],
  [
    1591142400000,
    0.0015797847452148229
  ],
  [
    1591228800000,
    0.001488356296839302
  ],
  [
    1591315200000,
    0.001488811417252775
  ],
  [
    1591401600000,
    0.0014684113317919574
  ],
  [
    1591488000000,
    0.0013094138846237592
  ],
  [
    1591574400000,
    0.0013301162035973806
  ],
  [
    1591660800000,
    0.0013481219407291722
  ],
  [
    1591747200000,
    0.0011308871968371572
  ],
  [
    1591833600000,
    0.0011295625387483486
  ],
  [
    1591920000000,
    0.0010335054394455293
  ],
  [
    1592006400000,
    0.0010404277119015805
  ],
  [
    1592092800000,
    0.001071480025235676
  ],
  [
    1592179200000,
    0.0011281817001219435
  ],
  [
    1592265600000,
    0.001148948122023424
  ],
  [
    1592352000000,
    0.0011502957133485011
  ],
  [
    1592438400000,
    0.0009315678278139079
  ],
  [
    1592524800000,
    0.0009401195363478444
  ],
  [
    1592611200000,
    0.0009217996050438369
  ],
  [
    1592697600000,
    0.0009699802962358916
  ],
  [
    1592784000000,
    0.001010247805223347
  ],
  [
    1592870400000,
    0.0015630242592251378
  ],
  [
    1592956800000,
    0.0016292337860278278
  ],
  [
    1593043200000,
    0.0016611688521544524
  ],
  [
    1593129600000,
    0.0016209902389478848
  ],
  [
    1593216000000,
    0.0016802117069884364
  ],
  [
    1593302400000,
    0.001638575593689627
  ],
  [
    1593388800000,
    0.0016953133078143102
  ],
  [
    1593475200000,
    0.0017593801573107483
  ],
  [
    1593561600000,
    0.0016505475380211192
  ],
  [
    1593648000000,
    0.0009501892235233224
  ],
  [
    1593734400000,
    0.0007001816939322626
  ],
  [
    1593820800000,
    0.0006799895280379297
  ],
  [
    1593907200000,
    0.0007906258711429992
  ],
  [
    1593993600000,
    0.0007701194074016624
  ],
  [
    1594080000000,
    0.0008092063241439578
  ],
  [
    1594166400000,
    0.0008300613550608566
  ],
  [
    1594252800000,
    0.0007200965946203388
  ],
  [
    1594339200000,
    0.0006297024743120235
  ],
  [
    1594425600000,
    0.0006797560843459078
  ],
  [
    1594512000000,
    0.0006201913473708348
  ],
  [
    1594598400000,
    0.0006408805433812859
  ],
  [
    1594684800000,
    0.0006195424890844088
  ],
  [
    1594771200000,
    0.00041931970415005074
  ],
  [
    1594857600000,
    0.00040986909759909795
  ],
  [
    1594944000000,
    0.0004896721114061827
  ],
  [
    1595030400000,
    0.0004897187624617706
  ],
  [
    1595116800000,
    0.000479749604090001
  ],
  [
    1595203200000,
    0.0003886462849607872
  ],
  [
    1595289600000,
    0.00033995006128845955
  ],
  [
    1595376000000,
    0.00032012971066672837
  ],
  [
    1595462400000,
    0.00038007275060990297
  ],
  [
    1595548800000,
    0.00044066737307278875
  ],
  [
    1595635200000,
    0.0005002065249086467
  ],
  [
    1595721600000,
    0.0004934635283097218
  ],
  [
    1595808000000,
    0.0004922530808086047
  ],
  [
    1595894400000,
    0.00010140421740386116
  ],
  [
    1595980800000,
    0.00010250306014469401
  ],
  [
    1596067200000,
    0.00010292673524726685
  ],
  [
    1596153600000,
    0.00015651116265652233
  ],
  [
    1596240000000,
    0.00015516482467082423
  ],
  [
    1596499200000,
    0.00010134654047564976
  ],
  [
    1596585600000,
    0.00010134654047564976
  ],
  [
    1596844800000,
    0.00010251596092817151
  ],
  [
    1596931200000,
    0.00010251596092817151
  ],
  [
    1600214400000,
    0.0003810514739767869
  ],
  [
    1600300800000,
    0.0003810514739767869
  ],
  [
    1602720000000,
    0.00036791595210138224
  ],
  [
    1602806400000,
    0.00036791595210138224
  ],
  [
    1602892800000,
    0.0003473057137613082
  ],
  [
    1602979200000,
    0.00033808028631834955
  ],
  [
    1603065600000,
    0.0003451982623113656
  ],
  [
    1603152000000,
    0.00035026764022010656
  ],
  [
    1603238400000,
    0.0003012241186671488
  ],
  [
    1603324800000,
    0.00031224278750311313
  ],
  [
    1603411200000,
    0.00032570700752632717
  ],
  [
    1603497600000,
    0.0003620449505682629
  ],
  [
    1603584000000,
    0.00038685826894515056
  ],
  [
    1603670400000,
    0.00038388055361815985
  ],
  [
    1603756800000,
    0.00034400309938168626
  ],
  [
    1603843200000,
    0.0003421825242201576
  ],
  [
    1603929600000,
    0.000385634448596259
  ],
  [
    1604016000000,
    0.00039308808253263463
  ],
  [
    1604102400000,
    0.0003615784288245622
  ],
  [
    1604188800000,
    0.000313624112087968
  ],
  [
    1604275200000,
    0.0003423609718899076
  ],
  [
    1604361600000,
    0.0003278915707359829
  ],
  [
    1604448000000,
    0.0003189550719800962
  ],
  [
    1604534400000,
    0.0003159965717781062
  ],
  [
    1604620800000,
    0.0003084478483605839
  ],
  [
    1604707200000,
    0.00029202417919703335
  ],
  [
    1604793600000,
    0.00029336967658996735
  ],
  [
    1604880000000,
    0.0002919292849110865
  ],
  [
    1604966400000,
    0.00028791748458216845
  ],
  [
    1605052800000,
    0.0002658616270256712
  ],
  [
    1605139200000,
    0.00010193106517972583
  ],
  [
    1605225600000,
    0.00011170345541124102
  ],
  [
    1605312000000,
    0.0002928846946422394
  ],
  [
    1605398400000,
    0.000295022982968283
  ],
  [
    1605484800000,
    0.0002771679679589916
  ],
  [
    1605571200000,
    0.0002491516844087201
  ],
  [
    1605657600000,
    0.0002848625257180179
  ],
  [
    1605744000000,
    0.0005915111724822342
  ],
  [
    1605830400000,
    0.0005756463990691888
  ],
  [
    1605916800000,
    0.0004739317436135927
  ],
  [
    1606003200000,
    0.00024544638770185404
  ],
  [
    1606089600000,
    0.000516517567801707
  ],
  [
    1606176000000,
    0.0005721687760307242
  ],
  [
    1606262400000,
    0.0005224424236992912
  ],
  [
    1606348800000,
    0.0005767698461512475
  ],
  [
    1606435200000,
    0.0005318107962814933
  ],
  [
    1606521600000,
    0.0004925055989272304
  ],
  [
    1606608000000,
    0.00031496084427856436
  ],
  [
    1606694400000,
    0.0003049803792503211
  ],
  [
    1606780800000,
    0.00030014733834724986
  ],
  [
    1606867200000,
    0.00024301453702017095
  ],
  [
    1606953600000,
    0.00024372811785614083
  ],
  [
    1607040000000,
    0.0002442552919805842
  ],
  [
    1607126400000,
    0.0002512423795103402
  ],
  [
    1607212800000,
    0.0002512423795103402
  ],
  [
    1607299200000,
    0.00024261446641914876
  ],
  [
    1607385600000,
    0.000242922996151204
  ],
  [
    1607472000000,
    0.00025322691356298427
  ],
  [
    1607558400000,
    0.00025322691356298427
  ],
  [
    1607644800000,
    0.00034699879987603726
  ],
  [
    1607731200000,
    0.00025371920341827513
  ],
  [
    1607817600000,
    0.00035232363703488294
  ],
  [
    1607904000000,
    0.00034564794303616915
  ],
  [
    1607990400000,
    0.0003169943846357738
  ],
  [
    1608076800000,
    0.0003331018447115777
  ],
  [
    1608163200000,
    0.00033304801429492236
  ],
  [
    1608249600000,
    0.0004478695637422889
  ],
  [
    1608336000000,
    0.0002526311312109429
  ],
  [
    1608422400000,
    0.0005131621798188601
  ],
  [
    1608508800000,
    0.0004589270599576609
  ],
  [
    1608595200000,
    0.0004958432654541496
  ],
  [
    1608681600000,
    0.00026919614894554777
  ],
  [
    1608768000000,
    0.0003049465755833239
  ],
  [
    1608854400000,
    0.0003026381301972861
  ],
  [
    1608940800000,
    0.0004957399093817289
  ],
  [
    1609027200000,
    0.00023304624695305422
  ],
  [
    1609113600000,
    0.00023317505285501273
  ],
  [
    1609200000000,
    0.0005103407848537465
  ],
  [
    1609286400000,
    0.00046490120363777026
  ],
  [
    1609372800000,
    0.00042995953144294927
  ],
  [
    1609459200000,
    0.00037559033986721534
  ],
  [
    1609545600000,
    0.0002993444948462452
  ],
  [
    1609632000000,
    0.0003040764952693624
  ],
  [
    1609718400000,
    0.00030667549396583684
  ],
  [
    1609804800000,
    0.00030151867203370085
  ],
  [
    1609891200000,
    0.00034886172197686144
  ],
  [
    1609977600000,
    0.00033967035415303956
  ],
  [
    1610064000000,
    0.00034181262344875176
  ],
  [
    1610150400000,
    0.000332839618588256
  ],
  [
    1610236800000,
    0.0003472728479923915
  ],
  [
    1610323200000,
    0.00035004783312840896
  ],
  [
    1610409600000,
    0.0003415931605806108
  ],
  [
    1610496000000,
    0.0003125342116953355
  ],
  [
    1610582400000,
    0.00031711788813416154
  ],
  [
    1610668800000,
    0.0003258453374168702
  ],
  [
    1610755200000,
    0.00036134863887038406
  ],
  [
    1610841600000,
    0.00038613096092441447
  ],
  [
    1610928000000,
    0.0003699399808277624
  ],
  [
    1611014400000,
    0.0003661005076135109
  ],
  [
    1611100800000,
    0.0003477082517056011
  ],
  [
    1611187200000,
    0.00035293156097775195
  ],
  [
    1611273600000,
    0.00034433046840548346
  ],
  [
    1611360000000,
    0.0003447378136966616
  ],
  [
    1611446400000,
    0.0003255142689250715
  ],
  [
    1611532800000,
    0.00030062352570574063
  ],
  [
    1611619200000,
    0.00030655498070992755
  ],
  [
    1611705600000,
    0.00030625427439875366
  ],
  [
    1611792000000,
    0.00029375603540977624
  ],
  [
    1611878400000,
    0.00024752838638352756
  ],
  [
    1611964800000,
    0.00024154608158462359
  ],
  [
    1612051200000,
    0.00022110881143524712
  ],
  [
    1612137600000,
    0.00021928786808555716
  ],
  [
    1612224000000,
    0.00023579164959905047
  ],
  [
    1612310400000,
    0.00024277450225604848
  ],
  [
    1612396800000,
    0.0002461067381966533
  ],
  [
    1612483200000,
    0.00024317975607823867
  ],
  [
    1612569600000,
    0.0002469789039215164
  ],
  [
    1612656000000,
    0.0002470573612314502
  ],
  [
    1612742400000,
    0.00024455762934889365
  ],
  [
    1612828800000,
    0.0002317625344866882
  ],
  [
    1612915200000,
    0.0002192072693557496
  ],
  [
    1613001600000,
    0.00022903750962389595
  ],
  [
    1613088000000,
    0.0005616230804078857
  ],
  [
    1613174400000,
    0.0005412685368064885
  ],
  [
    1613260800000,
    0.000618270512545509
  ],
  [
    1613347200000,
    0.0006058467597618581
  ],
  [
    1613433600000,
    0.00064639232392637
  ],
  [
    1613520000000,
    0.0005715221921863461
  ],
  [
    1613606400000,
    0.0006368758549768878
  ],
  [
    1613692800000,
    0.0006636621326888955
  ],
  [
    1613779200000,
    0.0006799553758822551
  ],
  [
    1613865600000,
    0.0006957565374383222
  ],
  [
    1613952000000,
    0.0007437301458340401
  ],
  [
    1614038400000,
    0.0002298686399415427
  ],
  [
    1614124800000,
    0.00025166191017941136
  ],
  [
    1614211200000,
    0.00027021845881586374
  ],
  [
    1614297600000,
    0.0001648461335031078
  ],
  [
    1614384000000,
    0.00026291864329122205
  ],
  [
    1614470400000,
    0.00017626574834896713
  ],
  [
    1614556800000,
    0.00018339079398082506
  ],
  [
    1614643200000,
    0.00019235771346780772
  ],
  [
    1614729600000,
    0.00027906946475040245
  ],
  [
    1614816000000,
    0.0007615178992719696
  ],
  [
    1614902400000,
    0.0008050299765086878
  ],
  [
    1614988800000,
    0.000843308570092109
  ],
  [
    1615075200000,
    0.0007343760026997366
  ],
  [
    1615161600000,
    0.0008405896384181075
  ],
  [
    1615248000000,
    0.0006777742228275808
  ],
  [
    1615334400000,
    0.0005501005178618659
  ],
  [
    1615420800000,
    0.00040007883931719636
  ],
  [
    1615507200000,
    0.0003891938040402119
  ],
  [
    1615593600000,
    0.0004327746401778521
  ],
  [
    1615680000000,
    0.0004502373116280205
  ],
  [
    1615766400000,
    0.0004418987990034334
  ],
  [
    1615852800000,
    0.0006710900432317337
  ],
  [
    1615939200000,
    0.0008202496592725381
  ],
  [
    1616025600000,
    0.0007590947610198348
  ],
  [
    1616112000000,
    0.000708536984610152
  ],
  [
    1616198400000,
    0.0007293871086315432
  ],
  [
    1616284800000,
    0.000714647820358705
  ],
  [
    1616371200000,
    0.0007579334414925501
  ],
  [
    1616457600000,
    0.0007227636973966134
  ],
  [
    1616544000000,
    0.0007163200637002381
  ],
  [
    1616630400000,
    0.0007177305212768067
  ],
  [
    1616716800000,
    0.0007177305212768067
  ],
  [
    1616803200000,
    0.0007150053225425469
  ],
  [
    1616889600000,
    0.0007233223878017059
  ],
  [
    1616976000000,
    0.0007168781297282767
  ],
  [
    1617062400000,
    0.0007355563483750546
  ],
  [
    1617148800000,
    0.0008483965689268575
  ],
  [
    1617235200000,
    0.0008456960115677409
  ],
  [
    1617321600000,
    0.0007277373062547816
  ],
  [
    1617408000000,
    0.0007563547231997599
  ],
  [
    1617494400000,
    0.000726826572794549
  ],
  [
    1617580800000,
    0.000729510929371277
  ],
  [
    1617667200000,
    0.0007299648520210359
  ],
  [
    1617753600000,
    0.0007310429504837752
  ],
  [
    1617840000000,
    0.0006103722275323912
  ],
  [
    1617926400000,
    0.0008641617035241522
  ],
  [
    1618012800000,
    0.0005169776794516638
  ],
  [
    1618099200000,
    0.0003117478005687787
  ],
  [
    1618185600000,
    0.0005921584879157801
  ],
  [
    1618272000000,
    0.00042203766583704614
  ],
  [
    1618358400000,
    0.00040743020724971155
  ],
  [
    1618444800000,
    0.0004099669307367324
  ],
  [
    1618531200000,
    0.00044067242663659424
  ],
  [
    1618617600000,
    0.0004510713499956025
  ],
  [
    1618704000000,
    0.0004407980328718576
  ],
  [
    1618790400000,
    0.0004481462589660949
  ],
  [
    1618876800000,
    0.00043845185898926917
  ],
  [
    1618963200000,
    0.000744029278391639
  ],
  [
    1619049600000,
    0.0007823035605156553
  ],
  [
    1619136000000,
    0.0007488722982441304
  ],
  [
    1619222400000,
    0.0007808059572308588
  ],
  [
    1619308800000,
    0.0007734063479295851
  ],
  [
    1619395200000,
    0.0007897981787236695
  ],
  [
    1619481600000,
    0.0008086287992020892
  ],
  [
    1619568000000,
    0.0008193554325002084
  ],
  [
    1619654400000,
    0.0008741484847494736
  ],
  [
    1619740800000,
    0.0008809372107781672
  ],
  [
    1619827200000,
    0.00079133481717827
  ],
  [
    1619913600000,
    0.0007242010261532851
  ],
  [
    1620000000000,
    0.0007094871670207919
  ],
  [
    1620086400000,
    0.0006033086595551082
  ],
  [
    1620172800000,
    0.0005854615746483489
  ],
  [
    1620259200000,
    0.0005087347847136346
  ],
  [
    1620345600000,
    0.0004979565913209431
  ],
  [
    1620432000000,
    0.000478578515219873
  ],
  [
    1620518400000,
    0.00047334338964266496
  ],
  [
    1620604800000,
    0.0004389249745310873
  ],
  [
    1620691200000,
    0.00046450129033994943
  ],
  [
    1620777600000,
    0.0004673136936026283
  ],
  [
    1620864000000,
    0.0005017838621889798
  ],
  [
    1620950400000,
    0.0008610277072883861
  ],
  [
    1621036800000,
    0.0008508150124911313
  ],
  [
    1621123200000,
    0.0008828581162556612
  ],
  [
    1621209600000,
    0.0008077813890844676
  ],
  [
    1621296000000,
    0.0007825102103670845
  ],
  [
    1621382400000,
    0.0009419267658300893
  ],
  [
    1621468800000,
    0.0009188592338842777
  ],
  [
    1621555200000,
    0.0007310227944618525
  ],
  [
    1621641600000,
    0.0007003067938135918
  ],
  [
    1621728000000,
    0.0007468341376302528
  ],
  [
    1621814400000,
    0.0007016715602949294
  ],
  [
    1621900800000,
    0.000719546358225995
  ],
  [
    1621987200000,
    0.0007072395949973804
  ],
  [
    1622073600000,
    0.0007112005535190289
  ],
  [
    1622160000000,
    0.0007124713258090063
  ],
  [
    1622246400000,
    0.0006944435297811799
  ],
  [
    1622332800000,
    0.0006759470777727736
  ],
  [
    1622419200000,
    0.0006695345200494889
  ],
  [
    1622505600000,
    0.0006123952172159406
  ],
  [
    1622592000000,
    0.0005868389435829336
  ],
  [
    1622678400000,
    0.0005678052576042719
  ],
  [
    1622764800000,
    0.0005014401995151109
  ],
  [
    1622851200000,
    0.0004611143243974407
  ],
  [
    1622937600000,
    0.0004816379885208049
  ],
  [
    1623024000000,
    0.00047595301647256825
  ],
  [
    1623110400000,
    0.0004522747867942705
  ],
  [
    1623196800000,
    0.0004619762127113219
  ],
  [
    1623283200000,
    0.00045723884408550196
  ],
  [
    1623369600000,
    0.00046413284216892907
  ],
  [
    1623456000000,
    0.0004660804843676936
  ],
  [
    1623542400000,
    0.00048245542616138967
  ],
  [
    1623628800000,
    0.0004597828938785923
  ],
  [
    1623715200000,
    0.00047404712074121597
  ],
  [
    1623801600000,
    0.00045655937463464236
  ],
  [
    1623888000000,
    0.00045790228605437284
  ],
  [
    1623974400000,
    0.00048616357364207396
  ],
  [
    1624060800000,
    0.00047878253105542297
  ],
  [
    1624147200000,
    0.0004648461331582744
  ],
  [
    1624233600000,
    0.0004820011809144993
  ],
  [
    1624320000000,
    0.00047363579461056244
  ],
  [
    1624406400000,
    0.00047574215857520746
  ],
  [
    1624492800000,
    0.0004585914733931182
  ],
  [
    1624579200000,
    0.0004894861425016088
  ],
  [
    1624665600000,
    0.00048373485898883556
  ],
  [
    1624752000000,
    0.0004553073979905836
  ],
  [
    1624838400000,
    0.0004577350669450472
  ],
  [
    1624924800000,
    0.00046572208605744677
  ],
  [
    1625011200000,
    0.0004626715461620259
  ],
  [
    1625097600000,
    0.000414655243274084
  ],
  [
    1625184000000,
    0.0004114736268678088
  ],
  [
    1625270400000,
    0.0003779627884905391
  ],
  [
    1625356800000,
    0.0003220597106837
  ],
  [
    1625443200000,
    0.00029584799016277053
  ],
  [
    1625529600000,
    0.000465431368983244
  ],
  [
    1625616000000,
    0.0004278627701457187
  ],
  [
    1625702400000,
    0.0004183084439026811
  ],
  [
    1625788800000,
    0.00040787556479091644
  ],
  [
    1625875200000,
    0.00045908703289961934
  ],
  [
    1625961600000,
    0.000420926497357364
  ],
  [
    1626048000000,
    0.00041566375372405553
  ],
  [
    1626134400000,
    0.00040733623682596374
  ],
  [
    1626220800000,
    0.0004067773602359234
  ],
  [
    1626307200000,
    0.0003843624713050284
  ],
  [
    1626393600000,
    0.0003689071099309859
  ],
  [
    1626480000000,
    0.000381206891104905
  ],
  [
    1626566400000,
    0.00038210668200382364
  ],
  [
    1626652800000,
    0.0003810401301659406
  ],
  [
    1626739200000,
    0.0003818690248911361
  ],
  [
    1626825600000,
    0.00038290675927607194
  ],
  [
    1626912000000,
    0.00037984188569203876
  ],
  [
    1626998400000,
    0.0003255720178961814
  ],
  [
    1627084800000,
    0.0003346170807024642
  ],
  [
    1627171200000,
    0.000329783388985887
  ],
  [
    1627257600000,
    0.0003260216987219992
  ],
  [
    1627344000000,
    0.0003076948153377236
  ],
  [
    1627430400000,
    0.00030290429043871913
  ],
  [
    1627516800000,
    0.0002839647099020968
  ],
  [
    1627603200000,
    0.00028113879737457084
  ],
  [
    1627689600000,
    0.0002872474438672571
  ],
  [
    1627776000000,
    0.000271441660805819
  ],
  [
    1627862400000,
    0.00025808354272121214
  ],
  [
    1627948800000,
    0.0002539201371843394
  ],
  [
    1628035200000,
    0.00026738167531594907
  ],
  [
    1628121600000,
    0.00027030913407468277
  ],
  [
    1628208000000,
    0.00026676244154092744
  ],
  [
    1628294400000,
    0.00027000287590588285
  ],
  [
    1628380800000,
    0.0001051635034980713
  ],
  [
    1628467200000,
    0.0001324767833573393
  ],
  [
    1628553600000,
    0.0001329423842656157
  ],
  [
    1628640000000,
    0.00013195040141791972
  ],
  [
    1628726400000,
    0.00014195719239168
  ],
  [
    1628812800000,
    0.00015104238837638622
  ],
  [
    1628899200000,
    0.0001409307794144349
  ],
  [
    1628985600000,
    0.0001350842162891881
  ],
  [
    1629072000000,
    0.00012909510551134822
  ],
  [
    1629158400000,
    0.00012494615098446892
  ],
  [
    1629244800000,
    0.00011869631407568441
  ]
]