[
  [
    1522195200000,
    0.004074838175285359
  ],
  [
    1522281600000,
    0.003489542998008122
  ],
  [
    1522368000000,
    0.0027082201731755966
  ],
  [
    1522454400000,
    0.0022760986306969186
  ],
  [
    1522540800000,
    0.0018833243347856053
  ],
  [
    1522627200000,
    0.0019142402516430985
  ],
  [
    1522713600000,
    0.001982516825047637
  ],
  [
    1522800000000,
    0.0020900197063386705
  ],
  [
    1522886400000,
    0.0017797821543498308
  ],
  [
    1522972800000,
    0.001712293656775305
  ],
  [
    1523059200000,
    0.001657188613964065
  ],
  [
    1523145600000,
    0.0017211193087649874
  ],
  [
    1523232000000,
    0.0014678456828541512
  ],
  [
    1523318400000,
    0.0015588668905220258
  ],
  [
    1523404800000,
    0.0015007288868887677
  ],
  [
    1523491200000,
    0.0015235224390048585
  ],
  [
    1523577600000,
    0.0016456169356081182
  ],
  [
    1523664000000,
    0.001726231127793093
  ],
  [
    1523750400000,
    0.0018954553254073392
  ],
  [
    1523836800000,
    0.0018167742379496313
  ],
  [
    1523923200000,
    0.0021683431168043033
  ],
  [
    1524009600000,
    0.002361989805614379
  ],
  [
    1524096000000,
    0.002753333666954422
  ],
  [
    1524182400000,
    0.0021521128081506014
  ],
  [
    1524268800000,
    0.002209104211389543
  ],
  [
    1524355200000,
    0.0027517936271918525
  ],
  [
    1524441600000,
    0.0022799431198631047
  ],
  [
    1524528000000,
    0.0028420270807049566
  ],
  [
    1524614400000,
    0.002818415931510124
  ],
  [
    1524700800000,
    0.002470020850758535
  ],
  [
    1524787200000,
    0.0020349760883079477
  ],
  [
    1524873600000,
    0.0023642373027885502
  ],
  [
    1524960000000,
    0.002634663623215514
  ],
  [
    1525046400000,
    0.002332823489742016
  ],
  [
    1525132800000,
    0.0019244171441310453
  ],
  [
    1525219200000,
    0.002256625367831456
  ],
  [
    1525305600000,
    0.0019155001195171027
  ],
  [
    1525392000000,
    0.0023853779696675847
  ],
  [
    1525478400000,
    0.00166870987961841
  ],
  [
    1525564800000,
    0.001660261562529407
  ],
  [
    1525651200000,
    0.0016293325127230412
  ],
  [
    1525737600000,
    0.0016737992382500077
  ],
  [
    1525824000000,
    0.0025596513318224805
  ],
  [
    1525910400000,
    0.002682198514719502
  ],
  [
    1525996800000,
    0.002152785690178219
  ],
  [
    1526083200000,
    0.0026894966176213794
  ],
  [
    1526169600000,
    0.002713785720360189
  ],
  [
    1526256000000,
    0.0031177754482834574
  ],
  [
    1526342400000,
    0.002783055648980051
  ],
  [
    1526428800000,
    0.002541066520211166
  ],
  [
    1526515200000,
    0.0025040669463705085
  ],
  [
    1526601600000,
    0.002336258172247995
  ],
  [
    1526688000000,
    0.0020487731870127653
  ],
  [
    1526774400000,
    0.0020449110771928727
  ],
  [
    1526860800000,
    0.0021952480158868378
  ],
  [
    1526947200000,
    0.0024229311516571323
  ],
  [
    1527033600000,
    0.001602131647985122
  ],
  [
    1527120000000,
    0.0013601825452424483
  ],
  [
    1527206400000,
    0.00189086704022163
  ],
  [
    1527292800000,
    0.0014196820335374853
  ],
  [
    1527379200000,
    0.0010260420961170995
  ],
  [
    1527465600000,
    0.0013920600750667944
  ],
  [
    1527552000000,
    0.0013511030956872925
  ],
  [
    1527638400000,
    0.00149031017715722
  ],
  [
    1527724800000,
    0.0015500653557589284
  ],
  [
    1527811200000,
    0.0017905372079888905
  ],
  [
    1527897600000,
    0.001497552654327851
  ],
  [
    1527984000000,
    0.0018273072958625686
  ],
  [
    1528070400000,
    0.0016813145764947642
  ],
  [
    1528156800000,
    0.00149277578397361
  ],
  [
    1528243200000,
    0.0016651758294237507
  ],
  [
    1528329600000,
    0.001644372127122218
  ],
  [
    1528416000000,
    0.0017728865863725226
  ],
  [
    1528502400000,
    0.0021615843560921742
  ],
  [
    1528588800000,
    0.001483884192824922
  ],
  [
    1528675200000,
    0.001353028577872494
  ],
  [
    1528761600000,
    0.001444780769607884
  ],
  [
    1528848000000,
    0.001514009270648508
  ],
  [
    1528934400000,
    0.0018355341123382927
  ],
  [
    1529020800000,
    0.0019274551107994484
  ],
  [
    1529107200000,
    0.0014115605266709268
  ],
  [
    1529193600000,
    0.001360548379655764
  ],
  [
    1529280000000,
    0.0011553448899951696
  ],
  [
    1529366400000,
    0.0014020638735208004
  ],
  [
    1529452800000,
    0.0012726927223911239
  ],
  [
    1529539200000,
    0.0011424914893290784
  ],
  [
    1529625600000,
    0.0016058973038811431
  ],
  [
    1529712000000,
    0.0017037624610885393
  ],
  [
    1529798400000,
    0.001295585547824743
  ],
  [
    1529884800000,
    0.0012935385106967695
  ],
  [
    1529971200000,
    0.0016228806650434196
  ],
  [
    1530057600000,
    0.0012746732472949187
  ],
  [
    1530144000000,
    0.0012845871045290556
  ],
  [
    1530230400000,
    0.0012321314725857347
  ],
  [
    1530316800000,
    0.0010507529110033752
  ],
  [
    1530403200000,
    0.0014006299283039448
  ],
  [
    1530489600000,
    0.0014535421458562203
  ],
  [
    1530576000000,
    0.0013852257367156845
  ],
  [
    1530662400000,
    0.00136449340509128
  ],
  [
    1530748800000,
    0.001331903834772029
  ],
  [
    1530835200000,
    0.001372925583040603
  ],
  [
    1530921600000,
    0.001254630305316209
  ],
  [
    1531008000000,
    0.0012169399789539897
  ],
  [
    1531094400000,
    0.0012061213915612536
  ],
  [
    1531180800000,
    0.0011311916239479156
  ],
  [
    1531267200000,
    0.001259844839619948
  ],
  [
    1531353600000,
    0.0010194355831994529
  ],
  [
    1531440000000,
    0.001243672141443082
  ],
  [
    1531526400000,
    0.0011209513266390708
  ],
  [
    1531612800000,
    0.0013126489232229575
  ],
  [
    1531699200000,
    0.0011417180558469552
  ],
  [
    1531785600000,
    0.001149827469776094
  ],
  [
    1531872000000,
    0.0013889883786956715
  ],
  [
    1531958400000,
    0.001408366718609555
  ],
  [
    1532044800000,
    0.0013414514981999347
  ],
  [
    1532131200000,
    0.0009523759097371844
  ],
  [
    1532217600000,
    0.000738689283524333
  ],
  [
    1532304000000,
    0.0007387719317555209
  ],
  [
    1532390400000,
    0.0007733786391259505
  ],
  [
    1532476800000,
    0.0007581293943136155
  ],
  [
    1532563200000,
    0.0008968020913053972
  ],
  [
    1532649600000,
    0.000951154006794162
  ],
  [
    1532736000000,
    0.0006512909771674032
  ],
  [
    1532822400000,
    0.000651243763063512
  ],
  [
    1532908800000,
    0.0007398681790179798
  ],
  [
    1532995200000,
    0.000817979892504142
  ],
  [
    1533081600000,
    0.000774824283274762
  ],
  [
    1533168000000,
    0.0008364860218037379
  ],
  [
    1533254400000,
    0.0008295861598474538
  ],
  [
    1533340800000,
    0.0008162615702687325
  ],
  [
    1533427200000,
    0.0007004316581428902
  ],
  [
    1533513600000,
    0.0009789129484056535
  ],
  [
    1533600000000,
    0.000831183135447108
  ],
  [
    1533686400000,
    0.0008516007968989956
  ],
  [
    1533772800000,
    0.0008773437224676488
  ],
  [
    1533859200000,
    0.0007184919789883715
  ],
  [
    1533945600000,
    0.0006765274248914984
  ],
  [
    1534032000000,
    0.000625654764458848
  ],
  [
    1534118400000,
    0.0003793582486067688
  ],
  [
    1534204800000,
    0.0003772162844088084
  ],
  [
    1534291200000,
    0.0011152611230524077
  ],
  [
    1534377600000,
    0.000999273719758594
  ],
  [
    1534464000000,
    0.0010706020799918588
  ],
  [
    1534550400000,
    0.0011139440960573367
  ],
  [
    1534636800000,
    0.00159718169772979
  ],
  [
    1534723200000,
    0.0010368896130427952
  ],
  [
    1534809600000,
    0.0014425552792871128
  ],
  [
    1534896000000,
    0.0014137159068513376
  ],
  [
    1534982400000,
    0.0013337646114312345
  ],
  [
    1535068800000,
    0.001174130189933366
  ],
  [
    1535155200000,
    0.0011387915644586067
  ],
  [
    1535241600000,
    0.0011498774393333786
  ],
  [
    1535328000000,
    0.0012840437278871521
  ],
  [
    1535414400000,
    0.000689392301373246
  ],
  [
    1535500800000,
    0.0009072027701371229
  ],
  [
    1535587200000,
    0.0007744145967953912
  ],
  [
    1535673600000,
    0.0068633824414815895
  ],
  [
    1535760000000,
    0.0015410284389457641
  ],
  [
    1535846400000,
    0.0014996685861710921
  ],
  [
    1535932800000,
    0.000875475547622496
  ],
  [
    1536019200000,
    0.0005809584774383504
  ],
  [
    1536105600000,
    0.000736055286174595
  ],
  [
    1536192000000,
    0.0005469039895431634
  ],
  [
    1536278400000,
    0.000619669742478534
  ],
  [
    1536364800000,
    0.0006178273931852226
  ],
  [
    1536451200000,
    0.001236607076556844
  ],
  [
    1536537600000,
    0.000626330690602403
  ],
  [
    1536624000000,
    0.0005050401735979048
  ],
  [
    1536710400000,
    0.000565467881757849
  ],
  [
    1536796800000,
    0.0013937418085821934
  ],
  [
    1536883200000,
    0.0005232381621823348
  ],
  [
    1536969600000,
    0.000649888740701917
  ],
  [
    1537056000000,
    0.001174909598743257
  ],
  [
    1537142400000,
    0.0005492744981541507
  ],
  [
    1537228800000,
    0.0005626093324569422
  ],
  [
    1537315200000,
    0.00044548991707694154
  ],
  [
    1537401600000,
    0.0005745351411346734
  ],
  [
    1537488000000,
    0.0009302022318416514
  ],
  [
    1537574400000,
    0.0014179402955729885
  ],
  [
    1537660800000,
    0.00135108237641871
  ],
  [
    1537747200000,
    0.00134269290301957
  ],
  [
    1537833600000,
    0.0003953574245473032
  ],
  [
    1537920000000,
    0.0009001776559109222
  ],
  [
    1538006400000,
    0.0005178635019735208
  ],
  [
    1538092800000,
    0.00044146564752307356
  ],
  [
    1538179200000,
    0.0003986659728992712
  ],
  [
    1538265600000,
    0.0004620563564809668
  ],
  [
    1538352000000,
    0.0004635827336357532
  ],
  [
    1538438400000,
    0.0003946408189859742
  ],
  [
    1538524800000,
    0.00078764633917971
  ],
  [
    1538611200000,
    0.0007156656748545854
  ],
  [
    1538697600000,
    0.001318528888905268
  ],
  [
    1538784000000,
    0.0012269990411907044
  ],
  [
    1538870400000,
    0.00039555269631223776
  ],
  [
    1538956800000,
    0.0005928621411750354
  ],
  [
    1539043200000,
    0.0005885902120202008
  ],
  [
    1539129600000,
    0.0007304510345990525
  ],
  [
    1539216000000,
    0.0003299218877173235
  ],
  [
    1539302400000,
    0.000628196186030086
  ],
  [
    1539388800000,
    0.000628196186030086
  ],
  [
    1539475200000,
    0.0005988538690554942
  ],
  [
    1539561600000,
    0.00038243591085754887
  ],
  [
    1539648000000,
    0.0002009104311738495
  ],
  [
    1539734400000,
    0.0006013063505840958
  ],
  [
    1539820800000,
    0.0002670695618395748
  ],
  [
    1539907200000,
    0.000263032966957484
  ],
  [
    1539993600000,
    0.001040895447728997
  ],
  [
    1540080000000,
    0.0010460850693890529
  ],
  [
    1540166400000,
    0.0010488821884817217
  ],
  [
    1540252800000,
    0.001046150093636784
  ],
  [
    1540339200000,
    0.00032551944763009724
  ],
  [
    1540425600000,
    0.0005859662945932719
  ],
  [
    1540512000000,
    0.0002666658318284047
  ],
  [
    1540598400000,
    0.000259814718080467
  ],
  [
    1540684800000,
    0.0005825245173172776
  ],
  [
    1540771200000,
    0.0002594684161216408
  ],
  [
    1540857600000,
    0.0002533879720729796
  ],
  [
    1540944000000,
    0.0008867074433781368
  ],
  [
    1541030400000,
    0.0012026555293903325
  ],
  [
    1541116800000,
    0.000952024529037988
  ],
  [
    1541203200000,
    0.0002571829873506164
  ],
  [
    1541289600000,
    0.0012135271812740039
  ],
  [
    1541376000000,
    0.001201117433786349
  ],
  [
    1541462400000,
    0.001221375749779066
  ],
  [
    1541548800000,
    0.0009148354241189391
  ],
  [
    1541635200000,
    0.0009191826297120517
  ],
  [
    1541721600000,
    0.0004570377033204472
  ],
  [
    1541808000000,
    0.0005779253268590256
  ],
  [
    1541894400000,
    0.000899391076795512
  ],
  [
    1541980800000,
    0.0008957137547905665
  ],
  [
    1542067200000,
    0.0012200754551038796
  ],
  [
    1542153600000,
    0.001194196060690363
  ],
  [
    1542240000000,
    0.0007567560248279824
  ],
  [
    1542326400000,
    0.001136668963448228
  ],
  [
    1542412800000,
    0.001122477795158498
  ],
  [
    1542499200000,
    0.0005045400065694024
  ],
  [
    1542585600000,
    0.0005077396659045816
  ],
  [
    1542672000000,
    0.000488515640083504
  ],
  [
    1542758400000,
    0.000448909406504605
  ],
  [
    1542844800000,
    0.000438224864508103
  ],
  [
    1542931200000,
    0.0003623250764895352
  ],
  [
    1543017600000,
    0.0002163029816074555
  ],
  [
    1543104000000,
    0.0002173706365452805
  ],
  [
    1543190400000,
    0.000783424406886106
  ],
  [
    1543276800000,
    0.000391504585029277
  ],
  [
    1543363200000,
    0.000391504585029277
  ],
  [
    1543449600000,
    0.000420843450621589
  ],
  [
    1543536000000,
    0.00064163304259587
  ],
  [
    1543622400000,
    0.0006011010402175812
  ],
  [
    1543708800000,
    0.0003774022719604026
  ],
  [
    1543795200000,
    0.00041677486255163
  ],
  [
    1543881600000,
    0.00038916475791918
  ],
  [
    1543968000000,
    0.0005095072032550279
  ],
  [
    1544054400000,
    0.00038436999492056837
  ],
  [
    1544140800000,
    0.000662140434557781
  ],
  [
    1544227200000,
    0.0005714071234079141
  ],
  [
    1544313600000,
    0.0005714071234079141
  ],
  [
    1544486400000,
    0.0001749039319982465
  ],
  [
    1544572800000,
    0.0004090024318523232
  ],
  [
    1544659200000,
    0.0004136563593867312
  ],
  [
    1544745600000,
    0.0002633272202108864
  ],
  [
    1544832000000,
    0.0002580411935727856
  ],
  [
    1544918400000,
    0.0005152357926582032
  ],
  [
    1545177600000,
    0.0002824064590730968
  ],
  [
    1545264000000,
    0.0002277098599303674
  ],
  [
    1545350400000,
    0.0001625335145863976
  ],
  [
    1545436800000,
    0.0001919768507201175
  ],
  [
    1545523200000,
    0.000392962516732287
  ],
  [
    1545609600000,
    0.000392962516732287
  ],
  [
    1545696000000,
    0.0005637423087758014
  ],
  [
    1545782400000,
    0.0002615595396003037
  ],
  [
    1545868800000,
    0.0001514675508151796
  ],
  [
    1545955200000,
    0.00010725081449943928
  ],
  [
    1546041600000,
    0.0000384944844937435
  ],
  [
    1546128000000,
    0.00007595467182061959
  ],
  [
    1546214400000,
    0.0000787013407699275
  ],
  [
    1546300800000,
    0.00008617127841267345
  ],
  [
    1546387200000,
    0.0000758560078363276
  ],
  [
    1546473600000,
    0.0006169981946758704
  ],
  [
    1546560000000,
    0.0000376999817586713
  ],
  [
    1546646400000,
    0.000375130129777461
  ],
  [
    1546732800000,
    0.0000379531353152737
  ],
  [
    1546819200000,
    0.0000799374901859394
  ],
  [
    1546905600000,
    0.0000796264272981242
  ],
  [
    1546992000000,
    0.0008608044314160757
  ],
  [
    1547078400000,
    0.0005182931941883215
  ],
  [
    1547164800000,
    0.000040421298056156285
  ],
  [
    1547251200000,
    0.00019513983589046656
  ],
  [
    1547337600000,
    0.0000359311477829321
  ],
  [
    1547424000000,
    0.0000348996166098594
  ],
  [
    1547510400000,
    0.0000364181773597135
  ],
  [
    1547596800000,
    0.000035643310027698
  ],
  [
    1547683200000,
    0.00003755709314755218
  ],
  [
    1547769600000,
    0.0000361800853902441
  ],
  [
    1547856000000,
    0.0004717375285367722
  ],
  [
    1547942400000,
    0.0004775007664124984
  ],
  [
    1548028800000,
    0.000779275585921844
  ],
  [
    1548115200000,
    0.0006709574609368332
  ],
  [
    1548201600000,
    0.0000714341146316466
  ],
  [
    1548288000000,
    0.0000710485861169834
  ],
  [
    1548374400000,
    0.0003574410886297284
  ],
  [
    1548460800000,
    0.00007776163925431501
  ],
  [
    1548547200000,
    0.00007404644094095358
  ],
  [
    1548633600000,
    0.00007105358562062461
  ],
  [
    1548720000000,
    0.000036746813810284295
  ],
  [
    1548806400000,
    0.0006144678697287636
  ],
  [
    1548892800000,
    0.0006570909229643772
  ],
  [
    1548979200000,
    0.000551265720322064
  ],
  [
    1549065600000,
    0.0000347247861603963
  ],
  [
    1549152000000,
    0.0000693356456999016
  ],
  [
    1549238400000,
    0.0000345464997267689
  ],
  [
    1549324800000,
    0.001089886793699151
  ],
  [
    1549411200000,
    0.0007633538729502549
  ],
  [
    1549497600000,
    0.0004055631134125387
  ],
  [
    1549584000000,
    0.001828805300646345
  ],
  [
    1549670400000,
    0.0007062175101214695
  ],
  [
    1549756800000,
    0.001466272532489792
  ],
  [
    1549843200000,
    0.001249662419387608
  ],
  [
    1549929600000,
    0.0011984604637359651
  ],
  [
    1550016000000,
    0.0011995486018625504
  ],
  [
    1550102400000,
    0.0000361229486087552
  ],
  [
    1550188800000,
    0.0000359062352135344
  ],
  [
    1550275200000,
    0.0000359937610440189
  ],
  [
    1550361600000,
    0.001085990667182892
  ],
  [
    1550448000000,
    0.0010278493233043784
  ],
  [
    1550534400000,
    0.0013990025673633996
  ],
  [
    1550620800000,
    0.0014096833620155676
  ],
  [
    1550707200000,
    0.0000396441129012467
  ],
  [
    1550793600000,
    0.0000393093136465798
  ],
  [
    1550880000000,
    0.0013907769107052975
  ],
  [
    1550966400000,
    0.000041289734824878
  ],
  [
    1551052800000,
    0.0000375173248682241
  ],
  [
    1551139200000,
    0.0000383298488391082
  ],
  [
    1551225600000,
    0.0000381006676546663
  ],
  [
    1551312000000,
    0.000609573289111176
  ],
  [
    1551398400000,
    0.0009540049321406325
  ],
  [
    1551484800000,
    0.0000383369040630733
  ],
  [
    1551571200000,
    0.0000383369040630733
  ],
  [
    1551657600000,
    0.0006878654119837314
  ],
  [
    1551744000000,
    0.0008936025176174304
  ],
  [
    1551830400000,
    0.001304267938380652
  ],
  [
    1551916800000,
    0.0000385797293599433
  ],
  [
    1552003200000,
    0.0000387151744070838
  ],
  [
    1552089600000,
    0.0000384247533229469
  ],
  [
    1552176000000,
    0.0000393988590437271
  ],
  [
    1552262400000,
    0.0004704731131833732
  ],
  [
    1552348800000,
    0.0000386118895816824
  ],
  [
    1552435200000,
    0.0000387949982425019
  ],
  [
    1552521600000,
    0.00004147747108241523
  ],
  [
    1552608000000,
    0.0000290522508369524
  ],
  [
    1552694400000,
    0.00006431003558759053
  ],
  [
    1552780800000,
    0.0009580911413016744
  ],
  [
    1552867200000,
    0.0009566115657037752
  ],
  [
    1552953600000,
    0.0007184481983062074
  ],
  [
    1553040000000,
    0.0007201218999530106
  ],
  [
    1553126400000,
    0.0007201218999530106
  ],
  [
    1553212800000,
    0.00007203001040484802
  ],
  [
    1553299200000,
    0.0000698868314873456
  ],
  [
    1553385600000,
    0.0005196534140860309
  ],
  [
    1553472000000,
    0.0004387661369599596
  ],
  [
    1553558400000,
    0.00003993427767555495
  ],
  [
    1553644800000,
    0.0000392900745170631
  ],
  [
    1553731200000,
    0.0000804428533358492
  ],
  [
    1553817600000,
    0.0001128018122165474
  ],
  [
    1553904000000,
    0.0025748095397217807
  ],
  [
    1553990400000,
    0.0015963220396632404
  ],
  [
    1554076800000,
    0.0008283271416386953
  ],
  [
    1554163200000,
    0.00015764574810294655
  ],
  [
    1554249600000,
    0.00009317205629726359
  ],
  [
    1554336000000,
    0.00012439179669471992
  ],
  [
    1554422400000,
    0.00005320467612245556
  ],
  [
    1554508800000,
    0.000053966087592479085
  ],
  [
    1554595200000,
    0.00047684462976506494
  ],
  [
    1554681600000,
    0.0001045535645106237
  ],
  [
    1554768000000,
    0.0018726226775397543
  ],
  [
    1554854400000,
    0.000051949704686775173
  ],
  [
    1554940800000,
    0.00210928441447844
  ],
  [
    1555027200000,
    0.00005057244666572
  ],
  [
    1555113600000,
    0.0000506383101305348
  ],
  [
    1555200000000,
    0.0000505630865759157
  ],
  [
    1555286400000,
    0.0000508962973791041
  ],
  [
    1555372800000,
    0.001761258879364362
  ],
  [
    1555459200000,
    0.0000506025329120785
  ],
  [
    1555545600000,
    0.000051951942782492
  ],
  [
    1555632000000,
    0.0000523350096371808
  ],
  [
    1555718400000,
    0.0000528199524482537
  ],
  [
    1555804800000,
    0.0000530638209852066
  ],
  [
    1555891200000,
    0.002045381367298507
  ],
  [
    1555977600000,
    0.0002757735923177621
  ],
  [
    1556064000000,
    0.00005626188139214592
  ],
  [
    1556150400000,
    0.0005968509028792508
  ],
  [
    1556236800000,
    0.000988190295673212
  ],
  [
    1556323200000,
    0.000030904065723690116
  ],
  [
    1556409600000,
    0.000031237608916118766
  ],
  [
    1556496000000,
    0.000039149449760849604
  ],
  [
    1556582400000,
    0.00006150494692386397
  ],
  [
    1556668800000,
    0.0000629665362101331
  ],
  [
    1556755200000,
    0.00019637121881143548
  ],
  [
    1556841600000,
    0.0000545625735314541
  ],
  [
    1556928000000,
    0.0000545625735314541
  ],
  [
    1557100800000,
    0.000032651975246382074
  ],
  [
    1557187200000,
    0.0008516865934452285
  ],
  [
    1557273600000,
    0.0008516865934452285
  ],
  [
    1557360000000,
    0.00003396189209063499
  ],
  [
    1557446400000,
    0.000033702244959894285
  ],
  [
    1557532800000,
    0.00003697820804707285
  ],
  [
    1557619200000,
    0.0004060085741898354
  ],
  [
    1557705600000,
    0.00006138936512829367
  ],
  [
    1557792000000,
    0.0008462025573426624
  ],
  [
    1557878400000,
    0.0008462025573426624
  ],
  [
    1557964800000,
    0.000040235527784654404
  ],
  [
    1558051200000,
    0.000044318652111151785
  ],
  [
    1558137600000,
    0.00003910796153888197
  ],
  [
    1558224000000,
    0.000039979967689334206
  ],
  [
    1558310400000,
    0.0000022139737500242033
  ],
  [
    1558396800000,
    0.00003793397265919982
  ],
  [
    1558483200000,
    0.000040078451539413924
  ],
  [
    1558569600000,
    0.000014882184042511944
  ],
  [
    1558656000000,
    0.00002034692781811612
  ],
  [
    1558742400000,
    0.00003786964967213463
  ],
  [
    1558828800000,
    0.000014969386144774371
  ],
  [
    1558915200000,
    0.000018801718836695665
  ],
  [
    1559001600000,
    0.00003000081124879656
  ],
  [
    1559088000000,
    0.000021837677444787222
  ],
  [
    1559174400000,
    0.00002411319004542014
  ],
  [
    1559260800000,
    0.0000205733924540344
  ],
  [
    1559347200000,
    0.000021139456715602046
  ],
  [
    1559433600000,
    0.000021626015730673128
  ],
  [
    1559520000000,
    0.000013453539973148687
  ],
  [
    1559606400000,
    0.000013453539973148687
  ],
  [
    1559692800000,
    0.0005609160602972293
  ],
  [
    1559779200000,
    0.0005338915717123325
  ],
  [
    1559865600000,
    0.0005338915717123325
  ],
  [
    1559952000000,
    0.002732824581665386
  ],
  [
    1560038400000,
    0.000012291935892627536
  ],
  [
    1560124800000,
    0.000012199448291551847
  ],
  [
    1560211200000,
    0.0000021786917730852497
  ],
  [
    1560297600000,
    0.0000243769334676281
  ],
  [
    1560384000000,
    0.000025610251312697578
  ],
  [
    1560470400000,
    0.000025610251312697578
  ],
  [
    1560556800000,
    0.000084164966798574
  ],
  [
    1560643200000,
    0.0006186239026272529
  ],
  [
    1560729600000,
    0.0019023702773757003
  ],
  [
    1560816000000,
    0.000016344855445033388
  ],
  [
    1560902400000,
    0.005356660404937867
  ],
  [
    1560988800000,
    0.0041116462935129406
  ],
  [
    1561075200000,
    0.005461611145666512
  ],
  [
    1561161600000,
    0.006468061860013969
  ],
  [
    1561248000000,
    0.0021353121252643977
  ],
  [
    1561334400000,
    0.001601809489147247
  ],
  [
    1561420800000,
    0.001537525099652948
  ],
  [
    1561507200000,
    0.000928409385993112
  ],
  [
    1561593600000,
    0.000946783148318329
  ],
  [
    1561680000000,
    0.00077133157388476
  ],
  [
    1561766400000,
    0.00095350128892584
  ],
  [
    1561852800000,
    0.000835475067656306
  ],
  [
    1561939200000,
    0.000786819709501861
  ],
  [
    1562025600000,
    0.0008389150451103042
  ],
  [
    1562112000000,
    0.00078751409652662
  ],
  [
    1562198400000,
    0.000795162367734931
  ],
  [
    1562284800000,
    0.001751117823525735
  ],
  [
    1562371200000,
    0.00176949644065032
  ],
  [
    1562457600000,
    0.001350562879539804
  ],
  [
    1562544000000,
    0.001257255423410107
  ],
  [
    1562630400000,
    0.001257255423410107
  ],
  [
    1562976000000,
    0.000008360227945070444
  ],
  [
    1563062400000,
    0.00000811762759660724
  ],
  [
    1563148800000,
    0.00000811762759660724
  ],
  [
    1563235200000,
    0.00000811762759660724
  ],
  [
    1563321600000,
    0.00000811762759660724
  ],
  [
    1563408000000,
    0.00000811762759660724
  ],
  [
    1563494400000,
    0.00000811762759660724
  ],
  [
    1563580800000,
    0.000013432576353621258
  ],
  [
    1563667200000,
    0.000013432576353621258
  ],
  [
    1563753600000,
    0.000013432576353621258
  ],
  [
    1563926400000,
    0.000010716942814462075
  ],
  [
    1564012800000,
    0.000010754274787770277
  ],
  [
    1564099200000,
    0.0000065567199754784105
  ],
  [
    1564185600000,
    0.0000065567199754784105
  ],
  [
    1564444800000,
    0.0000065567199754784105
  ],
  [
    1564531200000,
    0.0000065567199754784105
  ],
  [
    1564617600000,
    0.000007238076685835981
  ],
  [
    1564704000000,
    0.000007260194177390192
  ],
  [
    1564790400000,
    0.000007260194177390192
  ],
  [
    1564876800000,
    0.000007260194177390192
  ],
  [
    1564963200000,
    0.000007260194177390192
  ],
  [
    1565049600000,
    0.000007001652612591857
  ],
  [
    1565136000000,
    0.000565123504847385
  ],
  [
    1565222400000,
    0.000004530124500361068
  ],
  [
    1565308800000,
    0.000833675229234722
  ],
  [
    1565395200000,
    0.00059228044053559
  ],
  [
    1565481600000,
    0.000678293197137546
  ],
  [
    1565568000000,
    0.000682389109722738
  ],
  [
    1565654400000,
    0.000342616880012169
  ],
  [
    1565740800000,
    0.000656127125322738
  ],
  [
    1565827200000,
    0.000615893376252096
  ],
  [
    1565913600000,
    0.0005892983219647302
  ],
  [
    1566000000000,
    0.000014632267707356615
  ],
  [
    1566086400000,
    0.000018613273200905837
  ],
  [
    1566172800000,
    0.000019408716411357122
  ],
  [
    1566259200000,
    0.00053346502579828
  ],
  [
    1566345600000,
    0.000425084849950696
  ],
  [
    1566432000000,
    0.000020486999847342856
  ],
  [
    1566518400000,
    0.000020486999847342856
  ],
  [
    1566604800000,
    0.0007216871694206798
  ],
  [
    1566691200000,
    0.000704829803321084
  ],
  [
    1566777600000,
    0.000708367075814923
  ],
  [
    1566864000000,
    0.00082533778268312
  ],
  [
    1566950400000,
    0.000711379898719903
  ],
  [
    1567036800000,
    0.000011213019880311965
  ],
  [
    1567123200000,
    0.00001011332690322433
  ],
  [
    1567209600000,
    0.0006649571204054772
  ],
  [
    1567296000000,
    0.000574925686741959
  ],
  [
    1567382400000,
    0.0000050963609961322155
  ],
  [
    1567468800000,
    0.0000050963609961322155
  ],
  [
    1567900800000,
    0.00020817210126716
  ],
  [
    1567987200000,
    0.000622953075299556
  ],
  [
    1568073600000,
    0.00020656228210639
  ],
  [
    1568160000000,
    0.000200584609245058
  ],
  [
    1568246400000,
    0.000505036772581205
  ],
  [
    1568332800000,
    0.000417481746045016
  ],
  [
    1568419200000,
    0.000308985216330048
  ],
  [
    1568505600000,
    0.00039922821421986874
  ],
  [
    1568592000000,
    0.00039922821421986874
  ],
  [
    1568678400000,
    0.0000058075615288113046
  ],
  [
    1568764800000,
    0.0000060521929913982545
  ],
  [
    1568851200000,
    0.000008538330283496042
  ],
  [
    1568937600000,
    0.000013194831032783405
  ],
  [
    1569024000000,
    0.000013194831032783405
  ],
  [
    1569196800000,
    0.00000782425691308707
  ],
  [
    1569283200000,
    0.00000782425691308707
  ],
  [
    1569542400000,
    0.000008320114933068239
  ],
  [
    1569628800000,
    0.000007147982667364947
  ],
  [
    1569715200000,
    0.000005614016239125982
  ],
  [
    1569801600000,
    0.000005614016239125982
  ],
  [
    1569888000000,
    0.00001001229636805499
  ],
  [
    1569974400000,
    0.0000053198114199935615
  ],
  [
    1570060800000,
    0.0000053198114199935615
  ],
  [
    1570147200000,
    0.000007084288011536856
  ],
  [
    1570233600000,
    0.000007084288011536856
  ],
  [
    1570320000000,
    0.000007021094325471975
  ],
  [
    1570406400000,
    0.000006856977581988172
  ],
  [
    1570492800000,
    0.0000054539996689370275
  ],
  [
    1570579200000,
    0.0000054539996689370275
  ],
  [
    1570665600000,
    0.000007640551287974861
  ],
  [
    1570752000000,
    0.000007568635804233428
  ],
  [
    1570838400000,
    0.00000583013942184852
  ],
  [
    1570924800000,
    0.000015069978961887194
  ],
  [
    1571011200000,
    0.0000073568906066695785
  ],
  [
    1571097600000,
    0.0000830711750277467
  ],
  [
    1571184000000,
    0.000005394715789567069
  ],
  [
    1571270400000,
    0.000012153017190403249
  ],
  [
    1571356800000,
    0.000012153017190403249
  ],
  [
    1571443200000,
    0.0000044361117599883
  ],
  [
    1571529600000,
    0.000004317760837910627
  ],
  [
    1571616000000,
    0.000004317760837910627
  ],
  [
    1571702400000,
    0.000002980886636509797
  ],
  [
    1571788800000,
    0.000004465332682937153
  ],
  [
    1571875200000,
    0.000004116054144848553
  ],
  [
    1571961600000,
    0.000003811099516575667
  ],
  [
    1572048000000,
    3.6391865096741154e-8
  ],
  [
    1572134400000,
    3.585619052644831e-8
  ],
  [
    1572220800000,
    3.585619052644831e-8
  ],
  [
    1572307200000,
    3.585619052644831e-8
  ],
  [
    1572652800000,
    3.585619052644831e-8
  ],
  [
    1572739200000,
    3.585619052644831e-8
  ],
  [
    1572825600000,
    3.585619052644831e-8
  ],
  [
    1572912000000,
    0.000004088674504467881
  ],
  [
    1572998400000,
    0.000004088674504467881
  ],
  [
    1573084800000,
    0.000004300277616836163
  ],
  [
    1573171200000,
    0.000004300277616836163
  ],
  [
    1573257600000,
    0.000004300277616836163
  ],
  [
    1573344000000,
    0.000004300277616836163
  ],
  [
    1573430400000,
    0.000004300277616836163
  ],
  [
    1573689600000,
    0.000004379930593813931
  ],
  [
    1573776000000,
    0.000004328314455186237
  ],
  [
    1573862400000,
    0.000004328314455186237
  ],
  [
    1574294400000,
    0.000003920006541859028
  ],
  [
    1574380800000,
    0.000004041947666139368
  ],
  [
    1574467200000,
    0.0000144056263068072
  ],
  [
    1574553600000,
    0.0000144056263068072
  ],
  [
    1574726400000,
    0.000004018011179910582
  ],
  [
    1574812800000,
    0.000004018011179910582
  ],
  [
    1574899200000,
    0.000004018011179910582
  ],
  [
    1574985600000,
    0.000006548580984087507
  ],
  [
    1575072000000,
    0.000006527633386704035
  ],
  [
    1575158400000,
    0.000006527633386704035
  ],
  [
    1575763200000,
    0.0000010830370436895361
  ],
  [
    1575849600000,
    0.0000010830370436895361
  ],
  [
    1575936000000,
    0.0000015230098286079229
  ],
  [
    1576022400000,
    8.810095620311242e-7
  ],
  [
    1576108800000,
    8.810095620311242e-7
  ],
  [
    1576195200000,
    8.810095620311242e-7
  ],
  [
    1576454400000,
    8.810095620311242e-7
  ],
  [
    1576540800000,
    0.0000014826090061992173
  ],
  [
    1576627200000,
    0.000005716860537936534
  ],
  [
    1576713600000,
    0.0000055339190883735325
  ],
  [
    1576800000000,
    0.0000015115297708015192
  ],
  [
    1576886400000,
    0.0000015115297708015192
  ],
  [
    1576972800000,
    0.0000015115297708015192
  ],
  [
    1577145600000,
    0.0000015115297708015192
  ],
  [
    1577232000000,
    0.0000015115297708015192
  ],
  [
    1577318400000,
    0.0000015115297708015192
  ],
  [
    1577404800000,
    0.0000015115297708015192
  ],
  [
    1577491200000,
    0.000002876037809630221
  ],
  [
    1577577600000,
    0.000002876037809630221
  ],
  [
    1577664000000,
    0.000002876037809630221
  ],
  [
    1577750400000,
    0.000002876037809630221
  ],
  [
    1577836800000,
    0.000002876037809630221
  ],
  [
    1577923200000,
    0.000002876037809630221
  ],
  [
    1578009600000,
    0.02297117154091946
  ],
  [
    1578096000000,
    0.023492843124971702
  ],
  [
    1578182400000,
    0.022235074247118347
  ],
  [
    1578268800000,
    0.0271416832056355
  ],
  [
    1578355200000,
    0.000003801404900642701
  ],
  [
    1578441600000,
    0.0000030223977266682638
  ],
  [
    1578528000000,
    0.003882088346804482
  ],
  [
    1578614400000,
    0.0000028406124125705
  ],
  [
    1578700800000,
    0.000027917076521785514
  ],
  [
    1578787200000,
    0.011382765020757319
  ],
  [
    1578873600000,
    0.01422965533944078
  ],
  [
    1578960000000,
    0.0000033499463958729646
  ],
  [
    1579046400000,
    0.000009073531156972168
  ],
  [
    1579132800000,
    0.0000028965608101617256
  ],
  [
    1579219200000,
    0.0000036058880153616775
  ],
  [
    1579305600000,
    0.0000036058880153616775
  ],
  [
    1579392000000,
    0.0000036058880153616775
  ],
  [
    1579478400000,
    0.00003366848860912765
  ],
  [
    1579564800000,
    0.0000022292857237018663
  ],
  [
    1579651200000,
    0.0000022292857237018663
  ],
  [
    1579737600000,
    0.0000022292857237018663
  ],
  [
    1579824000000,
    0.0000030940015675960726
  ],
  [
    1579910400000,
    0.0000030940015675960726
  ],
  [
    1579996800000,
    0.0000833873915492934
  ],
  [
    1580083200000,
    0.0000833873915492934
  ],
  [
    1580169600000,
    0.0000833873915492934
  ],
  [
    1580256000000,
    0.00000242694910999812
  ],
  [
    1580342400000,
    0.00017298387735709012
  ],
  [
    1580428800000,
    0.000003717441394439279
  ],
  [
    1580515200000,
    0.000003717441394439279
  ],
  [
    1580601600000,
    0.000003717441394439279
  ],
  [
    1580860800000,
    0.000002599571454514473
  ],
  [
    1580947200000,
    0.000003597453938954164
  ],
  [
    1581033600000,
    0.0000035672985758488784
  ],
  [
    1581120000000,
    0.00000390187925288196
  ],
  [
    1581206400000,
    0.000003860292855628221
  ],
  [
    1581292800000,
    0.0000034634996160909784
  ],
  [
    1581379200000,
    0.000005447664498273935
  ],
  [
    1581465600000,
    0.00000566364609684948
  ],
  [
    1581552000000,
    0.00000566364609684948
  ],
  [
    1581897600000,
    0.000003432677097659226
  ],
  [
    1581984000000,
    0.000002742226379728598
  ],
  [
    1582243200000,
    0.0000027206263308477473
  ],
  [
    1582329600000,
    0.0000065693419708481344
  ],
  [
    1582502400000,
    0.000003207191757546043
  ],
  [
    1582588800000,
    0.000001812057152822907
  ],
  [
    1582675200000,
    0.000003351532939688417
  ],
  [
    1582761600000,
    0.0000028698243418874217
  ],
  [
    1582848000000,
    0.0000028698243418874217
  ],
  [
    1582934400000,
    0.0000028698243418874217
  ],
  [
    1583020800000,
    0.000003288205618597753
  ],
  [
    1583107200000,
    0.0000033068477147643387
  ],
  [
    1583193600000,
    0.0000033068477147643387
  ],
  [
    1583280000000,
    0.0000033068477147643387
  ],
  [
    1583452800000,
    0.000002424095374778867
  ],
  [
    1583539200000,
    0.000002902959397516408
  ],
  [
    1583625600000,
    0.0000031801661184022303
  ],
  [
    1583712000000,
    0.0000028708772331566103
  ],
  [
    1583798400000,
    0.0000014075888587611246
  ],
  [
    1583884800000,
    0.000003995999802599897
  ],
  [
    1583971200000,
    0.000003299626676838018
  ],
  [
    1584230400000,
    0.0000019917987533455536
  ],
  [
    1584316800000,
    0.0000016572543936844537
  ],
  [
    1584921600000,
    0.000002740896187345892
  ],
  [
    1585353600000,
    0.0000019393614873470753
  ],
  [
    1585440000000,
    0.0000019393614873470753
  ],
  [
    1585526400000,
    0.0000018234501243605469
  ],
  [
    1585785600000,
    0.0000041962962896191255
  ],
  [
    1585872000000,
    0.000004282449981473918
  ],
  [
    1586131200000,
    0.000004898022100377441
  ],
  [
    1586304000000,
    0.000004027482714830337
  ],
  [
    1586390400000,
    0.0000026097940794300007
  ],
  [
    1586476800000,
    0.000002594609113988153
  ],
  [
    1586563200000,
    0.000002594609113988153
  ],
  [
    1586649600000,
    0.00024332231363094028
  ],
  [
    1586736000000,
    0.00024393378740281208
  ],
  [
    1586822400000,
    0.0000021651391441286393
  ],
  [
    1587168000000,
    0.000002657012253916606
  ],
  [
    1587513600000,
    0.000001761954337482014
  ],
  [
    1587945600000,
    0.000003750250563985587
  ],
  [
    1588032000000,
    0.000003758441234041319
  ],
  [
    1588291200000,
    0.00000500026202295917
  ],
  [
    1588377600000,
    0.000005075341668552037
  ],
  [
    1588464000000,
    0.000005075341668552037
  ],
  [
    1588550400000,
    0.0000045034689530173325
  ],
  [
    1588896000000,
    0.0000026022314193446255
  ],
  [
    1589500800000,
    0.000006002728475412921
  ],
  [
    1590019200000,
    0.000001973279939925205
  ],
  [
    1590105600000,
    0.0000019313987514598153
  ],
  [
    1590192000000,
    0.000005706070142751162
  ],
  [
    1590278400000,
    0.000005691123206506445
  ],
  [
    1590364800000,
    0.000005716371081371567
  ],
  [
    1591142400000,
    0.000002418088317123311
  ],
  [
    1591315200000,
    0.0000024050121582502814
  ],
  [
    1591401600000,
    0.000005248585621346183
  ],
  [
    1591488000000,
    0.000005618830643860948
  ],
  [
    1591574400000,
    0.000005618830643860948
  ],
  [
    1591660800000,
    0.000005258155331338903
  ],
  [
    1591747200000,
    0.0000058463182672386385
  ],
  [
    1591833600000,
    0.000005221831965730211
  ],
  [
    1591920000000,
    0.0000037198558927800587
  ],
  [
    1592006400000,
    0.0000037285570674609333
  ],
  [
    1592179200000,
    0.000004638176438822894
  ],
  [
    1592265600000,
    0.000004638176438822894
  ],
  [
    1592352000000,
    0.000003920413175236728
  ],
  [
    1592438400000,
    0.000003425695785458528
  ],
  [
    1592524800000,
    0.000005267995519857965
  ],
  [
    1592870400000,
    0.000003397117470527314
  ],
  [
    1592956800000,
    0.000003397117470527314
  ],
  [
    1593043200000,
    0.000005122064148735797
  ],
  [
    1593129600000,
    0.000012136435882699464
  ],
  [
    1593216000000,
    0.000003881064806073926
  ],
  [
    1593302400000,
    0.000003851430302913862
  ],
  [
    1593388800000,
    0.00000362209181588858
  ],
  [
    1593475200000,
    0.00000362209181588858
  ],
  [
    1593561600000,
    0.0000028925205920449342
  ],
  [
    1593648000000,
    0.0000028925205920449342
  ],
  [
    1594166400000,
    0.000003622191210415381
  ],
  [
    1594252800000,
    0.000003622191210415381
  ],
  [
    1594339200000,
    0.0000054815216982422714
  ],
  [
    1594425600000,
    0.00000436340365171528
  ],
  [
    1594512000000,
    0.00000436340365171528
  ],
  [
    1594598400000,
    0.000004186940201387831
  ],
  [
    1595116800000,
    0.00000567429941296583
  ],
  [
    1595203200000,
    0.00000567429941296583
  ],
  [
    1595289600000,
    0.0000140406307711116
  ],
  [
    1595376000000,
    0.000006795876171150738
  ],
  [
    1595462400000,
    0.000006795876171150738
  ],
  [
    1595548800000,
    0.000006879589464566726
  ],
  [
    1595635200000,
    0.000007871961165688554
  ],
  [
    1595808000000,
    0.000006913682108461567
  ],
  [
    1595894400000,
    0.000006913682108461567
  ],
  [
    1595980800000,
    0.00000660302102122662
  ],
  [
    1596412800000,
    0.000007360260959695646
  ],
  [
    1596499200000,
    0.000007360260959695646
  ],
  [
    1596585600000,
    0.000006498268544481192
  ],
  [
    1596672000000,
    0.000006339443899588715
  ],
  [
    1596758400000,
    0.000005511945803422485
  ],
  [
    1596844800000,
    0.000004329854212386878
  ],
  [
    1596931200000,
    0.000004640889481371412
  ],
  [
    1597017600000,
    0.000004640889481371412
  ],
  [
    1597104000000,
    0.00000856379948768106
  ],
  [
    1597190400000,
    0.00000859564867819841
  ],
  [
    1597276800000,
    0.00000859564867819841
  ],
  [
    1597449600000,
    0.00000859564867819841
  ],
  [
    1597536000000,
    0.00000859564867819841
  ],
  [
    1597968000000,
    0.000005327700733529601
  ],
  [
    1598054400000,
    0.000005327700733529601
  ],
  [
    1598140800000,
    0.000005003826408751771
  ],
  [
    1598313600000,
    0.0000036060946184514472
  ],
  [
    1598400000000,
    0.0000036060946184514472
  ],
  [
    1598572800000,
    0.000003952000385320522
  ],
  [
    1598659200000,
    0.000003952000385320522
  ],
  [
    1598745600000,
    0.000003690438666644131
  ],
  [
    1599177600000,
    0.0000027470959172798858
  ],
  [
    1599264000000,
    0.0000027470959172798858
  ],
  [
    1600905600000,
    0.000006078916873746576
  ],
  [
    1600992000000,
    0.000006078916873746576
  ],
  [
    1601078400000,
    0.0000027425492916313993
  ],
  [
    1602720000000,
    0.0000030479674791891774
  ],
  [
    1602806400000,
    0.0000030479674791891774
  ],
  [
    1603670400000,
    0.000007431436275693136
  ],
  [
    1603756800000,
    0.000007431436275693136
  ],
  [
    1603843200000,
    0.000006129283909845872
  ],
  [
    1603929600000,
    0.0000071074562320372624
  ],
  [
    1604016000000,
    0.000005901082088700226
  ],
  [
    1604102400000,
    0.00028584756742740643
  ],
  [
    1604188800000,
    0.000007375893610017832
  ],
  [
    1604275200000,
    0.00026402781980015957
  ],
  [
    1604448000000,
    0.0002662637779175689
  ],
  [
    1604534400000,
    0.0002662637779175689
  ],
  [
    1605225600000,
    0.00030660357291039617
  ],
  [
    1605312000000,
    0.00030660357291039617
  ],
  [
    1605744000000,
    0.000005569850300430152
  ],
  [
    1605830400000,
    0.000005569850300430152
  ],
  [
    1605916800000,
    0.000004164819442659688
  ],
  [
    1606003200000,
    0.000004164819442659688
  ],
  [
    1606089600000,
    0.0000034530629403487593
  ],
  [
    1606348800000,
    0.000006626910252982609
  ],
  [
    1606435200000,
    0.000006626910252982609
  ],
  [
    1607126400000,
    0.0000025543187128802493
  ],
  [
    1607212800000,
    0.0000025543187128802493
  ],
  [
    1607299200000,
    0.000002984177548228613
  ],
  [
    1607385600000,
    0.0000028909371231426948
  ],
  [
    1607472000000,
    0.0000027985145850294605
  ],
  [
    1607558400000,
    0.0000025842769567105254
  ],
  [
    1607731200000,
    0.0000026404947032138063
  ],
  [
    1607817600000,
    0.0000026404947032138063
  ],
  [
    1608249600000,
    0.000006445941917243217
  ],
  [
    1608336000000,
    0.000006445941917243217
  ],
  [
    1608768000000,
    0.00000313046205349333
  ],
  [
    1608854400000,
    0.00000313046205349333
  ],
  [
    1608940800000,
    0.00000313046205349333
  ],
  [
    1609459200000,
    0.000004554758365764733
  ],
  [
    1609545600000,
    0.000004554758365764733
  ],
  [
    1609632000000,
    0.000006374496484957116
  ],
  [
    1609718400000,
    0.000009380295197277989
  ],
  [
    1609804800000,
    0.000009380295197277989
  ],
  [
    1610841600000,
    0.000012690674963926314
  ],
  [
    1610928000000,
    0.000012690674963926314
  ],
  [
    1611014400000,
    0.000010685689311591215
  ],
  [
    1611273600000,
    0.000006252930138260246
  ],
  [
    1611360000000,
    0.000006252930138260246
  ],
  [
    1611532800000,
    0.000006252930138260246
  ],
  [
    1611619200000,
    0.000006252930138260246
  ],
  [
    1611705600000,
    0.000009618544174696347
  ],
  [
    1611792000000,
    0.000009618544174696347
  ],
  [
    1611878400000,
    0.00001238633009753215
  ],
  [
    1611964800000,
    0.000013811317340429088
  ],
  [
    1612051200000,
    0.000018293876104759655
  ],
  [
    1612569600000,
    0.0002851668241759872
  ],
  [
    1612656000000,
    0.0002851668241759872
  ],
  [
    1612742400000,
    0.00001457721830781216
  ],
  [
    1612828800000,
    0.00001373283527820382
  ],
  [
    1612915200000,
    0.00001791693761627735
  ],
  [
    1613001600000,
    0.000014611260713679206
  ],
  [
    1613088000000,
    0.000014611260713679206
  ],
  [
    1613174400000,
    0.000027143164859402027
  ],
  [
    1613260800000,
    0.0010679494750427565
  ],
  [
    1613347200000,
    0.0010679494750427565
  ],
  [
    1615507200000,
    0.00001752231299942428
  ],
  [
    1615593600000,
    0.00001752231299942428
  ],
  [
    1615939200000,
    0.00001752231299942428
  ],
  [
    1616025600000,
    0.00001752231299942428
  ],
  [
    1616112000000,
    0.0009648125015602842
  ],
  [
    1616198400000,
    0.0009648125015602842
  ],
  [
    1616284800000,
    0.0000178300028803609
  ],
  [
    1616716800000,
    0.000014207664469632038
  ],
  [
    1616803200000,
    0.000014207664469632038
  ],
  [
    1616889600000,
    0.000014931485671590492
  ],
  [
    1617580800000,
    0.00001571414353349999
  ],
  [
    1617667200000,
    0.00001571414353349999
  ],
  [
    1618099200000,
    0.00001293675226999848
  ],
  [
    1618185600000,
    0.00001293675226999848
  ],
  [
    1618358400000,
    0.000028156521267741363
  ],
  [
    1618444800000,
    0.000028156521267741363
  ],
  [
    1618531200000,
    0.000042382003846565246
  ],
  [
    1618617600000,
    0.003721754473331113
  ],
  [
    1618704000000,
    0.003721754473331113
  ],
  [
    1618963200000,
    0.005093072585876703
  ],
  [
    1619049600000,
    0.005093072585876703
  ],
  [
    1620259200000,
    0.000008601741890563315
  ],
  [
    1620345600000,
    0.000008601741890563315
  ],
  [
    1620864000000,
    0.000008601741890563315
  ],
  [
    1620950400000,
    0.000008601741890563315
  ],
  [
    1621814400000,
    0.000017833317483227052
  ],
  [
    1621900800000,
    0.000017833317483227052
  ],
  [
    1622073600000,
    0.000014588095360605171
  ],
  [
    1622160000000,
    0.000014588095360605171
  ],
  [
    1622592000000,
    0.000009999945940016604
  ],
  [
    1622678400000,
    0.000009999945940016604
  ],
  [
    1622764800000,
    0.000009999945940016604
  ],
  [
    1623628800000,
    0.000012712330166392478
  ],
  [
    1623715200000,
    0.000012712330166392478
  ],
  [
    1623801600000,
    0.000009485852423130276
  ],
  [
    1624492800000,
    0.000010921918680853747
  ],
  [
    1624579200000,
    0.000010921918680853747
  ],
  [
    1626048000000,
    0.000011754201079121071
  ],
  [
    1626134400000,
    0.000011754201079121071
  ],
  [
    1626220800000,
    0.00002041673853956608
  ],
  [
    1626307200000,
    0.00003416886911525017
  ],
  [
    1626393600000,
    0.000041489841395117596
  ],
  [
    1626480000000,
    0.000050686235997707036
  ],
  [
    1626566400000,
    0.00001824452659943538
  ],
  [
    1626652800000,
    0.000014543999080527355
  ],
  [
    1626825600000,
    0.00000925438509569457
  ],
  [
    1626912000000,
    0.00000925438509569457
  ],
  [
    1626998400000,
    0.00010581861970716176
  ],
  [
    1627084800000,
    0.00010376022086907609
  ],
  [
    1627171200000,
    0.00019497972330532982
  ],
  [
    1627862400000,
    0.010228728296736928
  ],
  [
    1627948800000,
    0.010228728296736928
  ],
  [
    1628035200000,
    0.000025775774440538482
  ],
  [
    1628121600000,
    0.000025775774440538482
  ],
  [
    1628985600000,
    0.000031502274500921625
  ],
  [
    1629072000000,
    0.000031502274500921625
  ],
  [
    1629158400000,
    0.000032006591810497856
  ],
  [
    1630281600000,
    0.0000361138016619639
  ],
  [
    1630368000000,
    0.0000361138016619639
  ]
]