[
  [
    1626393600000,
    0.5754136009911411
  ],
  [
    1626480000000,
    0.5754136009911411
  ],
  [
    1626566400000,
    0.4570556420391273
  ],
  [
    1626652800000,
    0.4309593119043725
  ],
  [
    1626739200000,
    0.25613720216549957
  ],
  [
    1626825600000,
    0.2506806674543694
  ],
  [
    1626912000000,
    0.33117589381486984
  ],
  [
    1626998400000,
    0.3034339778929195
  ],
  [
    1627084800000,
    0.3355935401867066
  ],
  [
    1627171200000,
    0.30755505545665907
  ],
  [
    1627257600000,
    0.2596665272546683
  ],
  [
    1627344000000,
    0.2537788275696164
  ],
  [
    1627430400000,
    0.24511313944135626
  ],
  [
    1627516800000,
    0.23204291680462996
  ],
  [
    1627603200000,
    0.13440685414750972
  ],
  [
    1627689600000,
    0.16131912098359044
  ],
  [
    1627776000000,
    0.1613200311992678
  ],
  [
    1627862400000,
    0.1589936507008834
  ],
  [
    1627948800000,
    0.17144281259029923
  ],
  [
    1628035200000,
    0.15037370885958753
  ],
  [
    1628121600000,
    0.120066432416852
  ],
  [
    1628208000000,
    0.09908000952786851
  ],
  [
    1628294400000,
    0.09929582447870076
  ],
  [
    1628380800000,
    0.10704341069164644
  ],
  [
    1628467200000,
    0.076296970632875
  ],
  [
    1628553600000,
    0.07396441948152674
  ],
  [
    1628640000000,
    0.056890388768081765
  ],
  [
    1628726400000,
    0.06390900361467869
  ],
  [
    1628812800000,
    0.05672433930886497
  ],
  [
    1628899200000,
    0.05308617508896223
  ],
  [
    1628985600000,
    0.049161795025149356
  ],
  [
    1629072000000,
    0.03147466018085153
  ],
  [
    1629158400000,
    0.017810326069317796
  ],
  [
    1629244800000,
    0.015051260729007941
  ],
  [
    1629331200000,
    0.013818673986060133
  ],
  [
    1629417600000,
    0.014607668655198136
  ],
  [
    1629504000000,
    0.01641412555861976
  ],
  [
    1629590400000,
    0.017146393358237616
  ],
  [
    1629676800000,
    0.015718316643688935
  ],
  [
    1629763200000,
    0.015384341484532299
  ],
  [
    1629849600000,
    0.015125464243482581
  ],
  [
    1629936000000,
    0.013386237391227037
  ],
  [
    1630022400000,
    0.01172370964887907
  ],
  [
    1630108800000,
    0.012051891985048037
  ],
  [
    1630195200000,
    0.010540153148579779
  ],
  [
    1630281600000,
    0.010011439822259017
  ],
  [
    1630368000000,
    0.00933949134412896
  ],
  [
    1630454400000,
    0.00625652179564351
  ],
  [
    1630540800000,
    0.006316833466750773
  ],
  [
    1630627200000,
    0.006525995558835799
  ]
]