[
  [
    1595203200000,
    0
  ],
  [
    1595289600000,
    0
  ],
  [
    1595376000000,
    0
  ],
  [
    1595462400000,
    0
  ],
  [
    1595548800000,
    0
  ],
  [
    1595635200000,
    0
  ],
  [
    1595721600000,
    0
  ],
  [
    1595808000000,
    0
  ],
  [
    1595894400000,
    0
  ],
  [
    1595980800000,
    0
  ],
  [
    1596067200000,
    0
  ],
  [
    1596153600000,
    0
  ],
  [
    1596240000000,
    0
  ],
  [
    1596326400000,
    0
  ],
  [
    1596412800000,
    0
  ],
  [
    1596499200000,
    0
  ],
  [
    1596585600000,
    0
  ],
  [
    1596672000000,
    0
  ],
  [
    1596758400000,
    0
  ],
  [
    1596844800000,
    0
  ],
  [
    1596931200000,
    0
  ],
  [
    1597017600000,
    0
  ],
  [
    1597104000000,
    0
  ],
  [
    1597190400000,
    0
  ],
  [
    1597276800000,
    0
  ],
  [
    1597363200000,
    0
  ],
  [
    1597449600000,
    0
  ],
  [
    1597536000000,
    0
  ],
  [
    1597622400000,
    0
  ],
  [
    1597708800000,
    0
  ],
  [
    1597795200000,
    0
  ],
  [
    1597881600000,
    0
  ],
  [
    1597968000000,
    0
  ],
  [
    1598054400000,
    0
  ],
  [
    1598140800000,
    0
  ],
  [
    1598227200000,
    0
  ],
  [
    1598313600000,
    0
  ],
  [
    1598400000000,
    0
  ],
  [
    1598486400000,
    0
  ],
  [
    1598572800000,
    0
  ],
  [
    1598659200000,
    0
  ],
  [
    1598745600000,
    0
  ],
  [
    1598832000000,
    0
  ],
  [
    1598918400000,
    0
  ],
  [
    1599004800000,
    0
  ],
  [
    1599091200000,
    0
  ],
  [
    1599177600000,
    0
  ],
  [
    1599264000000,
    0
  ],
  [
    1599350400000,
    0
  ],
  [
    1599436800000,
    0
  ],
  [
    1599523200000,
    0
  ],
  [
    1599609600000,
    0
  ],
  [
    1599696000000,
    0
  ],
  [
    1599782400000,
    0
  ],
  [
    1599868800000,
    0
  ],
  [
    1599955200000,
    0
  ],
  [
    1600041600000,
    0
  ],
  [
    1600128000000,
    0
  ],
  [
    1600214400000,
    0
  ],
  [
    1600300800000,
    0
  ],
  [
    1600387200000,
    0
  ],
  [
    1600473600000,
    0
  ],
  [
    1600560000000,
    0
  ],
  [
    1600646400000,
    0
  ],
  [
    1600732800000,
    0
  ],
  [
    1600819200000,
    0
  ],
  [
    1600905600000,
    0
  ],
  [
    1600992000000,
    0
  ],
  [
    1601078400000,
    0
  ],
  [
    1601164800000,
    0
  ],
  [
    1601251200000,
    0
  ],
  [
    1601337600000,
    0
  ],
  [
    1601424000000,
    0
  ],
  [
    1601510400000,
    0
  ],
  [
    1601596800000,
    0
  ],
  [
    1601683200000,
    0
  ],
  [
    1601769600000,
    0
  ],
  [
    1601856000000,
    0
  ],
  [
    1601942400000,
    0
  ],
  [
    1602028800000,
    0
  ],
  [
    1602115200000,
    0
  ],
  [
    1602201600000,
    0
  ],
  [
    1602288000000,
    0
  ],
  [
    1602374400000,
    0
  ],
  [
    1602460800000,
    0
  ],
  [
    1602547200000,
    0
  ],
  [
    1602633600000,
    0
  ],
  [
    1602720000000,
    0
  ],
  [
    1602806400000,
    0
  ],
  [
    1602892800000,
    0
  ],
  [
    1602979200000,
    0
  ],
  [
    1603065600000,
    0
  ],
  [
    1603152000000,
    0
  ],
  [
    1603238400000,
    0
  ],
  [
    1603411200000,
    0
  ],
  [
    1603497600000,
    0
  ],
  [
    1603584000000,
    0
  ],
  [
    1603670400000,
    0
  ],
  [
    1603756800000,
    0
  ],
  [
    1603843200000,
    0
  ],
  [
    1603929600000,
    0
  ],
  [
    1604016000000,
    0
  ],
  [
    1604102400000,
    0
  ],
  [
    1604188800000,
    0
  ],
  [
    1604275200000,
    0
  ],
  [
    1604361600000,
    0
  ],
  [
    1604448000000,
    0
  ],
  [
    1604534400000,
    0
  ],
  [
    1604620800000,
    0
  ],
  [
    1604707200000,
    0
  ],
  [
    1604793600000,
    0
  ],
  [
    1604880000000,
    0
  ],
  [
    1604966400000,
    0
  ],
  [
    1605052800000,
    0
  ],
  [
    1605139200000,
    0
  ],
  [
    1605225600000,
    0
  ],
  [
    1605312000000,
    0
  ],
  [
    1605571200000,
    0
  ],
  [
    1605657600000,
    0
  ],
  [
    1605744000000,
    0
  ],
  [
    1605830400000,
    0
  ],
  [
    1605916800000,
    0
  ],
  [
    1606003200000,
    0
  ],
  [
    1606089600000,
    0
  ],
  [
    1606176000000,
    0
  ],
  [
    1606262400000,
    0
  ],
  [
    1606348800000,
    0
  ],
  [
    1606435200000,
    0
  ],
  [
    1606521600000,
    0
  ],
  [
    1606608000000,
    0
  ],
  [
    1606694400000,
    0
  ],
  [
    1606780800000,
    0
  ],
  [
    1606867200000,
    0
  ],
  [
    1606953600000,
    0
  ],
  [
    1607040000000,
    0
  ],
  [
    1607126400000,
    0
  ],
  [
    1607212800000,
    0
  ],
  [
    1607299200000,
    0
  ],
  [
    1607385600000,
    0
  ],
  [
    1607472000000,
    0
  ],
  [
    1607558400000,
    0
  ],
  [
    1607644800000,
    0
  ],
  [
    1607731200000,
    0
  ],
  [
    1607817600000,
    0
  ],
  [
    1607904000000,
    0
  ],
  [
    1607990400000,
    0
  ],
  [
    1608076800000,
    0
  ],
  [
    1608163200000,
    0
  ],
  [
    1608249600000,
    0
  ],
  [
    1608336000000,
    0
  ],
  [
    1608422400000,
    0
  ],
  [
    1608508800000,
    0
  ],
  [
    1608595200000,
    0
  ],
  [
    1608681600000,
    0
  ],
  [
    1608768000000,
    0
  ],
  [
    1608854400000,
    0
  ],
  [
    1608940800000,
    0
  ],
  [
    1609027200000,
    0
  ],
  [
    1609113600000,
    0
  ],
  [
    1609200000000,
    0
  ],
  [
    1609286400000,
    0
  ],
  [
    1609372800000,
    0
  ],
  [
    1609459200000,
    0
  ],
  [
    1609545600000,
    0
  ],
  [
    1609632000000,
    0
  ],
  [
    1609718400000,
    0
  ],
  [
    1609804800000,
    0
  ],
  [
    1609891200000,
    0
  ],
  [
    1609977600000,
    0
  ],
  [
    1610064000000,
    0
  ],
  [
    1610150400000,
    0
  ],
  [
    1610236800000,
    0
  ],
  [
    1610323200000,
    0
  ],
  [
    1610409600000,
    0
  ],
  [
    1610496000000,
    0
  ],
  [
    1610582400000,
    0
  ],
  [
    1610668800000,
    0
  ],
  [
    1610755200000,
    0
  ],
  [
    1610841600000,
    0
  ],
  [
    1610928000000,
    0
  ],
  [
    1611014400000,
    0
  ],
  [
    1611100800000,
    0
  ],
  [
    1611187200000,
    0
  ],
  [
    1611273600000,
    0
  ],
  [
    1611360000000,
    0
  ],
  [
    1611446400000,
    0
  ],
  [
    1611532800000,
    0
  ],
  [
    1611619200000,
    0
  ],
  [
    1611705600000,
    0
  ],
  [
    1611792000000,
    0
  ],
  [
    1611878400000,
    0
  ],
  [
    1611964800000,
    0
  ],
  [
    1612051200000,
    0
  ],
  [
    1612137600000,
    0
  ],
  [
    1612224000000,
    0
  ],
  [
    1612310400000,
    0
  ],
  [
    1612396800000,
    0
  ],
  [
    1612483200000,
    0
  ],
  [
    1612569600000,
    0
  ],
  [
    1612656000000,
    0
  ],
  [
    1612742400000,
    0
  ],
  [
    1612828800000,
    0
  ],
  [
    1612915200000,
    0
  ],
  [
    1613001600000,
    0
  ],
  [
    1613088000000,
    0
  ],
  [
    1613174400000,
    0
  ],
  [
    1613260800000,
    0
  ],
  [
    1613347200000,
    0
  ],
  [
    1613433600000,
    0
  ],
  [
    1613520000000,
    0
  ],
  [
    1613606400000,
    0
  ],
  [
    1613692800000,
    0
  ],
  [
    1613779200000,
    0
  ],
  [
    1613865600000,
    0
  ],
  [
    1613952000000,
    0
  ],
  [
    1614038400000,
    0
  ],
  [
    1614124800000,
    0
  ],
  [
    1614211200000,
    0
  ],
  [
    1614297600000,
    0
  ],
  [
    1614384000000,
    0
  ],
  [
    1614470400000,
    0
  ],
  [
    1614556800000,
    0
  ],
  [
    1614643200000,
    0
  ],
  [
    1614729600000,
    0
  ],
  [
    1614816000000,
    0
  ],
  [
    1614902400000,
    0
  ],
  [
    1614988800000,
    1241325.3282440524
  ],
  [
    1615075200000,
    942398.2265733207
  ],
  [
    1615161600000,
    1287894.9625647855
  ],
  [
    1615248000000,
    1242017.2271382813
  ],
  [
    1615334400000,
    1629603.3399308422
  ],
  [
    1615420800000,
    1012391.3762823985
  ],
  [
    1615507200000,
    1040602.5143032293
  ],
  [
    1615593600000,
    936002.151226953
  ],
  [
    1615680000000,
    779781.6223659066
  ],
  [
    1615766400000,
    694651.3672244211
  ],
  [
    1615852800000,
    592515.6202687955
  ],
  [
    1615939200000,
    565389.5599419506
  ],
  [
    1616025600000,
    575306.9954037874
  ],
  [
    1616112000000,
    527767.113972157
  ],
  [
    1616198400000,
    395032.79146227706
  ],
  [
    1616284800000,
    411913.3417415795
  ],
  [
    1616371200000,
    384862.3931932151
  ],
  [
    1616457600000,
    365986.21941841266
  ],
  [
    1616544000000,
    338163.78822669364
  ],
  [
    1616630400000,
    330140.8907199447
  ],
  [
    1616716800000,
    328064.98651880346
  ],
  [
    1616803200000,
    323276.5957777505
  ],
  [
    1616889600000,
    300715.6330622998
  ],
  [
    1616976000000,
    281414.41865131474
  ],
  [
    1617062400000,
    282518.0968629112
  ],
  [
    1617148800000,
    329068.3442300166
  ],
  [
    1617235200000,
    330187.5298922718
  ],
  [
    1617321600000,
    300810.24056010635
  ],
  [
    1617408000000,
    250252.88632906342
  ],
  [
    1617494400000,
    293892.75011758786
  ],
  [
    1617580800000,
    320588.08957675245
  ],
  [
    1617667200000,
    331049.1220187847
  ],
  [
    1617753600000,
    326030.7991469687
  ],
  [
    1617840000000,
    319783.8262143023
  ],
  [
    1617926400000,
    313380.6176310846
  ],
  [
    1618012800000,
    274920.07092317205
  ],
  [
    1618099200000,
    338444.137957445
  ],
  [
    1618185600000,
    286474.48462306993
  ],
  [
    1618272000000,
    283750.036995127
  ],
  [
    1618358400000,
    263875.7291546059
  ],
  [
    1618444800000,
    251200.23289156487
  ],
  [
    1618531200000,
    290559.3238539518
  ],
  [
    1618617600000,
    277157.24711984565
  ],
  [
    1618704000000,
    639201.866597227
  ],
  [
    1618790400000,
    712792.624600159
  ],
  [
    1618876800000,
    1118565.971068442
  ],
  [
    1618963200000,
    1075188.141896179
  ],
  [
    1619049600000,
    807435.3958753543
  ],
  [
    1619136000000,
    842738.3872174432
  ],
  [
    1619222400000,
    745449.0385621241
  ],
  [
    1619308800000,
    945401.0785707026
  ],
  [
    1619395200000,
    886013.3969163577
  ],
  [
    1619481600000,
    859740.5158550463
  ],
  [
    1619568000000,
    834377.4219479787
  ],
  [
    1619654400000,
    956311.1581177686
  ],
  [
    1619740800000,
    711778.4984803767
  ],
  [
    1619827200000,
    767690.8597489336
  ],
  [
    1619913600000,
    806493.9140033381
  ],
  [
    1620000000000,
    793398.4420538882
  ],
  [
    1620086400000,
    786152.2490112964
  ],
  [
    1620172800000,
    763114.1230124925
  ],
  [
    1620259200000,
    801286.3836069097
  ],
  [
    1620345600000,
    813230.1754228293
  ],
  [
    1620432000000,
    813230.1754228293
  ],
  [
    1620518400000,
    813230.1754228293
  ],
  [
    1620604800000,
    813230.1754228293
  ],
  [
    1620691200000,
    813230.1754228293
  ],
  [
    1620864000000,
    813230.1754228293
  ],
  [
    1620950400000,
    813230.1754228293
  ],
  [
    1621036800000,
    813230.1754228293
  ],
  [
    1621123200000,
    813230.1754228293
  ],
  [
    1621209600000,
    840497.0593249988
  ],
  [
    1621296000000,
    1016673.9135682915
  ],
  [
    1621382400000,
    941861.0394681707
  ],
  [
    1621468800000,
    769323.4690917507
  ],
  [
    1621555200000,
    795227.260116477
  ],
  [
    1621641600000,
    817050.9780229867
  ],
  [
    1621728000000,
    607461.9461880176
  ],
  [
    1621814400000,
    637905.5468000269
  ],
  [
    1621900800000,
    1347783.505076564
  ],
  [
    1621987200000,
    1365469.1286026584
  ],
  [
    1622073600000,
    818378.2423263289
  ],
  [
    1622160000000,
    943103.0512988372
  ],
  [
    1622246400000,
    861643.2132536964
  ],
  [
    1622332800000,
    779070.9536805409
  ],
  [
    1622419200000,
    844988.8561615825
  ],
  [
    1622505600000,
    851248.2575475946
  ],
  [
    1622592000000,
    815598.627376426
  ],
  [
    1622678400000,
    882103.0424901509
  ],
  [
    1622764800000,
    902874.2293122964
  ],
  [
    1622851200000,
    944932.9000507422
  ],
  [
    1622937600000,
    931516.7020816007
  ],
  [
    1623024000000,
    918136.3751639181
  ],
  [
    1623110400000,
    907020.5730521698
  ],
  [
    1623196800000,
    729062.6914887622
  ],
  [
    1623283200000,
    914743.4197237567
  ],
  [
    1623369600000,
    836273.7412366323
  ],
  [
    1623456000000,
    753631.7378160635
  ],
  [
    1623542400000,
    787082.2578539978
  ],
  [
    1623628800000,
    780843.379267917
  ],
  [
    1623715200000,
    836925.1137875722
  ],
  [
    1623801600000,
    782421.6982519609
  ],
  [
    1623888000000,
    757444.0394887485
  ],
  [
    1623974400000,
    760720.0750658887
  ],
  [
    1624060800000,
    738605.6052502352
  ],
  [
    1624147200000,
    768617.2825637931
  ],
  [
    1624233600000,
    890007.7220515029
  ],
  [
    1624320000000,
    788993.327762056
  ],
  [
    1624406400000,
    691914.0679214913
  ],
  [
    1624492800000,
    743414.2416910593
  ],
  [
    1624579200000,
    720767.0096242895
  ],
  [
    1624665600000,
    700559.7629132057
  ],
  [
    1624752000000,
    682925.5925242018
  ],
  [
    1624838400000,
    666945.8188722264
  ],
  [
    1624924800000,
    665987.163983182
  ],
  [
    1625011200000,
    765060.1586415034
  ],
  [
    1625097600000,
    923058.0280026861
  ],
  [
    1625184000000,
    922814.885553163
  ],
  [
    1625270400000,
    907316.1105905295
  ],
  [
    1625356800000,
    822336.9127735569
  ],
  [
    1625443200000,
    744675.1759518665
  ],
  [
    1625529600000,
    926741.0294797594
  ],
  [
    1625616000000,
    801306.2577929476
  ],
  [
    1625702400000,
    789190.7114113217
  ],
  [
    1625788800000,
    782374.4766910663
  ],
  [
    1625875200000,
    827801.6709353683
  ],
  [
    1625961600000,
    733899.4513680253
  ],
  [
    1626048000000,
    717280.193668713
  ],
  [
    1626134400000,
    730487.6056802778
  ],
  [
    1626220800000,
    686109.4995087209
  ],
  [
    1626307200000,
    733250.4839577966
  ],
  [
    1626393600000,
    632470.8069452815
  ],
  [
    1626480000000,
    613213.4106298303
  ],
  [
    1626566400000,
    582074.5583616504
  ],
  [
    1626652800000,
    551198.5986569683
  ],
  [
    1626739200000,
    507244.9465681934
  ],
  [
    1626825600000,
    496844.7607144931
  ],
  [
    1626912000000,
    492745.2460359788
  ],
  [
    1626998400000,
    551506.0190825518
  ],
  [
    1627084800000,
    631380.0017378654
  ],
  [
    1627171200000,
    568800.4341812275
  ],
  [
    1627257600000,
    593784.8590660508
  ],
  [
    1627344000000,
    597236.4854224258
  ],
  [
    1627430400000,
    572421.2788125182
  ],
  [
    1627516800000,
    609140.6632534267
  ],
  [
    1627603200000,
    632545.8343375627
  ],
  [
    1627689600000,
    605152.9133027227
  ],
  [
    1627776000000,
    602424.1218919231
  ],
  [
    1627862400000,
    570035.3010308946
  ],
  [
    1627948800000,
    576040.7637460736
  ],
  [
    1628035200000,
    561114.6642417245
  ],
  [
    1628121600000,
    549941.8834209555
  ],
  [
    1628208000000,
    653788.5999199576
  ],
  [
    1628294400000,
    552493.7848258888
  ],
  [
    1628380800000,
    580991.5395635348
  ],
  [
    1628467200000,
    552337.0114244776
  ],
  [
    1628553600000,
    487350.52158468973
  ],
  [
    1628640000000,
    544185.6731523105
  ],
  [
    1628726400000,
    564447.1488427708
  ],
  [
    1628812800000,
    494479.90324765595
  ],
  [
    1628899200000,
    558265.0974619398
  ],
  [
    1628985600000,
    520787.794206042
  ],
  [
    1629072000000,
    478506.59773378406
  ],
  [
    1629158400000,
    453851.9924124283
  ],
  [
    1629244800000,
    463616.3257796198
  ],
  [
    1629331200000,
    467985.90325735847
  ],
  [
    1629417600000,
    463128.4074356266
  ],
  [
    1629504000000,
    477681.90594140714
  ],
  [
    1629590400000,
    443976.8557622749
  ],
  [
    1629676800000,
    450780.40720491053
  ],
  [
    1629763200000,
    623019.29998916
  ],
  [
    1629849600000,
    533215.1595893358
  ],
  [
    1629936000000,
    500312.0180985076
  ],
  [
    1630022400000,
    503838.6119906221
  ],
  [
    1630108800000,
    500797.76968643547
  ],
  [
    1630195200000,
    506243.9187959256
  ],
  [
    1630281600000,
    508834.97337061306
  ],
  [
    1630368000000,
    570359.8641248142
  ],
  [
    1630454400000,
    561145.5554924302
  ],
  [
    1630540800000,
    569375.5393826463
  ],
  [
    1630627200000,
    554646.0139480117
  ]
]