[
  [
    1512777600000,
    5226.89846203238
  ],
  [
    1512864000000,
    6129.05204620181
  ],
  [
    1512950400000,
    2145.77003127896
  ],
  [
    1513036800000,
    2100.62392447596
  ],
  [
    1513123200000,
    142.379608363415
  ],
  [
    1513209600000,
    8082.46989492259
  ],
  [
    1513296000000,
    29195.9539491017
  ],
  [
    1513382400000,
    5328.50808883318
  ],
  [
    1513468800000,
    7997.82395735012
  ],
  [
    1513555200000,
    37770.7785690114
  ],
  [
    1513641600000,
    33655.3336118281
  ],
  [
    1513728000000,
    23178.0734495723
  ],
  [
    1513814400000,
    19067.091010393
  ],
  [
    1513900800000,
    21297.6092982275
  ],
  [
    1513987200000,
    22268.4190941226
  ],
  [
    1514073600000,
    140.207884845276
  ],
  [
    1514160000000,
    104.079017073977
  ],
  [
    1514246400000,
    32457.9766943079
  ],
  [
    1514332800000,
    39532.3499031716
  ],
  [
    1514419200000,
    63768.2259981356
  ],
  [
    1514505600000,
    42453.5233922998
  ],
  [
    1514592000000,
    14275.3659885214
  ],
  [
    1514678400000,
    535.224615961573
  ],
  [
    1514764800000,
    192.390898255702
  ],
  [
    1514851200000,
    29858.3655418996
  ],
  [
    1514937600000,
    65783.22652036557
  ],
  [
    1515024000000,
    46515.919321876085
  ],
  [
    1515110400000,
    22735.531356449777
  ],
  [
    1515196800000,
    44137.10939960818
  ],
  [
    1515283200000,
    40930.79861645888
  ],
  [
    1515369600000,
    44108.065301543254
  ],
  [
    1515456000000,
    71925.87743517307
  ],
  [
    1515542400000,
    64681.95576551003
  ],
  [
    1515628800000,
    329327.59783935826
  ],
  [
    1515715200000,
    269371.7034389982
  ],
  [
    1515801600000,
    71266.96085749568
  ],
  [
    1515888000000,
    39285.99407186096
  ],
  [
    1515974400000,
    152288.95851967193
  ],
  [
    1516060800000,
    62742.79377025165
  ],
  [
    1516147200000,
    36044.51126880859
  ],
  [
    1516233600000,
    56102.48748578266
  ],
  [
    1516320000000,
    8778.229627936225
  ],
  [
    1516406400000,
    5395.230524408929
  ],
  [
    1516492800000,
    6175.466484101328
  ],
  [
    1516579200000,
    85240.54723449769
  ],
  [
    1516665600000,
    140761.02038802183
  ],
  [
    1516752000000,
    242593.06829513496
  ],
  [
    1516838400000,
    119331.46335343891
  ],
  [
    1516924800000,
    80409.66371724379
  ],
  [
    1517011200000,
    63067.34044758603
  ],
  [
    1517097600000,
    48955.46483996001
  ],
  [
    1517184000000,
    141791.04621832084
  ],
  [
    1517270727015,
    142859.8747955115
  ],
  [
    1517356800000,
    119383.94244972026
  ],
  [
    1517443200000,
    109388.0870243804
  ],
  [
    1517529600000,
    106374.85718072663
  ],
  [
    1517616000000,
    91126.45701583715
  ],
  [
    1517702400000,
    94998.16945485758
  ],
  [
    1517788800000,
    37689.279237816314
  ],
  [
    1517875200000,
    60359.31803760854
  ],
  [
    1517961600000,
    87471.51482408663
  ],
  [
    1518048329201,
    74490.50235221072
  ],
  [
    1518134400000,
    86837.35444258289
  ],
  [
    1518220800000,
    89892.0075513433
  ],
  [
    1518307200000,
    38184.12518021235
  ],
  [
    1518393600000,
    19788.82489796251
  ],
  [
    1518480000000,
    70374.42394503325
  ],
  [
    1518566400000,
    51901.64861882386
  ],
  [
    1518652800000,
    79033.60424393286
  ],
  [
    1518739200000,
    72171.10969091167
  ],
  [
    1518825600000,
    54820.14235235046
  ],
  [
    1518912000000,
    30155.01757497735
  ],
  [
    1518998400000,
    246730.45624555895
  ],
  [
    1519084800000,
    164459.52110740182
  ],
  [
    1519171200000,
    130818.41090429257
  ],
  [
    1519257600000,
    129767.53608521898
  ],
  [
    1519344000000,
    132968.3712768195
  ],
  [
    1519430400000,
    136379.8455458811
  ],
  [
    1519516800000,
    73434.74313014698
  ],
  [
    1519603200000,
    64502.41479401822
  ],
  [
    1519689600000,
    161809.2305653708
  ],
  [
    1519776000000,
    168211.5743834434
  ],
  [
    1519862400000,
    92108.14284117712
  ],
  [
    1519948800000,
    135787.848439331
  ],
  [
    1520035200000,
    128723.34918988304
  ],
  [
    1520121600000,
    94893.69376067857
  ],
  [
    1520208000000,
    63277.26887327124
  ],
  [
    1520294400000,
    138229.61198285222
  ],
  [
    1520380800000,
    105515.84468822124
  ],
  [
    1520467200000,
    145407.1718589695
  ],
  [
    1520553600000,
    93822.84760597812
  ],
  [
    1520640000000,
    119633.21677176924
  ],
  [
    1520726400000,
    48916.8906447803
  ],
  [
    1520812800000,
    52822.08486233973
  ],
  [
    1520899200000,
    106466.61581365674
  ],
  [
    1520985600000,
    100667.69713512115
  ],
  [
    1521072000000,
    103623.4546328199
  ],
  [
    1521158400000,
    110682.6801145881
  ],
  [
    1521244800000,
    6122.1173242173145
  ],
  [
    1521331200000,
    58383.577396763336
  ],
  [
    1521417600000,
    44146.52345904017
  ],
  [
    1521504000000,
    94675.9904814846
  ],
  [
    1521590400000,
    146374.84693918034
  ],
  [
    1521676800000,
    120806.77045731389
  ],
  [
    1521763200000,
    116102.93646203516
  ],
  [
    1521849600000,
    100207.90343609953
  ],
  [
    1521936000000,
    51267.23160765032
  ],
  [
    1522022400000,
    47535.17087070779
  ],
  [
    1522108800000,
    94164.4087603737
  ],
  [
    1522195200000,
    98272.81386238942
  ],
  [
    1522281600000,
    106363.27036290428
  ],
  [
    1522368000000,
    89291.57650809396
  ],
  [
    1522454400000,
    85674.62035450355
  ],
  [
    1522540800000,
    49522.75268703814
  ],
  [
    1522627200000,
    47333.63176584998
  ],
  [
    1522713600000,
    81030.31606273945
  ],
  [
    1522800000000,
    98751.66685571462
  ],
  [
    1522886400000,
    106535.43653798579
  ],
  [
    1522972800000,
    101916.08854659354
  ],
  [
    1523059200000,
    111662.95496143872
  ],
  [
    1523145600000,
    78349.36615605892
  ],
  [
    1523232000000,
    74438.27015786222
  ],
  [
    1523318400000,
    47775.2161834687
  ],
  [
    1523404800000,
    91662.91561099539
  ],
  [
    1523491200000,
    71570.29545053479
  ],
  [
    1523577600000,
    88572.58795098841
  ],
  [
    1523664000000,
    84897.40370966021
  ],
  [
    1523750400000,
    53539.32888511765
  ],
  [
    1523836800000,
    48087.838264042286
  ],
  [
    1523923200000,
    100368.22738031101
  ],
  [
    1524009600000,
    94367.7904249459
  ],
  [
    1524096000000,
    100420.50357364588
  ],
  [
    1524182400000,
    87841.31880965161
  ],
  [
    1524268800000,
    75595.80116949663
  ],
  [
    1524355200000,
    129479.90773273795
  ],
  [
    1524441600000,
    70753.98434683084
  ],
  [
    1524528000000,
    88862.89561050739
  ],
  [
    1524614400000,
    110409.57614729565
  ],
  [
    1524700800000,
    102215.44043672593
  ],
  [
    1524787200000,
    88380.80966363491
  ],
  [
    1524873600000,
    72017.4514735026
  ],
  [
    1524960000000,
    72973.60114069321
  ],
  [
    1525046400000,
    55650.64906430547
  ],
  [
    1525132800000,
    96509.26675469957
  ],
  [
    1525219200000,
    46942.59153514387
  ],
  [
    1525305600000,
    131839.80171533476
  ],
  [
    1525392000000,
    97641.38714977799
  ],
  [
    1525478400000,
    105390.74444216065
  ],
  [
    1525564800000,
    65792.82284940105
  ],
  [
    1525651200000,
    54252.93959086747
  ],
  [
    1525737600000,
    73196.02356322826
  ],
  [
    1525824000000,
    101213.03160739144
  ],
  [
    1525910400000,
    65854.5253272086
  ],
  [
    1525996800000,
    74778.09342828518
  ],
  [
    1526083200000,
    63847.24279213521
  ],
  [
    1526169600000,
    41450.96375561214
  ],
  [
    1526256000000,
    41196.13678781766
  ],
  [
    1526342400000,
    58467.77095805282
  ],
  [
    1526428800000,
    62523.307771983404
  ],
  [
    1526515200000,
    48532.48273596721
  ],
  [
    1526601600000,
    50167.55547262699
  ],
  [
    1526688000000,
    60009.405045712934
  ],
  [
    1526774400000,
    6791.671959838031
  ],
  [
    1526860800000,
    49445.490133304
  ],
  [
    1526947200000,
    67376.13736175545
  ],
  [
    1527033600000,
    69678.13718467734
  ],
  [
    1527120000000,
    54221.130100970375
  ],
  [
    1527206400000,
    54502.24394939318
  ],
  [
    1527292800000,
    53234.91401108524
  ],
  [
    1527379200000,
    32828.73297056463
  ],
  [
    1527465600000,
    24031.249743087115
  ],
  [
    1527552000000,
    53611.66989447908
  ],
  [
    1527638400000,
    54598.7619935912
  ],
  [
    1527724800000,
    46781.26867480344
  ],
  [
    1527811200000,
    36386.98379290836
  ],
  [
    1527897600000,
    62565.81707090317
  ],
  [
    1527984000000,
    28098.176198948207
  ],
  [
    1528070400000,
    34307.85147415795
  ],
  [
    1528156800000,
    42017.64639382145
  ],
  [
    1528243200000,
    47341.74320857928
  ],
  [
    1528329600000,
    51985.700509857874
  ],
  [
    1528416000000,
    42565.97999085566
  ],
  [
    1528502400000,
    48668.61436252987
  ],
  [
    1528588800000,
    35578.49645381178
  ],
  [
    1528675200000,
    22973.224978665472
  ],
  [
    1528761600000,
    40650.56917561257
  ],
  [
    1528848000000,
    52701.442270866464
  ],
  [
    1528934400000,
    45395.96205215186
  ],
  [
    1529020800000,
    39567.015759819114
  ],
  [
    1529107200000,
    48060.03390786987
  ],
  [
    1529193600000,
    25844.157181951865
  ],
  [
    1529280000000,
    35038.89773109916
  ],
  [
    1529366400000,
    38914.11011847649
  ],
  [
    1529452800000,
    38576.55988591791
  ],
  [
    1529539200000,
    47863.52440228924
  ],
  [
    1529625600000,
    47035.62939414703
  ],
  [
    1529712000000,
    47062.70347670876
  ],
  [
    1529798400000,
    42144.472812125576
  ],
  [
    1529884800000,
    25338.622105741502
  ],
  [
    1529971200000,
    42708.311983495565
  ],
  [
    1530057600000,
    39994.034327886104
  ],
  [
    1530144000000,
    31416.06066458091
  ],
  [
    1530230400000,
    21121.372764141903
  ],
  [
    1530316800000,
    24311.566141896612
  ],
  [
    1530403200000,
    22655.42861393904
  ],
  [
    1530489600000,
    22361.437184059578
  ],
  [
    1530576000000,
    48848.17848128633
  ],
  [
    1530662400000,
    33850.59224522422
  ],
  [
    1530748800000,
    60699.0521603361
  ],
  [
    1530835200000,
    49098.506923481786
  ],
  [
    1530921600000,
    52843.39664696564
  ],
  [
    1531008000000,
    24301.977537260344
  ],
  [
    1531094400000,
    50499.343448715
  ],
  [
    1531180800000,
    35935.19985237192
  ],
  [
    1531267200000,
    53722.201423454244
  ],
  [
    1531353600000,
    35613.5324900331
  ],
  [
    1531440000000,
    31290.38676266242
  ],
  [
    1531526400000,
    49889.1257677405
  ],
  [
    1531612800000,
    25225.734625131292
  ],
  [
    1531699200000,
    32319.125431553304
  ],
  [
    1531785600000,
    38653.60938282407
  ],
  [
    1531872000000,
    34902.09925700882
  ],
  [
    1531958400000,
    46053.39873876173
  ],
  [
    1532044800000,
    38590.832171070455
  ],
  [
    1532131200000,
    42189.23980608597
  ],
  [
    1532217600000,
    25466.855174430035
  ],
  [
    1532304000000,
    30391.974381266635
  ],
  [
    1532390400000,
    41334.951910626834
  ],
  [
    1532476800000,
    61750.58537825091
  ],
  [
    1532563200000,
    44613.801903946674
  ],
  [
    1532649600000,
    41800.33751383839
  ],
  [
    1532736000000,
    42106.705096897924
  ],
  [
    1532822400000,
    30278.425316313438
  ],
  [
    1532908800000,
    39846.650661945074
  ],
  [
    1532995200000,
    36372.53052217115
  ],
  [
    1533081600000,
    31750.019012023033
  ],
  [
    1533168000000,
    28837.572534368162
  ],
  [
    1533254400000,
    31532.349829864303
  ],
  [
    1533340800000,
    25610.165742508718
  ],
  [
    1533427200000,
    28038.225264135832
  ],
  [
    1533513600000,
    26857.72176469441
  ],
  [
    1533600000000,
    35980.985832077946
  ],
  [
    1533686400000,
    30017.873745106917
  ],
  [
    1533772800000,
    36922.51358030775
  ],
  [
    1533859200000,
    35215.36734534618
  ],
  [
    1533945600000,
    33355.91794382087
  ],
  [
    1534032000000,
    26119.952404393418
  ],
  [
    1534118400000,
    31888.637494778017
  ],
  [
    1534204800000,
    32441.343367295085
  ],
  [
    1534291200000,
    35197.5652318627
  ],
  [
    1534377600000,
    29335.987975391767
  ],
  [
    1534464000000,
    33880.646464402584
  ],
  [
    1534550400000,
    40620.278926663574
  ],
  [
    1534636800000,
    16235.848307700475
  ],
  [
    1534723200000,
    24837.92804346255
  ],
  [
    1534809600000,
    38862.66530867549
  ],
  [
    1534896000000,
    37507.14024459909
  ],
  [
    1534982400000,
    33512.90465918952
  ],
  [
    1535068800000,
    30010.187115403514
  ],
  [
    1535155200000,
    31586.202802105337
  ],
  [
    1535241600000,
    20838.631409950423
  ],
  [
    1535328000000,
    30628.005121821505
  ],
  [
    1535414400000,
    27647.225525693386
  ],
  [
    1535500800000,
    28516.97526564521
  ],
  [
    1535587200000,
    27895.46142422201
  ],
  [
    1535673600000,
    28784.34497161058
  ],
  [
    1535760000000,
    29413.52546916279
  ],
  [
    1535846400000,
    25694.722114769684
  ],
  [
    1535932800000,
    27654.57038882474
  ],
  [
    1536019200000,
    29522.253988620734
  ],
  [
    1536105600000,
    22782.30007101109
  ],
  [
    1536192000000,
    31089.45383201023
  ],
  [
    1536278400000,
    24650.468629441308
  ],
  [
    1536364800000,
    22306.036792483672
  ],
  [
    1536451200000,
    30082.61745248905
  ],
  [
    1536537600000,
    18879.775648255578
  ],
  [
    1536624000000,
    23109.838284035086
  ],
  [
    1536710400000,
    20272.92649064018
  ],
  [
    1536796800000,
    20040.212331161452
  ],
  [
    1536883200000,
    28895.637494512615
  ],
  [
    1536969600000,
    27548.549112564706
  ],
  [
    1537056000000,
    24230.309283575865
  ],
  [
    1537142400000,
    21363.87901052181
  ],
  [
    1537228800000,
    36964.862935027784
  ],
  [
    1537315200000,
    24375.33137349045
  ],
  [
    1537401600000,
    22400.460532118672
  ],
  [
    1537488000000,
    24119.829724166153
  ],
  [
    1537574400000,
    28847.943663986727
  ],
  [
    1537660800000,
    23115.70465061456
  ],
  [
    1537747200000,
    22056.23590052949
  ],
  [
    1537833600000,
    29041.314292136576
  ],
  [
    1537920000000,
    23992.946862519293
  ],
  [
    1538006400000,
    17831.207370691573
  ],
  [
    1538092800000,
    27151.4793613409
  ],
  [
    1538179200000,
    23896.21090786467
  ],
  [
    1538265600000,
    28244.12078927966
  ],
  [
    1538352000000,
    21298.97796757841
  ],
  [
    1538438400000,
    24615.54730108918
  ],
  [
    1538524800000,
    34797.567021832765
  ],
  [
    1538611200000,
    27772.302688462496
  ],
  [
    1538697600000,
    24233.61898278308
  ],
  [
    1538784000000,
    28841.179449317842
  ],
  [
    1538870400000,
    16967.10129400061
  ],
  [
    1538956800000,
    21181.12066711519
  ],
  [
    1539043200000,
    33021.91393928802
  ],
  [
    1539129600000,
    29408.699676799082
  ],
  [
    1539216000000,
    29562.736762228807
  ],
  [
    1539302400000,
    22630.81215629398
  ],
  [
    1539388800000,
    23621.612870109482
  ],
  [
    1539475200000,
    19449.947486411686
  ],
  [
    1539561600000,
    19443.077206512775
  ],
  [
    1539648000000,
    25153.73938267798
  ],
  [
    1539734400000,
    28640.151872311464
  ],
  [
    1539820800000,
    26029.782426700138
  ],
  [
    1539907200000,
    21811.974285260385
  ],
  [
    1539993600000,
    29320.862524920278
  ],
  [
    1540080000000,
    21041.08414059863
  ],
  [
    1540166400000,
    22313.055101763268
  ],
  [
    1540252800000,
    25118.22314720507
  ],
  [
    1540339200000,
    28619.53417500918
  ],
  [
    1540425600000,
    24509.729557783903
  ],
  [
    1540512000000,
    27973.897076213343
  ],
  [
    1540598400000,
    26909.91666504676
  ],
  [
    1540684800000,
    19828.92739129742
  ],
  [
    1540771200000,
    23016.31204524333
  ],
  [
    1540857600000,
    24994.180093095987
  ],
  [
    1540944000000,
    25945.93758462875
  ],
  [
    1541030400000,
    31254.25882494386
  ],
  [
    1541116800000,
    21027.149739589582
  ],
  [
    1541203200000,
    24203.49522086787
  ],
  [
    1541289600000,
    22846.77622199177
  ],
  [
    1541376000000,
    19993.908792157992
  ],
  [
    1541462400000,
    27033.908063788083
  ],
  [
    1541548800000,
    23969.226446345114
  ],
  [
    1541635200000,
    16345.46523489333
  ],
  [
    1541721600000,
    21879.825897706665
  ],
  [
    1541808000000,
    21268.287256766478
  ],
  [
    1541894400000,
    22912.801667654974
  ],
  [
    1541980800000,
    26737.4678245094
  ],
  [
    1542067200000,
    24158.61373961116
  ],
  [
    1542153600000,
    26367.15049898083
  ],
  [
    1542240000000,
    19960.37177189218
  ],
  [
    1542326400000,
    19059.784650589936
  ],
  [
    1542412800000,
    19429.908675086986
  ],
  [
    1542499200000,
    19533.990983138185
  ],
  [
    1542585600000,
    16843.05165937457
  ],
  [
    1542672000000,
    19218.834404460686
  ],
  [
    1542758400000,
    17261.469657527636
  ],
  [
    1542844800000,
    17578.872803612532
  ],
  [
    1542931200000,
    15004.130553710958
  ],
  [
    1543017600000,
    13867.814361664105
  ],
  [
    1543104000000,
    13551.290234608172
  ],
  [
    1543190400000,
    12682.29768710358
  ],
  [
    1543276800000,
    12481.734010687167
  ],
  [
    1543363200000,
    18183.310921675697
  ],
  [
    1543449600000,
    14606.81314871269
  ],
  [
    1543536000000,
    12763.422341033887
  ],
  [
    1543622400000,
    12146.24022799273
  ],
  [
    1543708800000,
    13635.334413178512
  ],
  [
    1543795200000,
    14035.765697729637
  ],
  [
    1543881600000,
    14076.36456784438
  ],
  [
    1543968000000,
    15401.776727908002
  ],
  [
    1544054400000,
    12796.98760989467
  ],
  [
    1544140800000,
    9777.494064404504
  ],
  [
    1544227200000,
    11914.897382520134
  ],
  [
    1544313600000,
    12127.685581123385
  ],
  [
    1544400000000,
    10429.262681859542
  ],
  [
    1544486400000,
    12849.418031608746
  ],
  [
    1544572800000,
    14197.157137970322
  ],
  [
    1544659200000,
    11737.308977765557
  ],
  [
    1544745600000,
    10011.13785168263
  ],
  [
    1544832000000,
    13121.835371584988
  ],
  [
    1544918400000,
    9379.905776703277
  ],
  [
    1545004800000,
    10636.364186303901
  ],
  [
    1545091200000,
    14727.81956027058
  ],
  [
    1545177600000,
    15924.260260280864
  ],
  [
    1545264000000,
    15532.515298723161
  ],
  [
    1545350400000,
    18044.704201693603
  ],
  [
    1545436800000,
    15007.534434506646
  ],
  [
    1545523200000,
    13095.837132477593
  ],
  [
    1545609600000,
    10312.428067011846
  ],
  [
    1545696000000,
    16138.16233160792
  ],
  [
    1545782400000,
    11571.05050676997
  ],
  [
    1545868800000,
    14157.50977420468
  ],
  [
    1545955200000,
    10487.209765514968
  ],
  [
    1546041600000,
    10371.719325829372
  ],
  [
    1546128000000,
    12760.494412322832
  ],
  [
    1546214400000,
    12773.841111500622
  ],
  [
    1546300800000,
    9622.521842889004
  ],
  [
    1546387200000,
    8951.405253523226
  ],
  [
    1546473600000,
    12258.302845071561
  ],
  [
    1546560000000,
    12769.006561047316
  ],
  [
    1546646400000,
    9977.914493685206
  ],
  [
    1546732800000,
    11099.696574642585
  ],
  [
    1546819200000,
    14356.17572539109
  ],
  [
    1546905600000,
    14272.722665663188
  ],
  [
    1546992000000,
    11276.77973591768
  ],
  [
    1547078400000,
    12947.672569073427
  ],
  [
    1547164800000,
    15043.868996230673
  ],
  [
    1547251200000,
    13361.673783013744
  ],
  [
    1547337600000,
    11718.62492716632
  ],
  [
    1547424000000,
    12987.020281808014
  ],
  [
    1547510400000,
    11958.317139744977
  ],
  [
    1547596800000,
    10916.31121880207
  ],
  [
    1547683200000,
    11501.647505937988
  ],
  [
    1547769600000,
    11960.79259587527
  ],
  [
    1547856000000,
    11496.169008317107
  ],
  [
    1547942400000,
    12484.553721888065
  ],
  [
    1548028800000,
    12821.936599620338
  ],
  [
    1548115200000,
    11297.75257559659
  ],
  [
    1548201600000,
    9475.490747619764
  ],
  [
    1548288000000,
    9463.866108858552
  ],
  [
    1548374400000,
    13397.65797790539
  ],
  [
    1548460800000,
    10390.504046354483
  ],
  [
    1548547200000,
    11227.324876576547
  ],
  [
    1548633600000,
    12314.59167854828
  ],
  [
    1548720000000,
    10867.3752701938
  ],
  [
    1548806400000,
    13568.683736825931
  ],
  [
    1548892800000,
    12235.433163067768
  ],
  [
    1548979200000,
    11375.574957953922
  ],
  [
    1549065600000,
    11493.717398202969
  ],
  [
    1549152000000,
    7088.8793351676495
  ],
  [
    1549238400000,
    9065.718376830944
  ],
  [
    1549324800000,
    11665.413484567052
  ],
  [
    1549411200000,
    10689.642908721835
  ],
  [
    1549497600000,
    8097.283745228431
  ],
  [
    1549584000000,
    9613.47212206968
  ],
  [
    1549670400000,
    10973.904758248804
  ],
  [
    1549756800000,
    12059.255365946401
  ],
  [
    1549843200000,
    14350.320306524938
  ],
  [
    1549929600000,
    11347.386755362604
  ],
  [
    1550016000000,
    10693.94564720838
  ],
  [
    1550102400000,
    11773.897824049005
  ],
  [
    1550188800000,
    10319.534583217079
  ],
  [
    1550275200000,
    11033.250883846635
  ],
  [
    1550361600000,
    10962.634285008871
  ],
  [
    1550448000000,
    10681.871953807258
  ],
  [
    1550534400000,
    11614.396686220365
  ],
  [
    1550620800000,
    8880.464628045107
  ],
  [
    1550707200000,
    12545.833090592074
  ],
  [
    1550793600000,
    10999.563661223743
  ],
  [
    1550880000000,
    17267.067190527923
  ],
  [
    1550966400000,
    20950.113070432926
  ],
  [
    1551052800000,
    9187.726894389541
  ],
  [
    1551139200000,
    13604.212747717007
  ],
  [
    1551225600000,
    12742.597742831578
  ],
  [
    1551312000000,
    12842.54910821274
  ],
  [
    1551398400000,
    13415.983784151196
  ],
  [
    1551484800000,
    14940.21085668674
  ],
  [
    1551571200000,
    13971.455521882708
  ],
  [
    1551657600000,
    15818.922664581361
  ],
  [
    1551744000000,
    11404.378996271023
  ],
  [
    1551830400000,
    14992.422248176415
  ],
  [
    1551916800000,
    13318.729898262221
  ],
  [
    1552003200000,
    10942.31471627106
  ],
  [
    1552089600000,
    12658.3301641851
  ],
  [
    1552176000000,
    12582.462038642916
  ],
  [
    1552262400000,
    10720.426930955226
  ],
  [
    1552348800000,
    11274.154870067476
  ],
  [
    1552435200000,
    12363.044391919046
  ],
  [
    1552521600000,
    10148.828349504878
  ],
  [
    1552608000000,
    13968.281550125206
  ],
  [
    1552694400000,
    16104.718850468773
  ],
  [
    1552780800000,
    15352.96507305434
  ],
  [
    1552867200000,
    11121.396934458708
  ],
  [
    1552953600000,
    13371.270895308768
  ],
  [
    1553040000000,
    11963.38556938915
  ],
  [
    1553126400000,
    13608.795084424086
  ],
  [
    1553212800000,
    15235.609569350527
  ],
  [
    1553299200000,
    14607.892676583535
  ],
  [
    1553385600000,
    13413.967629222767
  ],
  [
    1553472000000,
    14401.68812373202
  ],
  [
    1553558400000,
    8827.556689873345
  ],
  [
    1553644800000,
    11267.066908302615
  ],
  [
    1553731200000,
    11884.15660911004
  ],
  [
    1553817600000,
    12196.117346414465
  ],
  [
    1553904000000,
    6058.934403678153
  ],
  [
    1553990400000,
    9391.257013685718
  ],
  [
    1554076800000,
    16154.441084814505
  ],
  [
    1554163200000,
    12262.809957372328
  ],
  [
    1554249600000,
    13684.832300026006
  ],
  [
    1554336000000,
    14788.680178075163
  ],
  [
    1554422400000,
    12711.523113278121
  ],
  [
    1554508800000,
    15471.035056222705
  ],
  [
    1554595200000,
    14859.579415156937
  ],
  [
    1554681600000,
    11673.949391266593
  ],
  [
    1554768000000,
    15785.83857332319
  ],
  [
    1554854400000,
    16177.702916651748
  ],
  [
    1554940800000,
    16478.90787020629
  ],
  [
    1555027200000,
    20535.8686631637
  ],
  [
    1555113600000,
    15828.802104429136
  ],
  [
    1555200000000,
    15446.258867049959
  ],
  [
    1555286400000,
    16972.129900682976
  ],
  [
    1555372800000,
    17794.672772564434
  ],
  [
    1555459200000,
    17443.550357355685
  ],
  [
    1555545600000,
    18076.36328390298
  ],
  [
    1555632000000,
    13767.464698019377
  ],
  [
    1555718400000,
    15698.640144213874
  ],
  [
    1555804800000,
    15646.254668121166
  ],
  [
    1555891200000,
    18270.991393427237
  ],
  [
    1555977600000,
    28758.225634269435
  ],
  [
    1556064000000,
    16384.058195532045
  ],
  [
    1556150400000,
    14976.202259014293
  ],
  [
    1556236800000,
    4406.217706865594
  ],
  [
    1556323200000,
    5983.054733680791
  ],
  [
    1556409600000,
    4773.428480826498
  ],
  [
    1556496000000,
    4024.839287592961
  ],
  [
    1556582400000,
    4333.501900254204
  ],
  [
    1556668800000,
    2687.626141539047
  ],
  [
    1556755200000,
    6484.805786741719
  ],
  [
    1556841600000,
    5999.580047077981
  ],
  [
    1556928000000,
    5839.457690920876
  ],
  [
    1557014400000,
    4075.520789382349
  ],
  [
    1557100800000,
    4792.2600286756715
  ],
  [
    1557187200000,
    4443.563494741912
  ],
  [
    1557273600000,
    5614.269512294703
  ],
  [
    1557360000000,
    5509.259082801337
  ],
  [
    1557446400000,
    4542.565168393017
  ],
  [
    1557532800000,
    5666.96814740834
  ],
  [
    1557619200000,
    7641.723182143709
  ],
  [
    1557705600000,
    6706.121843607299
  ],
  [
    1557792000000,
    11035.87798689653
  ],
  [
    1557878400000,
    13454.852015699864
  ],
  [
    1557964800000,
    6795.664671620349
  ],
  [
    1558051200000,
    9396.538973915085
  ],
  [
    1558137600000,
    5853.355578382691
  ],
  [
    1558224000000,
    7686.233326881208
  ],
  [
    1558310400000,
    5065.1816264806275
  ],
  [
    1558396800000,
    4886.9664303538875
  ],
  [
    1558483200000,
    9182.599459584824
  ],
  [
    1558569600000,
    4756.156528019759
  ],
  [
    1558656000000,
    10087.647953780997
  ],
  [
    1558742400000,
    6721.483680429495
  ],
  [
    1558828800000,
    7007.451103350128
  ],
  [
    1558915200000,
    5671.5152651207045
  ],
  [
    1559001600000,
    5008.870213896191
  ],
  [
    1559088000000,
    8530.397396997014
  ],
  [
    1559174400000,
    13632.188761956866
  ],
  [
    1559260800000,
    5156.853589207548
  ],
  [
    1559347200000,
    6848.315453953093
  ],
  [
    1559433600000,
    11853.467931161316
  ],
  [
    1559520000000,
    5474.2286029951665
  ],
  [
    1559606400000,
    10859.801790850035
  ],
  [
    1559692800000,
    7044.032392151309
  ],
  [
    1559779200000,
    8511.365171253292
  ],
  [
    1559865600000,
    12697.654824525704
  ],
  [
    1559952000000,
    6948.371838461018
  ],
  [
    1560038400000,
    6973.796095313135
  ],
  [
    1560124800000,
    8645.702674237737
  ],
  [
    1560211200000,
    2935.6210331621487
  ],
  [
    1560297600000,
    6049.9194711301925
  ],
  [
    1560384000000,
    6156.974348911709
  ],
  [
    1560470400000,
    5609.819594564121
  ],
  [
    1560556800000,
    3968.3161052761097
  ],
  [
    1560643200000,
    7958.625191234023
  ],
  [
    1560729600000,
    9572.482166671482
  ],
  [
    1560816000000,
    10318.29092497485
  ],
  [
    1560902400000,
    10263.932170891152
  ],
  [
    1560988800000,
    7501.436409010253
  ],
  [
    1561075200000,
    8049.527029864664
  ],
  [
    1561161600000,
    8626.8453193988
  ],
  [
    1561248000000,
    11526.163268636146
  ],
  [
    1561334400000,
    13969.540248138777
  ],
  [
    1561420800000,
    8216.991100827856
  ],
  [
    1561507200000,
    8766.868494093254
  ],
  [
    1561593600000,
    8111.0684942877015
  ],
  [
    1561680000000,
    8764.60308101477
  ],
  [
    1561766400000,
    10343.51696025812
  ],
  [
    1561852800000,
    23646.771547467564
  ],
  [
    1561939200000,
    13348.720392033212
  ],
  [
    1562025600000,
    6491.286263693704
  ],
  [
    1562112000000,
    6525.424960018051
  ],
  [
    1562198400000,
    16524.416889757504
  ],
  [
    1562284800000,
    11174.93620374185
  ],
  [
    1562371200000,
    12373.908111360392
  ],
  [
    1562457600000,
    10751.885221350929
  ],
  [
    1562544000000,
    17571.54538601219
  ],
  [
    1562630400000,
    9541.833411115613
  ],
  [
    1562716800000,
    9803.261863219108
  ],
  [
    1562803200000,
    9573.655875410368
  ],
  [
    1562889600000,
    7733.870207397138
  ],
  [
    1562976000000,
    12503.413445495526
  ],
  [
    1563062400000,
    5168.294786411198
  ],
  [
    1563148800000,
    9636.937185335211
  ],
  [
    1563235200000,
    11392.010617710934
  ],
  [
    1563321600000,
    9568.337181779849
  ],
  [
    1563408000000,
    7917.515873927489
  ],
  [
    1563494400000,
    9843.194918040093
  ],
  [
    1563580800000,
    11886.817596232408
  ],
  [
    1563667200000,
    9506.52012822445
  ],
  [
    1563753600000,
    13629.711361894671
  ],
  [
    1563840000000,
    8503.147998641874
  ],
  [
    1563926400000,
    8081.192246636879
  ],
  [
    1564012800000,
    8196.593073106244
  ],
  [
    1564099200000,
    10385.463049445252
  ],
  [
    1564185600000,
    6890.2028206781115
  ],
  [
    1564272000000,
    6975.250600066795
  ],
  [
    1564358400000,
    9305.30298328105
  ],
  [
    1564444800000,
    7650.031049250257
  ],
  [
    1564531200000,
    7074.602530853586
  ],
  [
    1564617600000,
    11839.068569477302
  ],
  [
    1564704000000,
    7686.2753916011
  ],
  [
    1564790400000,
    12727.128718924598
  ],
  [
    1564876800000,
    10292.637543448103
  ],
  [
    1564963200000,
    8634.700783213728
  ],
  [
    1565049600000,
    10322.320814375296
  ],
  [
    1565136000000,
    9144.223155585652
  ],
  [
    1565222400000,
    13930.350491257615
  ],
  [
    1565308800000,
    13675.425535105463
  ],
  [
    1565395200000,
    16380.690204316845
  ],
  [
    1565481600000,
    13526.54331758966
  ],
  [
    1565568000000,
    9759.221085825813
  ],
  [
    1565654400000,
    8340.555539581348
  ],
  [
    1565740800000,
    11886.13168674037
  ],
  [
    1565827200000,
    9003.507467891988
  ],
  [
    1565913600000,
    9358.926445877516
  ],
  [
    1566000000000,
    9094.255815464727
  ],
  [
    1566086400000,
    11546.42204661259
  ],
  [
    1566172800000,
    4711.320480889563
  ],
  [
    1566259200000,
    5562.967882935021
  ],
  [
    1566345600000,
    9088.796208219073
  ],
  [
    1566432000000,
    8776.408660076318
  ],
  [
    1566518400000,
    7956.732458749032
  ],
  [
    1566604800000,
    10461.124156141092
  ],
  [
    1566691200000,
    7266.033471999235
  ],
  [
    1566777600000,
    9397.349854505625
  ],
  [
    1566864000000,
    11358.729635279158
  ],
  [
    1566950400000,
    7781.764277601645
  ],
  [
    1567036800000,
    10809.835474648882
  ],
  [
    1567123200000,
    8593.048615964159
  ],
  [
    1567209600000,
    9834.997826579887
  ],
  [
    1567296000000,
    7001.420534365125
  ],
  [
    1567382400000,
    9154.075195677648
  ],
  [
    1567468800000,
    12004.450605237436
  ],
  [
    1567555200000,
    8819.17790440785
  ],
  [
    1567641600000,
    8505.585487921386
  ],
  [
    1567728000000,
    11992.277568101554
  ],
  [
    1567814400000,
    10966.385292958123
  ],
  [
    1567900800000,
    11883.522675945906
  ],
  [
    1567987200000,
    11260.435730815254
  ],
  [
    1568073600000,
    10350.912814833218
  ],
  [
    1568160000000,
    7955.182821659269
  ],
  [
    1568246400000,
    8409.011425763116
  ],
  [
    1568332800000,
    11802.17496857686
  ],
  [
    1568419200000,
    12188.739736172713
  ],
  [
    1568505600000,
    6361.093841103141
  ],
  [
    1568592000000,
    10377.000386803073
  ],
  [
    1568678400000,
    8141.8106585095675
  ],
  [
    1568764800000,
    9900.404829425106
  ],
  [
    1568851200000,
    8869.44511382593
  ],
  [
    1568937600000,
    11167.242710988276
  ],
  [
    1569024000000,
    9059.20787956989
  ],
  [
    1569110400000,
    11442.274263571102
  ],
  [
    1569196800000,
    5917.448511781998
  ],
  [
    1569283200000,
    9359.704793589272
  ],
  [
    1569369600000,
    9368.541896759853
  ],
  [
    1569456000000,
    10477.893445040707
  ],
  [
    1569542400000,
    8395.149539943011
  ],
  [
    1569628800000,
    8965.033094758897
  ],
  [
    1569715200000,
    8169.1911372554005
  ],
  [
    1569801600000,
    11396.77218993046
  ],
  [
    1569888000000,
    5819.590143266179
  ],
  [
    1569974400000,
    8016.584314220446
  ],
  [
    1570060800000,
    8016.584314220446
  ],
  [
    1570147200000,
    7525.799416745585
  ],
  [
    1570233600000,
    7562.672141787879
  ],
  [
    1570320000000,
    6222.29619700459
  ],
  [
    1570406400000,
    8631.70971685185
  ],
  [
    1570492800000,
    8819.1486236711
  ],
  [
    1570579200000,
    7375.026582329214
  ],
  [
    1570665600000,
    6671.290071306006
  ],
  [
    1570752000000,
    8138.65845827468
  ],
  [
    1570838400000,
    9186.7923335007
  ],
  [
    1570924800000,
    7536.204108143706
  ],
  [
    1571011200000,
    7427.445579935642
  ],
  [
    1571097600000,
    9295.900118794665
  ],
  [
    1571184000000,
    4801.340745122708
  ],
  [
    1571270400000,
    2087.9649232902616
  ],
  [
    1571356800000,
    2229.995981504105
  ],
  [
    1571443200000,
    1370.692196745331
  ],
  [
    1571529600000,
    2366.3654496330532
  ],
  [
    1571616000000,
    1463.9878974781113
  ],
  [
    1571702400000,
    2970.497495132465
  ],
  [
    1571788800000,
    1936.5103156259856
  ],
  [
    1571875200000,
    1673.5698912896096
  ],
  [
    1571961600000,
    2126.531530853342
  ],
  [
    1572048000000,
    1549.4600575477712
  ],
  [
    1572134400000,
    3975.720201558805
  ],
  [
    1572220800000,
    2119.943369587181
  ],
  [
    1572307200000,
    2687.501828976176
  ],
  [
    1572393600000,
    2653.633319047796
  ],
  [
    1572480000000,
    1981.2350795200834
  ],
  [
    1572566400000,
    2322.426753979714
  ],
  [
    1572652800000,
    1962.1827524853716
  ],
  [
    1572739200000,
    2884.592857742173
  ],
  [
    1572825600000,
    2702.15566201597
  ],
  [
    1572912000000,
    3186.2857446976195
  ],
  [
    1572998400000,
    2779.9501062254253
  ],
  [
    1573084800000,
    1920.2217534013053
  ],
  [
    1573171200000,
    2655.5540720949193
  ],
  [
    1573257600000,
    2254.4498335956414
  ],
  [
    1573344000000,
    2900.800148429238
  ],
  [
    1573430400000,
    2267.5537297729134
  ],
  [
    1573516800000,
    2399.259926136818
  ],
  [
    1573603200000,
    1776.1978860084162
  ],
  [
    1573689600000,
    1573.0575971443054
  ],
  [
    1573776000000,
    1686.990824625815
  ],
  [
    1573862400000,
    1732.8725028538945
  ],
  [
    1573948800000,
    2443.2912482365596
  ],
  [
    1574035200000,
    2289.593653290617
  ],
  [
    1574121600000,
    1468.2035196412544
  ],
  [
    1574208000000,
    1978.1788850419323
  ],
  [
    1574294400000,
    2054.9980776612315
  ],
  [
    1574380800000,
    1541.7840442110771
  ],
  [
    1574467200000,
    2451.6559673871966
  ],
  [
    1574553600000,
    2250.127389405553
  ],
  [
    1574640000000,
    991.7588145190406
  ],
  [
    1574726400000,
    2062.824193288768
  ],
  [
    1574812800000,
    1942.688708617093
  ],
  [
    1574899200000,
    1720.1763773905952
  ],
  [
    1574985600000,
    1766.4513864046307
  ],
  [
    1575072000000,
    1656.6048486257723
  ],
  [
    1575158400000,
    1388.9679256201573
  ],
  [
    1575244800000,
    1861.3441511897831
  ],
  [
    1575331200000,
    1980.9663036698532
  ],
  [
    1575417600000,
    1103.5624776285792
  ],
  [
    1575504000000,
    1987.96279719437
  ],
  [
    1575590400000,
    2303.351454440273
  ],
  [
    1575676800000,
    2416.834502214572
  ],
  [
    1575763200000,
    1989.537895697073
  ],
  [
    1575849600000,
    1913.253443715378
  ],
  [
    1575936000000,
    1572.898076783485
  ],
  [
    1576022400000,
    1887.0682455758624
  ],
  [
    1576108800000,
    1371.3369946789364
  ],
  [
    1576195200000,
    1267.9696916845137
  ],
  [
    1576281600000,
    1605.767437037775
  ],
  [
    1576368000000,
    1643.5179709827223
  ],
  [
    1576454400000,
    1977.9736121042363
  ],
  [
    1576540800000,
    1226.339931850569
  ],
  [
    1576627200000,
    1355.5430156688574
  ],
  [
    1576713600000,
    1695.71360595536
  ],
  [
    1576800000000,
    2564.5766095205004
  ],
  [
    1576886400000,
    1562.5329332952595
  ],
  [
    1576972800000,
    2150.1151667446184
  ],
  [
    1577059200000,
    2414.6928570549153
  ],
  [
    1577145600000,
    1408.7072347400995
  ],
  [
    1577232000000,
    2472.4244968909434
  ],
  [
    1577318400000,
    1808.1002806482413
  ],
  [
    1577404800000,
    1561.3170193084784
  ],
  [
    1577491200000,
    1332.5735014337101
  ],
  [
    1577577600000,
    1839.8615782829488
  ],
  [
    1577664000000,
    1533.2120512629601
  ],
  [
    1577750400000,
    1611.8499827494682
  ],
  [
    1577836800000,
    2129.7461791851447
  ],
  [
    1577923200000,
    1878.9548862646886
  ],
  [
    1578009600000,
    1487.4959236478385
  ],
  [
    1578096000000,
    1818.709334670079
  ],
  [
    1578182400000,
    2000.1829439891367
  ],
  [
    1578268800000,
    1791.2380737255164
  ],
  [
    1578355200000,
    2031.1331141883338
  ],
  [
    1578441600000,
    1747.488663998465
  ],
  [
    1578528000000,
    2217.1898922688038
  ],
  [
    1578614400000,
    2139.0048859361386
  ],
  [
    1578700800000,
    1856.916584099454
  ],
  [
    1578787200000,
    1674.1789942307887
  ],
  [
    1578873600000,
    1750.7603096021921
  ],
  [
    1578960000000,
    2769.4440742338215
  ],
  [
    1579046400000,
    3150.4551150681614
  ],
  [
    1579132800000,
    1930.1311940863002
  ],
  [
    1579219200000,
    1849.9622451970547
  ],
  [
    1579305600000,
    1674.127783737703
  ],
  [
    1579392000000,
    2693.939818689739
  ],
  [
    1579478400000,
    1471.831293278622
  ],
  [
    1579564800000,
    1991.749164362358
  ],
  [
    1579651200000,
    1675.975317435052
  ],
  [
    1579737600000,
    2745.050886499085
  ],
  [
    1579824000000,
    1946.7237229078073
  ],
  [
    1579910400000,
    1922.498270780635
  ],
  [
    1579996800000,
    1754.2488930283898
  ],
  [
    1580083200000,
    2910.1230465174385
  ],
  [
    1580169600000,
    2113.328002715519
  ],
  [
    1580256000000,
    2648.7737053836004
  ],
  [
    1580342400000,
    2377.6258433984067
  ],
  [
    1580428800000,
    1859.9732144841726
  ],
  [
    1580515200000,
    1758.2107393505871
  ],
  [
    1580601600000,
    3576.5336138283096
  ],
  [
    1580688000000,
    3247.9221321793925
  ],
  [
    1580774400000,
    2360.923765722954
  ],
  [
    1580860800000,
    2449.7297871506144
  ],
  [
    1580947200000,
    2777.451463357783
  ],
  [
    1581033600000,
    2765.919196945967
  ],
  [
    1581120000000,
    2414.1229648939907
  ],
  [
    1581206400000,
    3102.4874452529284
  ],
  [
    1581292800000,
    2905.369509846121
  ],
  [
    1581379200000,
    2193.9534083357303
  ],
  [
    1581465600000,
    2756.2604412087303
  ],
  [
    1581552000000,
    2903.6563335641813
  ],
  [
    1581638400000,
    3814.9029638936677
  ],
  [
    1581724800000,
    2603.390937521569
  ],
  [
    1581811200000,
    2455.748959444822
  ],
  [
    1581897600000,
    2661.5704160639525
  ],
  [
    1581984000000,
    2895.368243290138
  ],
  [
    1582070400000,
    3409.072085845787
  ],
  [
    1582156800000,
    2768.101167262807
  ],
  [
    1582243200000,
    2623.8021434647135
  ],
  [
    1582329600000,
    3009.6107041433283
  ],
  [
    1582416000000,
    3901.8770999511157
  ],
  [
    1582502400000,
    1815.54828641329
  ],
  [
    1582588800000,
    2915.868856756247
  ],
  [
    1582675200000,
    1370.189881041661
  ],
  [
    1582761600000,
    2296.196888809922
  ],
  [
    1582848000000,
    1554.026596029375
  ],
  [
    1582934400000,
    3373.0159228510847
  ],
  [
    1583020800000,
    1684.3977209739364
  ],
  [
    1583107200000,
    2545.387731684633
  ],
  [
    1583193600000,
    2317.285368476412
  ],
  [
    1583280000000,
    1945.1354865201452
  ],
  [
    1583366400000,
    1912.7803842163448
  ],
  [
    1583452800000,
    2383.9010081788106
  ],
  [
    1583539200000,
    2857.191494763486
  ],
  [
    1583625600000,
    2411.216434416224
  ],
  [
    1583712000000,
    2740.2682148948643
  ],
  [
    1583798400000,
    2987.638252521378
  ],
  [
    1583884800000,
    1906.9242238289517
  ],
  [
    1583971200000,
    1793.4335241374858
  ],
  [
    1584057600000,
    1455.386288464556
  ],
  [
    1584144000000,
    1605.5682922028639
  ],
  [
    1584230400000,
    599.5323950720122
  ],
  [
    1584316800000,
    2072.625786667912
  ],
  [
    1584403200000,
    1621.238760692187
  ],
  [
    1584489600000,
    1097.899750218729
  ],
  [
    1584576000000,
    1491.4992797619545
  ],
  [
    1584662400000,
    1467.1511487825583
  ],
  [
    1584748800000,
    652.1646082917722
  ],
  [
    1584835200000,
    1769.6892490291796
  ],
  [
    1584921600000,
    1682.1865037975804
  ],
  [
    1585008000000,
    2105.692263827685
  ],
  [
    1585094400000,
    1312.5636597897123
  ],
  [
    1585180800000,
    1662.6533853124479
  ],
  [
    1585267200000,
    1608.4486793800713
  ],
  [
    1585353600000,
    1429.6293299237175
  ],
  [
    1585440000000,
    1342.158146761801
  ],
  [
    1585526400000,
    1148.9136017107603
  ],
  [
    1585612800000,
    2668.9310391619765
  ],
  [
    1585699200000,
    1283.6542666319017
  ],
  [
    1585785600000,
    1095.6262412858655
  ],
  [
    1585872000000,
    2005.1723651172144
  ],
  [
    1585958400000,
    1941.3373434382536
  ],
  [
    1586044800000,
    2738.4941607289315
  ],
  [
    1586131200000,
    2743.8503403456525
  ],
  [
    1586217600000,
    1859.525607859389
  ],
  [
    1586304000000,
    1901.4626164167664
  ],
  [
    1586390400000,
    1453.786921386263
  ],
  [
    1586476800000,
    1960.5312382426437
  ],
  [
    1586563200000,
    1638.6675260452776
  ],
  [
    1586649600000,
    2043.7194596937525
  ],
  [
    1586736000000,
    1464.3691444727838
  ],
  [
    1586822400000,
    871.5883000344078
  ],
  [
    1586908800000,
    1539.1068122770644
  ],
  [
    1586995200000,
    1688.829124912775
  ],
  [
    1587081600000,
    1679.5668151919897
  ],
  [
    1587168000000,
    1609.7416231544237
  ],
  [
    1587254400000,
    2433.1040495244065
  ],
  [
    1587340800000,
    1750.750775393373
  ],
  [
    1587427200000,
    1694.192548253857
  ],
  [
    1587513600000,
    1378.5165921531996
  ],
  [
    1587600000000,
    1297.7508159880895
  ],
  [
    1587686400000,
    1315.6003277845314
  ],
  [
    1587772800000,
    2043.622363934993
  ],
  [
    1587859200000,
    510.7513416445549
  ],
  [
    1587945600000,
    2.885187146533215
  ],
  [
    1588291200000,
    0.22475798223290683
  ],
  [
    1588464000000,
    0.12737373627666768
  ],
  [
    1588723200000,
    26.316337195057844
  ],
  [
    1588896000000,
    0.07813499015648936
  ],
  [
    1588982400000,
    851.4447860511848
  ],
  [
    1589068800000,
    3224.3738529756474
  ],
  [
    1589155200000,
    3227.770354880911
  ],
  [
    1589241600000,
    2744.4493761063904
  ],
  [
    1589328000000,
    2471.8423901441815
  ],
  [
    1589414400000,
    2257.125197863636
  ],
  [
    1589500800000,
    1750.4576341257443
  ],
  [
    1589587200000,
    2111.3066463918876
  ],
  [
    1589673600000,
    1837.8781472436888
  ],
  [
    1589760000000,
    2652.59579612894
  ],
  [
    1589846400000,
    2293.7428865431984
  ],
  [
    1589932800000,
    2525.5191491980204
  ],
  [
    1590019200000,
    3372.991609509246
  ],
  [
    1590105600000,
    2205.2335083244625
  ],
  [
    1590192000000,
    2121.6361037300926
  ],
  [
    1590278400000,
    2221.8053726126036
  ],
  [
    1590364800000,
    2150.552337993306
  ],
  [
    1590451200000,
    1665.937083686966
  ],
  [
    1590537600000,
    1783.3476834363535
  ],
  [
    1590624000000,
    2537.7261655035954
  ],
  [
    1590710400000,
    1924.2790372073491
  ],
  [
    1590796800000,
    1834.3483996945774
  ],
  [
    1590883200000,
    2334.9526305836466
  ],
  [
    1590969600000,
    2303.1225644976703
  ],
  [
    1591056000000,
    2292.4055614355507
  ],
  [
    1591142400000,
    2770.83974808103
  ],
  [
    1591228800000,
    2388.948966924101
  ],
  [
    1591315200000,
    3045.2517523419415
  ],
  [
    1591401600000,
    2343.912838572004
  ],
  [
    1591488000000,
    2637.493317055086
  ],
  [
    1591574400000,
    2093.5588082000645
  ],
  [
    1591660800000,
    2998.689288594236
  ],
  [
    1591747200000,
    1969.381603364292
  ],
  [
    1591833600000,
    3333.045588214093
  ],
  [
    1591920000000,
    2651.288255386488
  ],
  [
    1592006400000,
    1485.983749251395
  ],
  [
    1592092800000,
    1562.5178918373124
  ],
  [
    1592179200000,
    2817.8608695726643
  ],
  [
    1592265600000,
    3255.6200432029336
  ],
  [
    1592352000000,
    3176.0095978598147
  ],
  [
    1592438400000,
    1722.37453628821
  ],
  [
    1592524800000,
    1634.8741866110797
  ],
  [
    1592611200000,
    1961.3405213034173
  ],
  [
    1592697600000,
    1936.053175802093
  ],
  [
    1592784000000,
    2860.4610949572316
  ],
  [
    1592870400000,
    989.2465347946404
  ],
  [
    1592956800000,
    2646.8939626654414
  ],
  [
    1593043200000,
    2681.9880625580295
  ],
  [
    1593129600000,
    2547.022387810127
  ],
  [
    1593216000000,
    2183.5996972574453
  ],
  [
    1593302400000,
    2820.9663944234967
  ],
  [
    1593388800000,
    2542.6766513492516
  ],
  [
    1593475200000,
    2494.456821459586
  ],
  [
    1593561600000,
    2704.270580817314
  ],
  [
    1593648000000,
    2855.0597993135007
  ],
  [
    1593734400000,
    2351.613548674227
  ],
  [
    1593820800000,
    1576.4413688157922
  ],
  [
    1593907200000,
    2430.9103784241815
  ],
  [
    1593993600000,
    3040.390967675223
  ],
  [
    1594080000000,
    2641.899250375797
  ],
  [
    1594166400000,
    2752.3338357787666
  ],
  [
    1594252800000,
    2187.072380584079
  ],
  [
    1594339200000,
    2717.0471450408554
  ],
  [
    1594425600000,
    1868.332126226485
  ],
  [
    1594512000000,
    2838.254580983913
  ],
  [
    1594598400000,
    1815.4009053650425
  ],
  [
    1594684800000,
    3679.1206395620775
  ],
  [
    1594771200000,
    2208.009839111916
  ],
  [
    1594857600000,
    3016.6549659480143
  ],
  [
    1594944000000,
    3081.195981427241
  ],
  [
    1595030400000,
    2013.9699296887954
  ],
  [
    1595116800000,
    1728.4323573612776
  ],
  [
    1595203200000,
    2219.2154079100287
  ],
  [
    1595289600000,
    2353.353104004879
  ],
  [
    1595376000000,
    2366.989121382033
  ],
  [
    1595462400000,
    2932.739396934911
  ],
  [
    1595548800000,
    2770.0609205034434
  ],
  [
    1595635200000,
    1873.518171109661
  ],
  [
    1595721600000,
    2957.7522915105037
  ],
  [
    1595808000000,
    2027.0704034597854
  ],
  [
    1595894400000,
    2463.9505509602577
  ],
  [
    1595980800000,
    3656.2239338807203
  ],
  [
    1596067200000,
    2500.82978971464
  ],
  [
    1596153600000,
    3335.7714465080044
  ],
  [
    1596240000000,
    2397.061733480669
  ],
  [
    1596326400000,
    4038.742221916426
  ],
  [
    1596412800000,
    2624.4896160085195
  ],
  [
    1596499200000,
    3067.517091669432
  ],
  [
    1596585600000,
    3266.9856167578955
  ],
  [
    1596672000000,
    3482.101217076399
  ],
  [
    1596758400000,
    3043.1274725006956
  ],
  [
    1596844800000,
    2392.0527399851444
  ],
  [
    1596931200000,
    3124.770624696762
  ],
  [
    1597017600000,
    3583.6754860580368
  ],
  [
    1597104000000,
    3994.989120611956
  ],
  [
    1597190400000,
    4021.0992894009783
  ],
  [
    1597276800000,
    2511.3102515733735
  ],
  [
    1597363200000,
    2781.9004064404235
  ],
  [
    1597449600000,
    3107.3151874913956
  ],
  [
    1597536000000,
    3718.7685124393515
  ],
  [
    1597622400000,
    3182.285086288029
  ],
  [
    1597708800000,
    4189.1435348830655
  ],
  [
    1597795200000,
    2848.4584765123914
  ],
  [
    1597881600000,
    2401.6834190919453
  ],
  [
    1597968000000,
    3259.6756407426597
  ],
  [
    1598054400000,
    2492.912856342226
  ],
  [
    1598140800000,
    2790.3980429215967
  ],
  [
    1598227200000,
    1800.1650268911937
  ],
  [
    1598313600000,
    3390.1522636736245
  ],
  [
    1598400000000,
    2990.684202206973
  ],
  [
    1598486400000,
    2741.6201322138672
  ],
  [
    1598572800000,
    1555.8835658310118
  ],
  [
    1598659200000,
    107.04568227539177
  ],
  [
    1601424000000,
    5.82572647194936
  ],
  [
    1601510400000,
    5.82572647194936
  ],
  [
    1602028800000,
    0.20065362035620735
  ],
  [
    1602115200000,
    0.20065362035620735
  ],
  [
    1603584000000,
    4.080144432491546
  ],
  [
    1603670400000,
    4.080144432491546
  ],
  [
    1605571200000,
    0.44807379841646927
  ],
  [
    1605657600000,
    0.44807379841646927
  ],
  [
    1609027200000,
    0.3551258163922375
  ],
  [
    1609113600000,
    0.3551258163922375
  ],
  [
    1609718400000,
    4.805013141298153
  ],
  [
    1609804800000,
    4.805013141298153
  ],
  [
    1610064000000,
    6.063551351152604
  ],
  [
    1610150400000,
    6.063551351152604
  ],
  [
    1610236800000,
    1.8433523751285485
  ],
  [
    1611187200000,
    1.2564422785971578
  ],
  [
    1611273600000,
    1.2564422785971578
  ],
  [
    1611619200000,
    0.2008700496500165
  ],
  [
    1611705600000,
    0.2008700496500165
  ],
  [
    1612310400000,
    6.162656586839691
  ],
  [
    1612396800000,
    6.162656586839691
  ],
  [
    1612483200000,
    5.801594037307332
  ],
  [
    1612569600000,
    1.7220094076737478
  ],
  [
    1612742400000,
    0.8204357000640619
  ],
  [
    1612828800000,
    0.8204357000640619
  ],
  [
    1613088000000,
    4.505789730240667
  ],
  [
    1613174400000,
    4.505789730240667
  ],
  [
    1613260800000,
    0.7271731239870116
  ],
  [
    1615420800000,
    5.665794699990269
  ],
  [
    1615507200000,
    5.665794699990269
  ],
  [
    1620518400000,
    1.4998474333316696
  ],
  [
    1620604800000,
    1.4998474333316696
  ],
  [
    1621123200000,
    7.6065244131310905
  ],
  [
    1621209600000,
    7.6065244131310905
  ],
  [
    1621296000000,
    1.741416643583824
  ],
  [
    1621382400000,
    12.17894076626382
  ],
  [
    1622073600000,
    18.106205079485697
  ],
  [
    1622160000000,
    18.106205079485697
  ],
  [
    1624147200000,
    6.012806991005824
  ],
  [
    1624233600000,
    6.012806991005824
  ],
  [
    1624320000000,
    4.913209291793606
  ],
  [
    1625616000000,
    0.3629764741758561
  ],
  [
    1625702400000,
    0.3629764741758561
  ],
  [
    1629676800000,
    3.7957982072929637
  ],
  [
    1629763200000,
    3.7957982072929637
  ]
]