[
  [
    1521849600000,
    0.053927086794998594
  ],
  [
    1521936000000,
    0.05323302542879794
  ],
  [
    1522281600000,
    0.007534240563881173
  ],
  [
    1522368000000,
    0.00826602147027785
  ],
  [
    1522454400000,
    0.008566334729972539
  ],
  [
    1522540800000,
    0.008599079433141253
  ],
  [
    1522627200000,
    0.037888283837878754
  ],
  [
    1522713600000,
    0.00665559219837421
  ],
  [
    1522800000000,
    0.0071657818503040125
  ],
  [
    1522886400000,
    0.03759462082017989
  ],
  [
    1522972800000,
    0.03853432877419454
  ],
  [
    1523059200000,
    0.03673578685858826
  ],
  [
    1523232000000,
    0.007962682221210132
  ],
  [
    1523318400000,
    0.008114625216601508
  ],
  [
    1523404800000,
    0.039714317383760515
  ],
  [
    1523491200000,
    0.0705801963133773
  ],
  [
    1523664000000,
    0.08105920681158207
  ],
  [
    1523750400000,
    0.006949889426179055
  ],
  [
    1523836800000,
    0.007975171083826964
  ],
  [
    1523923200000,
    0.07534574952213452
  ],
  [
    1524009600000,
    0.010550322019397556
  ],
  [
    1524096000000,
    0.01088240787972369
  ],
  [
    1524182400000,
    0.012779329778805826
  ],
  [
    1524268800000,
    0.014150526835222502
  ],
  [
    1524355200000,
    0.005505555301610063
  ],
  [
    1524441600000,
    0.012193746217058455
  ],
  [
    1524528000000,
    0.012470168588282092
  ],
  [
    1524614400000,
    0.0563760935707032
  ],
  [
    1524700800000,
    0.10030009548649167
  ],
  [
    1524787200000,
    0.049039386642659714
  ],
  [
    1524873600000,
    0.06755271610947478
  ],
  [
    1524960000000,
    0.008905508901835845
  ],
  [
    1525046400000,
    0.008020612657727959
  ],
  [
    1525132800000,
    0.10383729570215863
  ],
  [
    1525219200000,
    0.04280719601278482
  ],
  [
    1525305600000,
    0.007115669350787548
  ],
  [
    1525392000000,
    0.00759847704907054
  ],
  [
    1525478400000,
    0.008353929548127118
  ],
  [
    1525564800000,
    0.00907739068581964
  ],
  [
    1525651200000,
    0.009224538839486316
  ],
  [
    1525737600000,
    0.007984347263063069
  ],
  [
    1525824000000,
    0.008128116665739166
  ],
  [
    1525910400000,
    0.022936314825330237
  ],
  [
    1525996800000,
    0.007767272621644957
  ],
  [
    1526083200000,
    0.0075422356700716
  ],
  [
    1526169600000,
    0.00764741071830039
  ],
  [
    1526256000000,
    0.007543036678738386
  ],
  [
    1526342400000,
    0.006522786677296995
  ],
  [
    1526428800000,
    0.005460890034713962
  ],
  [
    1526515200000,
    0.005006470098975231
  ],
  [
    1526601600000,
    0.004636791727481657
  ],
  [
    1526688000000,
    0.004511430543102758
  ],
  [
    1526774400000,
    0.004451849750286126
  ],
  [
    1526860800000,
    0.0042321888069341675
  ],
  [
    1526947200000,
    0.004505358622573581
  ],
  [
    1527033600000,
    0.003996526207239082
  ],
  [
    1527120000000,
    0.0033648891172534117
  ],
  [
    1527206400000,
    0.0035949968894009757
  ],
  [
    1527292800000,
    0.0034354177060386677
  ],
  [
    1527379200000,
    0.0032241834217068667
  ],
  [
    1527465600000,
    0.0035900496672775224
  ],
  [
    1527552000000,
    0.002986648948361383
  ],
  [
    1527638400000,
    0.002834640974397354
  ],
  [
    1527724800000,
    0.0029011131214944454
  ],
  [
    1527811200000,
    0.002630740782687475
  ],
  [
    1527897600000,
    0.0028449752906554017
  ],
  [
    1527984000000,
    0.002724170560005341
  ],
  [
    1528070400000,
    0.0028031608667152793
  ],
  [
    1528156800000,
    0.00269403777916472
  ],
  [
    1528243200000,
    0.0027992234186632044
  ],
  [
    1528329600000,
    0.002740856690803904
  ],
  [
    1528416000000,
    0.0027402039546083065
  ],
  [
    1528502400000,
    0.0026504380235205295
  ],
  [
    1528588800000,
    0.0025947644572086987
  ],
  [
    1528675200000,
    0.0014175903329162482
  ],
  [
    1528761600000,
    0.0019889888901031254
  ],
  [
    1528848000000,
    0.0018795820200708656
  ],
  [
    1528934400000,
    0.0014616311365621625
  ],
  [
    1529020800000,
    0.0014333974254139104
  ],
  [
    1529107200000,
    0.001601701762377495
  ],
  [
    1529193600000,
    0.0022027926146807606
  ],
  [
    1529280000000,
    0.0015455773067652209
  ],
  [
    1529366400000,
    0.0016026080166988655
  ],
  [
    1529452800000,
    0.0016193142970657988
  ],
  [
    1529539200000,
    0.0016129291614057576
  ],
  [
    1529625600000,
    0.0015454531355703909
  ],
  [
    1529712000000,
    0.0014225109630282577
  ],
  [
    1529798400000,
    0.0014173754951363976
  ],
  [
    1529884800000,
    0.0014059947055039441
  ],
  [
    1529971200000,
    0.0022724242106768574
  ],
  [
    1530057600000,
    0.0013102639087581287
  ],
  [
    1530144000000,
    0.0016525036689694773
  ],
  [
    1530230400000,
    0.0013166990763358608
  ],
  [
    1530316800000,
    0.0014215013463298066
  ],
  [
    1530403200000,
    0.0019736148989737403
  ],
  [
    1530489600000,
    0.0016236409142665771
  ],
  [
    1530576000000,
    0.0020448570399136294
  ],
  [
    1530662400000,
    0.002014252169420461
  ],
  [
    1530748800000,
    0.002034443738507541
  ],
  [
    1530835200000,
    0.002622498850557214
  ],
  [
    1530921600000,
    0.0027695036711390835
  ],
  [
    1531008000000,
    0.002890646487800589
  ],
  [
    1531094400000,
    0.003146688448731181
  ],
  [
    1531180800000,
    0.0029140504903693164
  ],
  [
    1531267200000,
    0.002995841768757414
  ],
  [
    1531353600000,
    0.0029282067905787136
  ],
  [
    1531440000000,
    0.002924052284837083
  ],
  [
    1531526400000,
    0.0029164571920884935
  ],
  [
    1531612800000,
    0.0025790375476084323
  ],
  [
    1531699200000,
    0.002855397261015207
  ],
  [
    1531785600000,
    0.003028455339476688
  ],
  [
    1531872000000,
    0.0037283372270252237
  ],
  [
    1531958400000,
    0.0032745720983947554
  ],
  [
    1532044800000,
    0.00314752030610165
  ],
  [
    1532131200000,
    0.0032234261560335473
  ],
  [
    1532217600000,
    0.003176363919154632
  ],
  [
    1532304000000,
    0.0031088574854453172
  ],
  [
    1532390400000,
    0.003312147796828689
  ],
  [
    1532476800000,
    0.0035381408765882477
  ],
  [
    1532563200000,
    0.0035502033161032218
  ],
  [
    1532649600000,
    0.0033286970279304546
  ],
  [
    1532736000000,
    0.0035006552092716613
  ],
  [
    1532822400000,
    0.00352288799363301
  ],
  [
    1532908800000,
    0.003452812806756814
  ],
  [
    1532995200000,
    0.0034372185179846345
  ],
  [
    1533081600000,
    0.0032542590103638385
  ],
  [
    1533168000000,
    0.003193855719616401
  ],
  [
    1533254400000,
    0.003167510792144824
  ],
  [
    1533340800000,
    0.003116635086480615
  ],
  [
    1533427200000,
    0.0018240368853838938
  ],
  [
    1533513600000,
    0.0020224950657451017
  ],
  [
    1536969600000,
    0.0006694115488644028
  ],
  [
    1537056000000,
    0.0011121580203869957
  ],
  [
    1537142400000,
    0.0011225579901590567
  ],
  [
    1537228800000,
    0.0006262510943094182
  ],
  [
    1537315200000,
    0.000634877228453706
  ],
  [
    1537401600000,
    0.000638364587993039
  ],
  [
    1537488000000,
    0.000649697322764424
  ],
  [
    1537574400000,
    0.0005407286286073992
  ],
  [
    1537660800000,
    0.0006826236510005415
  ],
  [
    1537747200000,
    0.0006701396769257447
  ],
  [
    1537833600000,
    0.000658982643744426
  ],
  [
    1537920000000,
    0.000641840980412559
  ],
  [
    1538006400000,
    0.000646871462216975
  ],
  [
    1538092800000,
    0.0006025593413147499
  ],
  [
    1538179200000,
    0.000663883905829337
  ],
  [
    1538265600000,
    0.000594220623265503
  ],
  [
    1538352000000,
    0.000662227744936829
  ],
  [
    1538438400000,
    0.0006323978956474584
  ],
  [
    1538524800000,
    0.0007841046732597516
  ],
  [
    1538611200000,
    0.0007157627292769789
  ],
  [
    1538697600000,
    0.0007236647700784843
  ],
  [
    1538784000000,
    0.0007285312627254013
  ],
  [
    1538870400000,
    0.0007244577898344502
  ],
  [
    1538956800000,
    0.0007256677013908124
  ],
  [
    1539043200000,
    0.0007325057976359673
  ],
  [
    1539129600000,
    0.0007304381111328222
  ],
  [
    1539216000000,
    0.0007886160655115921
  ],
  [
    1539302400000,
    0.0006862926979535277
  ],
  [
    1539388800000,
    0.0006887676103178765
  ],
  [
    1539475200000,
    0.0006953314132731989
  ],
  [
    1539561600000,
    0.0006960440619859628
  ],
  [
    1539648000000,
    0.0007369546804564678
  ],
  [
    1539734400000,
    0.001531966728003508
  ],
  [
    1539820800000,
    0.0011349106297698385
  ],
  [
    1539907200000,
    0.0027349702189777645
  ],
  [
    1539993600000,
    0.0026630917523039832
  ],
  [
    1540080000000,
    0.0020066063658445363
  ],
  [
    1540166400000,
    0.003011364766100861
  ],
  [
    1540252800000,
    0.0020700668564561657
  ],
  [
    1540339200000,
    0.0029258685123472305
  ],
  [
    1540425600000,
    0.0029296837877346585
  ],
  [
    1540512000000,
    0.0029192801353959586
  ],
  [
    1540598400000,
    0.0022729320773497144
  ],
  [
    1540684800000,
    0.001812521141179574
  ],
  [
    1540771200000,
    0.0027244183692772283
  ],
  [
    1540857600000,
    0.00334532855229639
  ],
  [
    1540944000000,
    0.0026598152705305483
  ],
  [
    1541030400000,
    0.0034524862102225996
  ],
  [
    1541116800000,
    0.0034511063583666924
  ],
  [
    1541203200000,
    0.0036156510440069614
  ],
  [
    1541289600000,
    0.0027464036207780086
  ],
  [
    1541376000000,
    0.0027500914323530033
  ],
  [
    1541462400000,
    0.0027385159002036156
  ],
  [
    1541548800000,
    0.0031834281754771414
  ],
  [
    1541635200000,
    0.004339888082330183
  ],
  [
    1541721600000,
    0.004339888082330183
  ],
  [
    1541808000000,
    0.002822787957425634
  ],
  [
    1541894400000,
    0.0028337296796981217
  ],
  [
    1541980800000,
    0.0028337296796981217
  ],
  [
    1542067200000,
    0.0028337296796981217
  ],
  [
    1542153600000,
    0.0028337296796981217
  ],
  [
    1542240000000,
    0.0024406116382280725
  ],
  [
    1542326400000,
    0.00233454461302343
  ],
  [
    1542412800000,
    0.00233454461302343
  ],
  [
    1542499200000,
    0.0023544975760722278
  ],
  [
    1542585600000,
    0.0023715726789705466
  ],
  [
    1542672000000,
    0.002344875072400819
  ],
  [
    1542758400000,
    0.0021979538211626976
  ],
  [
    1542844800000,
    0.0018994276574442887
  ],
  [
    1542931200000,
    0.0018811530593572958
  ],
  [
    1543017600000,
    0.001536228099543284
  ],
  [
    1543104000000,
    0.0012540739994393695
  ],
  [
    1543190400000,
    0.001245255939903065
  ],
  [
    1543276800000,
    0.001245255939903065
  ],
  [
    1543363200000,
    0.001245255939903065
  ],
  [
    1543449600000,
    0.001279515413290017
  ],
  [
    1543536000000,
    0.0008984618566433916
  ],
  [
    1543622400000,
    0.0006849829682133419
  ],
  [
    1543708800000,
    0.0007136268982618525
  ],
  [
    1543795200000,
    0.0007136268982618525
  ],
  [
    1543881600000,
    0.0007136268982618525
  ],
  [
    1543968000000,
    0.0008276535293436648
  ],
  [
    1544054400000,
    0.000813014696955783
  ],
  [
    1544140800000,
    0.000813014696955783
  ],
  [
    1544227200000,
    0.0007146013212663906
  ],
  [
    1544313600000,
    0.0007103973367251411
  ],
  [
    1544400000000,
    0.0008
  ],
  [
    1544486400000,
    0.0007984870229454451
  ],
  [
    1544572800000,
    0.0005749048909853361
  ],
  [
    1544659200000,
    0.0005883211824837745
  ],
  [
    1544745600000,
    0.0005883211824837745
  ],
  [
    1544832000000,
    0.0005883211824837745
  ],
  [
    1544918400000,
    0.0005468179835954938
  ],
  [
    1545004800000,
    0.0005522109255637405
  ],
  [
    1545091200000,
    0.0005956321147287709
  ],
  [
    1545177600000,
    0.0005967132827142491
  ],
  [
    1545264000000,
    0.0006215345548502511
  ],
  [
    1545350400000,
    0.0006157589865793636
  ],
  [
    1545436800000,
    0.0006157589865793636
  ],
  [
    1545523200000,
    0.0007271511526773875
  ],
  [
    1545609600000,
    0.0007086833909995608
  ],
  [
    1545696000000,
    0.0007086833909995608
  ],
  [
    1545782400000,
    0.0006352837685262111
  ],
  [
    1545868800000,
    0.0006363258149509813
  ],
  [
    1545955200000,
    0.0006363258149509813
  ],
  [
    1546041600000,
    0.0006540499726957474
  ],
  [
    1546128000000,
    0.0005874966097033584
  ],
  [
    1546214400000,
    0.000579492297871795
  ],
  [
    1546300800000,
    0.0005692176958108855
  ],
  [
    1546387200000,
    0.0005692176958108855
  ],
  [
    1546473600000,
    0.0006797882563338515
  ],
  [
    1546560000000,
    0.0006801845795193402
  ],
  [
    1546646400000,
    0.0006801845795193402
  ],
  [
    1546732800000,
    0.0006801845795193402
  ],
  [
    1546819200000,
    0.0006801845795193402
  ],
  [
    1546905600000,
    0.0010555661171951349
  ],
  [
    1546992000000,
    0.0008453286730849376
  ],
  [
    1547078400000,
    0.0008759098421122082
  ],
  [
    1547164800000,
    0.0008759098421122082
  ],
  [
    1547251200000,
    0.0008759098421122082
  ],
  [
    1547337600000,
    0.0008759098421122082
  ],
  [
    1547424000000,
    0.0006281930989774692
  ],
  [
    1547510400000,
    0.0006548840358325002
  ],
  [
    1547596800000,
    0.0006415795815911496
  ],
  [
    1547683200000,
    0.0007910608070929146
  ],
  [
    1547769600000,
    0.000615049751324767
  ],
  [
    1547856000000,
    0.000612897040514207
  ],
  [
    1547942400000,
    0.000612897040514207
  ],
  [
    1548028800000,
    0.000672943331257346
  ],
  [
    1548115200000,
    0.0006690741411851073
  ],
  [
    1548201600000,
    0.0006690741411851073
  ],
  [
    1548288000000,
    0.0006690741411851073
  ],
  [
    1548374400000,
    0.0006690741411851073
  ],
  [
    1548460800000,
    0.0006690741411851073
  ],
  [
    1548547200000,
    0.000712803035597268
  ],
  [
    1548633600000,
    0.000712794397795632
  ],
  [
    1548720000000,
    0.000712794397795632
  ],
  [
    1548806400000,
    0.000712794397795632
  ],
  [
    1548892800000,
    0.000712794397795632
  ],
  [
    1548979200000,
    0.000712794397795632
  ],
  [
    1549065600000,
    0.0007279641885210702
  ],
  [
    1549152000000,
    0.0007284812552171742
  ],
  [
    1549238400000,
    0.0007284812552171742
  ],
  [
    1549324800000,
    0.0007275488458803243
  ],
  [
    1549411200000,
    0.0007286191245422103
  ],
  [
    1549497600000,
    0.0007156270186821525
  ],
  [
    1549584000000,
    0.0007156270186821525
  ],
  [
    1549670400000,
    0.0007156270186821525
  ],
  [
    1549756800000,
    0.0007156270186821525
  ],
  [
    1549843200000,
    0.0008089563184064274
  ],
  [
    1549929600000,
    0.0007980990001736532
  ],
  [
    1550016000000,
    0.0007980990001736532
  ],
  [
    1550102400000,
    0.0007980990001736532
  ],
  [
    1550188800000,
    0.0007980990001736532
  ],
  [
    1550275200000,
    0.0007563790318442357
  ],
  [
    1550361600000,
    0.000763588160247024
  ],
  [
    1550448000000,
    0.000763588160247024
  ],
  [
    1550534400000,
    0.0008162064483357645
  ],
  [
    1550620800000,
    0.0008319080902241865
  ],
  [
    1550707200000,
    0.0008593703364836891
  ],
  [
    1550793600000,
    0.0009383063278269793
  ],
  [
    1550880000000,
    0.0008738160023472484
  ],
  [
    1550966400000,
    0.0008900192533721874
  ],
  [
    1551052800000,
    0.0008900192533721874
  ],
  [
    1551139200000,
    0.0008803738008131136
  ],
  [
    1551225600000,
    0.0008741494446746707
  ],
  [
    1551312000000,
    0.0008741494446746707
  ],
  [
    1551398400000,
    0.0010683503758544316
  ],
  [
    1551484800000,
    0.0009503129227681502
  ],
  [
    1551571200000,
    0.0008376180327451582
  ],
  [
    1551657600000,
    0.0008571410889730502
  ],
  [
    1551744000000,
    0.0008028479039608622
  ],
  [
    1551830400000,
    0.0011941748884486828
  ],
  [
    1551916800000,
    0.00096564922957903
  ],
  [
    1552003200000,
    0.0008131553925302136
  ],
  [
    1552089600000,
    0.0008178176182407147
  ],
  [
    1552176000000,
    0.000787380289215392
  ],
  [
    1552262400000,
    0.00078246368479309
  ],
  [
    1552348800000,
    0.00096601452485306
  ],
  [
    1552435200000,
    0.000969668563515295
  ],
  [
    1552521600000,
    0.000773162770162136
  ],
  [
    1552608000000,
    0.000774598272503166
  ],
  [
    1552694400000,
    0.000774598272503166
  ],
  [
    1552780800000,
    0.00100149073272786
  ],
  [
    1552867200000,
    0.0009957698063055975
  ],
  [
    1552953600000,
    0.0009957698063055975
  ],
  [
    1553040000000,
    0.000963317271773592
  ],
  [
    1553126400000,
    0.0009652381223747184
  ],
  [
    1553212800000,
    0.000901100550916157
  ],
  [
    1553299200000,
    0.0005837709452377218
  ],
  [
    1553385600000,
    0.0005837709452377218
  ],
  [
    1553472000000,
    0.0005837709452377218
  ],
  [
    1553558400000,
    0.0009439802276708184
  ],
  [
    1553644800000,
    0.000943995778693944
  ],
  [
    1553731200000,
    0.0009660897339116424
  ],
  [
    1553817600000,
    0.0009660897339116424
  ],
  [
    1553904000000,
    0.0009660897339116424
  ],
  [
    1553990400000,
    0.001025494937695295
  ],
  [
    1554076800000,
    0.0012720564763011452
  ],
  [
    1554163200000,
    0.0012297354955322715
  ],
  [
    1554249600000,
    0.0013104526714012134
  ],
  [
    1554336000000,
    0.0014004420244506845
  ],
  [
    1554422400000,
    0.001402934949821255
  ],
  [
    1554508800000,
    0.0014034528649669053
  ],
  [
    1554595200000,
    0.001463091354112976
  ],
  [
    1554681600000,
    0.001499048436421653
  ],
  [
    1554768000000,
    0.001499048436421653
  ],
  [
    1554854400000,
    0.002201748117920321
  ],
  [
    1554940800000,
    0.00160497630781307
  ],
  [
    1555027200000,
    0.0015729151772521902
  ],
  [
    1555113600000,
    0.001165386586879343
  ],
  [
    1555200000000,
    0.0011634977646317773
  ],
  [
    1555286400000,
    0.0011634977646317773
  ],
  [
    1555372800000,
    0.0011634977646317773
  ],
  [
    1555459200000,
    0.0011634977646317773
  ],
  [
    1555545600000,
    0.0013571747053817862
  ],
  [
    1555632000000,
    0.0016888525421069791
  ],
  [
    1555718400000,
    0.0016901321241445057
  ],
  [
    1555804800000,
    0.0014870159843570557
  ],
  [
    1555891200000,
    0.0015308869299774585
  ],
  [
    1555977600000,
    0.00150480735255977
  ],
  [
    1556064000000,
    0.0015517536562332532
  ],
  [
    1556150400000,
    0.0015217549630413929
  ],
  [
    1556236800000,
    0.0015071998355161717
  ],
  [
    1556323200000,
    0.0014844232325119647
  ],
  [
    1556409600000,
    0.0014822117668470854
  ],
  [
    1556496000000,
    0.0014822117668470854
  ],
  [
    1556582400000,
    0.001488359039167059
  ],
  [
    1556668800000,
    0.0015319862198156337
  ],
  [
    1556755200000,
    0.001551845378442514
  ],
  [
    1556841600000,
    0.0015528887883865263
  ],
  [
    1558569600000,
    0.0015528887883865263
  ],
  [
    1558656000000,
    0.0015528887883865263
  ],
  [
    1558742400000,
    0.0015528887883865263
  ],
  [
    1558828800000,
    0.0015528887883865263
  ],
  [
    1558915200000,
    0.0015528887883865263
  ],
  [
    1559001600000,
    0.0015528887883865263
  ],
  [
    1559088000000,
    0.0015528887883865263
  ],
  [
    1559174400000,
    0.0015528887883865263
  ],
  [
    1559260800000,
    0.0015528887883865263
  ],
  [
    1559347200000,
    0.0015528887883865263
  ],
  [
    1559433600000,
    0.0015528887883865263
  ],
  [
    1559520000000,
    0.0015528887883865263
  ],
  [
    1559606400000,
    0.0015528887883865263
  ],
  [
    1559692800000,
    0.0015528887883865263
  ],
  [
    1559779200000,
    0.0015528887883865263
  ],
  [
    1559865600000,
    0.0015528887883865263
  ],
  [
    1559952000000,
    0.0015528887883865263
  ],
  [
    1560038400000,
    0.0015528887883865263
  ],
  [
    1560124800000,
    0.0015528887883865263
  ],
  [
    1560211200000,
    0.0015528887883865263
  ],
  [
    1560297600000,
    0.0015528887883865263
  ],
  [
    1560556800000,
    0.0015528887883865263
  ],
  [
    1560902400000,
    0.0015528887883865263
  ],
  [
    1560988800000,
    0.0015528887883865263
  ],
  [
    1561680000000,
    0.0015528887883865263
  ],
  [
    1561766400000,
    0.0015528887883865263
  ],
  [
    1561852800000,
    0.0015528887883865263
  ],
  [
    1561939200000,
    0.0015528887883865263
  ],
  [
    1562025600000,
    0.0015528887883865263
  ],
  [
    1562112000000,
    0.0015528887883865263
  ],
  [
    1562198400000,
    0.0015528887883865263
  ],
  [
    1562284800000,
    0.0015528887883865263
  ],
  [
    1562371200000,
    0.0015528887883865263
  ],
  [
    1562457600000,
    0.0015528887883865263
  ],
  [
    1562544000000,
    0.0020351994082159256
  ],
  [
    1562630400000,
    0.0021420951649686677
  ],
  [
    1562716800000,
    0.002453384146849903
  ],
  [
    1562803200000,
    0.004918276549641082
  ],
  [
    1562889600000,
    0.0015637307894048374
  ],
  [
    1562976000000,
    0.0015637307894048374
  ],
  [
    1563062400000,
    0.0015637307894048374
  ],
  [
    1563148800000,
    0.0015637307894048374
  ],
  [
    1563235200000,
    0.002268812506241505
  ],
  [
    1563321600000,
    0.0019938748818402394
  ],
  [
    1563408000000,
    0.002001856262789502
  ],
  [
    1563494400000,
    0.002516196881414951
  ],
  [
    1563580800000,
    0.002516196881414951
  ],
  [
    1563667200000,
    0.002371045097692414
  ],
  [
    1563753600000,
    0.002371045097692414
  ],
  [
    1563840000000,
    0.002156282127686379
  ],
  [
    1563926400000,
    0.002156282127686379
  ],
  [
    1564012800000,
    0.0021209178548731956
  ],
  [
    1564099200000,
    0.002216147335645892
  ],
  [
    1564185600000,
    0.002216147335645892
  ],
  [
    1564272000000,
    0.002216147335645892
  ],
  [
    1564358400000,
    0.002216147335645892
  ],
  [
    1564444800000,
    0.0021138478139445106
  ],
  [
    1564531200000,
    0.002187421659429559
  ],
  [
    1564617600000,
    0.002187421659429559
  ],
  [
    1564704000000,
    0.002105056748628498
  ],
  [
    1564790400000,
    0.002209204081842303
  ],
  [
    1564876800000,
    0.002209204081842303
  ],
  [
    1564963200000,
    0.002291436565900776
  ],
  [
    1565049600000,
    0.00235732859733138
  ],
  [
    1565136000000,
    0.0022702668562083065
  ],
  [
    1565222400000,
    0.0022130239049360633
  ],
  [
    1565308800000,
    0.00234681903522116
  ],
  [
    1565395200000,
    0.00235056571729268
  ],
  [
    1565481600000,
    0.00235056571729268
  ],
  [
    1565568000000,
    0.002385163879574847
  ],
  [
    1565654400000,
    0.0027464485512284417
  ],
  [
    1565740800000,
    0.0027464485512284417
  ],
  [
    1565827200000,
    0.002138643463867554
  ],
  [
    1565913600000,
    0.002138643463867554
  ],
  [
    1566000000000,
    0.002138643463867554
  ],
  [
    1566086400000,
    0.00213640699558251
  ],
  [
    1566172800000,
    0.00213640699558251
  ],
  [
    1566259200000,
    0.002245328673437829
  ],
  [
    1566345600000,
    0.002245328673437829
  ],
  [
    1566432000000,
    0.002245328673437829
  ],
  [
    1566518400000,
    0.002101583229603186
  ],
  [
    1566604800000,
    0.002101583229603186
  ],
  [
    1566691200000,
    0.002101583229603186
  ],
  [
    1566777600000,
    0.0015099711253475214
  ],
  [
    1566864000000,
    0.0015099711253475214
  ],
  [
    1566950400000,
    0.0015099711253475214
  ],
  [
    1567036800000,
    0.0020377846405564117
  ],
  [
    1567123200000,
    0.002033570863890126
  ],
  [
    1567209600000,
    0.0019889882187534994
  ],
  [
    1567296000000,
    0.0018229743950806173
  ],
  [
    1567382400000,
    0.0018229743950806173
  ],
  [
    1567468800000,
    0.0018229743950806173
  ],
  [
    1567555200000,
    0.002241939671802369
  ],
  [
    1567641600000,
    0.002107733198985293
  ],
  [
    1567728000000,
    0.0020639864193293758
  ],
  [
    1567814400000,
    0.002103871781087212
  ],
  [
    1567900800000,
    0.002103871781087212
  ],
  [
    1567987200000,
    0.002182034518420176
  ],
  [
    1568073600000,
    0.002182034518420176
  ],
  [
    1568160000000,
    0.002182034518420176
  ],
  [
    1568246400000,
    0.002233530852197392
  ],
  [
    1568332800000,
    0.002233530852197392
  ],
  [
    1568419200000,
    0.002275663361094772
  ],
  [
    1568505600000,
    0.002275663361094772
  ],
  [
    1568592000000,
    0.00226780939948002
  ],
  [
    1568678400000,
    0.00226780939948002
  ],
  [
    1568764800000,
    0.001736700260482351
  ],
  [
    1568851200000,
    0.001737087272732086
  ],
  [
    1568937600000,
    0.0024369874586282377
  ],
  [
    1569024000000,
    0.00203591627605382
  ],
  [
    1569110400000,
    0.001999238941220916
  ],
  [
    1569196800000,
    0.001999238941220916
  ],
  [
    1569283200000,
    0.001984788008363328
  ],
  [
    1569369600000,
    0.001994765869393284
  ],
  [
    1569456000000,
    0.001994765869393284
  ],
  [
    1569542400000,
    0.0015384607598613509
  ],
  [
    1569628800000,
    0.0013616126709345244
  ],
  [
    1569715200000,
    0.0015503846341150583
  ],
  [
    1569801600000,
    0.0015503846341150583
  ],
  [
    1569888000000,
    0.0015503846341150583
  ],
  [
    1569974400000,
    0.0015660659100632287
  ],
  [
    1570060800000,
    0.0015660659100632287
  ],
  [
    1570147200000,
    0.001551310458538814
  ],
  [
    1570233600000,
    0.0010531009622646284
  ],
  [
    1570320000000,
    0.0010498606447155929
  ],
  [
    1570406400000,
    0.0015236148832485827
  ],
  [
    1570492800000,
    0.001646598163998336
  ],
  [
    1570579200000,
    0.001646598163998336
  ],
  [
    1570665600000,
    0.0014627347898465502
  ],
  [
    1570752000000,
    0.0016194037309059486
  ],
  [
    1570838400000,
    0.001683990682409454
  ],
  [
    1570924800000,
    0.001666626960718112
  ],
  [
    1571011200000,
    0.002441167373370463
  ],
  [
    1571097600000,
    0.00165780059066329
  ],
  [
    1571184000000,
    0.0015735738409972874
  ],
  [
    1571270400000,
    0.0015154696078288504
  ],
  [
    1571356800000,
    0.001615067163343322
  ],
  [
    1571443200000,
    0.001615067163343322
  ],
  [
    1571529600000,
    0.0015098229537122392
  ],
  [
    1571616000000,
    0.0015098229537122392
  ],
  [
    1571702400000,
    0.0014838828580463076
  ],
  [
    1571788800000,
    0.0015604429969705996
  ],
  [
    1571875200000,
    0.0014557063699111924
  ],
  [
    1571961600000,
    0.0014976660299610056
  ],
  [
    1572048000000,
    0.001720538698942452
  ],
  [
    1572134400000,
    0.001720538698942452
  ],
  [
    1572220800000,
    0.001720538698942452
  ],
  [
    1572307200000,
    0.0017067857154418114
  ],
  [
    1572393600000,
    0.00187867333333211
  ],
  [
    1572480000000,
    0.0018761263127784
  ],
  [
    1572566400000,
    0.00172776439735169
  ],
  [
    1572652800000,
    0.001853500199292426
  ],
  [
    1572739200000,
    0.001849367387200136
  ],
  [
    1572825600000,
    0.0020272735488522705
  ],
  [
    1572912000000,
    0.001737503876442236
  ],
  [
    1572998400000,
    0.0017349022852595321
  ],
  [
    1573084800000,
    0.0015630325178078097
  ],
  [
    1573171200000,
    0.001563771693824279
  ],
  [
    1573257600000,
    0.001829630139128044
  ],
  [
    1573344000000,
    0.001756244386167384
  ],
  [
    1573430400000,
    0.0015651616918573269
  ],
  [
    1573516800000,
    0.001748707015604654
  ],
  [
    1573603200000,
    0.001748707015604654
  ],
  [
    1573689600000,
    0.0015569043351153268
  ],
  [
    1573776000000,
    0.0015569043351153268
  ],
  [
    1573862400000,
    0.001711340727044848
  ],
  [
    1573948800000,
    0.0016973261630320428
  ],
  [
    1574035200000,
    0.0016973261630320428
  ],
  [
    1574121600000,
    0.001698637949649668
  ],
  [
    1574208000000,
    0.001698637949649668
  ],
  [
    1574294400000,
    0.0012959818578288592
  ],
  [
    1574380800000,
    0.0012959818578288592
  ],
  [
    1574467200000,
    0.0017922903241583154
  ],
  [
    1574553600000,
    0.0017997415263869753
  ],
  [
    1574640000000,
    0.0015919512176823497
  ],
  [
    1574726400000,
    0.0014124287684526727
  ],
  [
    1574812800000,
    0.0013625264179302984
  ],
  [
    1574899200000,
    0.0014172839547779517
  ],
  [
    1574985600000,
    0.0014172839547779517
  ],
  [
    1575072000000,
    0.002922797336796754
  ],
  [
    1575158400000,
    0.001539485573416282
  ],
  [
    1575244800000,
    0.001485125996390432
  ],
  [
    1575331200000,
    0.0015327247428375582
  ],
  [
    1575417600000,
    0.0015280470169575346
  ],
  [
    1575504000000,
    0.0015280470169575346
  ],
  [
    1575590400000,
    0.0015280470169575346
  ],
  [
    1575676800000,
    0.0015478274661279402
  ],
  [
    1575763200000,
    0.0015478274661279402
  ],
  [
    1575849600000,
    0.0015478274661279402
  ],
  [
    1575936000000,
    0.0015478274661279402
  ],
  [
    1576022400000,
    0.0015478274661279402
  ],
  [
    1576108800000,
    0.0015096308463440652
  ],
  [
    1576195200000,
    0.0010128364051561639
  ],
  [
    1576281600000,
    0.0010128364051561639
  ],
  [
    1576368000000,
    0.001078924176974615
  ],
  [
    1576454400000,
    0.001078924176974615
  ],
  [
    1576540800000,
    0.001484231166544243
  ],
  [
    1576627200000,
    0.0015304352104451864
  ],
  [
    1576713600000,
    0.0015304352104451864
  ],
  [
    1576800000000,
    0.0015304352104451864
  ],
  [
    1576886400000,
    0.0015304352104451864
  ],
  [
    1576972800000,
    0.0015304352104451864
  ],
  [
    1577059200000,
    0.0015304352104451864
  ],
  [
    1577145600000,
    0.0015304352104451864
  ],
  [
    1577232000000,
    0.0015304352104451864
  ],
  [
    1577318400000,
    0.0015304352104451864
  ],
  [
    1577404800000,
    0.0015304352104451864
  ],
  [
    1577923200000,
    0.0012243453590606898
  ],
  [
    1578009600000,
    0.0009131636434159654
  ],
  [
    1578096000000,
    0.0009456862567412052
  ],
  [
    1578182400000,
    0.001394986566066719
  ],
  [
    1578268800000,
    0.001394986566066719
  ],
  [
    1578355200000,
    0.004500732055854929
  ],
  [
    1578441600000,
    0.001522239134383928
  ],
  [
    1578528000000,
    0.0013510404669663583
  ],
  [
    1578614400000,
    0.001051807412853762
  ],
  [
    1578700800000,
    0.001051807412853762
  ],
  [
    1578787200000,
    0.001051807412853762
  ],
  [
    1578873600000,
    0.0013289609666493447
  ],
  [
    1578960000000,
    0.0013289609666493447
  ],
  [
    1579046400000,
    0.0032052867193197755
  ],
  [
    1579132800000,
    0.0016052172461959269
  ],
  [
    1579219200000,
    0.0015276164389971258
  ],
  [
    1579305600000,
    0.0017335594785730277
  ],
  [
    1579392000000,
    0.0017919713063112958
  ],
  [
    1579478400000,
    0.0017185698420913126
  ],
  [
    1579737600000,
    0.0016875358904906521
  ],
  [
    1579996800000,
    0.0016402910790361575
  ],
  [
    1580256000000,
    0.0017505038102522802
  ],
  [
    1580342400000,
    0.0017365198311984332
  ],
  [
    1580428800000,
    0.0018248509044415991
  ],
  [
    1580515200000,
    0.0018181231228249289
  ],
  [
    1580601600000,
    0.0017756660412488034
  ],
  [
    1580688000000,
    0.001401431867121441
  ],
  [
    1580774400000,
    0.0013957902816904245
  ],
  [
    1580860800000,
    0.0013741544391582584
  ],
  [
    1581033600000,
    0.0018777737692246103
  ],
  [
    1581120000000,
    0.0010912818547596968
  ],
  [
    1581206400000,
    0.001629286604660592
  ],
  [
    1581292800000,
    0.0018574236379258367
  ],
  [
    1581379200000,
    0.00186888514714187
  ],
  [
    1581465600000,
    0.00226082287222601
  ],
  [
    1581984000000,
    0.0011003534374771664
  ],
  [
    1582070400000,
    0.0016119861352286923
  ],
  [
    1582675200000,
    0.0015317303022946848
  ],
  [
    1582848000000,
    0.0013679107601174143
  ],
  [
    1582934400000,
    0.0011221726356882699
  ],
  [
    1583020800000,
    0.0008310645352511358
  ],
  [
    1583107200000,
    0.0015404194797471926
  ],
  [
    1583193600000,
    0.0012423007131030705
  ],
  [
    1583280000000,
    0.0012423710150265231
  ],
  [
    1583452800000,
    0.0011411848482389758
  ],
  [
    1583625600000,
    0.0011827691378237008
  ],
  [
    1584316800000,
    0.0005829109765425705
  ],
  [
    1584489600000,
    0.0005801766568542219
  ],
  [
    1584662400000,
    0.0005756191459614413
  ],
  [
    1584748800000,
    0.0008439803912554288
  ],
  [
    1585180800000,
    0.0006101807524353306
  ],
  [
    1585267200000,
    0.0013107201166093676
  ],
  [
    1585612800000,
    0.000648809943105333
  ],
  [
    1585699200000,
    0.0005114346001395472
  ],
  [
    1585785600000,
    0.0005057416320071928
  ],
  [
    1585958400000,
    0.0005726951589493606
  ],
  [
    1586390400000,
    0.0007497208123354169
  ],
  [
    1586476800000,
    0.0005116373124439374
  ],
  [
    1586563200000,
    0.0005924011952592613
  ],
  [
    1586649600000,
    0.0009012172085111266
  ],
  [
    1586822400000,
    0.0007482609260598626
  ],
  [
    1586908800000,
    0.0007386098975049287
  ],
  [
    1586995200000,
    0.0007275279368354516
  ],
  [
    1587081600000,
    0.0007407541729844138
  ],
  [
    1587168000000,
    0.0005860596987304885
  ],
  [
    1587254400000,
    0.0006019294999075992
  ],
  [
    1587340800000,
    0.000616741183367338
  ],
  [
    1587427200000,
    0.0005457420604544139
  ],
  [
    1587859200000,
    0.0008051069092665272
  ],
  [
    1587945600000,
    0.0003821832791544516
  ],
  [
    1588032000000,
    0.00044489807756123017
  ],
  [
    1588118400000,
    0.0005408819881834802
  ],
  [
    1588464000000,
    0.0007035740549967152
  ],
  [
    1588896000000,
    0.0005906151507029862
  ],
  [
    1588982400000,
    0.0004398955622111427
  ],
  [
    1589068800000,
    0.00043859021780561186
  ],
  [
    1589241600000,
    0.0007219217553572365
  ],
  [
    1589846400000,
    0.0006716022225455662
  ],
  [
    1589932800000,
    0.000683777791227356
  ],
  [
    1590019200000,
    0.0005683333137926514
  ],
  [
    1590105600000,
    0.0008493046704411453
  ],
  [
    1590451200000,
    0.0007418508942555525
  ],
  [
    1590537600000,
    0.0007438720115741925
  ],
  [
    1590883200000,
    0.0004986017729896262
  ],
  [
    1590969600000,
    0.0005368210485362497
  ],
  [
    1591056000000,
    0.0008212084525128347
  ],
  [
    1591228800000,
    0.0005790663904616658
  ],
  [
    1591574400000,
    0.0007896488136823046
  ],
  [
    1591660800000,
    0.0007896488136823046
  ],
  [
    1592956800000,
    0.0005584576296321312
  ],
  [
    1593043200000,
    0.0005584576296321312
  ],
  [
    1593129600000,
    0.0005578923819041809
  ],
  [
    1593302400000,
    0.0008017532782790215
  ],
  [
    1593388800000,
    0.0008017532782790215
  ],
  [
    1593907200000,
    0.0005444045565253134
  ],
  [
    1593993600000,
    0.0005444045565253134
  ],
  [
    1594080000000,
    0.0007421320780695007
  ],
  [
    1594166400000,
    0.0007421320780695007
  ],
  [
    1594252800000,
    0.0006751014338933702
  ],
  [
    1594339200000,
    0.0006751014338933702
  ],
  [
    1594425600000,
    0.0005781874617733912
  ],
  [
    1594771200000,
    0.0005452682942226996
  ],
  [
    1594857600000,
    0.0005452682942226996
  ],
  [
    1594944000000,
    0.0005108264856775914
  ],
  [
    1595894400000,
    0.0007586266485793774
  ],
  [
    1595980800000,
    0.0007586266485793774
  ],
  [
    1596412800000,
    0.0007947070722722456
  ],
  [
    1596499200000,
    0.0007947070722722456
  ],
  [
    1596585600000,
    0.0008193652845463095
  ],
  [
    1596672000000,
    0.0008193652845463095
  ],
  [
    1596758400000,
    0.0008203327572047391
  ],
  [
    1597104000000,
    0.0007296141063903869
  ],
  [
    1597190400000,
    0.0007296141063903869
  ],
  [
    1597276800000,
    0.0008768049337970874
  ],
  [
    1597363200000,
    0.000935641133155992
  ],
  [
    1597536000000,
    0.0011343013593028285
  ],
  [
    1597622400000,
    0.0011343013593028285
  ],
  [
    1597708800000,
    0.0010188635748947332
  ],
  [
    1597795200000,
    0.001334830809812599
  ],
  [
    1597881600000,
    0.00028752561846680344
  ],
  [
    1597968000000,
    0.0006712715239021556
  ],
  [
    1598054400000,
    0.0011289620250325956
  ],
  [
    1598140800000,
    0.0003183006566117015
  ],
  [
    1598227200000,
    0.0006619003728937844
  ],
  [
    1598313600000,
    0.0006640579622134916
  ],
  [
    1598486400000,
    0.0002814261174292832
  ],
  [
    1598572800000,
    0.0002814261174292832
  ],
  [
    1598659200000,
    0.0008192833550355956
  ],
  [
    1598745600000,
    0.0008192833550355956
  ],
  [
    1598832000000,
    0.0008162626304892469
  ],
  [
    1599177600000,
    0.0008169205434472606
  ],
  [
    1599264000000,
    0.0008169205434472606
  ],
  [
    1600300800000,
    0.000760335438599373
  ],
  [
    1600387200000,
    0.000760335438599373
  ],
  [
    1600646400000,
    0.000736179272163377
  ],
  [
    1600732800000,
    0.000736179272163377
  ],
  [
    1601942400000,
    0.0002605122560084291
  ],
  [
    1602028800000,
    0.0002605122560084291
  ],
  [
    1602460800000,
    0.0004782882440525115
  ],
  [
    1602547200000,
    0.0004782882440525115
  ],
  [
    1602720000000,
    0.0007940578484328289
  ],
  [
    1602806400000,
    0.0007940578484328289
  ],
  [
    1603843200000,
    0.0002669790664812818
  ],
  [
    1603929600000,
    0.0002669790664812818
  ],
  [
    1604016000000,
    0.000813788582071758
  ],
  [
    1604102400000,
    0.0002401491534690243
  ],
  [
    1604188800000,
    0.0008139165716780641
  ],
  [
    1604275200000,
    0.000824747349703338
  ],
  [
    1604361600000,
    0.0012352824431562605
  ],
  [
    1604448000000,
    0.0008197426801891187
  ],
  [
    1604534400000,
    0.0008251661199692311
  ],
  [
    1604620800000,
    0.0008710684534163355
  ],
  [
    1604707200000,
    0.001239416041636864
  ],
  [
    1604793600000,
    0.000606257879732359
  ],
  [
    1604880000000,
    0.0009195561105166864
  ],
  [
    1604966400000,
    0.0009195561105166864
  ],
  [
    1605225600000,
    0.0003907554311860508
  ],
  [
    1605312000000,
    0.0003907554311860508
  ],
  [
    1605571200000,
    0.0010487206071490122
  ],
  [
    1605657600000,
    0.0010487206071490122
  ],
  [
    1605744000000,
    0.0006845668857434949
  ],
  [
    1605830400000,
    0.0005717412534531711
  ],
  [
    1605916800000,
    0.001251594496561713
  ],
  [
    1606003200000,
    0.0026193031056973982
  ],
  [
    1606089600000,
    0.002393301476920376
  ],
  [
    1606176000000,
    0.0010209422156207786
  ],
  [
    1606262400000,
    0.001026988146807178
  ],
  [
    1606694400000,
    0.0019236080997387455
  ],
  [
    1606780800000,
    0.0019236080997387455
  ],
  [
    1606867200000,
    0.001296075782520146
  ],
  [
    1606953600000,
    0.0037622034214744816
  ],
  [
    1607040000000,
    0.0015485811228957932
  ],
  [
    1608076800000,
    0.001652532307649288
  ],
  [
    1608163200000,
    0.001652532307649288
  ],
  [
    1608249600000,
    0.0007829253570338432
  ],
  [
    1608336000000,
    0.0013432683821063755
  ],
  [
    1608422400000,
    0.00118051896806289
  ],
  [
    1608508800000,
    0.00118051896806289
  ],
  [
    1608595200000,
    0.001596242743829378
  ],
  [
    1608681600000,
    0.0015827674803619088
  ],
  [
    1608854400000,
    0.001208598584323875
  ],
  [
    1608940800000,
    0.001208598584323875
  ],
  [
    1609027200000,
    0.0008982852685093674
  ],
  [
    1609113600000,
    0.0007399058225727156
  ],
  [
    1609200000000,
    0.0007680528062757783
  ],
  [
    1609286400000,
    0.0007683575043346125
  ],
  [
    1609632000000,
    0.001845504374380138
  ],
  [
    1609718400000,
    0.001845504374380138
  ],
  [
    1609804800000,
    0.0016017004354770845
  ],
  [
    1609891200000,
    0.0015398368941861897
  ],
  [
    1609977600000,
    0.0019216668812951376
  ],
  [
    1610064000000,
    0.001600683434985832
  ],
  [
    1610150400000,
    0.001861192584003184
  ],
  [
    1610236800000,
    0.0018918087180625407
  ],
  [
    1610323200000,
    0.0018873898527084275
  ],
  [
    1610496000000,
    0.0015913676538446882
  ],
  [
    1610582400000,
    0.0015913676538446882
  ],
  [
    1610668800000,
    0.001621780941254255
  ],
  [
    1610755200000,
    0.001621780941254255
  ],
  [
    1610841600000,
    0.0012751949827818018
  ],
  [
    1610928000000,
    0.0012751949827818018
  ],
  [
    1611187200000,
    0.0012680595535676743
  ],
  [
    1611273600000,
    0.0012680595535676743
  ],
  [
    1611360000000,
    0.0012208525554897273
  ],
  [
    1611705600000,
    0.0012432995620554848
  ],
  [
    1611792000000,
    0.0012432995620554848
  ],
  [
    1611878400000,
    0.0023021963075472527
  ],
  [
    1611964800000,
    0.003202797423928407
  ],
  [
    1612051200000,
    0.003068455619521701
  ],
  [
    1612396800000,
    0.0032821717505402666
  ],
  [
    1612483200000,
    0.0032821717505402666
  ],
  [
    1612569600000,
    0.005368191921657637
  ],
  [
    1612656000000,
    0.005368191921657637
  ],
  [
    1612742400000,
    0.005255369954938222
  ],
  [
    1612828800000,
    0.003790421918550609
  ],
  [
    1612915200000,
    0.003790421918550609
  ],
  [
    1613001600000,
    0.003780475220993207
  ],
  [
    1613088000000,
    0.0055872179468308605
  ],
  [
    1613174400000,
    0.001906116314932976
  ],
  [
    1613260800000,
    0.001899336542083108
  ],
  [
    1613347200000,
    0.010499626209386607
  ],
  [
    1613433600000,
    0.009121458091471416
  ],
  [
    1613520000000,
    0.0054390407144913515
  ],
  [
    1613606400000,
    0.005468077703050569
  ],
  [
    1613692800000,
    0.005676609733389347
  ],
  [
    1613779200000,
    0.006677231133827028
  ],
  [
    1613865600000,
    0.006677231133827028
  ],
  [
    1613952000000,
    0.007011382578554129
  ],
  [
    1614038400000,
    0.006857080601666047
  ],
  [
    1614124800000,
    0.006857080601666047
  ],
  [
    1614211200000,
    0.005944676969829156
  ],
  [
    1614297600000,
    0.0015181967175035278
  ],
  [
    1614384000000,
    0.007384448467030413
  ],
  [
    1614470400000,
    0.007648521546834432
  ],
  [
    1614556800000,
    0.006643837243494838
  ],
  [
    1614643200000,
    0.002714762969753722
  ],
  [
    1614729600000,
    0.0011597563974480834
  ],
  [
    1614816000000,
    0.0029498729457883895
  ],
  [
    1614988800000,
    0.007582196018584392
  ],
  [
    1615075200000,
    0.007582196018584392
  ],
  [
    1615161600000,
    0.006662316898308028
  ],
  [
    1615248000000,
    0.006662316898308028
  ],
  [
    1615507200000,
    0.006859769689335396
  ],
  [
    1615593600000,
    0.006859769689335396
  ],
  [
    1615680000000,
    0.0069989975809431155
  ],
  [
    1615766400000,
    0.00668710727556214
  ],
  [
    1615852800000,
    0.002738769564162367
  ],
  [
    1615939200000,
    0.007287477994225069
  ],
  [
    1616025600000,
    0.0027417537486114623
  ],
  [
    1616112000000,
    0.00592278477467086
  ],
  [
    1616198400000,
    0.006337019224174898
  ],
  [
    1616284800000,
    0.006328878081310201
  ],
  [
    1616371200000,
    0.006321137738534175
  ],
  [
    1616544000000,
    0.006296951898604718
  ],
  [
    1616630400000,
    0.0026803330855576873
  ],
  [
    1616716800000,
    0.002737292423303478
  ],
  [
    1616803200000,
    0.005680320160548352
  ],
  [
    1616889600000,
    0.006195861066340318
  ],
  [
    1616976000000,
    0.006195861066340318
  ],
  [
    1617062400000,
    0.006158387349030126
  ],
  [
    1617148800000,
    0.00619292938742703
  ],
  [
    1617235200000,
    0.006185564559306864
  ],
  [
    1617321600000,
    0.0069879071423073775
  ],
  [
    1617408000000,
    0.0027485956477816837
  ],
  [
    1617494400000,
    0.006164355254489247
  ],
  [
    1617580800000,
    0.006164355254489247
  ],
  [
    1617667200000,
    0.0030686476046761983
  ],
  [
    1617753600000,
    0.0030686476046761983
  ],
  [
    1617840000000,
    0.005743747803670479
  ],
  [
    1617926400000,
    0.0024829317719782724
  ],
  [
    1618012800000,
    0.005816386712824008
  ],
  [
    1618099200000,
    0.005799688321382954
  ],
  [
    1618358400000,
    0.0026605652597257124
  ],
  [
    1618444800000,
    0.0026605652597257124
  ],
  [
    1618531200000,
    0.0026455370539934637
  ],
  [
    1618617600000,
    0.008229150001927277
  ],
  [
    1618704000000,
    0.03963148272932083
  ],
  [
    1618790400000,
    0.03827544921636513
  ],
  [
    1618876800000,
    0.005842542348868858
  ],
  [
    1618963200000,
    0.005761742798344114
  ],
  [
    1619049600000,
    0.007820226955424241
  ],
  [
    1619136000000,
    0.0066011888034261685
  ],
  [
    1619308800000,
    0.008018573582833012
  ],
  [
    1619395200000,
    0.008018573582833012
  ],
  [
    1619481600000,
    0.008008861936326895
  ],
  [
    1619568000000,
    0.0024539943531776943
  ],
  [
    1619654400000,
    0.015456984471916785
  ],
  [
    1619740800000,
    0.012156005444457031
  ],
  [
    1619827200000,
    0.011925906924156142
  ],
  [
    1619913600000,
    0.014609902051134355
  ],
  [
    1620000000000,
    0.014649098227237842
  ],
  [
    1620086400000,
    0.013816207466900736
  ],
  [
    1620172800000,
    0.01307446726191216
  ],
  [
    1620259200000,
    0.013365542881694992
  ],
  [
    1620345600000,
    0.023073325467175075
  ],
  [
    1620432000000,
    0.015098808536732606
  ],
  [
    1620518400000,
    0.01533266130521026
  ],
  [
    1620604800000,
    0.012944905961905463
  ],
  [
    1620691200000,
    0.0214613041038871
  ],
  [
    1620777600000,
    0.021443769627603335
  ],
  [
    1621036800000,
    0.02558385394247975
  ],
  [
    1621123200000,
    0.02558385394247975
  ],
  [
    1621209600000,
    0.007507152781879156
  ],
  [
    1621296000000,
    0.007906750324803735
  ],
  [
    1621382400000,
    0.009539934994995164
  ],
  [
    1621468800000,
    0.009331544277433402
  ],
  [
    1621555200000,
    0.00755681813157374
  ],
  [
    1621641600000,
    0.007532052558292952
  ],
  [
    1621987200000,
    0.008440030997973247
  ],
  [
    1622073600000,
    0.008440030997973247
  ],
  [
    1622160000000,
    0.008196564831982946
  ],
  [
    1622592000000,
    0.012437695145380036
  ],
  [
    1622678400000,
    0.012437695145380036
  ],
  [
    1622764800000,
    0.012287481496271856
  ],
  [
    1622851200000,
    0.011734124776523802
  ],
  [
    1622937600000,
    0.007431012236679253
  ],
  [
    1623024000000,
    0.007839926386274008
  ],
  [
    1623110400000,
    0.012409063768636227
  ],
  [
    1623196800000,
    0.011868495302009122
  ],
  [
    1623456000000,
    0.00903417698647654
  ],
  [
    1623542400000,
    0.00903417698647654
  ],
  [
    1623628800000,
    0.008646371385163974
  ],
  [
    1623715200000,
    0.008450786126353468
  ],
  [
    1623801600000,
    0.008452289784711436
  ],
  [
    1623888000000,
    0.0024818028700741824
  ],
  [
    1623974400000,
    0.0024818028700741824
  ],
  [
    1624060800000,
    0.009618990268014032
  ],
  [
    1624147200000,
    0.009618990268014032
  ],
  [
    1624233600000,
    0.00838914506206896
  ],
  [
    1624320000000,
    0.007121927359435547
  ],
  [
    1624406400000,
    0.009180009875601402
  ],
  [
    1624665600000,
    0.00756
  ],
  [
    1624752000000,
    0.00756
  ],
  [
    1624838400000,
    0.0075850749554546276
  ],
  [
    1625011200000,
    0.005614038070905616
  ],
  [
    1625097600000,
    0.005614038070905616
  ],
  [
    1625184000000,
    0.010270279215620534
  ],
  [
    1625270400000,
    0.010270279215620534
  ],
  [
    1625529600000,
    0.007592216257451738
  ],
  [
    1625616000000,
    0.007592216257451738
  ],
  [
    1625702400000,
    0.0072998944581857145
  ],
  [
    1625788800000,
    0.007441073366462722
  ],
  [
    1625875200000,
    0.005787249892296971
  ],
  [
    1625961600000,
    0.01410068652242107
  ],
  [
    1626048000000,
    0.014087816858100406
  ],
  [
    1626480000000,
    0.007453021015076461
  ],
  [
    1626566400000,
    0.007453021015076461
  ],
  [
    1626652800000,
    0.007516709569099238
  ],
  [
    1626739200000,
    0.007436749054742704
  ],
  [
    1626825600000,
    0.007436749054742704
  ],
  [
    1627171200000,
    0.007478840094715967
  ],
  [
    1627257600000,
    0.007478840094715967
  ],
  [
    1628294400000,
    0.007597276877473832
  ],
  [
    1628380800000,
    0.007597276877473832
  ],
  [
    1628467200000,
    0.007622670304175438
  ],
  [
    1628553600000,
    0.0026688513843071983
  ],
  [
    1628640000000,
    0.01492031564571653
  ],
  [
    1628726400000,
    0.014981422402458507
  ],
  [
    1628985600000,
    0.004017051251019403
  ],
  [
    1629072000000,
    0.004017051251019403
  ],
  [
    1629158400000,
    0.012744514713957652
  ],
  [
    1629244800000,
    0.006178359594066038
  ],
  [
    1629331200000,
    0.006178359594066038
  ],
  [
    1629849600000,
    0.007500522870507634
  ],
  [
    1629936000000,
    0.007500522870507634
  ],
  [
    1630022400000,
    0.007426438271745827
  ],
  [
    1630108800000,
    0.007421552551790543
  ]
]