[
  [
    1515628800000,
    25571128.35062031
  ],
  [
    1515715200000,
    21172842.9371541
  ],
  [
    1515801600000,
    16642412.35682832
  ],
  [
    1515888000000,
    8045488.457699373
  ],
  [
    1515974400000,
    11679707.881466128
  ],
  [
    1516060800000,
    10283448.42804328
  ],
  [
    1516147200000,
    13845711.343157023
  ],
  [
    1516233600000,
    12050111.751470648
  ],
  [
    1516320000000,
    11044929.158567673
  ],
  [
    1516406400000,
    13154679.489209197
  ],
  [
    1516492800000,
    9932895.670661602
  ],
  [
    1516579200000,
    9263516.097167632
  ],
  [
    1516665600000,
    8157913.906780642
  ],
  [
    1516752000000,
    9362130.607877968
  ],
  [
    1516838400000,
    12225681.000884188
  ],
  [
    1516924800000,
    25951725.29652354
  ],
  [
    1517011200000,
    18234426.656171095
  ],
  [
    1517097600000,
    10247163.727443809
  ],
  [
    1517184000000,
    10005005.153755499
  ],
  [
    1517270726835,
    9820730.181352034
  ],
  [
    1517356800000,
    8289746.13333447
  ],
  [
    1517443200000,
    7860361.214297218
  ],
  [
    1517529600000,
    7147099.199408826
  ],
  [
    1517616000000,
    6886961.726518998
  ],
  [
    1517702400000,
    7550914.785882308
  ],
  [
    1517788800000,
    6151837.15472896
  ],
  [
    1517875200000,
    4809810.912050232
  ],
  [
    1517961600000,
    5708769.522757551
  ],
  [
    1518048326944,
    5315779.4871526435
  ],
  [
    1518220800000,
    3040106.0520467293
  ],
  [
    1518307200000,
    6008894.196596333
  ],
  [
    1518393600000,
    5596395.604372744
  ],
  [
    1518480000000,
    5568607.701292684
  ],
  [
    1518566400000,
    4922246.997434146
  ],
  [
    1518652800000,
    5082721.400363363
  ],
  [
    1518739200000,
    6116913.941817698
  ],
  [
    1518825600000,
    8322852.243708556
  ],
  [
    1518912000000,
    10449267.74213406
  ],
  [
    1518998400000,
    7817290.933822717
  ],
  [
    1519084800000,
    7736261.5796284545
  ],
  [
    1519171200000,
    5520591.528648176
  ],
  [
    1519257600000,
    4675961.100634611
  ],
  [
    1519344000000,
    4819033.978567427
  ],
  [
    1519430400000,
    5068172.47593009
  ],
  [
    1519516800000,
    4101466.8937394037
  ],
  [
    1519603200000,
    4919740.903598849
  ],
  [
    1519689600000,
    4708216.262777499
  ],
  [
    1519776000000,
    7627154.461143202
  ],
  [
    1519862400000,
    5010227.835809692
  ],
  [
    1519948800000,
    4780878.494425716
  ],
  [
    1520035200000,
    5131255.039513716
  ],
  [
    1520121600000,
    5296656.0061344365
  ],
  [
    1520208000000,
    7365719.898098472
  ],
  [
    1520294400000,
    7177684.942616254
  ],
  [
    1520380800000,
    7317973.543783731
  ],
  [
    1520467200000,
    7576176.140706167
  ],
  [
    1520553600000,
    3031246.3633666993
  ],
  [
    1520640000000,
    2286539.7698865067
  ],
  [
    1520726400000,
    1244432.7859760157
  ],
  [
    1520812800000,
    2054918.0921778823
  ],
  [
    1520899200000,
    743470.4038110022
  ],
  [
    1520985600000,
    1124141.3731778555
  ],
  [
    1521072000000,
    1271752.7241494057
  ],
  [
    1521158400000,
    661980.6906253654
  ],
  [
    1521244800000,
    639162.901158086
  ],
  [
    1521331200000,
    2105381.946669262
  ],
  [
    1521417600000,
    3369185.747622105
  ],
  [
    1521504000000,
    835153.8739883135
  ],
  [
    1521590400000,
    2812623.269671706
  ],
  [
    1521676800000,
    1051752.8670488696
  ],
  [
    1521763200000,
    1464939.8598460292
  ],
  [
    1521849600000,
    724903.8891334252
  ],
  [
    1521936000000,
    652288.7772465872
  ],
  [
    1522022400000,
    907289.8677073132
  ],
  [
    1522108800000,
    903068.6702253373
  ],
  [
    1522195200000,
    1203608.0380468522
  ],
  [
    1522281600000,
    549922.4327739546
  ],
  [
    1522368000000,
    291357.3525392479
  ],
  [
    1522454400000,
    269066.49170387513
  ],
  [
    1522540800000,
    809607.8549738586
  ],
  [
    1522627200000,
    787046.3635632275
  ],
  [
    1522713600000,
    2098265.1291336576
  ],
  [
    1522800000000,
    464293.23763358913
  ],
  [
    1522886400000,
    428870.4159075677
  ],
  [
    1522972800000,
    1493406.9071499077
  ],
  [
    1523059200000,
    342823.0624269175
  ],
  [
    1523145600000,
    598904.1312211294
  ],
  [
    1523232000000,
    320850.4362522344
  ],
  [
    1523318400000,
    252155.57130535282
  ],
  [
    1523404800000,
    344901.7757839098
  ],
  [
    1523491200000,
    393747.2441467865
  ],
  [
    1523577600000,
    604524.3977824845
  ],
  [
    1523664000000,
    1167718.0168513616
  ],
  [
    1523750400000,
    610600.3861437459
  ],
  [
    1523836800000,
    477994.800348978
  ],
  [
    1523923200000,
    434077.781241311
  ],
  [
    1524009600000,
    3538346.429657461
  ],
  [
    1524096000000,
    4737235.826536091
  ],
  [
    1524182400000,
    1827837.812728671
  ],
  [
    1524268800000,
    3078425.9130445807
  ],
  [
    1524355200000,
    828355.0259676514
  ],
  [
    1524441600000,
    1114673.4817052148
  ],
  [
    1524528000000,
    3548486.4429439274
  ],
  [
    1524614400000,
    1143230.7574067935
  ],
  [
    1524700800000,
    1432587.6402046133
  ],
  [
    1524787200000,
    761787.8265578807
  ],
  [
    1524873600000,
    1116101.3613444713
  ],
  [
    1524960000000,
    866143.6969599137
  ],
  [
    1525046400000,
    2809864.114985398
  ],
  [
    1525132800000,
    2486506.4777104775
  ],
  [
    1525219200000,
    1520868.6042378433
  ],
  [
    1525305600000,
    1371678.465787664
  ],
  [
    1525392000000,
    2520.3996784871215
  ],
  [
    1525478400000,
    2517888.6579668806
  ],
  [
    1525564800000,
    903540.5684886137
  ],
  [
    1525651200000,
    1084518.1133298313
  ],
  [
    1525737600000,
    801211.5990952207
  ],
  [
    1525824000000,
    1308223.2139947354
  ],
  [
    1525910400000,
    978454.1509479053
  ],
  [
    1525996800000,
    2641463.6256376123
  ],
  [
    1526083200000,
    1054165.8667466792
  ],
  [
    1526169600000,
    758967.907756572
  ],
  [
    1526256000000,
    546956.0865816146
  ],
  [
    1526342400000,
    571776.0742137104
  ],
  [
    1526428800000,
    308501.12502830196
  ],
  [
    1526515200000,
    5158882.350386888
  ],
  [
    1526601600000,
    5434755.887838176
  ],
  [
    1526688000000,
    4977105.713688882
  ],
  [
    1526774400000,
    6050720.264246925
  ],
  [
    1526860800000,
    5614649.517231522
  ],
  [
    1526947200000,
    6845794.300816093
  ],
  [
    1527033600000,
    5239830.336853759
  ],
  [
    1527120000000,
    4123087.641295861
  ],
  [
    1527206400000,
    4737091.866367593
  ],
  [
    1527292800000,
    4291663.011189079
  ],
  [
    1527379200000,
    4298944.378290175
  ],
  [
    1527465600000,
    4371522.94646584
  ],
  [
    1527552000000,
    3845144.313205263
  ],
  [
    1527638400000,
    4432092.104771558
  ],
  [
    1527724800000,
    4503206.8413334675
  ],
  [
    1527811200000,
    6491419.063471499
  ],
  [
    1527897600000,
    5622355.277519258
  ],
  [
    1527984000000,
    5534840.778368307
  ],
  [
    1528070400000,
    5399349.0643433705
  ],
  [
    1528156800000,
    5020594.5370060755
  ],
  [
    1528243200000,
    4589186.356588511
  ],
  [
    1528329600000,
    4572623.879378466
  ],
  [
    1528416000000,
    4936436.942624159
  ],
  [
    1528502400000,
    4702193.55238391
  ],
  [
    1528588800000,
    4013237.074469495
  ],
  [
    1528675200000,
    3491870.891717589
  ],
  [
    1528761600000,
    3443114.644316287
  ],
  [
    1528848000000,
    4172193.8800776023
  ],
  [
    1528934400000,
    4433325.047439858
  ],
  [
    1529020800000,
    4304158.304469775
  ],
  [
    1529107200000,
    2137843.3292958504
  ],
  [
    1529193600000,
    1919251.9285270611
  ],
  [
    1529280000000,
    1732670.9303649524
  ],
  [
    1529366400000,
    2121294.1793428943
  ],
  [
    1529452800000,
    1778644.4968661803
  ],
  [
    1529539200000,
    1800759.5129067295
  ],
  [
    1529625600000,
    2021648.1366560087
  ],
  [
    1529712000000,
    1445579.7767202074
  ],
  [
    1529798400000,
    1563626.0996744437
  ],
  [
    1529884800000,
    1713176.4233528126
  ],
  [
    1529971200000,
    1585060.0255723
  ],
  [
    1530057600000,
    923457.2708353787
  ],
  [
    1530144000000,
    1481184.197145494
  ],
  [
    1530230400000,
    1728580.24423354
  ],
  [
    1530316800000,
    1675030.0878631414
  ],
  [
    1530403200000,
    1729945.2027620485
  ],
  [
    1530489600000,
    1967894.9558106675
  ],
  [
    1530576000000,
    2094526.225844364
  ],
  [
    1530662400000,
    2140107.6384202936
  ],
  [
    1530748800000,
    1064479.3362787266
  ],
  [
    1530835200000,
    1565347.380864266
  ],
  [
    1530921600000,
    1699829.898134762
  ],
  [
    1531008000000,
    1583419.585817353
  ],
  [
    1531094400000,
    1777904.4156284928
  ],
  [
    1531180800000,
    1919808.2443700996
  ],
  [
    1531267200000,
    1236441.5020482528
  ],
  [
    1531353600000,
    1449692.0140447041
  ],
  [
    1531440000000,
    1399843.088678989
  ],
  [
    1531526400000,
    1412892.177678617
  ],
  [
    1531612800000,
    1598064.1615581748
  ],
  [
    1531699200000,
    1242023.2927508475
  ],
  [
    1531785600000,
    1553096.9750909803
  ],
  [
    1531872000000,
    1483913.3205400216
  ],
  [
    1531958400000,
    1402398.3362540975
  ],
  [
    1532044800000,
    1170247.4199671568
  ],
  [
    1532131200000,
    1223361.4529315627
  ],
  [
    1532217600000,
    1039348.3782770463
  ],
  [
    1532304000000,
    1320224.9384795995
  ],
  [
    1532390400000,
    1515501.8460399085
  ],
  [
    1532476800000,
    1224227.9618417935
  ],
  [
    1532563200000,
    1240712.4284133753
  ],
  [
    1532649600000,
    721926.4635501904
  ],
  [
    1532736000000,
    490838.03336413525
  ],
  [
    1532822400000,
    283097.49867001356
  ],
  [
    1532908800000,
    252634.69031023374
  ],
  [
    1532995200000,
    469994.5710397555
  ],
  [
    1533081600000,
    473771.3365540719
  ],
  [
    1533168000000,
    286678.6530161302
  ],
  [
    1533254400000,
    417429.7641873402
  ],
  [
    1533340800000,
    383120.68219829816
  ],
  [
    1533427200000,
    350444.0052033059
  ],
  [
    1533513600000,
    302899.64852916234
  ],
  [
    1533600000000,
    838602.9452872546
  ],
  [
    1533686400000,
    543952.6762980091
  ],
  [
    1533772800000,
    747776.0662602637
  ],
  [
    1533859200000,
    534741.750157363
  ],
  [
    1533945600000,
    369502.72868221655
  ],
  [
    1534032000000,
    399651.20495283406
  ],
  [
    1534118400000,
    393424.6368217232
  ],
  [
    1534204800000,
    336834.8075228883
  ],
  [
    1534291200000,
    513549.136305658
  ],
  [
    1534377600000,
    320884.3012368503
  ],
  [
    1534464000000,
    382443.48380372464
  ],
  [
    1534550400000,
    405016.8372452441
  ],
  [
    1534636800000,
    384776.2382775902
  ],
  [
    1534723200000,
    270115.0944335068
  ],
  [
    1534809600000,
    354336.2415690403
  ],
  [
    1534896000000,
    673354.6783243672
  ],
  [
    1534982400000,
    355223.9307477043
  ],
  [
    1535068800000,
    305549.0686081151
  ],
  [
    1535155200000,
    269163.48687531095
  ],
  [
    1535241600000,
    192640.246293396
  ],
  [
    1535328000000,
    232794.0316848934
  ],
  [
    1535414400000,
    532226.1363265148
  ],
  [
    1535500800000,
    369944.27379491
  ],
  [
    1535587200000,
    521925.46351245
  ],
  [
    1535673600000,
    293529.3571393861
  ],
  [
    1535760000000,
    286939.14265183767
  ],
  [
    1535846400000,
    393315.2572867376
  ],
  [
    1535932800000,
    349064.4996937527
  ],
  [
    1536019200000,
    314417.25418022805
  ],
  [
    1536105600000,
    265774.7815027711
  ],
  [
    1536192000000,
    312894.94047184946
  ],
  [
    1536278400000,
    278340.39139223384
  ],
  [
    1536364800000,
    263257.8608839986
  ],
  [
    1536451200000,
    400787.87217115634
  ],
  [
    1536537600000,
    959116.5586498891
  ],
  [
    1536624000000,
    355437.886782779
  ],
  [
    1536710400000,
    279192.2642528991
  ],
  [
    1536796800000,
    429239.04898140137
  ],
  [
    1536883200000,
    330218.0066467589
  ],
  [
    1536969600000,
    297432.7017898668
  ],
  [
    1537056000000,
    373032.6898352904
  ],
  [
    1537142400000,
    297194.2827666636
  ],
  [
    1537228800000,
    569930.227486966
  ],
  [
    1537315200000,
    336023.5045402418
  ],
  [
    1537401600000,
    313177.52957165346
  ],
  [
    1537488000000,
    754732.2382140859
  ],
  [
    1537574400000,
    385028.04177305073
  ],
  [
    1537660800000,
    315088.70624765754
  ],
  [
    1537747200000,
    362418.84176928014
  ],
  [
    1537833600000,
    355190.9072884625
  ],
  [
    1537920000000,
    255977.88751246053
  ],
  [
    1538006400000,
    286880.78967691667
  ],
  [
    1538092800000,
    528154.7598791053
  ],
  [
    1538179200000,
    464401.69205032394
  ],
  [
    1538265600000,
    297617.907497664
  ],
  [
    1538352000000,
    520120.3123304581
  ],
  [
    1538438400000,
    340251.85280768963
  ],
  [
    1538524800000,
    807385.9306950385
  ],
  [
    1538611200000,
    281488.17442926596
  ],
  [
    1538697600000,
    1581816.0528403753
  ],
  [
    1538784000000,
    501285.3523413942
  ],
  [
    1538870400000,
    446591.8902716733
  ],
  [
    1538956800000,
    330908.67890759243
  ],
  [
    1539043200000,
    820656.1693044136
  ],
  [
    1539129600000,
    344938.78224978154
  ],
  [
    1539216000000,
    487651.35712570505
  ],
  [
    1539302400000,
    705975.8984632615
  ],
  [
    1539388800000,
    378403.98686120065
  ],
  [
    1539475200000,
    410505.97256881045
  ],
  [
    1539561600000,
    383614.6172293334
  ],
  [
    1539648000000,
    423188.44728939945
  ],
  [
    1539734400000,
    455940.93222272285
  ],
  [
    1539820800000,
    354069.9067442542
  ],
  [
    1539907200000,
    322059.3753222484
  ],
  [
    1539993600000,
    312545.09415394696
  ],
  [
    1540080000000,
    368724.0958502303
  ],
  [
    1540166400000,
    527214.5112165814
  ],
  [
    1540252800000,
    455375.52633521473
  ],
  [
    1540339200000,
    636797.299437109
  ],
  [
    1540425600000,
    406222.4512086925
  ],
  [
    1540512000000,
    347713.67121946765
  ],
  [
    1540598400000,
    179581.32454053068
  ],
  [
    1540684800000,
    206861.59715532893
  ],
  [
    1540771200000,
    231267.18384896242
  ],
  [
    1540857600000,
    1258773.5037451067
  ],
  [
    1540944000000,
    996637.8947753729
  ],
  [
    1541030400000,
    718395.6151477053
  ],
  [
    1541116800000,
    317579.6270097399
  ],
  [
    1541203200000,
    214546.56173143166
  ],
  [
    1541289600000,
    148716.84402372251
  ],
  [
    1541376000000,
    190494.69110320276
  ],
  [
    1541462400000,
    262396.2147608644
  ],
  [
    1541548800000,
    241603.52502003705
  ],
  [
    1541635200000,
    521417.3941814002
  ],
  [
    1541721600000,
    116201.98487681373
  ],
  [
    1541808000000,
    82510.5694833191
  ],
  [
    1541894400000,
    90932.00377833511
  ],
  [
    1541980800000,
    903993.3811127606
  ],
  [
    1542067200000,
    138141.51419415962
  ],
  [
    1542153600000,
    1063354.4433750575
  ],
  [
    1542240000000,
    332969.8150371133
  ],
  [
    1542326400000,
    252936.81977125086
  ],
  [
    1542412800000,
    237581.2696582518
  ],
  [
    1542499200000,
    109480.60415232369
  ],
  [
    1542585600000,
    67995.42301433888
  ],
  [
    1542672000000,
    144227.2238058959
  ],
  [
    1542758400000,
    405993.3033899666
  ],
  [
    1542844800000,
    211652.75119412085
  ],
  [
    1542931200000,
    155386.03252031904
  ],
  [
    1543017600000,
    1629876.0629793066
  ],
  [
    1543104000000,
    149348.34508994484
  ],
  [
    1543190400000,
    74123.83189342832
  ],
  [
    1543276800000,
    60120.879736910254
  ],
  [
    1543363200000,
    46410.41514485918
  ],
  [
    1543449600000,
    75429.89464444708
  ],
  [
    1543536000000,
    55743.35804368107
  ],
  [
    1543622400000,
    574620.8131576584
  ],
  [
    1543708800000,
    132277.13853907376
  ],
  [
    1543795200000,
    86274.85156293884
  ],
  [
    1543881600000,
    217637.7998919883
  ],
  [
    1543968000000,
    157523.28968429758
  ],
  [
    1544054400000,
    39806.81842791001
  ],
  [
    1544140800000,
    79913.85128841805
  ],
  [
    1544227200000,
    217611.71346872495
  ],
  [
    1544313600000,
    172314.15622497888
  ],
  [
    1544400000000,
    42595.39574103491
  ],
  [
    1544486400000,
    58774.761352288006
  ],
  [
    1544572800000,
    18342.478632270762
  ],
  [
    1544659200000,
    32819.40566250693
  ],
  [
    1544745600000,
    62983.32406586791
  ],
  [
    1544832000000,
    73074.64397391364
  ],
  [
    1544918400000,
    30481.270835175732
  ],
  [
    1545004800000,
    19858.679784044743
  ],
  [
    1545091200000,
    30051.849519382937
  ],
  [
    1545177600000,
    630502.7683995785
  ],
  [
    1545264000000,
    61159.35826350749
  ],
  [
    1545350400000,
    194427.40176565826
  ],
  [
    1545436800000,
    60409.75409509555
  ],
  [
    1545523200000,
    179850.45978071273
  ],
  [
    1545609600000,
    460237.648774937
  ],
  [
    1545696000000,
    188732.2917157198
  ],
  [
    1545782400000,
    52832.24969695021
  ],
  [
    1545868800000,
    54104.21952141757
  ],
  [
    1545955200000,
    33640.94523365008
  ],
  [
    1546041600000,
    109326.13845123569
  ],
  [
    1546128000000,
    31191.801404689355
  ],
  [
    1546214400000,
    786776.8200291385
  ],
  [
    1546300800000,
    129970.80293993723
  ],
  [
    1546387200000,
    64743.7371755397
  ],
  [
    1546473600000,
    281423.2809855558
  ],
  [
    1546560000000,
    65538.19187541436
  ],
  [
    1546646400000,
    43386.77083797605
  ],
  [
    1546732800000,
    188571.58691340112
  ],
  [
    1546819200000,
    37772.79964202325
  ],
  [
    1546905600000,
    249247.07626591186
  ],
  [
    1546992000000,
    63627.5113279696
  ],
  [
    1547078400000,
    60502.26473020643
  ],
  [
    1547164800000,
    72259.42604715601
  ],
  [
    1547251200000,
    25790.294515221452
  ],
  [
    1547337600000,
    23268.504342479915
  ],
  [
    1547424000000,
    50872.087420221535
  ],
  [
    1547510400000,
    82554.85965100824
  ],
  [
    1547596800000,
    70266.01787284542
  ],
  [
    1547683200000,
    583577.1614587562
  ],
  [
    1547769600000,
    116846.31630587182
  ],
  [
    1547856000000,
    484362.6215581281
  ],
  [
    1547942400000,
    234427.0626626401
  ],
  [
    1548028800000,
    345594.0791151541
  ],
  [
    1548115200000,
    262903.4522026145
  ],
  [
    1548201600000,
    144710.5386161201
  ],
  [
    1548288000000,
    108783.34546266239
  ],
  [
    1548374400000,
    341031.62826708914
  ],
  [
    1548460800000,
    109807.87513522065
  ],
  [
    1548547200000,
    67080.03322936136
  ],
  [
    1548633600000,
    615264.0097883522
  ],
  [
    1548720000000,
    176200.98460087573
  ],
  [
    1548806400000,
    175286.39458036076
  ],
  [
    1548892800000,
    116740.88519026765
  ],
  [
    1548979200000,
    210215.48394406965
  ],
  [
    1549065600000,
    71476.23549922596
  ],
  [
    1549152000000,
    53293.54513846626
  ],
  [
    1549238400000,
    183826.77914957106
  ],
  [
    1549324800000,
    94477.74590117854
  ],
  [
    1549411200000,
    112827.14605378393
  ],
  [
    1549497600000,
    58050.98668902043
  ],
  [
    1549584000000,
    245111.95393699277
  ],
  [
    1549670400000,
    82250.9600220916
  ],
  [
    1549756800000,
    43511.83622880958
  ],
  [
    1549843200000,
    95947.1751545645
  ],
  [
    1549929600000,
    51936.50422775268
  ],
  [
    1550016000000,
    74680.22703163748
  ],
  [
    1550102400000,
    170774.7983920301
  ],
  [
    1550188800000,
    50314.94892271947
  ],
  [
    1550275200000,
    31744.552823833637
  ],
  [
    1550361600000,
    56032.75369696934
  ],
  [
    1550448000000,
    51893.53667628088
  ],
  [
    1550534400000,
    110052.74248155035
  ],
  [
    1550620800000,
    188017.5041268465
  ],
  [
    1550707200000,
    137013.65347559252
  ],
  [
    1550793600000,
    430738.6730347688
  ],
  [
    1550880000000,
    452799.72290849907
  ],
  [
    1550966400000,
    354376.4673339593
  ],
  [
    1551052800000,
    79817.06635653914
  ],
  [
    1551139200000,
    90504.98200733005
  ],
  [
    1551225600000,
    119239.67401840669
  ],
  [
    1551312000000,
    8138835.65972805
  ],
  [
    1551398400000,
    2255684.1668919455
  ],
  [
    1551484800000,
    390996.69788402045
  ],
  [
    1551571200000,
    256140.13254346277
  ],
  [
    1551657600000,
    324174.22130815807
  ],
  [
    1551744000000,
    222914.06076432168
  ],
  [
    1551830400000,
    164852.5934646218
  ],
  [
    1551916800000,
    126448.10263951935
  ],
  [
    1552003200000,
    139207.91460476094
  ],
  [
    1552089600000,
    481990.3008935003
  ],
  [
    1552176000000,
    2549518.1316584656
  ],
  [
    1552262400000,
    278440.40615112404
  ],
  [
    1552348800000,
    1442333.6953357493
  ],
  [
    1552435200000,
    5323918.559073565
  ],
  [
    1552521600000,
    1269059.12290165
  ],
  [
    1552608000000,
    1917823.309673772
  ],
  [
    1552694400000,
    666782.2150352527
  ],
  [
    1552780800000,
    275670.293655266
  ],
  [
    1552867200000,
    480486.6645872715
  ],
  [
    1552953600000,
    286888.52767708723
  ],
  [
    1553040000000,
    248977.47741958755
  ],
  [
    1553126400000,
    194517.1873381544
  ],
  [
    1553212800000,
    295000.9510661275
  ],
  [
    1553299200000,
    328962.464697393
  ],
  [
    1553385600000,
    261160.54125179435
  ],
  [
    1553472000000,
    349856.9499640631
  ],
  [
    1553558400000,
    5770735.247452796
  ],
  [
    1553644800000,
    2970099.240797035
  ],
  [
    1553731200000,
    5953620.964125539
  ],
  [
    1553817600000,
    837141.836978161
  ],
  [
    1553904000000,
    869032.4915792097
  ],
  [
    1553990400000,
    606862.4272241826
  ],
  [
    1554076800000,
    579854.0257471852
  ],
  [
    1554163200000,
    686352.2159589804
  ],
  [
    1554249600000,
    782032.1286378548
  ],
  [
    1554336000000,
    703647.9096045983
  ],
  [
    1554422400000,
    448631.05594112596
  ],
  [
    1554508800000,
    374684.0035973528
  ],
  [
    1554595200000,
    275522.2551327115
  ],
  [
    1554681600000,
    510991.1342612735
  ],
  [
    1554768000000,
    308639.9674692077
  ],
  [
    1554854400000,
    184773.41248739357
  ],
  [
    1554940800000,
    179263.05709385264
  ],
  [
    1555027200000,
    441465.8734147941
  ],
  [
    1555113600000,
    329403.5513122493
  ],
  [
    1555200000000,
    582750.6273973153
  ],
  [
    1555286400000,
    560451.4048841282
  ],
  [
    1555372800000,
    242640.71461065384
  ],
  [
    1555459200000,
    270084.17454282625
  ],
  [
    1555545600000,
    146811.14119405526
  ],
  [
    1555632000000,
    159289.72760751756
  ],
  [
    1555718400000,
    1076000.188012652
  ],
  [
    1555804800000,
    1246258.8770584043
  ],
  [
    1555891200000,
    227936.21812282587
  ],
  [
    1555977600000,
    293222.67131019256
  ],
  [
    1556064000000,
    268797.3356076656
  ],
  [
    1556150400000,
    463842.57795988105
  ],
  [
    1556236800000,
    489713.48455632397
  ],
  [
    1556323200000,
    326863.25128982804
  ],
  [
    1556409600000,
    597970.1935878462
  ],
  [
    1556496000000,
    286948.69441328564
  ],
  [
    1556582400000,
    800043.8728155724
  ],
  [
    1556668800000,
    847456.0864598574
  ],
  [
    1556755200000,
    349396.05414219486
  ],
  [
    1556841600000,
    347111.4446058567
  ],
  [
    1556928000000,
    215394.6073798766
  ],
  [
    1557014400000,
    312838.85908699554
  ],
  [
    1557100800000,
    474100.76976496284
  ],
  [
    1557187200000,
    978928.9366656876
  ],
  [
    1557273600000,
    285098.02879022376
  ],
  [
    1557360000000,
    230099.47090176688
  ],
  [
    1557446400000,
    385961.2691912917
  ],
  [
    1557532800000,
    283952.9225717746
  ],
  [
    1557619200000,
    255448.9657100148
  ],
  [
    1557705600000,
    671964.1717525178
  ],
  [
    1557792000000,
    652153.0729679185
  ],
  [
    1557878400000,
    329971.7199124993
  ],
  [
    1557964800000,
    623906.1076134979
  ],
  [
    1558051200000,
    770466.3402683227
  ],
  [
    1558137600000,
    370320.1980161203
  ],
  [
    1558224000000,
    130675.92002514274
  ],
  [
    1558310400000,
    236028.90399670994
  ],
  [
    1558396800000,
    344939.4986826588
  ],
  [
    1558483200000,
    3894432.1483849725
  ],
  [
    1558569600000,
    811524.7628965125
  ],
  [
    1558656000000,
    461738.2289654898
  ],
  [
    1558742400000,
    494126.447094705
  ],
  [
    1558828800000,
    259199.37209071385
  ],
  [
    1558915200000,
    687464.9442361105
  ],
  [
    1559001600000,
    330522.8643829832
  ],
  [
    1559088000000,
    375248.5735164962
  ],
  [
    1559174400000,
    254950.31437433584
  ],
  [
    1559260800000,
    532135.5420228757
  ],
  [
    1559347200000,
    243982.31264230897
  ],
  [
    1559433600000,
    162155.59931572896
  ],
  [
    1559520000000,
    157703.1840404925
  ],
  [
    1559606400000,
    115228.77804068144
  ],
  [
    1559692800000,
    146833.11718046907
  ],
  [
    1559779200000,
    180959.67259517353
  ],
  [
    1559865600000,
    185248.09677677017
  ],
  [
    1559952000000,
    165784.34703086287
  ],
  [
    1560038400000,
    216096.32154789666
  ],
  [
    1560124800000,
    759307.5045906574
  ],
  [
    1560211200000,
    432130.7218979813
  ],
  [
    1560297600000,
    144213.98407161178
  ],
  [
    1560384000000,
    242706.2408183673
  ],
  [
    1560470400000,
    4055697.7462012777
  ],
  [
    1560556800000,
    918703.9587412103
  ],
  [
    1560643200000,
    264353.75459344
  ],
  [
    1560729600000,
    318820.0623895683
  ],
  [
    1560816000000,
    770728.3689126371
  ],
  [
    1560902400000,
    185970.13344271385
  ],
  [
    1560988800000,
    267223.91239931923
  ],
  [
    1561075200000,
    609510.9324320267
  ],
  [
    1561161600000,
    363192.8375846012
  ],
  [
    1561248000000,
    290022.73058520985
  ],
  [
    1561334400000,
    311312.7314507939
  ],
  [
    1561420800000,
    297836.7177311326
  ],
  [
    1561507200000,
    705193.327498347
  ],
  [
    1561593600000,
    780382.1188645501
  ],
  [
    1561680000000,
    354817.6214443469
  ],
  [
    1561766400000,
    141639.7158621192
  ],
  [
    1561852800000,
    391003.90568074526
  ],
  [
    1561939200000,
    238968.98522717948
  ],
  [
    1562025600000,
    568711.8554053194
  ],
  [
    1562112000000,
    1731145.7104660065
  ],
  [
    1562198400000,
    872606.3198236974
  ],
  [
    1562284800000,
    549763.0435459779
  ],
  [
    1562371200000,
    316451.27886186505
  ],
  [
    1562457600000,
    438773.17265581316
  ],
  [
    1562544000000,
    235376.1113206219
  ],
  [
    1562630400000,
    1560615.51283421
  ],
  [
    1562716800000,
    1964896.0540220258
  ],
  [
    1562803200000,
    395423.226793908
  ],
  [
    1562889600000,
    334088.13960205903
  ],
  [
    1562976000000,
    560437.9519459069
  ],
  [
    1563062400000,
    241269.12410795354
  ],
  [
    1563148800000,
    340597.91727452946
  ],
  [
    1563235200000,
    388461.91632098425
  ],
  [
    1563321600000,
    322003.17784264137
  ],
  [
    1563408000000,
    616271.3932997353
  ],
  [
    1563494400000,
    1267744.7824423094
  ],
  [
    1563580800000,
    1179383.5498591363
  ],
  [
    1563667200000,
    424175.5032541498
  ],
  [
    1563753600000,
    277366.8023122158
  ],
  [
    1563840000000,
    512225.7289819641
  ],
  [
    1563926400000,
    294087.0327132098
  ],
  [
    1564012800000,
    281272.58782579255
  ],
  [
    1564099200000,
    340047.4445617761
  ],
  [
    1564185600000,
    473077.4763138306
  ],
  [
    1564272000000,
    332819.1825076922
  ],
  [
    1564358400000,
    654443.7847137874
  ],
  [
    1564444800000,
    576812.9403376704
  ],
  [
    1564531200000,
    416077.7747993769
  ],
  [
    1564617600000,
    1052755.455790061
  ],
  [
    1564704000000,
    704598.3177065498
  ],
  [
    1564790400000,
    615304.7453217582
  ],
  [
    1564876800000,
    377239.6470980159
  ],
  [
    1564963200000,
    406550.2080208954
  ],
  [
    1565049600000,
    361048.6026014691
  ],
  [
    1565136000000,
    362568.8781386317
  ],
  [
    1565222400000,
    719255.0747753906
  ],
  [
    1565308800000,
    378402.52954741125
  ],
  [
    1565395200000,
    608239.5010169985
  ],
  [
    1565481600000,
    642987.4051715501
  ],
  [
    1565568000000,
    211323.13162129
  ],
  [
    1565654400000,
    522353.55929556297
  ],
  [
    1565740800000,
    295966.7207549025
  ],
  [
    1565827200000,
    271938.38104450435
  ],
  [
    1565913600000,
    234024.19777008193
  ],
  [
    1566000000000,
    185904.0136221126
  ],
  [
    1566086400000,
    387501.7907083482
  ],
  [
    1566172800000,
    364112.39818627026
  ],
  [
    1566259200000,
    357627.24790000316
  ],
  [
    1566345600000,
    273673.3158613053
  ],
  [
    1566432000000,
    360874.83770547784
  ],
  [
    1566518400000,
    289227.6227361256
  ],
  [
    1566604800000,
    369902.97937671724
  ],
  [
    1566691200000,
    313258.6334182578
  ],
  [
    1566777600000,
    284939.1433221038
  ],
  [
    1566864000000,
    289016.6950865104
  ],
  [
    1566950400000,
    154024.69274670063
  ],
  [
    1567036800000,
    239334.58285197333
  ],
  [
    1567123200000,
    211951.02871710807
  ],
  [
    1567209600000,
    112385.43912572149
  ],
  [
    1567296000000,
    114907.39431868283
  ],
  [
    1567382400000,
    70723.8553156863
  ],
  [
    1567468800000,
    145932.88994542515
  ],
  [
    1567555200000,
    108185.36006461408
  ],
  [
    1567641600000,
    120059.24003311737
  ],
  [
    1567728000000,
    149988.8272940728
  ],
  [
    1567814400000,
    88658.70213951959
  ],
  [
    1567900800000,
    7356087.231979431
  ],
  [
    1567987200000,
    1553517.11512133
  ],
  [
    1568073600000,
    803344.9835735848
  ],
  [
    1568160000000,
    262723.62891014665
  ],
  [
    1568246400000,
    342469.1519252453
  ],
  [
    1568332800000,
    175407.79402580025
  ],
  [
    1568419200000,
    270511.5111803181
  ],
  [
    1568505600000,
    87721.34389349392
  ],
  [
    1568592000000,
    60247.57862292027
  ],
  [
    1568678400000,
    266717.87788857357
  ],
  [
    1568764800000,
    301553.4039728926
  ],
  [
    1568851200000,
    232541.76007235397
  ],
  [
    1568937600000,
    229593.42842678123
  ],
  [
    1569024000000,
    288367.52211384627
  ],
  [
    1569110400000,
    150867.5320766785
  ],
  [
    1569196800000,
    202941.0526406583
  ],
  [
    1569283200000,
    108213.67512714336
  ],
  [
    1569369600000,
    213097.0693940782
  ],
  [
    1569456000000,
    54972.63196301511
  ],
  [
    1569542400000,
    198629.95850567074
  ],
  [
    1569628800000,
    161279.82358234038
  ],
  [
    1569715200000,
    176089.37520266385
  ],
  [
    1569801600000,
    114870.097154083
  ],
  [
    1569888000000,
    123934.51444373972
  ],
  [
    1569974400000,
    175664.31344298794
  ],
  [
    1570060800000,
    175664.31344298794
  ],
  [
    1570147200000,
    170802.65648394317
  ],
  [
    1570233600000,
    171517.54730580834
  ],
  [
    1570320000000,
    154175.13291082904
  ],
  [
    1570406400000,
    550616.0432921577
  ],
  [
    1570492800000,
    1077701.7541416406
  ],
  [
    1570579200000,
    1415676.1181079398
  ],
  [
    1570665600000,
    1273512.286905919
  ],
  [
    1570752000000,
    1164863.110083856
  ],
  [
    1570838400000,
    1334623.7822326683
  ],
  [
    1570924800000,
    1375748.6439698236
  ],
  [
    1571011200000,
    1757883.1142107567
  ],
  [
    1571097600000,
    1263245.6273360976
  ],
  [
    1571184000000,
    1393324.4204932025
  ],
  [
    1571270400000,
    1421220.5908674363
  ],
  [
    1571356800000,
    1344398.1260638642
  ],
  [
    1571443200000,
    1276100.3505072624
  ],
  [
    1571529600000,
    1239008.7531121161
  ],
  [
    1571616000000,
    1523448.133143538
  ],
  [
    1571702400000,
    1344242.665653208
  ],
  [
    1571788800000,
    1492110.102261407
  ],
  [
    1571875200000,
    1406616.4342926086
  ],
  [
    1571961600000,
    1282535.8760192865
  ],
  [
    1572048000000,
    1628131.1044238608
  ],
  [
    1572134400000,
    1548495.2766060708
  ],
  [
    1572220800000,
    1313995.412379588
  ],
  [
    1572307200000,
    1256762.73368081
  ],
  [
    1572393600000,
    1322173.4829888863
  ],
  [
    1572480000000,
    1291540.0900942036
  ],
  [
    1572566400000,
    1261010.6906825711
  ],
  [
    1572652800000,
    1329640.3060207593
  ],
  [
    1572739200000,
    1419493.224801142
  ],
  [
    1572825600000,
    1660323.2600783396
  ],
  [
    1572912000000,
    1549125.6904655378
  ],
  [
    1572998400000,
    1319205.5679847696
  ],
  [
    1573084800000,
    1323976.7727676146
  ],
  [
    1573171200000,
    1340765.1309419249
  ],
  [
    1573257600000,
    1244794.8123995226
  ],
  [
    1573344000000,
    1198970.5477068075
  ],
  [
    1573430400000,
    1326190.9994785783
  ],
  [
    1573516800000,
    1231819.0704925694
  ],
  [
    1573603200000,
    1205141.7186242754
  ],
  [
    1573689600000,
    915711.1444862016
  ],
  [
    1573776000000,
    1210739.5368109534
  ],
  [
    1573862400000,
    1285681.135480524
  ],
  [
    1573948800000,
    1260288.9984725637
  ],
  [
    1574035200000,
    1264494.029415876
  ],
  [
    1574121600000,
    1152460.7998625871
  ],
  [
    1574208000000,
    1177273.3532929108
  ],
  [
    1574294400000,
    1131861.3780809736
  ],
  [
    1574380800000,
    1031145.5496400126
  ],
  [
    1574467200000,
    1035153.2553428755
  ],
  [
    1574553600000,
    982843.896219881
  ],
  [
    1574640000000,
    926146.9399629479
  ],
  [
    1574726400000,
    902905.1681443334
  ],
  [
    1574812800000,
    1024833.4023120911
  ],
  [
    1574899200000,
    996252.4769771027
  ],
  [
    1574985600000,
    1017739.7192313197
  ],
  [
    1575072000000,
    1081762.4188582753
  ],
  [
    1575158400000,
    1024220.4725844471
  ],
  [
    1575244800000,
    1010359.2337296988
  ],
  [
    1575331200000,
    4585171.287327084
  ],
  [
    1575417600000,
    1548700.282705134
  ],
  [
    1575504000000,
    1173919.6783983249
  ],
  [
    1575590400000,
    956893.022461395
  ],
  [
    1575676800000,
    982599.4113663194
  ],
  [
    1575763200000,
    1054306.904030138
  ],
  [
    1575849600000,
    936304.4719116858
  ],
  [
    1575936000000,
    1076406.5177074603
  ],
  [
    1576022400000,
    953907.4496777965
  ],
  [
    1576108800000,
    831406.0144077423
  ],
  [
    1576195200000,
    903871.7773052838
  ],
  [
    1576281600000,
    2048192.2003911491
  ],
  [
    1576368000000,
    1193559.9282933094
  ],
  [
    1576454400000,
    911963.4095442655
  ],
  [
    1576540800000,
    1153647.3557703684
  ],
  [
    1576627200000,
    824197.8359460827
  ],
  [
    1576713600000,
    1691999.9743292155
  ],
  [
    1576800000000,
    899910.9073232685
  ],
  [
    1576886400000,
    951185.9864100565
  ],
  [
    1576972800000,
    918521.1870092825
  ],
  [
    1577059200000,
    1453561.5964422862
  ],
  [
    1577145600000,
    1335568.7907206032
  ],
  [
    1577232000000,
    933441.0152192166
  ],
  [
    1577318400000,
    80076.19446970783
  ],
  [
    1577404800000,
    842834.7561928899
  ],
  [
    1577491200000,
    1494906.8835815836
  ],
  [
    1577577600000,
    904570.9065650118
  ],
  [
    1577664000000,
    861392.2941182262
  ],
  [
    1577750400000,
    35070.16514687171
  ],
  [
    1577836800000,
    1055181.6215606695
  ],
  [
    1577923200000,
    862467.4816092906
  ],
  [
    1578009600000,
    842048.6715948549
  ],
  [
    1578096000000,
    964211.4759108267
  ],
  [
    1578182400000,
    914907.4739697529
  ],
  [
    1578268800000,
    831836.6108316893
  ],
  [
    1578355200000,
    959301.1490506147
  ],
  [
    1578441600000,
    972195.314117786
  ],
  [
    1578528000000,
    990055.128056124
  ],
  [
    1578614400000,
    852102.8818742976
  ],
  [
    1578700800000,
    854199.567965421
  ],
  [
    1578787200000,
    881332.416048998
  ],
  [
    1578873600000,
    936372.2338560253
  ],
  [
    1578960000000,
    975353.6911670112
  ],
  [
    1579046400000,
    958385.7608311863
  ],
  [
    1579132800000,
    930901.6528657157
  ],
  [
    1579219200000,
    1011583.8134818365
  ],
  [
    1579305600000,
    862133.4396408845
  ],
  [
    1579392000000,
    913819.9937229162
  ],
  [
    1579478400000,
    601698.4149389782
  ],
  [
    1579564800000,
    1784971.0350696922
  ],
  [
    1579651200000,
    948514.0581059086
  ],
  [
    1579737600000,
    1046565.4379234762
  ],
  [
    1579824000000,
    856312.5810692301
  ],
  [
    1579910400000,
    837636.6149915716
  ],
  [
    1579996800000,
    798647.6002355837
  ],
  [
    1580083200000,
    811048.6815082601
  ],
  [
    1580169600000,
    790936.6487995199
  ],
  [
    1580256000000,
    895509.2082375764
  ],
  [
    1580342400000,
    788558.4025705595
  ],
  [
    1580428800000,
    857675.289724128
  ],
  [
    1580515200000,
    883389.1027857409
  ],
  [
    1580601600000,
    833525.0155368675
  ],
  [
    1580688000000,
    847032.6681580832
  ],
  [
    1580774400000,
    870705.5974466803
  ],
  [
    1580860800000,
    1122944.7647298013
  ],
  [
    1580947200000,
    1071980.0562334266
  ],
  [
    1581033600000,
    1045201.1978721392
  ],
  [
    1581120000000,
    1265355.7164831664
  ],
  [
    1581206400000,
    1057126.8022033528
  ],
  [
    1581292800000,
    1636155.0161593473
  ],
  [
    1581379200000,
    1757224.2947736727
  ],
  [
    1581465600000,
    1164044.7137390042
  ],
  [
    1581552000000,
    1884673.0647381379
  ],
  [
    1581638400000,
    1264035.6281661869
  ],
  [
    1581724800000,
    1469707.1612908335
  ],
  [
    1581811200000,
    1592066.3680686888
  ],
  [
    1581897600000,
    1182293.307373565
  ],
  [
    1581984000000,
    1081797.9997386392
  ],
  [
    1582070400000,
    728826.106804635
  ],
  [
    1582156800000,
    572938.0270288718
  ],
  [
    1582243200000,
    1180641.0452869618
  ],
  [
    1582329600000,
    827258.7296203517
  ],
  [
    1582416000000,
    174289.27188129953
  ],
  [
    1582502400000,
    847973.3764530417
  ],
  [
    1582588800000,
    848927.928766626
  ],
  [
    1582675200000,
    920833.4042559873
  ],
  [
    1582761600000,
    875884.3753550198
  ],
  [
    1582848000000,
    957752.6604951776
  ],
  [
    1582934400000,
    736236.2906161632
  ],
  [
    1583020800000,
    808750.4812727764
  ],
  [
    1583107200000,
    773209.1697275856
  ],
  [
    1583193600000,
    800790.9407819542
  ],
  [
    1583280000000,
    766605.0930726589
  ],
  [
    1583366400000,
    756959.9821015518
  ],
  [
    1583452800000,
    884873.6815507773
  ],
  [
    1583539200000,
    947620.3746841225
  ],
  [
    1583625600000,
    774726.2371999115
  ],
  [
    1583712000000,
    745023.2522561629
  ],
  [
    1583798400000,
    455615.15017743624
  ],
  [
    1583884800000,
    798137.321719686
  ],
  [
    1583971200000,
    870641.7951864841
  ],
  [
    1584057600000,
    388439.5606031763
  ],
  [
    1584144000000,
    437852.3502309552
  ],
  [
    1584230400000,
    363438.47366816207
  ],
  [
    1584316800000,
    375862.5581394607
  ],
  [
    1584403200000,
    304361.3131518098
  ],
  [
    1584489600000,
    334244.2012339772
  ],
  [
    1584576000000,
    344097.95957186545
  ],
  [
    1584662400000,
    575233.8973992936
  ],
  [
    1584748800000,
    459609.17684156983
  ],
  [
    1584835200000,
    375361.68751655467
  ],
  [
    1584921600000,
    730163.7744578542
  ],
  [
    1585008000000,
    938553.9135312102
  ],
  [
    1585094400000,
    2058303.9114757995
  ],
  [
    1585180800000,
    720755.5205684445
  ],
  [
    1585267200000,
    844973.8945067534
  ],
  [
    1585353600000,
    397007.04686463374
  ],
  [
    1585440000000,
    447581.6982431021
  ],
  [
    1585526400000,
    436305.54566295247
  ],
  [
    1585612800000,
    536597.6631272014
  ],
  [
    1585699200000,
    587010.2400397972
  ],
  [
    1585785600000,
    499330.722694476
  ],
  [
    1585872000000,
    470482.31655708846
  ],
  [
    1585958400000,
    450306.4630615903
  ],
  [
    1586044800000,
    454241.87289903895
  ],
  [
    1586131200000,
    406268.81487334927
  ],
  [
    1586217600000,
    300555.45240183023
  ],
  [
    1586304000000,
    183593.99130556657
  ],
  [
    1586390400000,
    125630.5648361436
  ],
  [
    1586476800000,
    175632.96368831515
  ],
  [
    1586563200000,
    351864.0917394168
  ],
  [
    1586649600000,
    393091.48494177364
  ],
  [
    1586736000000,
    709958.5597946538
  ],
  [
    1586822400000,
    388513.67521985277
  ],
  [
    1586908800000,
    1194777.909260618
  ],
  [
    1586995200000,
    521474.9665470179
  ],
  [
    1587081600000,
    626184.8818314857
  ],
  [
    1587168000000,
    433993.6839797117
  ],
  [
    1587254400000,
    498741.0309274998
  ],
  [
    1587340800000,
    436873.51166235324
  ],
  [
    1587427200000,
    435427.3891768261
  ],
  [
    1587513600000,
    422116.0003214921
  ],
  [
    1587600000000,
    348778.4012097187
  ],
  [
    1587686400000,
    88858.78132195119
  ],
  [
    1587772800000,
    112998.41573303672
  ],
  [
    1587859200000,
    42056.43053282768
  ],
  [
    1587945600000,
    50506.58894960151
  ],
  [
    1588032000000,
    85834.59512350944
  ],
  [
    1588118400000,
    471241.42005936336
  ],
  [
    1588204800000,
    669186.1457464587
  ],
  [
    1588291200000,
    565427.3215585501
  ],
  [
    1588377600000,
    514778.0530765957
  ],
  [
    1588464000000,
    478367.6310401056
  ],
  [
    1588550400000,
    463669.017566296
  ],
  [
    1588636800000,
    419769.92567090533
  ],
  [
    1588723200000,
    445950.4994302533
  ],
  [
    1588809600000,
    272594.1462429104
  ],
  [
    1588896000000,
    175300.76435788823
  ],
  [
    1588982400000,
    3091348.381757498
  ],
  [
    1589068800000,
    1001563.1800764407
  ],
  [
    1589155200000,
    486411.7194837322
  ],
  [
    1589241600000,
    457086.4195230457
  ],
  [
    1589328000000,
    414010.1311692828
  ],
  [
    1589414400000,
    397269.8091445882
  ],
  [
    1589500800000,
    506023.7418609854
  ],
  [
    1589587200000,
    409540.3235269171
  ],
  [
    1589673600000,
    480318.68483117153
  ],
  [
    1589760000000,
    579693.8343369903
  ],
  [
    1589846400000,
    489222.8362100826
  ],
  [
    1589932800000,
    628194.8208999161
  ],
  [
    1590019200000,
    411570.4897447441
  ],
  [
    1590105600000,
    1160086.572155292
  ],
  [
    1590192000000,
    822128.5758166591
  ],
  [
    1590278400000,
    571771.2820106363
  ],
  [
    1590364800000,
    608150.3486104761
  ],
  [
    1590451200000,
    1082220.8541216878
  ],
  [
    1590537600000,
    894749.249556809
  ],
  [
    1590624000000,
    768579.0566558101
  ],
  [
    1590710400000,
    738304.0537582393
  ],
  [
    1590796800000,
    984881.8557874849
  ],
  [
    1590883200000,
    932603.3555068697
  ],
  [
    1590969600000,
    806242.6768877212
  ],
  [
    1591056000000,
    773090.0684644671
  ],
  [
    1591142400000,
    794346.1613371765
  ],
  [
    1591228800000,
    1040338.4750415277
  ],
  [
    1591315200000,
    644782.4739363169
  ],
  [
    1591401600000,
    650841.7215107611
  ],
  [
    1591488000000,
    1113214.6765374464
  ],
  [
    1591574400000,
    1100596.4941069009
  ],
  [
    1591660800000,
    1299930.2515227876
  ],
  [
    1591747200000,
    1565388.7787069282
  ],
  [
    1591833600000,
    1948287.6771566889
  ],
  [
    1591920000000,
    1410529.5358630065
  ],
  [
    1592006400000,
    950086.047808782
  ],
  [
    1592092800000,
    1292761.4497718366
  ],
  [
    1592179200000,
    1999300.4010757909
  ],
  [
    1592265600000,
    1362879.8908089227
  ],
  [
    1592352000000,
    990640.7262278867
  ],
  [
    1592438400000,
    1964230.0452714006
  ],
  [
    1592524800000,
    1839172.1859349716
  ],
  [
    1592611200000,
    1071468.372848858
  ],
  [
    1592697600000,
    1873479.956580873
  ],
  [
    1592784000000,
    1055801.4360211687
  ],
  [
    1592870400000,
    1254813.9713822831
  ],
  [
    1592956800000,
    791148.0516272933
  ],
  [
    1593043200000,
    835960.1548407312
  ],
  [
    1593129600000,
    901114.2665595488
  ],
  [
    1593216000000,
    710139.0498110438
  ],
  [
    1593302400000,
    1058647.3601055138
  ],
  [
    1593388800000,
    713069.8584485595
  ],
  [
    1593475200000,
    573999.0503522006
  ],
  [
    1593561600000,
    718987.8014313914
  ],
  [
    1593648000000,
    631926.5848661977
  ],
  [
    1593734400000,
    572597.20858965
  ],
  [
    1593820800000,
    677003.0111095143
  ],
  [
    1593907200000,
    550117.5821223297
  ],
  [
    1593993600000,
    642625.6509758073
  ],
  [
    1594080000000,
    561673.0895323375
  ],
  [
    1594166400000,
    653786.130162101
  ],
  [
    1594252800000,
    944393.7110185645
  ],
  [
    1594339200000,
    678544.455448452
  ],
  [
    1594425600000,
    809669.5156624779
  ],
  [
    1594512000000,
    628562.9434901847
  ],
  [
    1594598400000,
    808220.6596556735
  ],
  [
    1594684800000,
    992183.4697493986
  ],
  [
    1594771200000,
    766262.6589700592
  ],
  [
    1594857600000,
    701013.143318578
  ],
  [
    1594944000000,
    885344.5462038661
  ],
  [
    1595030400000,
    687415.4947883543
  ],
  [
    1595116800000,
    608004.6039649703
  ],
  [
    1595203200000,
    564224.0960215096
  ],
  [
    1595289600000,
    1534648.4795008197
  ],
  [
    1595376000000,
    1548041.2146042562
  ],
  [
    1595462400000,
    1133594.9187025425
  ],
  [
    1595548800000,
    1251405.1186998223
  ],
  [
    1595635200000,
    1135931.8623680426
  ],
  [
    1595721600000,
    1796962.1955639564
  ],
  [
    1595808000000,
    1551415.4015382933
  ],
  [
    1595894400000,
    2463404.5133910165
  ],
  [
    1595980800000,
    1472108.7726612326
  ],
  [
    1596067200000,
    981271.1155640404
  ],
  [
    1596153600000,
    630606.5599286786
  ],
  [
    1596240000000,
    415448.9315605858
  ],
  [
    1596326400000,
    406908.6402631533
  ],
  [
    1596412800000,
    664675.4951771703
  ],
  [
    1596499200000,
    586335.9638365492
  ],
  [
    1596585600000,
    260977.77920402863
  ],
  [
    1596672000000,
    332695.1815116524
  ],
  [
    1596758400000,
    270799.2169687944
  ],
  [
    1596844800000,
    560610.8295259888
  ],
  [
    1596931200000,
    634857.2337890095
  ],
  [
    1597017600000,
    748650.6748819333
  ],
  [
    1597104000000,
    650644.4231629979
  ],
  [
    1597190400000,
    1055252.2403161963
  ],
  [
    1597276800000,
    692445.2122100212
  ],
  [
    1597363200000,
    459616.471915281
  ],
  [
    1597449600000,
    614911.5231909563
  ],
  [
    1597536000000,
    831069.544345918
  ],
  [
    1597622400000,
    252736.2644963135
  ],
  [
    1597708800000,
    657773.5418478403
  ],
  [
    1597795200000,
    458767.2512294443
  ],
  [
    1597881600000,
    806030.4152530504
  ],
  [
    1597968000000,
    316759.6003192597
  ],
  [
    1598054400000,
    1202323.2129304768
  ],
  [
    1598140800000,
    1167324.0756068986
  ],
  [
    1598227200000,
    1224605.4109556917
  ],
  [
    1598313600000,
    943626.2803096574
  ],
  [
    1598400000000,
    910412.3091654226
  ],
  [
    1598486400000,
    732523.1834172524
  ],
  [
    1598572800000,
    683643.6592789446
  ],
  [
    1598659200000,
    677668.2991988814
  ],
  [
    1598745600000,
    607629.7836883129
  ],
  [
    1598832000000,
    711606.898315078
  ],
  [
    1598918400000,
    623622.0600983272
  ],
  [
    1599004800000,
    538789.5357958486
  ],
  [
    1599091200000,
    481170.73669897433
  ],
  [
    1599177600000,
    541808.6662072967
  ],
  [
    1599264000000,
    380065.9641451225
  ],
  [
    1599350400000,
    554502.3218142773
  ],
  [
    1599436800000,
    356233.8152806449
  ],
  [
    1599523200000,
    228383.62532524636
  ],
  [
    1599609600000,
    145352.70587745926
  ],
  [
    1599696000000,
    142205.69271812175
  ],
  [
    1599782400000,
    226346.73452919835
  ],
  [
    1599868800000,
    297246.62533071527
  ],
  [
    1599955200000,
    295812.2396878371
  ],
  [
    1600041600000,
    310946.24962801696
  ],
  [
    1600128000000,
    209538.46674448604
  ],
  [
    1600214400000,
    137293.63113843874
  ],
  [
    1600300800000,
    152848.18537441178
  ],
  [
    1600387200000,
    77670.04628979787
  ],
  [
    1600473600000,
    110856.49445753948
  ],
  [
    1600560000000,
    110902.48530337539
  ],
  [
    1600646400000,
    76387.95973697212
  ],
  [
    1600732800000,
    159932.7696191207
  ],
  [
    1600819200000,
    1179102.822331095
  ],
  [
    1600905600000,
    163069.37070556008
  ],
  [
    1600992000000,
    30272.5915941089
  ],
  [
    1601078400000,
    45896.30703031104
  ],
  [
    1601164800000,
    28592.63251940696
  ],
  [
    1601251200000,
    42385.154913799575
  ],
  [
    1601337600000,
    143232.37556218044
  ],
  [
    1601424000000,
    158243.4769945057
  ],
  [
    1601510400000,
    129531.15875883996
  ],
  [
    1601596800000,
    123079.10297811207
  ],
  [
    1601683200000,
    172895.0684960005
  ],
  [
    1601769600000,
    101521.99174421553
  ],
  [
    1601856000000,
    180813.5305750806
  ],
  [
    1601942400000,
    265411.84247094835
  ],
  [
    1602028800000,
    81062.76770898869
  ],
  [
    1602115200000,
    388726.24821987917
  ],
  [
    1602201600000,
    781659.0069767423
  ],
  [
    1602288000000,
    161340.39090297444
  ],
  [
    1602374400000,
    83639.45012614697
  ],
  [
    1602460800000,
    30675.44558615151
  ],
  [
    1602547200000,
    119637.29787460862
  ],
  [
    1602633600000,
    65872.9783603072
  ],
  [
    1602720000000,
    315393.30486807594
  ],
  [
    1602806400000,
    83811.95040115599
  ],
  [
    1602892800000,
    88635.87285326172
  ],
  [
    1602979200000,
    111891.53670212282
  ],
  [
    1603065600000,
    36229.50374880457
  ],
  [
    1603152000000,
    53948.666206569396
  ],
  [
    1603238400000,
    551025.9151760461
  ],
  [
    1603324800000,
    530200.5361358898
  ],
  [
    1603411200000,
    57791.34323102651
  ],
  [
    1603497600000,
    83641.90890254435
  ],
  [
    1603584000000,
    47332.51810634787
  ],
  [
    1603670400000,
    473903.9515444069
  ],
  [
    1603756800000,
    183242.43565963992
  ],
  [
    1603843200000,
    998294.0862803418
  ],
  [
    1603929600000,
    220696.5230521589
  ],
  [
    1604016000000,
    4683973.088581769
  ],
  [
    1604102400000,
    341989.27395515976
  ],
  [
    1604188800000,
    123891.61192813134
  ],
  [
    1604275200000,
    64755.19497169468
  ],
  [
    1604361600000,
    304347.2524182302
  ],
  [
    1604448000000,
    162729.88741668907
  ],
  [
    1604534400000,
    190830.0992012212
  ],
  [
    1604620800000,
    221665.5811096484
  ],
  [
    1604707200000,
    140606.02602304527
  ],
  [
    1604793600000,
    1129488.7379153923
  ],
  [
    1604880000000,
    370073.37859359675
  ],
  [
    1604966400000,
    1857525.72271529
  ],
  [
    1605052800000,
    493045.0114478028
  ],
  [
    1605139200000,
    222706.49953852207
  ],
  [
    1605225600000,
    147244.6353063526
  ],
  [
    1605312000000,
    108802.6028281354
  ],
  [
    1605398400000,
    68969.96484219575
  ],
  [
    1605484800000,
    134286.77743373107
  ],
  [
    1605571200000,
    65564.48149167259
  ],
  [
    1605657600000,
    258020.84159066543
  ],
  [
    1605744000000,
    158948.026722935
  ],
  [
    1605830400000,
    223389.88952223756
  ],
  [
    1605916800000,
    162657.18153251387
  ],
  [
    1606003200000,
    225070.3801105617
  ],
  [
    1606089600000,
    136122.06010268687
  ],
  [
    1606176000000,
    302728.02339356777
  ],
  [
    1606262400000,
    771156.6370354047
  ],
  [
    1606348800000,
    521159.00514269574
  ],
  [
    1606435200000,
    164328.75810510787
  ],
  [
    1606521600000,
    69245.22393847427
  ],
  [
    1606608000000,
    117209.76228389092
  ],
  [
    1606694400000,
    726862.1003234168
  ],
  [
    1606780800000,
    118155.72577318309
  ],
  [
    1606867200000,
    186224.77059094698
  ],
  [
    1606953600000,
    138542.31527351987
  ],
  [
    1607040000000,
    351959.3968730962
  ],
  [
    1607126400000,
    223881.09250883994
  ],
  [
    1607212800000,
    378200.8074511206
  ],
  [
    1607299200000,
    1764123.257587326
  ],
  [
    1607385600000,
    310095.2700292356
  ],
  [
    1607472000000,
    159868.7312963392
  ],
  [
    1607558400000,
    84517.01845565754
  ],
  [
    1607644800000,
    92531.67426958088
  ],
  [
    1607731200000,
    83697.01039036406
  ],
  [
    1607817600000,
    30313.224203502734
  ],
  [
    1607904000000,
    39287.80045324978
  ],
  [
    1607990400000,
    64090.68495178
  ],
  [
    1608076800000,
    523210.07303018944
  ],
  [
    1608163200000,
    435313.5541254923
  ],
  [
    1608249600000,
    505935.41030154226
  ],
  [
    1608336000000,
    828923.7124312803
  ],
  [
    1608422400000,
    451489.0806362484
  ],
  [
    1608508800000,
    589541.4963124479
  ],
  [
    1608595200000,
    1602205.1729081695
  ],
  [
    1608681600000,
    325661.6963312904
  ],
  [
    1608768000000,
    424621.9859916987
  ],
  [
    1608854400000,
    229085.27487148423
  ],
  [
    1608940800000,
    64348.10591122177
  ],
  [
    1609027200000,
    2387882.1183441803
  ],
  [
    1609113600000,
    350893.7647965817
  ],
  [
    1609200000000,
    268804.4317967688
  ],
  [
    1609286400000,
    348899.2738048901
  ],
  [
    1609372800000,
    263691.3500813893
  ],
  [
    1609459200000,
    140685.57789359157
  ],
  [
    1609545600000,
    308584.44494642847
  ],
  [
    1609632000000,
    291105.60622464784
  ],
  [
    1609718400000,
    554887.5147304854
  ],
  [
    1609804800000,
    194825.30100464163
  ],
  [
    1609891200000,
    282851.97265851137
  ],
  [
    1609977600000,
    1598711.0592195431
  ],
  [
    1610064000000,
    675067.5505127797
  ],
  [
    1610150400000,
    311210.3912921082
  ],
  [
    1610236800000,
    732224.2370769568
  ],
  [
    1610323200000,
    306402.71094177285
  ],
  [
    1610409600000,
    225583.71171405958
  ],
  [
    1610496000000,
    104966.71361845532
  ],
  [
    1610582400000,
    116179.46102367667
  ],
  [
    1610668800000,
    465868.98430349905
  ],
  [
    1610755200000,
    205291.90718355545
  ],
  [
    1610841600000,
    147331.6118048918
  ],
  [
    1610928000000,
    197891.71971374517
  ],
  [
    1611014400000,
    184739.02766484398
  ],
  [
    1611100800000,
    211583.09957037488
  ],
  [
    1611187200000,
    411673.66475861624
  ],
  [
    1611273600000,
    308923.42329022946
  ],
  [
    1611360000000,
    305883.3078228887
  ],
  [
    1611446400000,
    3592278.1251566815
  ],
  [
    1611532800000,
    1181430.9032501592
  ],
  [
    1611619200000,
    452290.08234019845
  ],
  [
    1611705600000,
    198510.38924017074
  ],
  [
    1611792000000,
    275010.2538941446
  ],
  [
    1611878400000,
    566155.6703347792
  ],
  [
    1611964800000,
    653181.0960533792
  ],
  [
    1612051200000,
    14434041.056113627
  ],
  [
    1612137600000,
    1518158.7095106423
  ],
  [
    1612224000000,
    627036.2944290704
  ],
  [
    1612310400000,
    886087.7812445688
  ],
  [
    1612396800000,
    8877450.281700332
  ],
  [
    1612483200000,
    1169698.5316627398
  ],
  [
    1612569600000,
    855416.5882506078
  ],
  [
    1612656000000,
    3851172.6427097125
  ],
  [
    1612742400000,
    1974227.0650906288
  ],
  [
    1612828800000,
    1668624.3630154931
  ],
  [
    1612915200000,
    1536945.3336667817
  ],
  [
    1613001600000,
    1590454.568548323
  ],
  [
    1613088000000,
    1147216.2253993743
  ],
  [
    1613174400000,
    1153771.6386973485
  ],
  [
    1613260800000,
    2105138.592455996
  ],
  [
    1613347200000,
    1953022.7030063018
  ],
  [
    1613433600000,
    8800517.002252601
  ],
  [
    1613520000000,
    1629443.6257553804
  ],
  [
    1613606400000,
    1492886.7140126715
  ],
  [
    1613692800000,
    2668269.2964115017
  ],
  [
    1613779200000,
    1492252.1089179653
  ],
  [
    1613865600000,
    1191277.9236248864
  ],
  [
    1613952000000,
    744750.4227254952
  ],
  [
    1614038400000,
    3015966.119372565
  ],
  [
    1614124800000,
    1506601.8614577043
  ],
  [
    1614211200000,
    10633925.589086087
  ],
  [
    1614297600000,
    2451162.205241857
  ],
  [
    1614384000000,
    827240.1258814185
  ],
  [
    1614470400000,
    1738781.2782771315
  ],
  [
    1614556800000,
    625209.11220365
  ],
  [
    1614643200000,
    666513.4172742799
  ],
  [
    1614729600000,
    627163.9563529689
  ],
  [
    1614816000000,
    380867.8402065926
  ],
  [
    1614902400000,
    914806.8061063489
  ],
  [
    1614988800000,
    1273376.5183852606
  ],
  [
    1615075200000,
    665590.1611890433
  ],
  [
    1615161600000,
    598729.0126606902
  ],
  [
    1615248000000,
    552035.6707870692
  ],
  [
    1615334400000,
    1862954.3570079717
  ],
  [
    1615420800000,
    2244754.2978944895
  ],
  [
    1615507200000,
    2058470.0473444706
  ],
  [
    1615593600000,
    1773630.243063251
  ],
  [
    1615680000000,
    1303703.9583461075
  ],
  [
    1615766400000,
    1029265.5437985831
  ],
  [
    1615852800000,
    1150814.0898365641
  ],
  [
    1615939200000,
    2426146.3657961986
  ],
  [
    1616025600000,
    2419544.7516924483
  ],
  [
    1616112000000,
    1384170.8398568619
  ],
  [
    1616198400000,
    1072812.1382772343
  ],
  [
    1616284800000,
    2255983.293128779
  ],
  [
    1616371200000,
    1415698.323639659
  ],
  [
    1616457600000,
    4791339.500122382
  ],
  [
    1616544000000,
    3514574.7182436967
  ],
  [
    1616630400000,
    4603713.643408314
  ],
  [
    1616716800000,
    2054400.7469914232
  ],
  [
    1616803200000,
    960798.2976064337
  ],
  [
    1616889600000,
    1233995.3012765548
  ],
  [
    1616976000000,
    3064307.0274246307
  ],
  [
    1617062400000,
    2769605.1485015405
  ],
  [
    1617148800000,
    1888054.5872783281
  ],
  [
    1617235200000,
    7688707.038832601
  ],
  [
    1617321600000,
    3233630.895493487
  ],
  [
    1617408000000,
    2693739.058115777
  ],
  [
    1617494400000,
    1804248.8194942798
  ],
  [
    1617580800000,
    4105818.3546556775
  ],
  [
    1617667200000,
    6311271.805314199
  ],
  [
    1617753600000,
    4340525.495091363
  ],
  [
    1617840000000,
    2392804.721415905
  ],
  [
    1617926400000,
    2709087.3036581264
  ],
  [
    1618012800000,
    2153555.3131454145
  ],
  [
    1618099200000,
    2506651.008551236
  ],
  [
    1618185600000,
    2692312.965210289
  ],
  [
    1618272000000,
    2419985.2147946097
  ],
  [
    1618358400000,
    1483090.4723373791
  ],
  [
    1618444800000,
    1487177.5863447597
  ],
  [
    1618531200000,
    1320634.3163493269
  ],
  [
    1618617600000,
    1525717.5591811375
  ],
  [
    1618704000000,
    1250264.5783301182
  ],
  [
    1618790400000,
    2159262.931844979
  ],
  [
    1618876800000,
    1132743.7733486728
  ],
  [
    1618963200000,
    1346489.144939225
  ],
  [
    1619049600000,
    1104297.2882738838
  ],
  [
    1619136000000,
    922131.6996048773
  ],
  [
    1619222400000,
    1635184.574409437
  ],
  [
    1619308800000,
    11397624.561732082
  ],
  [
    1619395200000,
    3733254.867429242
  ],
  [
    1619481600000,
    1450584.87228611
  ],
  [
    1619568000000,
    981438.4913500122
  ],
  [
    1619654400000,
    733170.9096965715
  ],
  [
    1619740800000,
    749284.2171130237
  ],
  [
    1619827200000,
    1748123.6227480585
  ],
  [
    1619913600000,
    1039603.6460243282
  ],
  [
    1620000000000,
    661571.9597886553
  ],
  [
    1620086400000,
    929757.1034430611
  ],
  [
    1620172800000,
    765385.0104178932
  ],
  [
    1620259200000,
    842358.972073637
  ],
  [
    1620345600000,
    880888.5045505223
  ],
  [
    1620432000000,
    8579911.637476107
  ],
  [
    1620518400000,
    2489033.405636815
  ],
  [
    1620604800000,
    3667702.219922231
  ],
  [
    1620691200000,
    1803483.4775697708
  ],
  [
    1620777600000,
    635579.5012601905
  ],
  [
    1620864000000,
    1050365.5102939394
  ],
  [
    1620950400000,
    2054418.431815084
  ],
  [
    1621036800000,
    1214689.2440830325
  ],
  [
    1621123200000,
    1932778.603445356
  ],
  [
    1621209600000,
    1037123.4860796292
  ],
  [
    1621296000000,
    1530953.8253574609
  ],
  [
    1621382400000,
    475667.85790398024
  ],
  [
    1621468800000,
    1727612.149834223
  ],
  [
    1621555200000,
    556043.2166587245
  ],
  [
    1621641600000,
    552924.9948367683
  ],
  [
    1621728000000,
    879543.4388985148
  ],
  [
    1621814400000,
    489871.48652476555
  ],
  [
    1621900800000,
    541555.3421789681
  ],
  [
    1621987200000,
    1267613.3169224432
  ],
  [
    1622073600000,
    316977.0528994152
  ],
  [
    1622160000000,
    275442.58868658915
  ],
  [
    1622246400000,
    315048.76210437965
  ],
  [
    1622332800000,
    168389.9372919374
  ],
  [
    1622419200000,
    1729979.9511453197
  ],
  [
    1622505600000,
    389803.9715602843
  ],
  [
    1622592000000,
    652550.4558988152
  ],
  [
    1622678400000,
    162059.41483712217
  ],
  [
    1622764800000,
    190208.63940772743
  ],
  [
    1622851200000,
    198068.1504386928
  ],
  [
    1622937600000,
    1659268.8327066875
  ],
  [
    1623024000000,
    421187.6553584422
  ],
  [
    1623110400000,
    926931.8561379175
  ],
  [
    1623196800000,
    243783.56069034908
  ],
  [
    1623283200000,
    522906.52837823256
  ],
  [
    1623369600000,
    435749.44986311044
  ],
  [
    1623456000000,
    167562.92713800145
  ],
  [
    1623542400000,
    1257691.5891758783
  ],
  [
    1623628800000,
    892521.9356449861
  ],
  [
    1623715200000,
    564131.655098757
  ],
  [
    1623801600000,
    586381.4038756846
  ],
  [
    1623888000000,
    279547.3091733064
  ],
  [
    1623974400000,
    465002.61953516974
  ],
  [
    1624060800000,
    265165.25306382217
  ],
  [
    1624147200000,
    979456.0613129776
  ],
  [
    1624233600000,
    147459.15510427605
  ],
  [
    1624320000000,
    170068.8077309935
  ],
  [
    1624406400000,
    235350.38986549794
  ],
  [
    1624492800000,
    418745.0567836145
  ],
  [
    1624579200000,
    352819.44927656936
  ],
  [
    1624665600000,
    382719.97909339843
  ],
  [
    1624752000000,
    343132.81833299657
  ],
  [
    1624838400000,
    668965.1772952662
  ],
  [
    1624924800000,
    393757.6869418812
  ],
  [
    1625011200000,
    339684.4287399667
  ],
  [
    1625097600000,
    924319.8442488355
  ],
  [
    1625184000000,
    292111.25719146675
  ],
  [
    1625270400000,
    99248.92461283326
  ],
  [
    1625356800000,
    62593.5283823132
  ],
  [
    1625443200000,
    158080.12969781316
  ],
  [
    1625529600000,
    201939.29211026558
  ],
  [
    1625616000000,
    330178.01234422333
  ],
  [
    1625702400000,
    545415.6316973236
  ],
  [
    1625788800000,
    611902.122826932
  ],
  [
    1625875200000,
    111671.10734314697
  ],
  [
    1625961600000,
    38275.033726203284
  ],
  [
    1626048000000,
    283901.44491183234
  ],
  [
    1626134400000,
    98944.09720117657
  ],
  [
    1626220800000,
    253050.5037556005
  ],
  [
    1626307200000,
    247503.51569826485
  ],
  [
    1626393600000,
    65463.5618670171
  ],
  [
    1626480000000,
    300026.3716419625
  ],
  [
    1626566400000,
    497280.0834248093
  ],
  [
    1626652800000,
    2361349.9613217884
  ],
  [
    1626739200000,
    1374088.8121780688
  ],
  [
    1626825600000,
    1170951.6894740034
  ],
  [
    1626912000000,
    1117478.3474927016
  ],
  [
    1626998400000,
    1473752.0791019301
  ],
  [
    1627084800000,
    1621120.932358491
  ],
  [
    1627171200000,
    129583.54067121481
  ],
  [
    1627257600000,
    963827.9327247968
  ],
  [
    1627344000000,
    701577.9238199851
  ],
  [
    1627430400000,
    402122.50525629043
  ],
  [
    1627516800000,
    143916.72125599853
  ],
  [
    1627603200000,
    642680.8358806047
  ],
  [
    1627689600000,
    1414123.4275825499
  ],
  [
    1627776000000,
    477009.9839693881
  ],
  [
    1627862400000,
    161387.11517151498
  ],
  [
    1627948800000,
    289790.5453299418
  ],
  [
    1628035200000,
    626680.423916978
  ],
  [
    1628121600000,
    269115.59152382746
  ],
  [
    1628208000000,
    768411.4546321939
  ],
  [
    1628294400000,
    839926.0088684935
  ],
  [
    1628380800000,
    279309.05031347566
  ],
  [
    1628467200000,
    4140504.1903541293
  ],
  [
    1628553600000,
    546667.706041127
  ],
  [
    1628640000000,
    1847807.1677278117
  ],
  [
    1628726400000,
    1417211.892032668
  ],
  [
    1628812800000,
    2394690.694818542
  ],
  [
    1628899200000,
    645541.2942109691
  ],
  [
    1628985600000,
    1381668.4551170932
  ],
  [
    1629072000000,
    1658272.9283763377
  ],
  [
    1629158400000,
    530957.0582056406
  ],
  [
    1629244800000,
    18208314.18404324
  ],
  [
    1629331200000,
    3842515.6027594656
  ],
  [
    1629417600000,
    1457202.8483586945
  ],
  [
    1629504000000,
    1493508.0465658086
  ],
  [
    1629590400000,
    672037.8177907845
  ],
  [
    1629676800000,
    407059.4700289645
  ],
  [
    1629763200000,
    281725.7327133935
  ],
  [
    1629849600000,
    785379.7741728557
  ],
  [
    1629936000000,
    819568.7046364468
  ],
  [
    1630022400000,
    1046188.2998703187
  ],
  [
    1630108800000,
    569067.7855568449
  ],
  [
    1630195200000,
    844310.0677922962
  ],
  [
    1630281600000,
    7408943.848698101
  ],
  [
    1630368000000,
    793092.1868539973
  ],
  [
    1630454400000,
    1140643.2884430445
  ],
  [
    1630540800000,
    684138.9211779106
  ],
  [
    1630627200000,
    1948316.2694023782
  ]
]