[
  [
    1590710400000,
    56063.22807415327
  ],
  [
    1590796800000,
    120187.02279110177
  ],
  [
    1590969600000,
    389258.33561807737
  ],
  [
    1591056000000,
    125682.81862310461
  ],
  [
    1591142400000,
    600288.4679044986
  ],
  [
    1591228800000,
    1.6482310113434901
  ],
  [
    1591315200000,
    293568.6682707392
  ],
  [
    1591401600000,
    217634.36270902306
  ],
  [
    1591488000000,
    14.913802115675184
  ],
  [
    1591574400000,
    14.913802115675184
  ],
  [
    1591660800000,
    276171.6940021344
  ],
  [
    1591747200000,
    73567.94024767086
  ],
  [
    1591833600000,
    192406.77750144497
  ],
  [
    1591920000000,
    118597.8408338571
  ],
  [
    1592006400000,
    147094.37989461733
  ],
  [
    1592092800000,
    513487.6105425111
  ],
  [
    1592179200000,
    114054.5448002239
  ],
  [
    1592265600000,
    156428.90497078633
  ],
  [
    1592352000000,
    167547.75256763515
  ],
  [
    1592438400000,
    346560.2931938848
  ],
  [
    1592524800000,
    300928.7039617551
  ],
  [
    1592611200000,
    264964.2967122574
  ],
  [
    1592697600000,
    78361.03846572233
  ],
  [
    1592784000000,
    2168.620035727017
  ],
  [
    1592870400000,
    113628.95268555086
  ],
  [
    1592956800000,
    162792.49706155562
  ],
  [
    1593043200000,
    108828.47580770392
  ],
  [
    1593129600000,
    81892.35206808703
  ],
  [
    1593216000000,
    243434.64535654878
  ],
  [
    1593302400000,
    176492.25241882104
  ],
  [
    1593388800000,
    279.64888447206516
  ],
  [
    1593475200000,
    604528.3449621844
  ],
  [
    1593561600000,
    271842.158352073
  ],
  [
    1593648000000,
    322648.7323465642
  ],
  [
    1593734400000,
    500054.04811695765
  ],
  [
    1593820800000,
    245393.37180027983
  ],
  [
    1593907200000,
    264513.4356590555
  ],
  [
    1593993600000,
    149214.24666602444
  ],
  [
    1594080000000,
    155175.99433803273
  ],
  [
    1594166400000,
    70541.25760222039
  ],
  [
    1594252800000,
    372634.4524666791
  ],
  [
    1594339200000,
    355080.07218769967
  ],
  [
    1594425600000,
    317386.570846913
  ],
  [
    1594512000000,
    145014.54385793768
  ],
  [
    1594598400000,
    17001.63858372475
  ],
  [
    1594684800000,
    228041.81541461355
  ],
  [
    1594771200000,
    64948.81857686153
  ],
  [
    1594857600000,
    269767.90873873484
  ],
  [
    1594944000000,
    269945.0441570869
  ],
  [
    1595030400000,
    401722.0496329396
  ],
  [
    1595116800000,
    193766.53931513437
  ],
  [
    1595203200000,
    64884.808234996715
  ],
  [
    1595289600000,
    108257.26201531019
  ],
  [
    1595376000000,
    93492.60063962983
  ],
  [
    1595462400000,
    61559.771443328325
  ],
  [
    1595548800000,
    181487.37649475882
  ],
  [
    1595635200000,
    324181.0471623163
  ],
  [
    1595721600000,
    130609.95231276237
  ],
  [
    1595808000000,
    251501.3278448876
  ],
  [
    1595894400000,
    1.6670660936340327
  ],
  [
    1595980800000,
    82589.31466835456
  ],
  [
    1596067200000,
    83478.90378386165
  ],
  [
    1596153600000,
    181680.01088117756
  ],
  [
    1596240000000,
    168250.35142000462
  ],
  [
    1596326400000,
    183424.78792288213
  ],
  [
    1596412800000,
    164155.14491023807
  ],
  [
    1596499200000,
    61607.738614130445
  ],
  [
    1596585600000,
    72533.44537955556
  ],
  [
    1596672000000,
    142720.03010725044
  ],
  [
    1596758400000,
    162049.48048018132
  ],
  [
    1596844800000,
    228664.7015210119
  ],
  [
    1596931200000,
    158155.808977369
  ],
  [
    1597017600000,
    64919.577349364874
  ],
  [
    1597104000000,
    101767.80920411831
  ],
  [
    1597190400000,
    67369.45496143315
  ],
  [
    1597276800000,
    7976.259670238905
  ],
  [
    1597363200000,
    57132.953867012206
  ],
  [
    1597449600000,
    128364.71494336722
  ],
  [
    1597536000000,
    230848.92897849786
  ],
  [
    1597622400000,
    168125.037978694
  ],
  [
    1597708800000,
    21.72938699769099
  ],
  [
    1597795200000,
    82020.7201292958
  ],
  [
    1597881600000,
    93275.4267587639
  ],
  [
    1597968000000,
    22430.748552515706
  ],
  [
    1598054400000,
    47252.65440274097
  ],
  [
    1598140800000,
    98984.40893799915
  ],
  [
    1598227200000,
    110462.87182059715
  ],
  [
    1598313600000,
    126920.83175196098
  ],
  [
    1598400000000,
    23210.352600758168
  ],
  [
    1598486400000,
    106274.07818001189
  ],
  [
    1598572800000,
    364060.766845155
  ],
  [
    1598659200000,
    423726.6524042077
  ],
  [
    1598745600000,
    51693.29235342631
  ],
  [
    1598832000000,
    162935.42856605182
  ],
  [
    1598918400000,
    382828.09771106066
  ],
  [
    1599004800000,
    53096.72319965894
  ],
  [
    1599091200000,
    61328.81358496503
  ],
  [
    1599177600000,
    396111.7700863624
  ],
  [
    1599264000000,
    291795.755044099
  ],
  [
    1599350400000,
    196372.0074596322
  ],
  [
    1599436800000,
    381523.95341195446
  ],
  [
    1599523200000,
    7472.95909838385
  ],
  [
    1599609600000,
    262062.3553186258
  ],
  [
    1599696000000,
    2679.3725373477023
  ],
  [
    1599782400000,
    40639.7736832958
  ],
  [
    1599868800000,
    542145.9669145378
  ],
  [
    1599955200000,
    229020.20372511738
  ],
  [
    1600041600000,
    134504.86075132212
  ],
  [
    1600128000000,
    417251.12703680067
  ],
  [
    1600214400000,
    278073.7133214227
  ],
  [
    1600300800000,
    218004.8929796049
  ],
  [
    1600387200000,
    204371.32625608845
  ],
  [
    1600473600000,
    345670.0626101185
  ],
  [
    1600560000000,
    226208.1420752993
  ],
  [
    1600646400000,
    82702.26424516301
  ],
  [
    1600732800000,
    321184.1970793928
  ],
  [
    1600819200000,
    300537.3881403266
  ],
  [
    1600905600000,
    129356.07658037178
  ],
  [
    1600992000000,
    104955.66377527431
  ],
  [
    1601078400000,
    96427.6279485398
  ],
  [
    1601164800000,
    191623.08171149786
  ],
  [
    1601251200000,
    0.6384214291895598
  ],
  [
    1601337600000,
    262017.46478109012
  ],
  [
    1601424000000,
    476443.98145229375
  ],
  [
    1601510400000,
    211132.9714518003
  ],
  [
    1601596800000,
    117755.12705310115
  ],
  [
    1601683200000,
    224456.78656482988
  ],
  [
    1601769600000,
    212357.0683790192
  ],
  [
    1601856000000,
    312185.57242646423
  ],
  [
    1601942400000,
    341406.8101203508
  ],
  [
    1602028800000,
    157246.41004934278
  ],
  [
    1602115200000,
    158793.6456981673
  ],
  [
    1602201600000,
    277671.24557409546
  ],
  [
    1602288000000,
    294382.1015754681
  ],
  [
    1602374400000,
    274384.29401120124
  ],
  [
    1602460800000,
    305605.31780779245
  ],
  [
    1602547200000,
    118603.96859060113
  ],
  [
    1602633600000,
    85661.02544392037
  ],
  [
    1602720000000,
    137805.83771272257
  ],
  [
    1602806400000,
    108838.49844408013
  ],
  [
    1602892800000,
    0.00800270952554341
  ],
  [
    1602979200000,
    168299.30461746154
  ],
  [
    1603065600000,
    160735.85305599665
  ],
  [
    1603152000000,
    48680.95251603553
  ],
  [
    1603238400000,
    198289.00557416386
  ],
  [
    1603324800000,
    63280.00038108977
  ],
  [
    1603411200000,
    170166.53692923876
  ],
  [
    1603497600000,
    112878.07201576133
  ],
  [
    1603584000000,
    170005.22911801827
  ],
  [
    1603670400000,
    27142.451294184848
  ],
  [
    1603756800000,
    331357.21531281405
  ],
  [
    1603843200000,
    42632.98226219517
  ],
  [
    1603929600000,
    256651.32746621466
  ],
  [
    1604016000000,
    164936.6341729261
  ],
  [
    1604102400000,
    184688.35979153242
  ],
  [
    1604188800000,
    201718.28604512181
  ],
  [
    1604275200000,
    19869.526562590883
  ],
  [
    1604361600000,
    181928.0572068751
  ],
  [
    1604448000000,
    180415.28902073926
  ],
  [
    1604534400000,
    456244.91369352647
  ],
  [
    1604620800000,
    351053.4346184247
  ],
  [
    1604707200000,
    327651.78063177544
  ],
  [
    1604793600000,
    168567.7538746934
  ],
  [
    1604880000000,
    78298.09322904199
  ],
  [
    1604966400000,
    205711.62505196716
  ],
  [
    1605052800000,
    175365.15948321967
  ],
  [
    1605139200000,
    209826.58183541498
  ],
  [
    1605225600000,
    285242.55581916234
  ],
  [
    1605312000000,
    443826.6685733855
  ],
  [
    1605398400000,
    193296.88476734937
  ],
  [
    1605484800000,
    202748.41017656407
  ],
  [
    1605571200000,
    156137.52575108703
  ],
  [
    1605657600000,
    108272.41924938391
  ],
  [
    1605744000000,
    186765.91504547608
  ],
  [
    1605830400000,
    259054.13045550577
  ],
  [
    1605916800000,
    264396.77879949816
  ],
  [
    1606003200000,
    206342.77047101088
  ],
  [
    1606089600000,
    91768.69588180073
  ],
  [
    1606176000000,
    100348.9664567334
  ],
  [
    1606262400000,
    263869.0889808386
  ],
  [
    1606348800000,
    182490.8034359144
  ],
  [
    1606435200000,
    156435.9159319468
  ],
  [
    1606521600000,
    309680.3909040562
  ],
  [
    1606608000000,
    274523.001164816
  ],
  [
    1606694400000,
    163021.90411059023
  ],
  [
    1606780800000,
    271687.1017121413
  ],
  [
    1606867200000,
    65173.87937064778
  ],
  [
    1606953600000,
    195702.01336599118
  ],
  [
    1607040000000,
    403533.15824538143
  ],
  [
    1607126400000,
    223572.0887028309
  ],
  [
    1607212800000,
    368264.5078097265
  ],
  [
    1607299200000,
    225557.7814555314
  ],
  [
    1607385600000,
    590417.226350453
  ],
  [
    1607472000000,
    199828.101082784
  ],
  [
    1607558400000,
    229505.04574352992
  ],
  [
    1607644800000,
    1058867.5832577625
  ],
  [
    1607731200000,
    138504.86728635305
  ],
  [
    1607817600000,
    327167.19361261633
  ],
  [
    1607904000000,
    206509.9478846707
  ],
  [
    1607990400000,
    547127.18900112
  ],
  [
    1608076800000,
    174248.7787231258
  ],
  [
    1608163200000,
    537051.5103232309
  ],
  [
    1608249600000,
    285294.03705117095
  ],
  [
    1608336000000,
    341714.3197095687
  ],
  [
    1608422400000,
    390963.79503049876
  ],
  [
    1608508800000,
    100303.14274940331
  ],
  [
    1608595200000,
    77387.55729212002
  ],
  [
    1608681600000,
    331257.8371391683
  ],
  [
    1608768000000,
    350939.00651805603
  ],
  [
    1608854400000,
    490504.058635675
  ],
  [
    1608940800000,
    150032.0834741914
  ],
  [
    1609027200000,
    89993.066074276
  ],
  [
    1609113600000,
    256408.55399798581
  ],
  [
    1609200000000,
    40470.4829547113
  ],
  [
    1609286400000,
    179454.05105319066
  ],
  [
    1609372800000,
    134574.05224468024
  ],
  [
    1609459200000,
    141152.92230600538
  ],
  [
    1609545600000,
    228700.5244130066
  ],
  [
    1609632000000,
    265120.40976346855
  ],
  [
    1609718400000,
    79.13304460549836
  ],
  [
    1609804800000,
    92055.03660623643
  ],
  [
    1609891200000,
    80527.88247984172
  ],
  [
    1609977600000,
    80599.1586293035
  ],
  [
    1610064000000,
    99386.07746762077
  ],
  [
    1610150400000,
    178869.77050046573
  ],
  [
    1610236800000,
    117688.21566259401
  ],
  [
    1610323200000,
    122208.95284234082
  ],
  [
    1610409600000,
    62021.1922966741
  ],
  [
    1610496000000,
    187852.3521363321
  ],
  [
    1610582400000,
    43277.84212326252
  ],
  [
    1610668800000,
    252730.91502913262
  ],
  [
    1610755200000,
    120707.0491259129
  ],
  [
    1610841600000,
    103145.8979396123
  ],
  [
    1610928000000,
    75090.73025510104
  ],
  [
    1611014400000,
    231686.78151434974
  ],
  [
    1611100800000,
    478110.64561205613
  ],
  [
    1611187200000,
    79601.02888394201
  ],
  [
    1611273600000,
    264684.0927189419
  ],
  [
    1611360000000,
    272370.5267402779
  ],
  [
    1611446400000,
    227377.46484565554
  ],
  [
    1611532800000,
    189228.6168015049
  ],
  [
    1611619200000,
    234259.58413493252
  ],
  [
    1611705600000,
    242127.39259454183
  ],
  [
    1611792000000,
    283509.89088396914
  ],
  [
    1611878400000,
    192160.90298938772
  ],
  [
    1611964800000,
    201705.61862172076
  ],
  [
    1612051200000,
    195722.69157495897
  ],
  [
    1612137600000,
    2834.904622874312
  ],
  [
    1612224000000,
    217868.32374905152
  ],
  [
    1612310400000,
    119142.8362170858
  ],
  [
    1612396800000,
    22122.189520906653
  ],
  [
    1612483200000,
    409134.47025552543
  ],
  [
    1612569600000,
    219269.81844011633
  ],
  [
    1612656000000,
    111470.40236886046
  ],
  [
    1612742400000,
    112042.76401295296
  ],
  [
    1612828800000,
    369826.07019840594
  ],
  [
    1612915200000,
    138988.40661830848
  ],
  [
    1613001600000,
    180361.99159993255
  ],
  [
    1613088000000,
    3135.687028388569
  ],
  [
    1613174400000,
    156274.3531520995
  ],
  [
    1613260800000,
    56294.260322121765
  ],
  [
    1613347200000,
    125327.74851899764
  ],
  [
    1613433600000,
    52860.86910036022
  ],
  [
    1613520000000,
    50049.95897522701
  ],
  [
    1613606400000,
    73254.31655473844
  ],
  [
    1613692800000,
    66775.64722504656
  ],
  [
    1613779200000,
    28952.99911875761
  ],
  [
    1613865600000,
    56036.631302509515
  ],
  [
    1613952000000,
    52746.49509346672
  ],
  [
    1614038400000,
    21656.75658095508
  ],
  [
    1614124800000,
    21081.45159209633
  ],
  [
    1614211200000,
    212879.79425025958
  ],
  [
    1614297600000,
    134024.26219438852
  ],
  [
    1614384000000,
    47819.551791342674
  ],
  [
    1614470400000,
    57053.26429190899
  ],
  [
    1614556800000,
    18780.601610673744
  ],
  [
    1614643200000,
    504.7175953765217
  ],
  [
    1614729600000,
    27482.877247138535
  ],
  [
    1614816000000,
    38383.96654142843
  ],
  [
    1614902400000,
    29268.66088818854
  ],
  [
    1614988800000,
    66405.32911610328
  ],
  [
    1615075200000,
    103105.59853113242
  ],
  [
    1615161600000,
    0.09057210310803918
  ],
  [
    1615248000000,
    64141.2978460478
  ],
  [
    1615334400000,
    71126.46141082517
  ],
  [
    1615420800000,
    130010.06240361533
  ],
  [
    1615507200000,
    56598.83032780804
  ],
  [
    1615593600000,
    123060.31385249436
  ],
  [
    1615680000000,
    72473.81185359819
  ],
  [
    1615766400000,
    15747.320798033483
  ],
  [
    1615852800000,
    101608.41538268192
  ],
  [
    1615939200000,
    61606.95105585018
  ],
  [
    1616025600000,
    61317.586012220396
  ],
  [
    1616112000000,
    48073.62796665618
  ],
  [
    1616198400000,
    115594.65070252035
  ],
  [
    1616284800000,
    112893.71616713124
  ],
  [
    1616371200000,
    39785.45795627063
  ],
  [
    1616457600000,
    204383.66883867874
  ],
  [
    1616544000000,
    119527.5741540022
  ],
  [
    1616630400000,
    147253.42145381978
  ],
  [
    1616716800000,
    28.35356325167074
  ],
  [
    1616803200000,
    138279.26045277537
  ],
  [
    1616889600000,
    562913.7988817149
  ],
  [
    1616976000000,
    974850.9386496043
  ],
  [
    1617062400000,
    401809.8209513851
  ],
  [
    1617148800000,
    316149.65405469737
  ],
  [
    1617235200000,
    108501.52338051806
  ],
  [
    1617321600000,
    134940.83075896688
  ],
  [
    1617408000000,
    175863.1364470113
  ],
  [
    1617494400000,
    109053.7113480547
  ],
  [
    1617580800000,
    178837.19380077976
  ],
  [
    1617667200000,
    87531.6633980328
  ],
  [
    1617753600000,
    158885.2117336125
  ],
  [
    1617840000000,
    122112.17258337181
  ],
  [
    1617926400000,
    174739.25787802966
  ],
  [
    1618012800000,
    152525.2254203608
  ],
  [
    1618099200000,
    151335.9144459807
  ],
  [
    1618185600000,
    388526.24868104456
  ],
  [
    1618272000000,
    151718.37298436725
  ],
  [
    1618358400000,
    137607.80311120793
  ],
  [
    1618444800000,
    123414.29985108951
  ],
  [
    1618531200000,
    191898.4491083948
  ],
  [
    1618617600000,
    503091.97984561446
  ],
  [
    1618704000000,
    169526.43468480368
  ],
  [
    1618790400000,
    190377.2734080494
  ],
  [
    1618876800000,
    1908924.4574625879
  ],
  [
    1618963200000,
    2504696.9343934874
  ],
  [
    1619049600000,
    1223348.7617215817
  ],
  [
    1619136000000,
    552412.3242994829
  ],
  [
    1619222400000,
    1482712.8957755282
  ],
  [
    1619308800000,
    465340.6775616171
  ],
  [
    1619395200000,
    767444.2451184113
  ],
  [
    1619481600000,
    1139093.8890306596
  ],
  [
    1619568000000,
    1200053.1772151513
  ],
  [
    1619654400000,
    1186806.3316126054
  ],
  [
    1619740800000,
    750225.5504239231
  ],
  [
    1619827200000,
    998464.8573003856
  ],
  [
    1619913600000,
    311207.3103923423
  ],
  [
    1620000000000,
    642709.976379528
  ],
  [
    1620086400000,
    1114304.842216571
  ],
  [
    1620172800000,
    537321.736657621
  ],
  [
    1620259200000,
    519835.8839389178
  ],
  [
    1620345600000,
    837752.2831508695
  ],
  [
    1620432000000,
    957169.28507064
  ],
  [
    1620518400000,
    2870026.975269923
  ],
  [
    1620604800000,
    434.24716606053727
  ],
  [
    1620691200000,
    2574535.096101293
  ],
  [
    1620777600000,
    565286.7699371674
  ],
  [
    1620864000000,
    404821.3412492747
  ],
  [
    1620950400000,
    539753.0903706702
  ],
  [
    1621036800000,
    1272839.94876525
  ],
  [
    1621123200000,
    919938.3457239312
  ],
  [
    1621209600000,
    606454.6357840747
  ],
  [
    1621296000000,
    1618882.24321576
  ],
  [
    1621382400000,
    497584.8647702518
  ],
  [
    1621468800000,
    786733.4623663186
  ],
  [
    1621555200000,
    566086.0629106659
  ],
  [
    1621641600000,
    1457100.611129748
  ],
  [
    1621728000000,
    211518.99358800214
  ],
  [
    1621814400000,
    348870.96283723135
  ],
  [
    1621900800000,
    483617.6568409872
  ],
  [
    1621987200000,
    309575.9461429573
  ],
  [
    1622073600000,
    444360.9913808352
  ],
  [
    1622160000000,
    351684.38104687474
  ],
  [
    1622246400000,
    985249.6482543933
  ],
  [
    1622332800000,
    381596.49903194344
  ],
  [
    1622419200000,
    485515.15308163164
  ],
  [
    1622505600000,
    355372.8585132618
  ],
  [
    1622592000000,
    225015.69645773788
  ],
  [
    1622678400000,
    370743.0286554646
  ],
  [
    1622764800000,
    653520.9708279495
  ],
  [
    1622851200000,
    991343.0685360931
  ],
  [
    1622937600000,
    420227.00644000206
  ],
  [
    1623024000000,
    886985.3307281868
  ],
  [
    1623110400000,
    785466.9890324326
  ],
  [
    1623196800000,
    71345.78911084234
  ],
  [
    1623283200000,
    369703.1318664133
  ],
  [
    1623369600000,
    461422.7155927963
  ],
  [
    1623456000000,
    424413.5857527613
  ],
  [
    1623542400000,
    251353.76102845152
  ],
  [
    1623628800000,
    824423.7664585509
  ],
  [
    1623715200000,
    689580.4693509563
  ],
  [
    1623801600000,
    161264.96512767847
  ],
  [
    1623888000000,
    229325.02123375426
  ],
  [
    1623974400000,
    361622.98533471633
  ],
  [
    1624060800000,
    567906.212377872
  ],
  [
    1624147200000,
    424499.2496822794
  ],
  [
    1624233600000,
    334748.06177237746
  ],
  [
    1624320000000,
    467983.1450294109
  ],
  [
    1624406400000,
    218631.36898959047
  ],
  [
    1624492800000,
    231833.7891261289
  ],
  [
    1624579200000,
    270666.42531455646
  ],
  [
    1624665600000,
    1051790.858022763
  ],
  [
    1624752000000,
    212917.94699099008
  ],
  [
    1624838400000,
    412743.5733793035
  ],
  [
    1624924800000,
    285060.4107673225
  ],
  [
    1625011200000,
    104051.04510725738
  ],
  [
    1625097600000,
    215329.0472330519
  ],
  [
    1625184000000,
    316287.2697162131
  ],
  [
    1625270400000,
    634605.7886577885
  ],
  [
    1625356800000,
    175815.11513091408
  ],
  [
    1625443200000,
    350967.59878867725
  ],
  [
    1625529600000,
    110945.02403410793
  ],
  [
    1625616000000,
    0.9425369396297251
  ],
  [
    1625702400000,
    248745.46868874633
  ],
  [
    1625788800000,
    196561.40745863234
  ],
  [
    1625875200000,
    77840.44883238529
  ],
  [
    1625961600000,
    79.91927636997383
  ],
  [
    1626048000000,
    38823.019082269595
  ],
  [
    1626134400000,
    258079.26800560683
  ],
  [
    1626220800000,
    97043.03057922608
  ],
  [
    1626307200000,
    95899.31010626991
  ],
  [
    1626393600000,
    163955.07167241685
  ],
  [
    1626480000000,
    243004.44643574423
  ],
  [
    1626566400000,
    42212.630586615975
  ],
  [
    1626652800000,
    146361.7382243261
  ],
  [
    1626739200000,
    85939.44043392593
  ],
  [
    1626825600000,
    118153.07220687148
  ],
  [
    1626912000000,
    65236.23527366306
  ],
  [
    1626998400000,
    197142.90348609065
  ],
  [
    1627084800000,
    70698.13839503127
  ],
  [
    1627171200000,
    127747.27681644076
  ],
  [
    1627257600000,
    141112.97349369212
  ],
  [
    1627344000000,
    45417.34948307505
  ],
  [
    1627430400000,
    94444.1589957038
  ],
  [
    1627516800000,
    80894.54592168676
  ],
  [
    1627603200000,
    149479.06262231804
  ],
  [
    1627689600000,
    42369.738287182256
  ],
  [
    1627776000000,
    44606.13831105491
  ],
  [
    1627862400000,
    55285.221570997724
  ],
  [
    1627948800000,
    68038.57189987277
  ],
  [
    1628035200000,
    41479.52905022499
  ],
  [
    1628121600000,
    34036.16490316532
  ],
  [
    1628208000000,
    40768.16554738259
  ],
  [
    1628294400000,
    25942.020739149666
  ],
  [
    1628380800000,
    32354.169950697487
  ],
  [
    1628467200000,
    69385.52433669035
  ],
  [
    1628553600000,
    27816.300908123696
  ],
  [
    1628640000000,
    53402.68189222802
  ],
  [
    1628726400000,
    29791.993321917198
  ],
  [
    1628812800000,
    93242.51338581946
  ],
  [
    1628899200000,
    121283.65549828068
  ],
  [
    1628985600000,
    84546.79216545961
  ],
  [
    1629072000000,
    69096.23808428817
  ],
  [
    1629158400000,
    5274.4328144478895
  ],
  [
    1629244800000,
    40798.58899506843
  ],
  [
    1629331200000,
    67713.9008320591
  ],
  [
    1629417600000,
    39566.13644445597
  ],
  [
    1629504000000,
    367843.4392033914
  ],
  [
    1629590400000,
    56160.56492428165
  ],
  [
    1629676800000,
    54842.695352387746
  ],
  [
    1629763200000,
    93368.44849170787
  ],
  [
    1629849600000,
    47476.015319060425
  ],
  [
    1629936000000,
    128878.76739968611
  ],
  [
    1630022400000,
    9652.001359038817
  ],
  [
    1630108800000,
    295.0691360537136
  ],
  [
    1630195200000,
    506.2270022213145
  ],
  [
    1630281600000,
    34.48799280279662
  ],
  [
    1630368000000,
    72.30678268723109
  ],
  [
    1630454400000,
    915.015853667486
  ],
  [
    1630540800000,
    15.866549186041926
  ],
  [
    1630627200000,
    0.03148979678625683
  ]
]