[
  [
    1606780800000,
    100288.55902419497
  ],
  [
    1606867200000,
    100288.55902419497
  ],
  [
    1606953600000,
    121428.63372034839
  ],
  [
    1607040000000,
    126077.98022612276
  ],
  [
    1607126400000,
    164861.422051096
  ],
  [
    1607212800000,
    158297.8325916514
  ],
  [
    1607299200000,
    113398.89262316552
  ],
  [
    1607385600000,
    156623.80220619382
  ],
  [
    1607472000000,
    163055.76329547688
  ],
  [
    1607558400000,
    144619.3405272061
  ],
  [
    1607644800000,
    74045.91784584172
  ],
  [
    1607731200000,
    97901.73576409782
  ],
  [
    1607817600000,
    117244.67283739583
  ],
  [
    1607904000000,
    162960.49542948598
  ],
  [
    1607990400000,
    134707.68356813432
  ],
  [
    1608076800000,
    184001.9987922342
  ],
  [
    1608163200000,
    49304.53101275578
  ],
  [
    1608249600000,
    175797.55799826488
  ],
  [
    1608336000000,
    65989.96938035614
  ],
  [
    1608422400000,
    90217.11660664043
  ],
  [
    1608508800000,
    128179.67161066394
  ],
  [
    1608595200000,
    139227.53783963353
  ],
  [
    1608681600000,
    368721.73133797327
  ],
  [
    1608768000000,
    516329.812175909
  ],
  [
    1608854400000,
    69986.06941076019
  ],
  [
    1608940800000,
    103825.14573167496
  ],
  [
    1609027200000,
    135242.47774718422
  ],
  [
    1609113600000,
    197300.98058789413
  ],
  [
    1609200000000,
    72753.45879165486
  ],
  [
    1609286400000,
    115937.90470168732
  ],
  [
    1609372800000,
    151987.29359035182
  ],
  [
    1609459200000,
    89282.74110518364
  ],
  [
    1609545600000,
    73142.05823896661
  ],
  [
    1609632000000,
    198763.4600118403
  ],
  [
    1609718400000,
    187794.392849217
  ],
  [
    1609804800000,
    102782.17867527308
  ],
  [
    1609891200000,
    102341.1842880301
  ],
  [
    1609977600000,
    134583.12861569857
  ],
  [
    1610064000000,
    130194.47513450426
  ],
  [
    1610150400000,
    125230.83895661241
  ],
  [
    1610236800000,
    80064.90900124016
  ],
  [
    1610323200000,
    160090.42190545864
  ],
  [
    1610409600000,
    228643.23165404508
  ],
  [
    1610496000000,
    68060.82189727594
  ],
  [
    1610582400000,
    92595.25118530728
  ],
  [
    1610668800000,
    121767.92268788241
  ],
  [
    1610755200000,
    151356.37197006796
  ],
  [
    1610841600000,
    89607.74420867466
  ],
  [
    1610928000000,
    357021.596930846
  ],
  [
    1611014400000,
    2721261.8508383445
  ],
  [
    1611100800000,
    1835877.1234728207
  ],
  [
    1611187200000,
    1330223.187060919
  ],
  [
    1611273600000,
    635805.7431265833
  ],
  [
    1611360000000,
    1058403.283312743
  ],
  [
    1611446400000,
    837357.5970922466
  ],
  [
    1611532800000,
    802566.0559479624
  ],
  [
    1611619200000,
    604631.8361642245
  ],
  [
    1611705600000,
    651880.5966494022
  ],
  [
    1611792000000,
    746057.7861271185
  ],
  [
    1611878400000,
    646844.9873776294
  ],
  [
    1611964800000,
    1115934.3323224531
  ],
  [
    1612051200000,
    1035669.4516750919
  ],
  [
    1612137600000,
    1554885.3643638252
  ],
  [
    1612224000000,
    1043814.1080667332
  ],
  [
    1612310400000,
    1335185.093847261
  ],
  [
    1612396800000,
    990134.5906441379
  ],
  [
    1612483200000,
    1022428.7591400918
  ],
  [
    1612569600000,
    994687.1506878221
  ],
  [
    1612656000000,
    831572.1074949245
  ],
  [
    1612742400000,
    857376.6060637067
  ],
  [
    1612828800000,
    921351.1299737304
  ],
  [
    1612915200000,
    1480965.4618214269
  ],
  [
    1613001600000,
    2269605.4615833866
  ],
  [
    1613088000000,
    1169393.467195961
  ],
  [
    1613174400000,
    1245491.8874741013
  ],
  [
    1613260800000,
    1365941.4632406759
  ],
  [
    1613347200000,
    1432682.1061613061
  ],
  [
    1613433600000,
    1536141.802776736
  ],
  [
    1613520000000,
    1193652.5233306326
  ],
  [
    1613606400000,
    1152435.4340451811
  ],
  [
    1613692800000,
    994844.9266780844
  ],
  [
    1613779200000,
    1491703.9586992224
  ],
  [
    1613865600000,
    1086667.1436164798
  ],
  [
    1613952000000,
    851161.1653118843
  ],
  [
    1614038400000,
    845989.8616008585
  ],
  [
    1614124800000,
    544244.4449736192
  ],
  [
    1614211200000,
    804615.3281539809
  ],
  [
    1614297600000,
    792487.1136425134
  ],
  [
    1614384000000,
    783906.7829839623
  ],
  [
    1614470400000,
    815645.5704055475
  ],
  [
    1614556800000,
    754464.106353084
  ],
  [
    1614643200000,
    834924.76813399
  ],
  [
    1614729600000,
    698449.3901933669
  ],
  [
    1614816000000,
    729085.035252238
  ],
  [
    1614902400000,
    662099.1979109307
  ],
  [
    1614988800000,
    678337.1596718517
  ],
  [
    1615075200000,
    699773.4105560192
  ],
  [
    1615161600000,
    923647.9093281189
  ],
  [
    1615248000000,
    1879748.6864250477
  ],
  [
    1615334400000,
    1028296.8118516952
  ],
  [
    1615420800000,
    949595.0908034231
  ],
  [
    1615507200000,
    919423.9068862551
  ],
  [
    1615593600000,
    1452349.3304103483
  ],
  [
    1615680000000,
    1401127.8555313458
  ],
  [
    1615766400000,
    1171209.2557084404
  ],
  [
    1615852800000,
    1316809.0196194171
  ],
  [
    1615939200000,
    1275192.0097180225
  ],
  [
    1616025600000,
    868200.0160952745
  ],
  [
    1616112000000,
    601190.5043019925
  ],
  [
    1616198400000,
    698167.016217133
  ],
  [
    1616284800000,
    645000.8246764858
  ],
  [
    1616371200000,
    690427.7354208069
  ],
  [
    1616457600000,
    810790.3090553872
  ],
  [
    1616544000000,
    1132514.0409029396
  ],
  [
    1616630400000,
    1540115.4917197155
  ],
  [
    1616716800000,
    2286381.1104519344
  ],
  [
    1616803200000,
    1488970.7277532853
  ],
  [
    1616889600000,
    2627235.993863592
  ],
  [
    1616976000000,
    1831878.634241675
  ],
  [
    1617062400000,
    1707727.1457103575
  ],
  [
    1617148800000,
    1274679.796528087
  ],
  [
    1617235200000,
    1384083.94969592
  ],
  [
    1617321600000,
    1184222.6517384034
  ],
  [
    1617408000000,
    1070757.603663075
  ],
  [
    1617494400000,
    548383.8109567862
  ],
  [
    1617580800000,
    980896.8255866515
  ],
  [
    1617667200000,
    1018325.9553688073
  ],
  [
    1617753600000,
    926972.7415153021
  ],
  [
    1617840000000,
    908043.6681523162
  ],
  [
    1617926400000,
    760209.1921961568
  ],
  [
    1618012800000,
    771194.8175077873
  ],
  [
    1618099200000,
    740077.4610595613
  ],
  [
    1618185600000,
    732061.0323943008
  ],
  [
    1618272000000,
    810837.1401433203
  ],
  [
    1618358400000,
    1152750.5934669375
  ],
  [
    1618444800000,
    963141.100835939
  ],
  [
    1618531200000,
    1080307.2489009222
  ],
  [
    1618617600000,
    1285882.673845937
  ],
  [
    1618704000000,
    1013794.9119838425
  ],
  [
    1618790400000,
    1067849.9833069516
  ],
  [
    1618876800000,
    898501.4037571853
  ],
  [
    1618963200000,
    999511.3024791848
  ],
  [
    1619049600000,
    254419.7845341877
  ],
  [
    1619136000000,
    420293.8621292185
  ],
  [
    1619222400000,
    1037772.9959865091
  ],
  [
    1619308800000,
    776847.8896728542
  ],
  [
    1619395200000,
    876671.1213916637
  ],
  [
    1619481600000,
    945218.5781951703
  ],
  [
    1619568000000,
    654474.3790823612
  ],
  [
    1619654400000,
    798284.3856051379
  ],
  [
    1619740800000,
    901974.4987582249
  ],
  [
    1619827200000,
    709543.447964332
  ],
  [
    1619913600000,
    711278.2401731461
  ],
  [
    1620000000000,
    784082.281027646
  ],
  [
    1620086400000,
    855724.8168500318
  ],
  [
    1620172800000,
    631755.0544514367
  ],
  [
    1620259200000,
    762141.3481076455
  ],
  [
    1620345600000,
    696897.3619199232
  ],
  [
    1620432000000,
    664444.1587953329
  ],
  [
    1620518400000,
    731338.6079281025
  ],
  [
    1620604800000,
    1222849.4304320768
  ],
  [
    1620691200000,
    5320768.086847791
  ],
  [
    1620777600000,
    2035488.217000667
  ],
  [
    1620864000000,
    1269555.2673195146
  ],
  [
    1620950400000,
    1209228.4190535594
  ],
  [
    1621036800000,
    1177575.1417799455
  ],
  [
    1621123200000,
    1499592.2792644352
  ],
  [
    1621209600000,
    227220.8098137696
  ],
  [
    1621296000000,
    975444.3663454296
  ],
  [
    1621382400000,
    1151944.1916806982
  ],
  [
    1621468800000,
    1212832.5277176558
  ],
  [
    1621555200000,
    934782.7023412194
  ],
  [
    1621641600000,
    808733.5454073652
  ],
  [
    1621728000000,
    823292.9483634757
  ],
  [
    1621814400000,
    816493.5862124603
  ],
  [
    1621900800000,
    667239.4440001913
  ],
  [
    1621987200000,
    837601.5251558856
  ],
  [
    1622073600000,
    1050124.634472999
  ],
  [
    1622160000000,
    798716.7356119072
  ],
  [
    1622246400000,
    718079.399071747
  ],
  [
    1622332800000,
    698289.9254220007
  ],
  [
    1622419200000,
    633690.2421254663
  ],
  [
    1622505600000,
    704020.0469114927
  ],
  [
    1622592000000,
    684296.5914316268
  ],
  [
    1622678400000,
    692728.6594857569
  ],
  [
    1622764800000,
    739640.0493779593
  ],
  [
    1622851200000,
    684639.0051724965
  ],
  [
    1622937600000,
    627594.1286442033
  ],
  [
    1623024000000,
    655391.3856272285
  ],
  [
    1623110400000,
    683006.9280426766
  ],
  [
    1623196800000,
    693218.7619120284
  ],
  [
    1623283200000,
    692915.4810417044
  ],
  [
    1623369600000,
    544274.0946848134
  ],
  [
    1623456000000,
    521650.8417015848
  ],
  [
    1623542400000,
    573648.6904958017
  ],
  [
    1623628800000,
    602645.3841559311
  ],
  [
    1623715200000,
    810272.2472912158
  ],
  [
    1623801600000,
    621780.8993128809
  ],
  [
    1623888000000,
    600411.8196318386
  ],
  [
    1623974400000,
    607845.2549157628
  ],
  [
    1624060800000,
    543470.9670388245
  ],
  [
    1624147200000,
    486148.2323728764
  ],
  [
    1624233600000,
    511162.62780421413
  ],
  [
    1624320000000,
    492662.2809536064
  ],
  [
    1624406400000,
    492763.63987879135
  ],
  [
    1624492800000,
    418679.60719347035
  ],
  [
    1624579200000,
    373454.19279256376
  ],
  [
    1624665600000,
    462585.0029872037
  ],
  [
    1624752000000,
    361517.49486000196
  ],
  [
    1624838400000,
    418554.7701973694
  ],
  [
    1624924800000,
    484360.7867548527
  ],
  [
    1625011200000,
    452248.05178608565
  ],
  [
    1625097600000,
    446863.2006524305
  ],
  [
    1625184000000,
    424687.7273597062
  ],
  [
    1625270400000,
    369287.39152653026
  ],
  [
    1625356800000,
    376077.2936443761
  ],
  [
    1625443200000,
    443865.0152080188
  ],
  [
    1625529600000,
    455262.7491065011
  ],
  [
    1625616000000,
    386685.7364869995
  ],
  [
    1625702400000,
    290157.24135966296
  ],
  [
    1625788800000,
    169841.79451660844
  ],
  [
    1625875200000,
    90478.35515481878
  ],
  [
    1625961600000,
    100218.03250781968
  ],
  [
    1626048000000,
    169224.3939961541
  ],
  [
    1626134400000,
    206327.12488829574
  ],
  [
    1626220800000,
    107876.67537018645
  ],
  [
    1626307200000,
    198090.63460450814
  ],
  [
    1626393600000,
    154800.27611060505
  ],
  [
    1626480000000,
    185511.71885932187
  ],
  [
    1626566400000,
    178102.4358285513
  ],
  [
    1626652800000,
    186932.57696389913
  ],
  [
    1626739200000,
    214738.84638857638
  ],
  [
    1626825600000,
    193935.75836541297
  ],
  [
    1626912000000,
    206592.29283694338
  ],
  [
    1626998400000,
    144245.91574994425
  ],
  [
    1627084800000,
    148100.75014065547
  ],
  [
    1627171200000,
    174971.8215045759
  ],
  [
    1627257600000,
    186397.08672403396
  ],
  [
    1627344000000,
    320924.77578097914
  ],
  [
    1627430400000,
    158713.37711097999
  ],
  [
    1627516800000,
    289529.49533531815
  ],
  [
    1627603200000,
    477127.6773790509
  ],
  [
    1627689600000,
    522118.0778375408
  ],
  [
    1627776000000,
    420417.1439883766
  ],
  [
    1627862400000,
    425490.25244223874
  ],
  [
    1627948800000,
    464019.05845542543
  ],
  [
    1628035200000,
    387025.6227942831
  ],
  [
    1628121600000,
    441939.93326492154
  ],
  [
    1628208000000,
    438028.8898891266
  ],
  [
    1628294400000,
    479998.43446337624
  ],
  [
    1628380800000,
    519738.1671336117
  ],
  [
    1628467200000,
    487314.98829933343
  ],
  [
    1628553600000,
    350793.88035758224
  ],
  [
    1628640000000,
    278642.3178373353
  ],
  [
    1628726400000,
    295129.68619919376
  ],
  [
    1628812800000,
    198605.3268880036
  ],
  [
    1628899200000,
    343826.806754135
  ],
  [
    1628985600000,
    327728.88331847696
  ],
  [
    1629072000000,
    285711.92189531977
  ],
  [
    1629158400000,
    255598.69210620646
  ],
  [
    1629244800000,
    217100.30853987247
  ],
  [
    1629331200000,
    216603.28087456184
  ],
  [
    1629417600000,
    315400.4232946267
  ],
  [
    1629504000000,
    307433.0706386158
  ],
  [
    1629590400000,
    287817.06397723616
  ],
  [
    1629676800000,
    259774.60211770714
  ],
  [
    1629763200000,
    335465.1449997291
  ],
  [
    1629849600000,
    248231.00797116724
  ],
  [
    1629936000000,
    271124.72130192287
  ],
  [
    1630022400000,
    260424.23417671272
  ],
  [
    1630108800000,
    282900.74084072316
  ],
  [
    1630195200000,
    264071.86773221794
  ],
  [
    1630281600000,
    109424.83499046446
  ],
  [
    1630368000000,
    142521.3898329304
  ],
  [
    1630454400000,
    209647.5358429217
  ],
  [
    1630540800000,
    236600.96169433356
  ],
  [
    1630627200000,
    208226.52792465725
  ]
]