[
  [
    1518825600000,
    0
  ],
  [
    1518912000000,
    0
  ],
  [
    1518998400000,
    0
  ],
  [
    1519084800000,
    0
  ],
  [
    1519171200000,
    0
  ],
  [
    1519257600000,
    0
  ],
  [
    1519344000000,
    0
  ],
  [
    1519430400000,
    0
  ],
  [
    1519516800000,
    0
  ],
  [
    1519603200000,
    0
  ],
  [
    1519689600000,
    0
  ],
  [
    1519776000000,
    0
  ],
  [
    1519862400000,
    0
  ],
  [
    1519948800000,
    0
  ],
  [
    1520035200000,
    0
  ],
  [
    1520121600000,
    0
  ],
  [
    1520208000000,
    0
  ],
  [
    1520294400000,
    0
  ],
  [
    1520380800000,
    0
  ],
  [
    1520467200000,
    0
  ],
  [
    1520553600000,
    0
  ],
  [
    1520640000000,
    0
  ],
  [
    1520726400000,
    0
  ],
  [
    1520812800000,
    0
  ],
  [
    1520899200000,
    0
  ],
  [
    1520985600000,
    0
  ],
  [
    1521072000000,
    0
  ],
  [
    1521158400000,
    0
  ],
  [
    1521244800000,
    0
  ],
  [
    1521331200000,
    0
  ],
  [
    1521417600000,
    0
  ],
  [
    1521504000000,
    0
  ],
  [
    1521590400000,
    0
  ],
  [
    1521676800000,
    0
  ],
  [
    1521763200000,
    0
  ],
  [
    1521849600000,
    10590232.089166
  ],
  [
    1521936000000,
    10573326.5477388
  ],
  [
    1522022400000,
    11801256.5870672
  ],
  [
    1522108800000,
    10651052.4159412
  ],
  [
    1522195200000,
    10873598.0198852
  ],
  [
    1522281600000,
    10417841.7926984
  ],
  [
    1522368000000,
    9936779.44293
  ],
  [
    1522454400000,
    10617274.82833
  ],
  [
    1522540800000,
    13014316.6822515
  ],
  [
    1522627200000,
    14342522.9809235
  ],
  [
    1522713600000,
    14726990.868821
  ],
  [
    1522800000000,
    15037502.450861
  ],
  [
    1522886400000,
    14765490.1088915
  ],
  [
    1522972800000,
    14277623.2628755
  ],
  [
    1523059200000,
    14460318.381968472
  ],
  [
    1523145600000,
    14310587.835650362
  ],
  [
    1523232000000,
    14227615.92598787
  ],
  [
    1523318400000,
    14498731.33536961
  ],
  [
    1523404800000,
    14372263.679714486
  ],
  [
    1523491200000,
    13798987.979474075
  ],
  [
    1523577600000,
    13212198.134084363
  ],
  [
    1523664000000,
    13053415.299828839
  ],
  [
    1523750400000,
    11641615.605887732
  ],
  [
    1523836800000,
    14134184.96015339
  ],
  [
    1523923200000,
    13647168.032042736
  ],
  [
    1524009600000,
    12709931.23183837
  ],
  [
    1524096000000,
    12324715.34186988
  ],
  [
    1524182400000,
    12022463.825727576
  ],
  [
    1524268800000,
    13554308.56691694
  ],
  [
    1524355200000,
    13508451.036743019
  ],
  [
    1524441600000,
    12892733.767139653
  ],
  [
    1524528000000,
    13820034.777705299
  ],
  [
    1524614400000,
    13878944.092338683
  ],
  [
    1524700800000,
    13257546.148976337
  ],
  [
    1524787200000,
    15384803.546745112
  ],
  [
    1524873600000,
    13768020.58275589
  ],
  [
    1524960000000,
    13784842.324510066
  ],
  [
    1525046400000,
    13723483.470928185
  ],
  [
    1525132800000,
    13524042.875598783
  ],
  [
    1525219200000,
    12664727.23618968
  ],
  [
    1525305600000,
    12542872.484239554
  ],
  [
    1525392000000,
    13985487.51858673
  ],
  [
    1525478400000,
    12419072.62685784
  ],
  [
    1525564800000,
    12811575.558823677
  ],
  [
    1525651200000,
    12352503.841262935
  ],
  [
    1525737600000,
    13079976.898338199
  ],
  [
    1525824000000,
    11399135.151478842
  ],
  [
    1525910400000,
    13129270.999685979
  ],
  [
    1525996800000,
    11971522.61144208
  ],
  [
    1526083200000,
    11761853.57270451
  ],
  [
    1526169600000,
    11036792.953473775
  ],
  [
    1526256000000,
    11703188.865917558
  ],
  [
    1526342400000,
    13095043.1297666
  ],
  [
    1526428800000,
    12624428.993850114
  ],
  [
    1526515200000,
    12266787.01299743
  ],
  [
    1526601600000,
    11260768.010637658
  ],
  [
    1526688000000,
    10827022.931330882
  ],
  [
    1526774400000,
    11414071.346955994
  ],
  [
    1526860800000,
    11192422.045440286
  ],
  [
    1526947200000,
    10492944.735165725
  ],
  [
    1527033600000,
    8967461.374605732
  ],
  [
    1527120000000,
    8680063.412776342
  ],
  [
    1527206400000,
    7817013.04375942
  ],
  [
    1527292800000,
    14913556.497877762
  ],
  [
    1527379200000,
    23553241.430755213
  ],
  [
    1527465600000,
    23544336.594005905
  ],
  [
    1527552000000,
    26480271.453828916
  ],
  [
    1527638400000,
    25222961.358820267
  ],
  [
    1527724800000,
    27607560.026928715
  ],
  [
    1527811200000,
    28454956.706099983
  ],
  [
    1527897600000,
    26797692.862424165
  ],
  [
    1527984000000,
    23092040.684057023
  ],
  [
    1528070400000,
    24712303.68503678
  ],
  [
    1528156800000,
    22946163.333459713
  ],
  [
    1528243200000,
    25609635.913376156
  ],
  [
    1528329600000,
    24412330.718863048
  ],
  [
    1528416000000,
    23209354.664091684
  ],
  [
    1528502400000,
    18072539.971739963
  ],
  [
    1528588800000,
    13670851.081092611
  ],
  [
    1528675200000,
    14687762.543063417
  ],
  [
    1528761600000,
    15685375.972536977
  ],
  [
    1528848000000,
    21526907.885311376
  ],
  [
    1528934400000,
    20639266.787401393
  ],
  [
    1529020800000,
    21379796.204082966
  ],
  [
    1529107200000,
    22646718.53312759
  ],
  [
    1529193600000,
    21470109.772801045
  ],
  [
    1529280000000,
    20109465.248267915
  ],
  [
    1529366400000,
    18898382.154680118
  ],
  [
    1529452800000,
    16620415.886603175
  ],
  [
    1529539200000,
    18865145.13920785
  ],
  [
    1529625600000,
    18145743.424307518
  ],
  [
    1529712000000,
    16048512.825074635
  ],
  [
    1529798400000,
    14641727.490630127
  ],
  [
    1529884800000,
    15069818.845565457
  ],
  [
    1529971200000,
    15479052.07075249
  ],
  [
    1530057600000,
    14350405.167386135
  ],
  [
    1530144000000,
    12047883.026667364
  ],
  [
    1530230400000,
    12696887.187801229
  ],
  [
    1530316800000,
    13072480.830084028
  ],
  [
    1530403200000,
    12867399.830304183
  ],
  [
    1530489600000,
    13371071.406711452
  ],
  [
    1530576000000,
    13625313.268416567
  ],
  [
    1530662400000,
    13834706.328909481
  ],
  [
    1530748800000,
    14378363.553762937
  ],
  [
    1530835200000,
    15912716.854114309
  ],
  [
    1530921600000,
    16609901.128792968
  ],
  [
    1531008000000,
    16860821.413513266
  ],
  [
    1531094400000,
    16755550.622134946
  ],
  [
    1531180800000,
    16765715.772887064
  ],
  [
    1531267200000,
    15177945.624867322
  ],
  [
    1531353600000,
    13136839.397033282
  ],
  [
    1531440000000,
    13081579.896804027
  ],
  [
    1531526400000,
    12221911.48082029
  ],
  [
    1531612800000,
    11625641.129458124
  ],
  [
    1531699200000,
    12348246.070083812
  ],
  [
    1531785600000,
    12435778.51694335
  ],
  [
    1531872000000,
    14259727.37357157
  ],
  [
    1531958400000,
    14120357.88528157
  ],
  [
    1532044800000,
    14056495.629766539
  ],
  [
    1532131200000,
    13821200.855835855
  ],
  [
    1532217600000,
    13154511.524263699
  ],
  [
    1532304000000,
    13857319.166552046
  ],
  [
    1532390400000,
    15027265.861340769
  ],
  [
    1532476800000,
    14945666.43042682
  ],
  [
    1532563200000,
    14268776.859039076
  ],
  [
    1532649600000,
    14231051.860916957
  ],
  [
    1532736000000,
    15042277.56216496
  ],
  [
    1532822400000,
    12428265.006775633
  ],
  [
    1532908800000,
    12125077.085564962
  ],
  [
    1532995200000,
    12030339.781606276
  ],
  [
    1533081600000,
    11870739.31550084
  ],
  [
    1533168000000,
    10761809.10363277
  ],
  [
    1533254400000,
    11090538.119768666
  ],
  [
    1533340800000,
    10680329.275958516
  ],
  [
    1533427200000,
    11029811.264819885
  ],
  [
    1533513600000,
    11101613.599447278
  ],
  [
    1533600000000,
    10841936.674445318
  ],
  [
    1533686400000,
    10568723.455990609
  ],
  [
    1533772800000,
    7355921.971103151
  ],
  [
    1533859200000,
    10100447.820882842
  ],
  [
    1533945600000,
    8637580.51014564
  ],
  [
    1534032000000,
    8764715.251215244
  ],
  [
    1534118400000,
    8938499.763032876
  ],
  [
    1534204800000,
    9290816.081959598
  ],
  [
    1534291200000,
    7387394.217768993
  ],
  [
    1534377600000,
    8877174.715371963
  ],
  [
    1534464000000,
    9109369.667517306
  ],
  [
    1534550400000,
    9621163.964545121
  ],
  [
    1534636800000,
    8506949.056006165
  ],
  [
    1534723200000,
    8912119.929186353
  ],
  [
    1534809600000,
    6117682.644720264
  ],
  [
    1534896000000,
    6230924.825102571
  ],
  [
    1534982400000,
    5177949.034499275
  ],
  [
    1535068800000,
    7882953.817013133
  ],
  [
    1535155200000,
    7768472.541650231
  ],
  [
    1535241600000,
    7966816.1930432925
  ],
  [
    1535328000000,
    6738091.732425252
  ],
  [
    1535414400000,
    6744006.865267969
  ],
  [
    1535500800000,
    7124077.68924284
  ],
  [
    1535587200000,
    7905832.368214093
  ],
  [
    1535673600000,
    7466275.036361466
  ],
  [
    1535760000000,
    5636931.516260561
  ],
  [
    1535846400000,
    5770203.1567083085
  ],
  [
    1535932800000,
    4707344.166745791
  ],
  [
    1536019200000,
    5259585.504433643
  ],
  [
    1536105600000,
    7593755.068699099
  ],
  [
    1536192000000,
    4686408.228499849
  ],
  [
    1536278400000,
    5477680.4185507605
  ],
  [
    1536364800000,
    4239034.629801613
  ],
  [
    1536451200000,
    4638771.052779769
  ],
  [
    1536537600000,
    8830041.962748617
  ],
  [
    1536624000000,
    4604261.408021748
  ],
  [
    1536710400000,
    4747070.660984508
  ],
  [
    1536796800000,
    5315962.0656635575
  ],
  [
    1536883200000,
    5210240.150660209
  ],
  [
    1536969600000,
    5648265.552611897
  ],
  [
    1537056000000,
    5724251.534613188
  ],
  [
    1537142400000,
    6075018.55041624
  ],
  [
    1537228800000,
    6133883.268824008
  ],
  [
    1537315200000,
    6316901.3842250565
  ],
  [
    1537401600000,
    6183157.572477341
  ],
  [
    1537488000000,
    6740591.061117744
  ],
  [
    1537574400000,
    5336923.946398634
  ],
  [
    1537660800000,
    6334572.513770737
  ],
  [
    1537747200000,
    4875402.063945385
  ],
  [
    1537833600000,
    7254882.472192996
  ],
  [
    1537920000000,
    6435614.948590615
  ],
  [
    1538006400000,
    5843831.481237689
  ],
  [
    1538092800000,
    5910917.8375859205
  ],
  [
    1538179200000,
    6763548.147964369
  ],
  [
    1538265600000,
    7016084.009420838
  ],
  [
    1538352000000,
    5785133.189086523
  ],
  [
    1538438400000,
    6004459.61828176
  ],
  [
    1538524800000,
    5732709.541952809
  ],
  [
    1538611200000,
    6578697.871400259
  ],
  [
    1538697600000,
    6028531.681358657
  ],
  [
    1538784000000,
    5926876.664847639
  ],
  [
    1538870400000,
    6292227.474207813
  ],
  [
    1538956800000,
    6320155.852867282
  ],
  [
    1539043200000,
    6355127.955763377
  ],
  [
    1539129600000,
    6706556.8656889
  ],
  [
    1539216000000,
    6386265.029987873
  ],
  [
    1539302400000,
    5818574.813764786
  ],
  [
    1539388800000,
    5485011.471529629
  ],
  [
    1539475200000,
    5714026.961442916
  ],
  [
    1539561600000,
    5571138.2382283565
  ],
  [
    1539648000000,
    5849908.775055176
  ],
  [
    1539734400000,
    5732432.276308026
  ],
  [
    1539820800000,
    5872350.750749851
  ],
  [
    1539907200000,
    5580492.277962097
  ],
  [
    1539993600000,
    5159687.720787889
  ],
  [
    1540080000000,
    5700966.022053452
  ],
  [
    1540166400000,
    5813292.648609861
  ],
  [
    1540252800000,
    5824669.315562608
  ],
  [
    1540339200000,
    5203072.545698025
  ],
  [
    1540425600000,
    5538508.464542755
  ],
  [
    1540512000000,
    5675062.377485648
  ],
  [
    1540598400000,
    5676376.445229557
  ],
  [
    1540684800000,
    5750686.221830403
  ],
  [
    1540771200000,
    5673238.616608419
  ],
  [
    1540857600000,
    5474429.824263067
  ],
  [
    1540944000000,
    5547424.708422239
  ],
  [
    1541030400000,
    5786630.752347535
  ],
  [
    1541116800000,
    6068168.925129951
  ],
  [
    1541203200000,
    6124802.7904338315
  ],
  [
    1541289600000,
    5630117.888698062
  ],
  [
    1541376000000,
    5990124.25000336
  ],
  [
    1541462400000,
    5601132.534734627
  ],
  [
    1541548800000,
    5339015.940602919
  ],
  [
    1541635200000,
    5831329.531710886
  ],
  [
    1541721600000,
    6050097.812729095
  ],
  [
    1541808000000,
    6545143.61547465
  ],
  [
    1541894400000,
    6981675.910105391
  ],
  [
    1541980800000,
    7873466.90010336
  ],
  [
    1542067200000,
    8012110.994029594
  ],
  [
    1542153600000,
    9560163.01707451
  ],
  [
    1542240000000,
    7806899.210137805
  ],
  [
    1542326400000,
    8037790.059768499
  ],
  [
    1542412800000,
    8170466.736779135
  ],
  [
    1542499200000,
    8514529.451024052
  ],
  [
    1542585600000,
    7703713.473021628
  ],
  [
    1542672000000,
    6423559.213305108
  ],
  [
    1542758400000,
    6598037.941051342
  ],
  [
    1542844800000,
    7507530.179730574
  ],
  [
    1542931200000,
    6574866.358944641
  ],
  [
    1543017600000,
    6544844.529757491
  ],
  [
    1543104000000,
    6170797.084578631
  ],
  [
    1543190400000,
    6894756.864108085
  ],
  [
    1543276800000,
    6531337.969820011
  ],
  [
    1543363200000,
    7028409.895154245
  ],
  [
    1543449600000,
    7597790.543442016
  ],
  [
    1543536000000,
    8370600.207630558
  ],
  [
    1543622400000,
    8476158.390184557
  ],
  [
    1543708800000,
    6167942.511031082
  ],
  [
    1543795200000,
    5337538.217706316
  ],
  [
    1543881600000,
    4773184.1125003
  ],
  [
    1543968000000,
    5285473.989284068
  ],
  [
    1544054400000,
    4989965.256083127
  ],
  [
    1544140800000,
    5041211.021378552
  ],
  [
    1544227200000,
    5473073.696884819
  ],
  [
    1544313600000,
    4438657.428400269
  ],
  [
    1544400000000,
    3615786.6599727236
  ],
  [
    1544486400000,
    3393450.9829353928
  ],
  [
    1544572800000,
    3540748.2837415063
  ],
  [
    1544659200000,
    3435316.4272290417
  ],
  [
    1544745600000,
    3566510.2230116026
  ],
  [
    1544832000000,
    3411647.049132779
  ],
  [
    1544918400000,
    3889947.4888208555
  ],
  [
    1545004800000,
    4671201.485937778
  ],
  [
    1545091200000,
    6060144.581547114
  ],
  [
    1545177600000,
    6282829.352025405
  ],
  [
    1545264000000,
    4486854.188794902
  ],
  [
    1545350400000,
    4991039.9556440795
  ],
  [
    1545436800000,
    3894927.603338843
  ],
  [
    1545523200000,
    5667766.007127535
  ],
  [
    1545609600000,
    4289067.582371749
  ],
  [
    1545696000000,
    5485424.486807739
  ],
  [
    1545782400000,
    5520257.89652831
  ],
  [
    1545868800000,
    5580025.438254127
  ],
  [
    1545955200000,
    5307183.004446432
  ],
  [
    1546041600000,
    5081978.444071956
  ],
  [
    1546128000000,
    6255118.421180607
  ],
  [
    1546214400000,
    6418109.464159986
  ],
  [
    1546300800000,
    5320269.995359242
  ],
  [
    1546387200000,
    5874400.501999032
  ],
  [
    1546473600000,
    5676354.057595956
  ],
  [
    1546560000000,
    5492036.83767097
  ],
  [
    1546646400000,
    5952347.666679785
  ],
  [
    1546732800000,
    5232791.91520581
  ],
  [
    1546819200000,
    5808232.394352915
  ],
  [
    1546905600000,
    5561843.81876177
  ],
  [
    1546992000000,
    4070683.615453636
  ],
  [
    1547078400000,
    4696097.3697251845
  ],
  [
    1547164800000,
    3810838.5264731054
  ],
  [
    1547251200000,
    4746002.183044234
  ],
  [
    1547337600000,
    5945292.416865359
  ],
  [
    1547424000000,
    5985348.320397298
  ],
  [
    1547510400000,
    3663839.0046983836
  ],
  [
    1547596800000,
    3268106.3485598117
  ],
  [
    1547683200000,
    3409537.2182929823
  ],
  [
    1547769600000,
    3996370.9407115397
  ],
  [
    1547856000000,
    3428203.3980889223
  ],
  [
    1547942400000,
    3812479.7722822977
  ],
  [
    1548028800000,
    3502943.8296401394
  ],
  [
    1548115200000,
    3667533.641725253
  ],
  [
    1548201600000,
    3715484.160794142
  ],
  [
    1548288000000,
    2856371.140733079
  ],
  [
    1548374400000,
    3808860.6275822953
  ],
  [
    1548460800000,
    4095930.154161829
  ],
  [
    1548547200000,
    3711271.7222943543
  ],
  [
    1548633600000,
    3685323.386191213
  ],
  [
    1548720000000,
    3536611.277126052
  ],
  [
    1548806400000,
    3717798.4125151928
  ],
  [
    1548892800000,
    3835439.706458383
  ],
  [
    1548979200000,
    4194881.797961327
  ],
  [
    1549065600000,
    4377124.754090902
  ],
  [
    1549152000000,
    3366847.844615487
  ],
  [
    1549238400000,
    3107132.106570747
  ],
  [
    1549324800000,
    3273172.2028040118
  ],
  [
    1549411200000,
    3486949.8066987745
  ],
  [
    1549497600000,
    3122326.879966731
  ],
  [
    1549584000000,
    3042804.8654918233
  ],
  [
    1549670400000,
    4110608.23266191
  ],
  [
    1549756800000,
    2982383.657058108
  ],
  [
    1549843200000,
    4496647.8011409445
  ],
  [
    1549929600000,
    3359260.7790893195
  ],
  [
    1550016000000,
    3372082.90443186
  ],
  [
    1550102400000,
    3487661.048255155
  ],
  [
    1550188800000,
    3483702.943615314
  ],
  [
    1550275200000,
    3161564.092704436
  ],
  [
    1550361600000,
    3218968.6637775586
  ],
  [
    1550448000000,
    3401876.793801351
  ],
  [
    1550534400000,
    3567593.322721421
  ],
  [
    1550620800000,
    3644570.6427418324
  ],
  [
    1550707200000,
    3775412.042570128
  ],
  [
    1550793600000,
    3484259.220940074
  ],
  [
    1550880000000,
    3558673.425662868
  ],
  [
    1550966400000,
    3684527.091888224
  ],
  [
    1551052800000,
    3207988.7252748213
  ],
  [
    1551139200000,
    3067905.717067391
  ],
  [
    1551225600000,
    3013884.714084596
  ],
  [
    1551312000000,
    2956666.3012876553
  ],
  [
    1551398400000,
    2738550.7200164627
  ],
  [
    1551484800000,
    3284722.3398400825
  ],
  [
    1551571200000,
    3570890.5464502764
  ],
  [
    1551657600000,
    3723580.108840692
  ],
  [
    1551744000000,
    3511945.8508662092
  ],
  [
    1551830400000,
    3569827.372122187
  ],
  [
    1551916800000,
    3662674.3008515267
  ],
  [
    1552003200000,
    3763618.323129176
  ],
  [
    1552089600000,
    4123369.653991366
  ],
  [
    1552176000000,
    3838778.2865403355
  ],
  [
    1552262400000,
    3869178.849143831
  ],
  [
    1552348800000,
    3701719.0660384195
  ],
  [
    1552435200000,
    4041831.4415327385
  ],
  [
    1552521600000,
    3437975.030473709
  ],
  [
    1552608000000,
    2868072.3053450924
  ],
  [
    1552694400000,
    4354718.989657121
  ],
  [
    1552780800000,
    4010097.6925649666
  ],
  [
    1552867200000,
    3818921.7371158507
  ],
  [
    1552953600000,
    3749184.254507572
  ],
  [
    1553040000000,
    3744322.944968009
  ],
  [
    1553126400000,
    3638749.2035193485
  ],
  [
    1553212800000,
    3539306.71751903
  ],
  [
    1553299200000,
    3533915.631150784
  ],
  [
    1553385600000,
    3449151.8191023064
  ],
  [
    1553472000000,
    3669517.683131222
  ],
  [
    1553558400000,
    3371043.5060974215
  ],
  [
    1553644800000,
    3078445.807050561
  ],
  [
    1553731200000,
    3143285.3585440144
  ],
  [
    1553817600000,
    3419995.6790402667
  ],
  [
    1553904000000,
    3547237.2000661734
  ],
  [
    1553990400000,
    3519317.842176497
  ],
  [
    1554076800000,
    3511196.482307316
  ],
  [
    1554163200000,
    3488030.2961879415
  ],
  [
    1554249600000,
    3537346.691295895
  ],
  [
    1554336000000,
    3170651.478385821
  ],
  [
    1554422400000,
    3532386.187674875
  ],
  [
    1554508800000,
    3495487.7976650586
  ],
  [
    1554595200000,
    3878720.1212942656
  ],
  [
    1554681600000,
    3957642.4007971184
  ],
  [
    1554768000000,
    4056846.275239165
  ],
  [
    1554854400000,
    3647878.767201041
  ],
  [
    1554940800000,
    4302986.088253723
  ],
  [
    1555027200000,
    3537056.366685966
  ],
  [
    1555113600000,
    3535936.896228748
  ],
  [
    1555200000000,
    3481965.409193877
  ],
  [
    1555286400000,
    3587172.751537522
  ],
  [
    1555372800000,
    3704893.390707281
  ],
  [
    1555459200000,
    3682937.2806202257
  ],
  [
    1555545600000,
    3613572.2513536676
  ],
  [
    1555632000000,
    3601872.035376704
  ],
  [
    1555718400000,
    3527248.6922764787
  ],
  [
    1555804800000,
    3609602.2094040522
  ],
  [
    1555891200000,
    3605132.875082454
  ],
  [
    1555977600000,
    3655759.875727023
  ],
  [
    1556064000000,
    3537782.8966445755
  ],
  [
    1556150400000,
    3487639.429198787
  ],
  [
    1556236800000,
    3244973.1276062676
  ],
  [
    1556323200000,
    3095183.7464631037
  ],
  [
    1556409600000,
    3281220.209144298
  ],
  [
    1556496000000,
    3302932.5962708998
  ],
  [
    1556582400000,
    3038127.9307617294
  ],
  [
    1556668800000,
    3328282.7989526824
  ],
  [
    1556755200000,
    3112967.310192367
  ],
  [
    1556841600000,
    3286725.6490962086
  ],
  [
    1556928000000,
    3194163.5456918315
  ],
  [
    1557014400000,
    3155780.711608825
  ],
  [
    1557100800000,
    3181176.3509997884
  ],
  [
    1557187200000,
    3263332.797049612
  ],
  [
    1557273600000,
    3274125.5931704813
  ],
  [
    1557360000000,
    3241381.927671348
  ],
  [
    1557446400000,
    3387386.059860175
  ],
  [
    1557532800000,
    3473026.6940636355
  ],
  [
    1557619200000,
    3758812.619599701
  ],
  [
    1557705600000,
    3555867.2745004487
  ],
  [
    1557792000000,
    3856257.717281354
  ],
  [
    1557878400000,
    3825201.11472557
  ],
  [
    1557964800000,
    3424718.539038058
  ],
  [
    1558051200000,
    3074098.350098933
  ],
  [
    1558137600000,
    2817200.1225679587
  ],
  [
    1558224000000,
    2854004.5241998835
  ],
  [
    1558310400000,
    2908686.2218830283
  ],
  [
    1558396800000,
    2805502.1511530094
  ],
  [
    1558483200000,
    3620973.4397590947
  ],
  [
    1558569600000,
    3916463.5875637764
  ],
  [
    1558656000000,
    3962535.672950638
  ],
  [
    1558742400000,
    4963255.014957849
  ],
  [
    1558828800000,
    4276454.567042957
  ],
  [
    1558915200000,
    4356188.308694813
  ],
  [
    1559001600000,
    4299472.27266334
  ],
  [
    1559088000000,
    4276345.284853659
  ],
  [
    1559174400000,
    3806234.9134502565
  ],
  [
    1559260800000,
    3811298.8077772306
  ],
  [
    1559347200000,
    3811298.8077772306
  ],
  [
    1559433600000,
    3811298.8077772306
  ],
  [
    1559520000000,
    3811298.8077772306
  ],
  [
    1559606400000,
    3811298.8077772306
  ],
  [
    1559692800000,
    3811298.8077772306
  ],
  [
    1559779200000,
    3811298.8077772306
  ],
  [
    1559865600000,
    3811298.8077772306
  ],
  [
    1559952000000,
    3811298.8077772306
  ],
  [
    1560038400000,
    3811298.8077772306
  ],
  [
    1560124800000,
    3811298.8077772306
  ],
  [
    1560211200000,
    3811298.8077772306
  ],
  [
    1560297600000,
    3811298.8077772306
  ],
  [
    1560902400000,
    3811298.8077772306
  ],
  [
    1563235200000,
    0
  ],
  [
    1563494400000,
    0
  ],
  [
    1563580800000,
    0
  ],
  [
    1563667200000,
    0
  ],
  [
    1563753600000,
    0
  ],
  [
    1563840000000,
    0
  ],
  [
    1563926400000,
    0
  ],
  [
    1564012800000,
    0
  ],
  [
    1564099200000,
    0
  ],
  [
    1564185600000,
    0
  ],
  [
    1564272000000,
    0
  ],
  [
    1564358400000,
    0
  ],
  [
    1564444800000,
    0
  ],
  [
    1564531200000,
    0
  ],
  [
    1564617600000,
    0
  ],
  [
    1564704000000,
    0
  ],
  [
    1564790400000,
    0
  ],
  [
    1564876800000,
    0
  ],
  [
    1564963200000,
    0
  ],
  [
    1565049600000,
    0
  ],
  [
    1565136000000,
    0
  ],
  [
    1565222400000,
    0
  ],
  [
    1565308800000,
    0
  ],
  [
    1565395200000,
    0
  ],
  [
    1565481600000,
    0
  ],
  [
    1565568000000,
    0
  ],
  [
    1565654400000,
    0
  ],
  [
    1565740800000,
    0
  ],
  [
    1565827200000,
    0
  ],
  [
    1565913600000,
    0
  ],
  [
    1566000000000,
    0
  ],
  [
    1566086400000,
    0
  ],
  [
    1566172800000,
    0
  ],
  [
    1566259200000,
    0
  ],
  [
    1566345600000,
    0
  ],
  [
    1566432000000,
    0
  ],
  [
    1566518400000,
    0
  ],
  [
    1566604800000,
    0
  ],
  [
    1566691200000,
    0
  ],
  [
    1566777600000,
    0
  ],
  [
    1566864000000,
    0
  ],
  [
    1566950400000,
    0
  ],
  [
    1567036800000,
    0
  ],
  [
    1567123200000,
    0
  ],
  [
    1567209600000,
    0
  ],
  [
    1567296000000,
    0
  ],
  [
    1567382400000,
    0
  ],
  [
    1567468800000,
    0
  ],
  [
    1567555200000,
    0
  ],
  [
    1567641600000,
    0
  ],
  [
    1567728000000,
    0
  ],
  [
    1567814400000,
    0
  ],
  [
    1567900800000,
    0
  ],
  [
    1567987200000,
    0
  ],
  [
    1568073600000,
    0
  ],
  [
    1568160000000,
    0
  ],
  [
    1568246400000,
    0
  ],
  [
    1568332800000,
    0
  ],
  [
    1568419200000,
    0
  ],
  [
    1568505600000,
    0
  ],
  [
    1568592000000,
    0
  ],
  [
    1568678400000,
    0
  ],
  [
    1568764800000,
    0
  ],
  [
    1568851200000,
    0
  ],
  [
    1568937600000,
    0
  ],
  [
    1569024000000,
    0
  ],
  [
    1569110400000,
    0
  ],
  [
    1569196800000,
    0
  ],
  [
    1569283200000,
    0
  ],
  [
    1569369600000,
    0
  ],
  [
    1569456000000,
    0
  ],
  [
    1569542400000,
    0
  ],
  [
    1569628800000,
    0
  ],
  [
    1569715200000,
    0
  ],
  [
    1569801600000,
    0
  ],
  [
    1569888000000,
    0
  ],
  [
    1569974400000,
    0
  ],
  [
    1570060800000,
    0
  ],
  [
    1570147200000,
    0
  ],
  [
    1570233600000,
    0
  ],
  [
    1570320000000,
    0
  ],
  [
    1570406400000,
    0
  ],
  [
    1570492800000,
    0
  ],
  [
    1570579200000,
    0
  ],
  [
    1570665600000,
    0
  ],
  [
    1570752000000,
    0
  ],
  [
    1570838400000,
    0
  ],
  [
    1570924800000,
    0
  ],
  [
    1571011200000,
    0
  ],
  [
    1571097600000,
    0
  ],
  [
    1571184000000,
    0
  ],
  [
    1571270400000,
    0
  ],
  [
    1571356800000,
    0
  ],
  [
    1571443200000,
    0
  ],
  [
    1571529600000,
    0
  ],
  [
    1571616000000,
    0
  ],
  [
    1571702400000,
    0
  ],
  [
    1571788800000,
    0
  ],
  [
    1571875200000,
    0
  ],
  [
    1571961600000,
    0
  ],
  [
    1572048000000,
    0
  ],
  [
    1572134400000,
    0
  ],
  [
    1572220800000,
    0
  ],
  [
    1572307200000,
    0
  ],
  [
    1572393600000,
    0
  ],
  [
    1572480000000,
    0
  ],
  [
    1572566400000,
    0
  ],
  [
    1572652800000,
    0
  ],
  [
    1572739200000,
    0
  ],
  [
    1572825600000,
    0
  ],
  [
    1572912000000,
    0
  ],
  [
    1572998400000,
    0
  ],
  [
    1573084800000,
    0
  ],
  [
    1573171200000,
    0
  ],
  [
    1573257600000,
    0
  ],
  [
    1573344000000,
    0
  ],
  [
    1573430400000,
    0
  ],
  [
    1573516800000,
    0
  ],
  [
    1573603200000,
    0
  ],
  [
    1573689600000,
    0
  ],
  [
    1573776000000,
    0
  ],
  [
    1573862400000,
    0
  ],
  [
    1573948800000,
    0
  ],
  [
    1574035200000,
    0
  ],
  [
    1574121600000,
    0
  ],
  [
    1574208000000,
    0
  ],
  [
    1574294400000,
    0
  ],
  [
    1574380800000,
    0
  ],
  [
    1574467200000,
    0
  ],
  [
    1574553600000,
    0
  ],
  [
    1574640000000,
    0
  ],
  [
    1574726400000,
    0
  ],
  [
    1574812800000,
    0
  ],
  [
    1574899200000,
    0
  ],
  [
    1574985600000,
    0
  ],
  [
    1575072000000,
    0
  ],
  [
    1575158400000,
    0
  ],
  [
    1575244800000,
    0
  ],
  [
    1575331200000,
    0
  ],
  [
    1575417600000,
    0
  ],
  [
    1575504000000,
    0
  ],
  [
    1575590400000,
    0
  ],
  [
    1575676800000,
    0
  ],
  [
    1575763200000,
    0
  ],
  [
    1575849600000,
    0
  ],
  [
    1575936000000,
    0
  ],
  [
    1576022400000,
    0
  ],
  [
    1576108800000,
    0
  ],
  [
    1576195200000,
    0
  ],
  [
    1576281600000,
    0
  ],
  [
    1576368000000,
    0
  ],
  [
    1576454400000,
    0
  ],
  [
    1576540800000,
    0
  ],
  [
    1576627200000,
    0
  ],
  [
    1576713600000,
    0
  ],
  [
    1576800000000,
    0
  ],
  [
    1576886400000,
    0
  ],
  [
    1576972800000,
    0
  ],
  [
    1577059200000,
    0
  ],
  [
    1577145600000,
    0
  ],
  [
    1577232000000,
    0
  ],
  [
    1577318400000,
    0
  ],
  [
    1577404800000,
    0
  ],
  [
    1577491200000,
    0
  ],
  [
    1577577600000,
    0
  ],
  [
    1577664000000,
    0
  ],
  [
    1577750400000,
    0
  ],
  [
    1577836800000,
    0
  ],
  [
    1577923200000,
    0
  ],
  [
    1578009600000,
    0
  ],
  [
    1578096000000,
    0
  ],
  [
    1578182400000,
    0
  ],
  [
    1578268800000,
    0
  ],
  [
    1578355200000,
    0
  ],
  [
    1578441600000,
    0
  ],
  [
    1578528000000,
    0
  ],
  [
    1578614400000,
    0
  ],
  [
    1578700800000,
    0
  ],
  [
    1578787200000,
    0
  ],
  [
    1578873600000,
    0
  ],
  [
    1578960000000,
    0
  ],
  [
    1579046400000,
    0
  ],
  [
    1579132800000,
    0
  ],
  [
    1579219200000,
    0
  ],
  [
    1579305600000,
    0
  ],
  [
    1579392000000,
    0
  ],
  [
    1579478400000,
    0
  ],
  [
    1579564800000,
    0
  ],
  [
    1579651200000,
    0
  ],
  [
    1579737600000,
    0
  ],
  [
    1579824000000,
    0
  ],
  [
    1579910400000,
    0
  ],
  [
    1579996800000,
    0
  ],
  [
    1580083200000,
    0
  ],
  [
    1580169600000,
    0
  ],
  [
    1580256000000,
    0
  ],
  [
    1580342400000,
    0
  ],
  [
    1580428800000,
    0
  ],
  [
    1580515200000,
    0
  ],
  [
    1580601600000,
    0
  ],
  [
    1580688000000,
    0
  ],
  [
    1580774400000,
    0
  ],
  [
    1580860800000,
    0
  ],
  [
    1580947200000,
    0
  ],
  [
    1581033600000,
    0
  ],
  [
    1581120000000,
    0
  ],
  [
    1581206400000,
    0
  ],
  [
    1581292800000,
    0
  ],
  [
    1581379200000,
    0
  ],
  [
    1581465600000,
    0
  ],
  [
    1581552000000,
    0
  ],
  [
    1581638400000,
    0
  ],
  [
    1581724800000,
    0
  ],
  [
    1581811200000,
    0
  ],
  [
    1581897600000,
    0
  ],
  [
    1581984000000,
    0
  ],
  [
    1582070400000,
    0
  ],
  [
    1582156800000,
    0
  ],
  [
    1582243200000,
    0
  ],
  [
    1582329600000,
    0
  ],
  [
    1582416000000,
    0
  ],
  [
    1582502400000,
    0
  ],
  [
    1582588800000,
    0
  ],
  [
    1582675200000,
    0
  ],
  [
    1582761600000,
    0
  ],
  [
    1582848000000,
    0
  ],
  [
    1582934400000,
    0
  ],
  [
    1583020800000,
    0
  ],
  [
    1583107200000,
    0
  ],
  [
    1583193600000,
    0
  ],
  [
    1583280000000,
    0
  ],
  [
    1583366400000,
    0
  ],
  [
    1583452800000,
    0
  ],
  [
    1583539200000,
    0
  ],
  [
    1583625600000,
    0
  ],
  [
    1583712000000,
    0
  ],
  [
    1583798400000,
    0
  ],
  [
    1583884800000,
    0
  ],
  [
    1583971200000,
    0
  ],
  [
    1584057600000,
    0
  ],
  [
    1584144000000,
    0
  ],
  [
    1584230400000,
    0
  ],
  [
    1584316800000,
    0
  ],
  [
    1584403200000,
    0
  ],
  [
    1584489600000,
    0
  ],
  [
    1584576000000,
    0
  ],
  [
    1584662400000,
    0
  ],
  [
    1584748800000,
    0
  ],
  [
    1584835200000,
    0
  ],
  [
    1584921600000,
    0
  ],
  [
    1585008000000,
    0
  ],
  [
    1585094400000,
    0
  ],
  [
    1585180800000,
    0
  ],
  [
    1585267200000,
    0
  ],
  [
    1585353600000,
    0
  ],
  [
    1585440000000,
    0
  ],
  [
    1585526400000,
    0
  ],
  [
    1585612800000,
    0
  ],
  [
    1585699200000,
    0
  ],
  [
    1585785600000,
    0
  ],
  [
    1585872000000,
    0
  ],
  [
    1585958400000,
    0
  ],
  [
    1586044800000,
    0
  ],
  [
    1586131200000,
    0
  ],
  [
    1586217600000,
    0
  ],
  [
    1586304000000,
    0
  ],
  [
    1586390400000,
    0
  ],
  [
    1586476800000,
    0
  ],
  [
    1586563200000,
    0
  ],
  [
    1586649600000,
    0
  ],
  [
    1586736000000,
    0
  ],
  [
    1586822400000,
    0
  ],
  [
    1586908800000,
    0
  ],
  [
    1586995200000,
    0
  ],
  [
    1587081600000,
    0
  ],
  [
    1587168000000,
    0
  ],
  [
    1587254400000,
    0
  ],
  [
    1587340800000,
    0
  ],
  [
    1587427200000,
    0
  ],
  [
    1587513600000,
    0
  ],
  [
    1587600000000,
    0
  ],
  [
    1587686400000,
    0
  ],
  [
    1587772800000,
    0
  ],
  [
    1587859200000,
    0
  ],
  [
    1587945600000,
    0
  ],
  [
    1588032000000,
    0
  ],
  [
    1588118400000,
    0
  ],
  [
    1588204800000,
    0
  ],
  [
    1588291200000,
    0
  ],
  [
    1588377600000,
    0
  ],
  [
    1588464000000,
    0
  ],
  [
    1588550400000,
    0
  ],
  [
    1588636800000,
    0
  ],
  [
    1588723200000,
    0
  ],
  [
    1588809600000,
    0
  ],
  [
    1588896000000,
    0
  ],
  [
    1588982400000,
    0
  ],
  [
    1589068800000,
    0
  ],
  [
    1589155200000,
    0
  ],
  [
    1589241600000,
    0
  ],
  [
    1589328000000,
    0
  ],
  [
    1589414400000,
    0
  ],
  [
    1589500800000,
    0
  ],
  [
    1589587200000,
    0
  ],
  [
    1589673600000,
    0
  ],
  [
    1589760000000,
    0
  ],
  [
    1589846400000,
    0
  ],
  [
    1589932800000,
    0
  ],
  [
    1590019200000,
    0
  ],
  [
    1590105600000,
    0
  ],
  [
    1590192000000,
    0
  ],
  [
    1590278400000,
    0
  ],
  [
    1590364800000,
    0
  ],
  [
    1590451200000,
    0
  ],
  [
    1590537600000,
    0
  ],
  [
    1590624000000,
    0
  ],
  [
    1590710400000,
    0
  ],
  [
    1590796800000,
    0
  ],
  [
    1590883200000,
    0
  ],
  [
    1590969600000,
    0
  ],
  [
    1591056000000,
    0
  ],
  [
    1591142400000,
    0
  ],
  [
    1591228800000,
    0
  ],
  [
    1591315200000,
    0
  ],
  [
    1591401600000,
    0
  ],
  [
    1591488000000,
    0
  ],
  [
    1591574400000,
    0
  ],
  [
    1591660800000,
    0
  ],
  [
    1591747200000,
    0
  ],
  [
    1591833600000,
    0
  ],
  [
    1591920000000,
    0
  ],
  [
    1592006400000,
    0
  ],
  [
    1592092800000,
    0
  ],
  [
    1592179200000,
    0
  ],
  [
    1592265600000,
    0
  ],
  [
    1592352000000,
    0
  ],
  [
    1592438400000,
    0
  ],
  [
    1592524800000,
    0
  ],
  [
    1592611200000,
    0
  ],
  [
    1592697600000,
    0
  ],
  [
    1592784000000,
    0
  ],
  [
    1592870400000,
    0
  ],
  [
    1592956800000,
    0
  ],
  [
    1593043200000,
    0
  ],
  [
    1593129600000,
    0
  ],
  [
    1593216000000,
    0
  ],
  [
    1593302400000,
    0
  ],
  [
    1593388800000,
    0
  ],
  [
    1593475200000,
    0
  ],
  [
    1593561600000,
    0
  ],
  [
    1593648000000,
    0
  ],
  [
    1593734400000,
    0
  ],
  [
    1593820800000,
    0
  ],
  [
    1593907200000,
    0
  ],
  [
    1593993600000,
    0
  ],
  [
    1594080000000,
    0
  ],
  [
    1594166400000,
    0
  ],
  [
    1594252800000,
    0
  ],
  [
    1594339200000,
    0
  ],
  [
    1594425600000,
    0
  ],
  [
    1594512000000,
    0
  ],
  [
    1594598400000,
    0
  ],
  [
    1594684800000,
    0
  ],
  [
    1594771200000,
    0
  ],
  [
    1594857600000,
    0
  ],
  [
    1594944000000,
    0
  ],
  [
    1595030400000,
    0
  ],
  [
    1595116800000,
    0
  ],
  [
    1595203200000,
    0
  ],
  [
    1595289600000,
    0
  ],
  [
    1595376000000,
    0
  ],
  [
    1595462400000,
    0
  ],
  [
    1595548800000,
    0
  ],
  [
    1595635200000,
    0
  ],
  [
    1595721600000,
    0
  ],
  [
    1595808000000,
    0
  ],
  [
    1595894400000,
    0
  ],
  [
    1595980800000,
    0
  ],
  [
    1596067200000,
    0
  ],
  [
    1596153600000,
    0
  ],
  [
    1596240000000,
    0
  ],
  [
    1596326400000,
    0
  ],
  [
    1596412800000,
    0
  ],
  [
    1596499200000,
    0
  ],
  [
    1596585600000,
    0
  ],
  [
    1596672000000,
    0
  ],
  [
    1596758400000,
    0
  ],
  [
    1596844800000,
    0
  ],
  [
    1596931200000,
    0
  ],
  [
    1597017600000,
    0
  ],
  [
    1597104000000,
    0
  ],
  [
    1597190400000,
    0
  ],
  [
    1597276800000,
    0
  ],
  [
    1597363200000,
    0
  ],
  [
    1597449600000,
    0
  ],
  [
    1597536000000,
    0
  ],
  [
    1597622400000,
    0
  ],
  [
    1597708800000,
    0
  ],
  [
    1597795200000,
    0
  ],
  [
    1597881600000,
    0
  ],
  [
    1597968000000,
    0
  ],
  [
    1598054400000,
    0
  ],
  [
    1598140800000,
    0
  ],
  [
    1598227200000,
    0
  ],
  [
    1598313600000,
    0
  ],
  [
    1598400000000,
    0
  ],
  [
    1598486400000,
    0
  ],
  [
    1598572800000,
    0
  ],
  [
    1598659200000,
    0
  ],
  [
    1598745600000,
    0
  ],
  [
    1598832000000,
    0
  ],
  [
    1598918400000,
    0
  ],
  [
    1599004800000,
    0
  ],
  [
    1599091200000,
    0
  ],
  [
    1599177600000,
    0
  ],
  [
    1599264000000,
    0
  ],
  [
    1599350400000,
    0
  ],
  [
    1599436800000,
    0
  ],
  [
    1599523200000,
    0
  ],
  [
    1599609600000,
    0
  ],
  [
    1599696000000,
    0
  ],
  [
    1599782400000,
    0
  ],
  [
    1599868800000,
    0
  ],
  [
    1599955200000,
    0
  ],
  [
    1600041600000,
    0
  ],
  [
    1600128000000,
    0
  ],
  [
    1600214400000,
    0
  ],
  [
    1600300800000,
    0
  ],
  [
    1600387200000,
    0
  ],
  [
    1600473600000,
    0
  ],
  [
    1600560000000,
    0
  ],
  [
    1600646400000,
    0
  ],
  [
    1600732800000,
    0
  ],
  [
    1600819200000,
    0
  ],
  [
    1600905600000,
    0
  ],
  [
    1600992000000,
    0
  ],
  [
    1601078400000,
    0
  ],
  [
    1601164800000,
    0
  ],
  [
    1601251200000,
    0
  ],
  [
    1601337600000,
    0
  ],
  [
    1601424000000,
    0
  ],
  [
    1601510400000,
    0
  ],
  [
    1601596800000,
    0
  ],
  [
    1601683200000,
    0
  ],
  [
    1601769600000,
    0
  ],
  [
    1601856000000,
    0
  ],
  [
    1601942400000,
    0
  ],
  [
    1602028800000,
    0
  ],
  [
    1602115200000,
    0
  ],
  [
    1602201600000,
    0
  ],
  [
    1602288000000,
    0
  ],
  [
    1602374400000,
    0
  ],
  [
    1602460800000,
    0
  ],
  [
    1602547200000,
    0
  ],
  [
    1602633600000,
    0
  ],
  [
    1602720000000,
    0
  ],
  [
    1602806400000,
    0
  ],
  [
    1602892800000,
    0
  ],
  [
    1602979200000,
    0
  ],
  [
    1603065600000,
    0
  ],
  [
    1603152000000,
    0
  ],
  [
    1603238400000,
    0
  ],
  [
    1603324800000,
    0
  ],
  [
    1603411200000,
    0
  ],
  [
    1603497600000,
    0
  ],
  [
    1603584000000,
    0
  ],
  [
    1603670400000,
    0
  ],
  [
    1603756800000,
    0
  ],
  [
    1603843200000,
    0
  ],
  [
    1603929600000,
    0
  ],
  [
    1604016000000,
    0
  ],
  [
    1604102400000,
    0
  ],
  [
    1604188800000,
    0
  ],
  [
    1604275200000,
    0
  ],
  [
    1604361600000,
    0
  ],
  [
    1604448000000,
    0
  ],
  [
    1604534400000,
    0
  ],
  [
    1604620800000,
    0
  ],
  [
    1604707200000,
    0
  ],
  [
    1604793600000,
    0
  ],
  [
    1604880000000,
    0
  ],
  [
    1604966400000,
    0
  ],
  [
    1605052800000,
    0
  ],
  [
    1605139200000,
    0
  ],
  [
    1605225600000,
    0
  ],
  [
    1605312000000,
    0
  ],
  [
    1605398400000,
    0
  ],
  [
    1605484800000,
    0
  ],
  [
    1605571200000,
    0
  ],
  [
    1605657600000,
    0
  ],
  [
    1605744000000,
    0
  ],
  [
    1605830400000,
    0
  ],
  [
    1605916800000,
    0
  ],
  [
    1606003200000,
    0
  ],
  [
    1606089600000,
    0
  ],
  [
    1606176000000,
    0
  ],
  [
    1606262400000,
    0
  ],
  [
    1606348800000,
    0
  ],
  [
    1606435200000,
    0
  ],
  [
    1606521600000,
    0
  ],
  [
    1606608000000,
    0
  ],
  [
    1606694400000,
    0
  ],
  [
    1606780800000,
    0
  ],
  [
    1606867200000,
    0
  ],
  [
    1606953600000,
    0
  ],
  [
    1607040000000,
    0
  ],
  [
    1607126400000,
    0
  ],
  [
    1607212800000,
    0
  ],
  [
    1607299200000,
    0
  ],
  [
    1607385600000,
    0
  ],
  [
    1607472000000,
    0
  ],
  [
    1607558400000,
    0
  ],
  [
    1607644800000,
    0
  ],
  [
    1607731200000,
    0
  ],
  [
    1607817600000,
    0
  ],
  [
    1607904000000,
    0
  ],
  [
    1607990400000,
    0
  ],
  [
    1608076800000,
    0
  ],
  [
    1608163200000,
    0
  ],
  [
    1608249600000,
    0
  ],
  [
    1608336000000,
    0
  ],
  [
    1608422400000,
    0
  ],
  [
    1608508800000,
    0
  ],
  [
    1608595200000,
    0
  ],
  [
    1608681600000,
    0
  ],
  [
    1608768000000,
    9185886.19674865
  ],
  [
    1608854400000,
    10329524.71832128
  ],
  [
    1608940800000,
    10120842.13322784
  ],
  [
    1609027200000,
    10445323.826444367
  ],
  [
    1609113600000,
    11066963.289769331
  ],
  [
    1609200000000,
    12333931.936770689
  ],
  [
    1609286400000,
    11147858.329812458
  ],
  [
    1609372800000,
    10651764.926723715
  ],
  [
    1609459200000,
    10716642.127867768
  ],
  [
    1609545600000,
    11172441.011010407
  ],
  [
    1609632000000,
    10876917.430177886
  ],
  [
    1609718400000,
    11221314.255964762
  ],
  [
    1609804800000,
    10752325.594867306
  ],
  [
    1609891200000,
    11987581.359160544
  ],
  [
    1609977600000,
    13284484.570830978
  ],
  [
    1610064000000,
    14659180.114222782
  ],
  [
    1610150400000,
    14324569.000988252
  ],
  [
    1610236800000,
    14406321.263486108
  ],
  [
    1610323200000,
    14107776.618251499
  ],
  [
    1610409600000,
    12394430.024465498
  ],
  [
    1610496000000,
    13784500.279007804
  ],
  [
    1610582400000,
    14466912.357005334
  ],
  [
    1610668800000,
    14735992.593681198
  ],
  [
    1610755200000,
    13259536.59411699
  ],
  [
    1610841600000,
    13443463.960026613
  ],
  [
    1610928000000,
    13939895.757429196
  ],
  [
    1611014400000,
    13827916.946038106
  ],
  [
    1611100800000,
    15209751.57211381
  ],
  [
    1611187200000,
    16656260.764530564
  ],
  [
    1611273600000,
    18869725.67842731
  ],
  [
    1611360000000,
    36205143.13158018
  ],
  [
    1611446400000,
    34303266.26796621
  ],
  [
    1611532800000,
    50608458.211566225
  ],
  [
    1611619200000,
    52922974.93082936
  ],
  [
    1611705600000,
    57320975.73178815
  ],
  [
    1611792000000,
    49637083.73729997
  ],
  [
    1611878400000,
    53098719.755221464
  ],
  [
    1611964800000,
    56046918.82524337
  ],
  [
    1612051200000,
    48718262.19176511
  ],
  [
    1612137600000,
    50225597.63219016
  ],
  [
    1612224000000,
    61356342.99674432
  ],
  [
    1612310400000,
    64104165.15857584
  ],
  [
    1612396800000,
    70955053.35025257
  ],
  [
    1612483200000,
    101007793.28557183
  ],
  [
    1612569600000,
    121374208.4101097
  ],
  [
    1612656000000,
    106544669.23048146
  ],
  [
    1612742400000,
    111649049.58271718
  ],
  [
    1612828800000,
    112693192.85003653
  ],
  [
    1612915200000,
    102524805.13956206
  ],
  [
    1613001600000,
    99456976.6839119
  ],
  [
    1613088000000,
    107460954.57382679
  ],
  [
    1613174400000,
    83416682.74236196
  ],
  [
    1613260800000,
    82193737.4398259
  ],
  [
    1613347200000,
    72873944.84547466
  ],
  [
    1613433600000,
    66241071.05952749
  ],
  [
    1613520000000,
    84168157.13712564
  ],
  [
    1613606400000,
    88401432.32911067
  ],
  [
    1613692800000,
    102584573.49311276
  ],
  [
    1613779200000,
    101631050.88031705
  ],
  [
    1613865600000,
    122921037.2193651
  ],
  [
    1613952000000,
    126466396.0853471
  ],
  [
    1614038400000,
    140707403.42626855
  ],
  [
    1614124800000,
    132883184.94693501
  ],
  [
    1614211200000,
    127317162.3337677
  ],
  [
    1614297600000,
    127188411.80095066
  ],
  [
    1614384000000,
    103230229.03724092
  ],
  [
    1614470400000,
    96728091.50046837
  ],
  [
    1614556800000,
    90066764.10772473
  ],
  [
    1614643200000,
    96195179.99406502
  ],
  [
    1614729600000,
    79038908.18190205
  ],
  [
    1614816000000,
    90721756.62643895
  ],
  [
    1614902400000,
    93606735.19645184
  ],
  [
    1614988800000,
    88400229.98116523
  ],
  [
    1615075200000,
    84693121.3143642
  ],
  [
    1615161600000,
    87354608.69393773
  ],
  [
    1615248000000,
    100874521.51315223
  ],
  [
    1615334400000,
    115321120.6659102
  ],
  [
    1615420800000,
    115952141.89732136
  ],
  [
    1615507200000,
    106438381.6962982
  ],
  [
    1615593600000,
    98625045.32531796
  ],
  [
    1615680000000,
    92599832.59378888
  ],
  [
    1615766400000,
    79844172.23853773
  ],
  [
    1615852800000,
    91010608.40763848
  ],
  [
    1615939200000,
    82594443.3840541
  ],
  [
    1616025600000,
    85795191.88121255
  ],
  [
    1616112000000,
    85707467.87562305
  ],
  [
    1616198400000,
    100827101.79455821
  ],
  [
    1616284800000,
    102363875.72295278
  ],
  [
    1616371200000,
    97528404.15182918
  ],
  [
    1616457600000,
    97719700.94239692
  ],
  [
    1616544000000,
    90913238.8973688
  ],
  [
    1616630400000,
    83324692.79112493
  ],
  [
    1616716800000,
    83076965.32239021
  ],
  [
    1616803200000,
    84164092.41617306
  ],
  [
    1616889600000,
    80555386.2608723
  ],
  [
    1616976000000,
    84365545.6079676
  ],
  [
    1617062400000,
    81638993.7812433
  ],
  [
    1617148800000,
    83142528.58278239
  ],
  [
    1617235200000,
    81928533.21556367
  ],
  [
    1617321600000,
    78319326.22492884
  ],
  [
    1617408000000,
    75568933.72569162
  ],
  [
    1617494400000,
    70394680.51778826
  ],
  [
    1617580800000,
    75049811.12164927
  ],
  [
    1617667200000,
    67452871.1039222
  ],
  [
    1617753600000,
    61305096.785339005
  ],
  [
    1617840000000,
    56730065.1404578
  ],
  [
    1617926400000,
    57273038.555869326
  ],
  [
    1618012800000,
    55625121.764302805
  ],
  [
    1618099200000,
    53492733.969080955
  ],
  [
    1618185600000,
    51746384.780776314
  ],
  [
    1618272000000,
    49141019.08024333
  ],
  [
    1618358400000,
    45506238.63660197
  ],
  [
    1618444800000,
    55165040.46580721
  ],
  [
    1618531200000,
    51901436.93824718
  ],
  [
    1618617600000,
    53256754.18782351
  ],
  [
    1618704000000,
    56846942.63021429
  ],
  [
    1618790400000,
    50927356.93192758
  ],
  [
    1618876800000,
    48997984.7221503
  ],
  [
    1618963200000,
    42085779.19374305
  ],
  [
    1619049600000,
    43459409.14607737
  ],
  [
    1619136000000,
    38132063.44867522
  ],
  [
    1619222400000,
    35793899.91073066
  ],
  [
    1619308800000,
    35390946.72234655
  ],
  [
    1619395200000,
    39281017.10085746
  ],
  [
    1619481600000,
    37462013.148148134
  ],
  [
    1619568000000,
    28569399.78588356
  ],
  [
    1619654400000,
    26256455.36599142
  ],
  [
    1619740800000,
    26008294.255245406
  ],
  [
    1619827200000,
    29208071.512026615
  ],
  [
    1619913600000,
    30405943.602561958
  ],
  [
    1620000000000,
    28524312.016305987
  ],
  [
    1620086400000,
    27584192.908774503
  ],
  [
    1620172800000,
    25656727.00075363
  ],
  [
    1620259200000,
    25264012.230066396
  ],
  [
    1620345600000,
    29246302.819303606
  ],
  [
    1620432000000,
    27137273.85584561
  ],
  [
    1620518400000,
    25537400.623125006
  ],
  [
    1620604800000,
    24983294.114106093
  ],
  [
    1620691200000,
    28653267.2447233
  ],
  [
    1620777600000,
    33584073.172514334
  ],
  [
    1620864000000,
    43652571.79976154
  ],
  [
    1620950400000,
    37533417.75882764
  ],
  [
    1621036800000,
    35550442.015248835
  ],
  [
    1621123200000,
    32605883.407414623
  ],
  [
    1621209600000,
    33848458.017268345
  ],
  [
    1621296000000,
    29305654.83493145
  ],
  [
    1621382400000,
    35064139.376994334
  ],
  [
    1621468800000,
    26922613.13716139
  ],
  [
    1621555200000,
    27815820.19494815
  ],
  [
    1621641600000,
    21984263.06552949
  ],
  [
    1621728000000,
    27385084.247501045
  ],
  [
    1621814400000,
    23085504.334089387
  ],
  [
    1621900800000,
    29195253.376672614
  ],
  [
    1621987200000,
    27940040.963139966
  ],
  [
    1622073600000,
    29776350.009453937
  ],
  [
    1622160000000,
    29431132.097595517
  ],
  [
    1622246400000,
    26323427.25194788
  ],
  [
    1622332800000,
    26132508.48601903
  ],
  [
    1622419200000,
    27078287.108554978
  ],
  [
    1622505600000,
    26677983.524757802
  ],
  [
    1622592000000,
    25734926.510540266
  ],
  [
    1622678400000,
    26367616.05611014
  ],
  [
    1622764800000,
    26348771.260371123
  ],
  [
    1622851200000,
    25545564.325088482
  ],
  [
    1622937600000,
    24692538.14754292
  ],
  [
    1623024000000,
    25801017.409966636
  ],
  [
    1623110400000,
    26343720.547684
  ],
  [
    1623196800000,
    23653158.931400016
  ],
  [
    1623283200000,
    22715536.028791994
  ],
  [
    1623369600000,
    22004814.944635067
  ],
  [
    1623456000000,
    21192034.670989722
  ],
  [
    1623542400000,
    20878730.32678912
  ],
  [
    1623628800000,
    21487886.14793107
  ],
  [
    1623715200000,
    21163076.61487397
  ],
  [
    1623801600000,
    23023134.04851327
  ],
  [
    1623888000000,
    21792268.759426802
  ],
  [
    1623974400000,
    20630313.45157769
  ],
  [
    1624060800000,
    19730918.517843924
  ],
  [
    1624147200000,
    19705939.839883648
  ],
  [
    1624233600000,
    19990203.33177245
  ],
  [
    1624320000000,
    15712030.295864481
  ],
  [
    1624406400000,
    14463396.864501476
  ],
  [
    1624492800000,
    15219562.716097139
  ],
  [
    1624579200000,
    15640311.903970141
  ],
  [
    1624665600000,
    14977440.161329329
  ],
  [
    1624752000000,
    14417109.957419224
  ],
  [
    1624838400000,
    15199165.49847618
  ],
  [
    1624924800000,
    15981215.793423867
  ],
  [
    1625011200000,
    17310373.916365545
  ],
  [
    1625097600000,
    16956695.82260505
  ],
  [
    1625184000000,
    16403051.910071213
  ],
  [
    1625270400000,
    17306000.248309568
  ],
  [
    1625356800000,
    17611800.68377066
  ],
  [
    1625443200000,
    18865776.754892547
  ],
  [
    1625529600000,
    21542598.231025357
  ],
  [
    1625616000000,
    28462608.821545992
  ],
  [
    1625702400000,
    27789192.983520426
  ],
  [
    1625788800000,
    27386884.97108395
  ],
  [
    1625875200000,
    27581241.1557375
  ],
  [
    1625961600000,
    27482443.704788104
  ],
  [
    1626048000000,
    28209082.492389172
  ],
  [
    1626134400000,
    31213547.113626
  ],
  [
    1626220800000,
    31055425.579363722
  ],
  [
    1626307200000,
    26502944.43067469
  ],
  [
    1626393600000,
    25906160.03458605
  ],
  [
    1626480000000,
    22748731.45118751
  ],
  [
    1626566400000,
    21563584.828186322
  ],
  [
    1626652800000,
    22011472.069414213
  ],
  [
    1626739200000,
    22001283.597985078
  ],
  [
    1626825600000,
    20720868.220675293
  ],
  [
    1626912000000,
    24371924.353429604
  ],
  [
    1626998400000,
    21087365.40896442
  ],
  [
    1627084800000,
    21108298.769135814
  ],
  [
    1627171200000,
    22298042.208962798
  ],
  [
    1627257600000,
    22530641.631702006
  ],
  [
    1627344000000,
    21342024.285178542
  ],
  [
    1627430400000,
    21259951.27358233
  ],
  [
    1627516800000,
    20900921.821548816
  ],
  [
    1627603200000,
    20311094.29458191
  ],
  [
    1627689600000,
    21022114.324531697
  ],
  [
    1627776000000,
    21255269.93490454
  ],
  [
    1627862400000,
    20800351.06984027
  ],
  [
    1627948800000,
    21096229.724032376
  ],
  [
    1628035200000,
    20266538.18111105
  ],
  [
    1628121600000,
    20982838.82063496
  ],
  [
    1628208000000,
    21737478.75460215
  ],
  [
    1628294400000,
    22620401.466159247
  ],
  [
    1628380800000,
    21998296.547333952
  ],
  [
    1628467200000,
    21305808.400454316
  ],
  [
    1628553600000,
    21879188.975336835
  ],
  [
    1628640000000,
    22777908.66364831
  ],
  [
    1628726400000,
    22424143.804645356
  ],
  [
    1628812800000,
    22183571.251456756
  ],
  [
    1628899200000,
    27313138.425916765
  ],
  [
    1628985600000,
    27024819.83587285
  ],
  [
    1629072000000,
    29597150.289764497
  ],
  [
    1629158400000,
    26841279.299365714
  ],
  [
    1629244800000,
    23322714.661948577
  ],
  [
    1629331200000,
    21358879.189717624
  ],
  [
    1629417600000,
    21470815.24415837
  ],
  [
    1629504000000,
    22566630.300722662
  ],
  [
    1629590400000,
    22343501.43388447
  ],
  [
    1629676800000,
    22197090.80541043
  ],
  [
    1629763200000,
    21973274.3827986
  ],
  [
    1629849600000,
    20664402.238463216
  ],
  [
    1629936000000,
    21759956.517736
  ],
  [
    1630022400000,
    20685325.68556463
  ],
  [
    1630108800000,
    21456602.523408603
  ],
  [
    1630195200000,
    20356791.338402126
  ],
  [
    1630281600000,
    20949263.193359315
  ],
  [
    1630368000000,
    22272960.68041876
  ],
  [
    1630454400000,
    21089171.192674424
  ],
  [
    1630540800000,
    20448047.923431765
  ],
  [
    1630627200000,
    21328935.021840848
  ]
]