[
  [
    1624320000000,
    244993.42416781146
  ],
  [
    1624406400000,
    244993.42416781146
  ],
  [
    1624492800000,
    126560.11327533449
  ],
  [
    1624579200000,
    65582.4404203753
  ],
  [
    1624665600000,
    80870.7218744895
  ],
  [
    1624752000000,
    59280.293874925344
  ],
  [
    1624838400000,
    70366.52074890437
  ],
  [
    1624924800000,
    333226.7023524951
  ],
  [
    1625011200000,
    501889.4431579561
  ],
  [
    1625097600000,
    407031.5647272657
  ],
  [
    1625184000000,
    424983.7505450501
  ],
  [
    1625270400000,
    350991.47930369875
  ],
  [
    1625356800000,
    296725.717838896
  ],
  [
    1625443200000,
    522777.7043341916
  ],
  [
    1625529600000,
    535712.7502634568
  ],
  [
    1625616000000,
    558013.311295525
  ],
  [
    1625702400000,
    497488.53290722903
  ],
  [
    1625788800000,
    540102.3476187076
  ],
  [
    1625875200000,
    466668.19725321705
  ],
  [
    1625961600000,
    392474.7820591251
  ],
  [
    1626048000000,
    377295.27499867795
  ],
  [
    1626134400000,
    329500.4957243073
  ],
  [
    1626220800000,
    316278.11634949845
  ],
  [
    1626307200000,
    365167.76314054773
  ],
  [
    1626393600000,
    283573.40531972836
  ],
  [
    1626480000000,
    261461.4378292504
  ],
  [
    1626566400000,
    320682.8075895295
  ],
  [
    1626652800000,
    528512.6319457009
  ],
  [
    1626739200000,
    370026.7403395015
  ],
  [
    1626825600000,
    277974.8972244885
  ],
  [
    1626912000000,
    347080.55191616365
  ],
  [
    1626998400000,
    297079.43929288746
  ],
  [
    1627084800000,
    248696.48563217028
  ],
  [
    1627171200000,
    230297.40485987565
  ],
  [
    1627257600000,
    243603.27141092933
  ],
  [
    1627344000000,
    302749.6316018112
  ],
  [
    1627430400000,
    248894.6673790559
  ],
  [
    1627516800000,
    209860.17512059773
  ],
  [
    1627603200000,
    171882.42211325833
  ],
  [
    1627689600000,
    189442.87102533606
  ],
  [
    1627776000000,
    270217.0862491144
  ],
  [
    1627862400000,
    286943.6596807127
  ],
  [
    1627948800000,
    340859.09863477934
  ],
  [
    1628035200000,
    263898.6006765751
  ],
  [
    1628121600000,
    303208.7372676812
  ],
  [
    1628208000000,
    385520.5086734173
  ],
  [
    1628294400000,
    342262.2226148842
  ],
  [
    1628380800000,
    363924.43600476347
  ],
  [
    1628467200000,
    235519.14974483167
  ],
  [
    1628553600000,
    373400.48714467033
  ],
  [
    1628640000000,
    471963.38733400084
  ],
  [
    1628726400000,
    428901.3543933447
  ],
  [
    1628812800000,
    462868.76066286664
  ],
  [
    1628899200000,
    443707.4992034849
  ],
  [
    1628985600000,
    416383.847649098
  ],
  [
    1629072000000,
    313292.9829918462
  ],
  [
    1629158400000,
    349114.7844354222
  ],
  [
    1629244800000,
    487472.8870805597
  ],
  [
    1629331200000,
    575454.5251480278
  ],
  [
    1629417600000,
    626570.7273703088
  ],
  [
    1629504000000,
    675359.6193521754
  ],
  [
    1629590400000,
    759377.7034074666
  ],
  [
    1629676800000,
    686482.1233915023
  ],
  [
    1629763200000,
    763290.802121486
  ],
  [
    1629849600000,
    728612.0710487013
  ],
  [
    1629936000000,
    2013409.8525237963
  ],
  [
    1630022400000,
    4499749.043729262
  ],
  [
    1630108800000,
    2767752.9157595197
  ],
  [
    1630195200000,
    1791497.9742864922
  ],
  [
    1630281600000,
    2483983.3476686245
  ],
  [
    1630368000000,
    1056820.9786914752
  ],
  [
    1630454400000,
    970692.829011321
  ],
  [
    1630540800000,
    860578.3068118278
  ],
  [
    1630627200000,
    826091.9646796038
  ]
]