[
  [
    1603324800000,
    0
  ],
  [
    1603411200000,
    0
  ],
  [
    1603497600000,
    0
  ],
  [
    1603584000000,
    0
  ],
  [
    1603670400000,
    0
  ],
  [
    1603756800000,
    0
  ],
  [
    1603843200000,
    0
  ],
  [
    1603929600000,
    0
  ],
  [
    1604016000000,
    0
  ],
  [
    1604102400000,
    0
  ],
  [
    1604188800000,
    0
  ],
  [
    1604275200000,
    0
  ],
  [
    1604361600000,
    0
  ],
  [
    1604448000000,
    0
  ],
  [
    1604534400000,
    0
  ],
  [
    1604620800000,
    0
  ],
  [
    1604707200000,
    0
  ],
  [
    1604793600000,
    0
  ],
  [
    1604880000000,
    0
  ],
  [
    1604966400000,
    0
  ],
  [
    1605052800000,
    0
  ],
  [
    1605139200000,
    0
  ],
  [
    1605225600000,
    0
  ],
  [
    1605312000000,
    0
  ],
  [
    1605398400000,
    0
  ],
  [
    1605484800000,
    0
  ],
  [
    1605571200000,
    0
  ],
  [
    1605657600000,
    0
  ],
  [
    1605744000000,
    0
  ],
  [
    1605830400000,
    0
  ],
  [
    1605916800000,
    0
  ],
  [
    1606003200000,
    0
  ],
  [
    1606089600000,
    0
  ],
  [
    1606176000000,
    0
  ],
  [
    1606262400000,
    0
  ],
  [
    1606348800000,
    0
  ],
  [
    1606435200000,
    0
  ],
  [
    1606521600000,
    0
  ],
  [
    1606608000000,
    0
  ],
  [
    1606694400000,
    0
  ],
  [
    1606780800000,
    0
  ],
  [
    1606867200000,
    0
  ],
  [
    1606953600000,
    0
  ],
  [
    1607040000000,
    0
  ],
  [
    1607126400000,
    0
  ],
  [
    1607212800000,
    0
  ],
  [
    1607299200000,
    0
  ],
  [
    1607385600000,
    0
  ],
  [
    1607472000000,
    0
  ],
  [
    1607558400000,
    0
  ],
  [
    1607644800000,
    0
  ],
  [
    1607731200000,
    0
  ],
  [
    1607817600000,
    0
  ],
  [
    1607904000000,
    0
  ],
  [
    1607990400000,
    0
  ],
  [
    1608076800000,
    0
  ],
  [
    1608163200000,
    0
  ],
  [
    1608249600000,
    0
  ],
  [
    1608336000000,
    0
  ],
  [
    1608422400000,
    0
  ],
  [
    1608508800000,
    0
  ],
  [
    1608595200000,
    0
  ],
  [
    1608681600000,
    179829.66249523428
  ],
  [
    1608768000000,
    180123.9255070979
  ],
  [
    1608854400000,
    177435.92397234752
  ],
  [
    1608940800000,
    175946.92538118383
  ],
  [
    1609027200000,
    179400.76834398296
  ],
  [
    1609113600000,
    181001.53851141367
  ],
  [
    1609200000000,
    178104.89621876058
  ],
  [
    1609286400000,
    180533.04414095145
  ],
  [
    1609372800000,
    179363.10705130707
  ],
  [
    1609459200000,
    178894.46695209446
  ],
  [
    1609545600000,
    180418.0163572083
  ],
  [
    1609632000000,
    181040.8203809156
  ],
  [
    1609718400000,
    180307.73008553966
  ],
  [
    1609804800000,
    176685.5858469817
  ],
  [
    1609891200000,
    162913.17311233463
  ],
  [
    1609977600000,
    164331.48760921496
  ],
  [
    1610064000000,
    164044.42852408014
  ],
  [
    1610150400000,
    162400.1645780827
  ],
  [
    1610236800000,
    164266.56764679233
  ],
  [
    1610323200000,
    161537.41512506903
  ],
  [
    1610409600000,
    163727.48343850445
  ],
  [
    1610496000000,
    159549.89879439952
  ],
  [
    1610582400000,
    162673.42056692074
  ],
  [
    1610668800000,
    160262.9331759888
  ],
  [
    1610755200000,
    162956.472120892
  ],
  [
    1610841600000,
    162610.23841852916
  ],
  [
    1610928000000,
    151632.35478142084
  ],
  [
    1611014400000,
    164100.32477882027
  ],
  [
    1611100800000,
    165384.458961016
  ],
  [
    1611187200000,
    163102.49721620747
  ],
  [
    1611273600000,
    155661.40723486536
  ],
  [
    1611360000000,
    156136.82772057623
  ],
  [
    1611446400000,
    159814.49836121453
  ],
  [
    1611532800000,
    154437.00327603004
  ],
  [
    1611619200000,
    194378.55019192523
  ],
  [
    1611705600000,
    900653.6270474695
  ],
  [
    1611792000000,
    1265187.3174187904
  ],
  [
    1611878400000,
    943525.9836051087
  ],
  [
    1611964800000,
    982345.5228611107
  ],
  [
    1612051200000,
    720363.354304074
  ],
  [
    1612137600000,
    884516.9465237785
  ],
  [
    1612224000000,
    832286.0224422533
  ],
  [
    1612310400000,
    917017.1414186144
  ],
  [
    1612396800000,
    877164.0553625008
  ],
  [
    1612483200000,
    795643.6415200783
  ],
  [
    1612569600000,
    751058.499861515
  ],
  [
    1612656000000,
    778609.8579892105
  ],
  [
    1612742400000,
    785286.8822076283
  ],
  [
    1612828800000,
    968863.7225673815
  ],
  [
    1612915200000,
    872583.3782251138
  ],
  [
    1613001600000,
    1488061.7950610549
  ],
  [
    1613088000000,
    1305755.2961453076
  ],
  [
    1613174400000,
    2902050.1531131314
  ],
  [
    1613260800000,
    4008989.6478347
  ],
  [
    1613347200000,
    3246269.639854176
  ],
  [
    1613433600000,
    3308945.615819314
  ],
  [
    1613520000000,
    3371558.513568327
  ],
  [
    1613606400000,
    3372441.7363699474
  ],
  [
    1613692800000,
    3367787.9174945187
  ],
  [
    1613779200000,
    3263916.8758210638
  ],
  [
    1613865600000,
    4345324.196499495
  ],
  [
    1613952000000,
    3808915.7755136755
  ],
  [
    1614038400000,
    3557118.0679655736
  ],
  [
    1614124800000,
    3666169.020037791
  ],
  [
    1614211200000,
    3544110.6671300973
  ],
  [
    1614297600000,
    3559970.3862098265
  ],
  [
    1614384000000,
    3592519.4575901316
  ],
  [
    1614470400000,
    3591919.1833623145
  ],
  [
    1614556800000,
    3546879.8770973943
  ],
  [
    1614643200000,
    3357610.3494839924
  ],
  [
    1614729600000,
    3661806.4421480726
  ],
  [
    1614816000000,
    3668143.87107476
  ],
  [
    1614902400000,
    3424402.207879955
  ],
  [
    1614988800000,
    3237780.4156424254
  ],
  [
    1615075200000,
    3947483.5895346347
  ],
  [
    1615161600000,
    5602435.875803739
  ],
  [
    1615248000000,
    4857021.7459436245
  ],
  [
    1615334400000,
    5341723.389954409
  ],
  [
    1615420800000,
    5209993.7117980635
  ],
  [
    1615507200000,
    4800897.324761479
  ],
  [
    1615593600000,
    5399382.074485202
  ],
  [
    1615680000000,
    7731755.5467803
  ],
  [
    1615766400000,
    6115124.3241922585
  ],
  [
    1615852800000,
    5387886.809627649
  ],
  [
    1615939200000,
    6032863.044873584
  ],
  [
    1616025600000,
    5699710.525434529
  ],
  [
    1616112000000,
    5322954.729984356
  ],
  [
    1616198400000,
    5169939.182657699
  ],
  [
    1616284800000,
    5682710.310378497
  ],
  [
    1616371200000,
    5202316.243033939
  ],
  [
    1616457600000,
    4531527.445390783
  ],
  [
    1616544000000,
    4364575.202714617
  ],
  [
    1616630400000,
    4765974.757023039
  ],
  [
    1616716800000,
    4478947.828201579
  ],
  [
    1616803200000,
    4379061.18716352
  ],
  [
    1616889600000,
    4718723.670432778
  ],
  [
    1616976000000,
    4650233.635126649
  ],
  [
    1617062400000,
    4694996.0790268965
  ],
  [
    1617148800000,
    7743029.837485289
  ],
  [
    1617235200000,
    12499106.113992019
  ],
  [
    1617321600000,
    12120907.427995387
  ],
  [
    1617408000000,
    10590006.315543896
  ],
  [
    1617494400000,
    9533603.781529097
  ],
  [
    1617580800000,
    13183902.402609507
  ],
  [
    1617667200000,
    9951706.55282434
  ],
  [
    1617753600000,
    8579465.336637951
  ],
  [
    1617840000000,
    7288784.20177759
  ],
  [
    1617926400000,
    8052603.948009415
  ],
  [
    1618012800000,
    7858562.425497131
  ],
  [
    1618099200000,
    8788897.745662227
  ],
  [
    1618185600000,
    8048863.559814461
  ],
  [
    1618272000000,
    7341291.568237321
  ],
  [
    1618358400000,
    7223721.411136998
  ],
  [
    1618444800000,
    6653408.969739273
  ],
  [
    1618531200000,
    6668596.968893718
  ],
  [
    1618617600000,
    7748539.928652073
  ],
  [
    1618704000000,
    7042317.718476655
  ],
  [
    1618790400000,
    6385189.9729112275
  ],
  [
    1618876800000,
    6164496.753533477
  ],
  [
    1618963200000,
    7870163.211970008
  ],
  [
    1619049600000,
    7027113.463574954
  ],
  [
    1619136000000,
    6917854.699755383
  ],
  [
    1619222400000,
    5914922.586257872
  ],
  [
    1619308800000,
    5682247.576397165
  ],
  [
    1619395200000,
    5502271.920923173
  ],
  [
    1619481600000,
    5492268.3394559175
  ],
  [
    1619568000000,
    5797831.753363119
  ],
  [
    1619654400000,
    5909342.922786604
  ],
  [
    1619740800000,
    6090650.043175094
  ],
  [
    1619827200000,
    6036584.312379995
  ],
  [
    1619913600000,
    6486313.882552745
  ],
  [
    1620000000000,
    7013426.221798437
  ],
  [
    1620086400000,
    10287552.850931596
  ],
  [
    1620172800000,
    9503516.418018753
  ],
  [
    1620259200000,
    10474350.158612337
  ],
  [
    1620345600000,
    10379151.13096517
  ],
  [
    1620432000000,
    9082983.361402903
  ],
  [
    1620518400000,
    9810655.972117778
  ],
  [
    1620604800000,
    9862681.519519834
  ],
  [
    1620691200000,
    9526694.767488876
  ],
  [
    1620777600000,
    10881031.047270583
  ],
  [
    1620864000000,
    10371055.437115569
  ],
  [
    1620950400000,
    8963781.586062081
  ],
  [
    1621036800000,
    9426201.383575056
  ],
  [
    1621123200000,
    7786860.073128412
  ],
  [
    1621209600000,
    6563597.604065268
  ],
  [
    1621296000000,
    5099254.610510135
  ],
  [
    1621382400000,
    5518779.284134272
  ],
  [
    1621468800000,
    3519602.970417387
  ],
  [
    1621555200000,
    3622207.5688412613
  ],
  [
    1621641600000,
    2865306.2885807804
  ],
  [
    1621728000000,
    2849356.8245627796
  ],
  [
    1621814400000,
    2508244.5843185233
  ],
  [
    1621900800000,
    3424032.3757900605
  ],
  [
    1621987200000,
    2800154.1264868327
  ],
  [
    1622073600000,
    2845418.540675518
  ],
  [
    1622160000000,
    2863738.368982659
  ],
  [
    1622246400000,
    2472303.6473072018
  ],
  [
    1622332800000,
    2355314.245067143
  ],
  [
    1622419200000,
    2448904.456442018
  ],
  [
    1622505600000,
    2750788.0575753576
  ],
  [
    1622592000000,
    2457389.6645851326
  ],
  [
    1622678400000,
    2628808.2825968745
  ],
  [
    1622764800000,
    3036368.5966379247
  ],
  [
    1622851200000,
    2703366.3572444315
  ],
  [
    1622937600000,
    2674033.8279909925
  ],
  [
    1623024000000,
    3504524.303897205
  ],
  [
    1623110400000,
    2915599.829703553
  ],
  [
    1623196800000,
    2756836.7681247457
  ],
  [
    1623283200000,
    2802080.0385414707
  ],
  [
    1623369600000,
    2535220.198703318
  ],
  [
    1623456000000,
    2382498.799976105
  ],
  [
    1623542400000,
    2410403.728332001
  ],
  [
    1623628800000,
    2530906.6365609905
  ],
  [
    1623715200000,
    2899855.89980382
  ],
  [
    1623801600000,
    2866468.816664995
  ],
  [
    1623888000000,
    2663859.180454101
  ],
  [
    1623974400000,
    2700966.474288721
  ],
  [
    1624060800000,
    2477903.537767153
  ],
  [
    1624147200000,
    2487369.985115545
  ],
  [
    1624233600000,
    2547617.839755653
  ],
  [
    1624320000000,
    2043586.6762445609
  ],
  [
    1624406400000,
    1827824.34286948
  ],
  [
    1624492800000,
    1431879.5053110593
  ],
  [
    1624579200000,
    1445501.5840090523
  ],
  [
    1624665600000,
    1371419.1227074128
  ],
  [
    1624752000000,
    1330535.483977915
  ],
  [
    1624838400000,
    1393805.4568592869
  ],
  [
    1624924800000,
    1528189.644140032
  ],
  [
    1625011200000,
    1587867.4503120487
  ],
  [
    1625097600000,
    1604038.2528975492
  ],
  [
    1625184000000,
    1508844.087343423
  ],
  [
    1625270400000,
    1545677.5351619446
  ],
  [
    1625356800000,
    1639177.4241681064
  ],
  [
    1625443200000,
    1736534.9377752496
  ],
  [
    1625529600000,
    1623082.137960213
  ],
  [
    1625616000000,
    1644602.7889853183
  ],
  [
    1625702400000,
    1635428.7127562677
  ],
  [
    1625788800000,
    1450126.2554310865
  ],
  [
    1625875200000,
    1416871.7025307724
  ],
  [
    1625961600000,
    1381089.5283949631
  ],
  [
    1626048000000,
    1405177.9603359916
  ],
  [
    1626134400000,
    1363172.4366075776
  ],
  [
    1626220800000,
    1243991.0724241904
  ],
  [
    1626307200000,
    1334202.4090263788
  ],
  [
    1626393600000,
    1736932.7787789542
  ],
  [
    1626480000000,
    1698071.8720561538
  ],
  [
    1626566400000,
    1693688.8849084226
  ],
  [
    1626652800000,
    1703235.977895447
  ],
  [
    1626739200000,
    1497124.5247716834
  ],
  [
    1626825600000,
    1542679.8660740217
  ],
  [
    1626912000000,
    1734063.0314067416
  ],
  [
    1626998400000,
    1775939.0169505826
  ],
  [
    1627084800000,
    1855313.8194779826
  ],
  [
    1627171200000,
    2599433.308893001
  ],
  [
    1627257600000,
    2847448.0772465654
  ],
  [
    1627344000000,
    2706065.82189478
  ],
  [
    1627430400000,
    2567789.463594688
  ],
  [
    1627516800000,
    2625149.949098828
  ],
  [
    1627603200000,
    2725764.841724212
  ],
  [
    1627689600000,
    2862686.281073984
  ],
  [
    1627776000000,
    2872523.120343629
  ],
  [
    1627862400000,
    4305734.498506174
  ],
  [
    1627948800000,
    3927897.793025314
  ],
  [
    1628035200000,
    3971320.141273329
  ],
  [
    1628121600000,
    3892995.5649711657
  ],
  [
    1628208000000,
    3966260.307910715
  ],
  [
    1628294400000,
    4042739.538667686
  ],
  [
    1628380800000,
    3851009.407846606
  ],
  [
    1628467200000,
    3630896.263822879
  ],
  [
    1628553600000,
    3131678.2789521622
  ],
  [
    1628640000000,
    2838377.1286907718
  ],
  [
    1628726400000,
    2949771.9557885015
  ],
  [
    1628812800000,
    2739308.531968667
  ],
  [
    1628899200000,
    2786541.9757628753
  ],
  [
    1628985600000,
    2691268.7490813104
  ],
  [
    1629072000000,
    2719675.5926131234
  ],
  [
    1629158400000,
    2693794.2631705245
  ],
  [
    1629244800000,
    2218537.559284047
  ],
  [
    1629331200000,
    2268386.5638498347
  ],
  [
    1629417600000,
    2295583.7133397153
  ],
  [
    1629504000000,
    2595637.549097785
  ],
  [
    1629590400000,
    2479948.1484484123
  ],
  [
    1629676800000,
    2391397.4404182998
  ],
  [
    1629763200000,
    2697010.3411975494
  ],
  [
    1629849600000,
    2081326.2632583727
  ],
  [
    1629936000000,
    2321154.4041525577
  ],
  [
    1630022400000,
    2174857.896055244
  ],
  [
    1630108800000,
    2107155.061246812
  ],
  [
    1630195200000,
    2078155.0118481386
  ],
  [
    1630281600000,
    2095111.1740190396
  ],
  [
    1630368000000,
    2082113.3394083166
  ],
  [
    1630454400000,
    2123850.857945787
  ],
  [
    1630540800000,
    2025873.4296667194
  ],
  [
    1630627200000,
    2065210.0832595376
  ]
]