[
  [
    1629072000000,
    104800.5125061933
  ],
  [
    1629158400000,
    104800.5125061933
  ],
  [
    1629244800000,
    69086.19998272316
  ],
  [
    1629331200000,
    16994.032473477997
  ],
  [
    1629417600000,
    24631.844710937712
  ],
  [
    1629504000000,
    17585.803752652977
  ],
  [
    1629590400000,
    7333.701389709816
  ],
  [
    1629676800000,
    5831.905547247473
  ],
  [
    1629763200000,
    4886.260132202903
  ],
  [
    1629849600000,
    7668.631262802001
  ],
  [
    1629936000000,
    8114.304128121841
  ],
  [
    1630022400000,
    11170.503731182653
  ],
  [
    1630108800000,
    62646.46416539726
  ],
  [
    1630195200000,
    61581.3437930952
  ],
  [
    1630281600000,
    11739.29134582876
  ],
  [
    1630368000000,
    28253.64046784654
  ],
  [
    1630454400000,
    47953.89570925977
  ],
  [
    1630540800000,
    23628.49114246842
  ],
  [
    1630627200000,
    14106.363868359362
  ]
]