[
  [
    1516752000000,
    74.78214979136418
  ],
  [
    1516838400000,
    2.4890680745619647
  ],
  [
    1516924800000,
    83.60828393052299
  ],
  [
    1517011200000,
    0.9652008809816397
  ],
  [
    1517097600000,
    709.334416465768
  ],
  [
    1517184000000,
    390.6746286580586
  ],
  [
    1517270724504,
    379.7999360114109
  ],
  [
    1517356800000,
    389.10896012248344
  ],
  [
    1517443200000,
    201.93392411622554
  ],
  [
    1517529600000,
    54.50623822893985
  ],
  [
    1517616000000,
    8.715187925213355
  ],
  [
    1517702400000,
    57.55068033761512
  ],
  [
    1517788800000,
    33.46759530439397
  ],
  [
    1517961600000,
    148.0970709054455
  ],
  [
    1518048321865,
    22.83483083336646
  ],
  [
    1518134400000,
    18.25316883394761
  ],
  [
    1518220800000,
    1.1320934966897855
  ],
  [
    1518307200000,
    25.629213612018074
  ],
  [
    1518393600000,
    49.12624865058589
  ],
  [
    1518480000000,
    23.897735852360054
  ],
  [
    1518566400000,
    431.37897664444927
  ],
  [
    1518652800000,
    2.2929845954276806
  ],
  [
    1518739200000,
    149.5104130761374
  ],
  [
    1518825600000,
    110.513772018077
  ],
  [
    1518912000000,
    5.255020369421286
  ],
  [
    1518998400000,
    53.24204862190176
  ],
  [
    1519084800000,
    37.528794652848205
  ],
  [
    1519171200000,
    0.02413428752555381
  ],
  [
    1519257600000,
    231.35835534798454
  ],
  [
    1519344000000,
    232.2675096048883
  ],
  [
    1519430400000,
    0.32448821183436116
  ],
  [
    1519516800000,
    10.56080794501809
  ],
  [
    1519603200000,
    507.44820005585336
  ],
  [
    1519689600000,
    58.21813325749612
  ],
  [
    1519776000000,
    75.32715970611895
  ],
  [
    1519862400000,
    7.562363488214236
  ],
  [
    1519948800000,
    343.30992985045884
  ],
  [
    1520035200000,
    0.7424357973442971
  ],
  [
    1520121600000,
    41.25343955574714
  ],
  [
    1520208000000,
    0.22233802568519276
  ],
  [
    1520294400000,
    66.86195070137346
  ],
  [
    1520380800000,
    50.01919302828977
  ],
  [
    1520467200000,
    2.684754261306851
  ],
  [
    1520553600000,
    150.90126280017296
  ],
  [
    1520640000000,
    0.6628516416762407
  ],
  [
    1520726400000,
    243.81193438581982
  ],
  [
    1520812800000,
    168.75170991378312
  ],
  [
    1520899200000,
    63.938450209765556
  ],
  [
    1520985600000,
    12.494107823469172
  ],
  [
    1521072000000,
    2.1407722215356806
  ],
  [
    1521158400000,
    5.760129223802321
  ],
  [
    1521244800000,
    38.88116816636958
  ],
  [
    1521331200000,
    14.059271426290838
  ],
  [
    1521417600000,
    52.67255593654388
  ],
  [
    1521504000000,
    12.63984355593102
  ],
  [
    1521590400000,
    918.5730851245523
  ],
  [
    1521676800000,
    2120.090221231451
  ],
  [
    1521763200000,
    639.2858816219829
  ],
  [
    1521849600000,
    113.66681108859946
  ],
  [
    1521936000000,
    70.9266885077206
  ],
  [
    1522022400000,
    8.157476548873058
  ],
  [
    1522108800000,
    304.5793497667036
  ],
  [
    1522195200000,
    0.12971618416215552
  ],
  [
    1522281600000,
    34.95840784778927
  ],
  [
    1522368000000,
    51.62840236548309
  ],
  [
    1522454400000,
    128.3351908221581
  ],
  [
    1522540800000,
    531.3998410878411
  ],
  [
    1522627200000,
    5.6925123299989675
  ],
  [
    1522713600000,
    6.182053519366739
  ],
  [
    1522800000000,
    14.504576960675259
  ],
  [
    1522886400000,
    136.9063195653716
  ],
  [
    1522972800000,
    291.1700253548769
  ],
  [
    1523059200000,
    10.435622191211507
  ],
  [
    1523145600000,
    6.626325677553447
  ],
  [
    1523232000000,
    0.19938137193372213
  ],
  [
    1523318400000,
    73.31321589278902
  ],
  [
    1523404800000,
    141.83454740958774
  ],
  [
    1523491200000,
    49.13981344529174
  ],
  [
    1523577600000,
    13.338640553362739
  ],
  [
    1523664000000,
    10.098955552345894
  ],
  [
    1523750400000,
    16.7908791238706
  ],
  [
    1523836800000,
    22.47965415867582
  ],
  [
    1523923200000,
    1296.1260451093578
  ],
  [
    1524009600000,
    1.633901574528234
  ],
  [
    1524096000000,
    13.71319159232327
  ],
  [
    1524182400000,
    365.90365524370833
  ],
  [
    1524268800000,
    5.941625924561413
  ],
  [
    1524355200000,
    0.2771385687966723
  ],
  [
    1524441600000,
    0.5782348679738081
  ],
  [
    1524528000000,
    0.39479384607463286
  ],
  [
    1524614400000,
    2.744521200672141
  ],
  [
    1524700800000,
    0.12791179405717495
  ],
  [
    1524787200000,
    12.24471206902722
  ],
  [
    1524873600000,
    11.127613068237828
  ],
  [
    1524960000000,
    29.58614821581263
  ],
  [
    1525046400000,
    1.465310905652328
  ],
  [
    1525132800000,
    0.0004612550514954069
  ],
  [
    1525219200000,
    11.913477320022935
  ],
  [
    1525305600000,
    0.19405251413906222
  ],
  [
    1525392000000,
    288.2454999407847
  ],
  [
    1525478400000,
    819.0234074000733
  ],
  [
    1525564800000,
    36.64344625778659
  ],
  [
    1525651200000,
    26.3904433151922
  ],
  [
    1525737600000,
    26.922473827244616
  ],
  [
    1525824000000,
    23.795266492116912
  ],
  [
    1525910400000,
    54.85960973089286
  ],
  [
    1525996800000,
    0.5962840123517412
  ],
  [
    1526083200000,
    416.3853855684566
  ],
  [
    1526169600000,
    1.1251566271762228
  ],
  [
    1526256000000,
    54.70866387360419
  ],
  [
    1526342400000,
    122.69820742017568
  ],
  [
    1526428800000,
    92.98671038373696
  ],
  [
    1526515200000,
    1.551760354697506
  ],
  [
    1526601600000,
    1.4807745499018952
  ],
  [
    1526688000000,
    19.488002480628985
  ],
  [
    1526774400000,
    20.80752023213151
  ],
  [
    1526860800000,
    12.46678237231365
  ],
  [
    1526947200000,
    10.545773635001346
  ],
  [
    1527033600000,
    494.9634416967038
  ],
  [
    1527120000000,
    3.7480296615045727
  ],
  [
    1527206400000,
    5.395337589617306
  ],
  [
    1527292800000,
    326.62569144717605
  ],
  [
    1527379200000,
    12.49544034590572
  ],
  [
    1527465600000,
    15.298444950280842
  ],
  [
    1527552000000,
    49.08233359138323
  ],
  [
    1527638400000,
    161.6742511648068
  ],
  [
    1527724800000,
    6.92804722130244
  ],
  [
    1527811200000,
    5.0856414308504485
  ],
  [
    1527897600000,
    41.287754210120134
  ],
  [
    1527984000000,
    21.7088294992315
  ],
  [
    1528070400000,
    26.88345704929337
  ],
  [
    1528156800000,
    51.353361390653355
  ],
  [
    1528243200000,
    0.05187494711595052
  ],
  [
    1528329600000,
    0.20997225372134132
  ],
  [
    1528416000000,
    94.37341803155773
  ],
  [
    1528502400000,
    7.2166130674014095
  ],
  [
    1528588800000,
    7.7343500914190395
  ],
  [
    1528675200000,
    15.742216444952756
  ],
  [
    1528761600000,
    0.08227934917383661
  ],
  [
    1528848000000,
    497.73621399614757
  ],
  [
    1528934400000,
    43.049169445784464
  ],
  [
    1529020800000,
    150.9534767393547
  ],
  [
    1529107200000,
    8.88874379651541
  ],
  [
    1529193600000,
    0.18981962843669506
  ],
  [
    1529280000000,
    367.628277839802
  ],
  [
    1529366400000,
    0.0012887061537929332
  ],
  [
    1529452800000,
    0.8066179369847923
  ],
  [
    1529539200000,
    0.0028847257443296143
  ],
  [
    1529625600000,
    0.13290492676100973
  ],
  [
    1529712000000,
    1350.1684179474903
  ],
  [
    1529798400000,
    4.256054236483298
  ],
  [
    1529884800000,
    4.561180256980065
  ],
  [
    1529971200000,
    52.02081401267797
  ],
  [
    1530057600000,
    6.131661603255029
  ],
  [
    1530144000000,
    1.1249432908436485
  ],
  [
    1530230400000,
    5.250890439694835
  ],
  [
    1530316800000,
    5.905968905777946
  ],
  [
    1530403200000,
    1.025193119629012
  ],
  [
    1530489600000,
    0.905896484170227
  ],
  [
    1530576000000,
    0.7129467764308389
  ],
  [
    1530662400000,
    14.965275517938121
  ],
  [
    1530748800000,
    2.168070323699589
  ],
  [
    1530835200000,
    4.6467880305915745
  ],
  [
    1530921600000,
    4.242006863816039
  ],
  [
    1531008000000,
    4.323186082310215
  ],
  [
    1531094400000,
    0.09993240940457936
  ],
  [
    1531180800000,
    0.8284226762411413
  ],
  [
    1531267200000,
    0.23005512158789806
  ],
  [
    1531353600000,
    1001.4174435442716
  ],
  [
    1531440000000,
    34.97245120476337
  ],
  [
    1531526400000,
    1.4432180054239065
  ],
  [
    1531612800000,
    0.017999553167227435
  ],
  [
    1531699200000,
    0.017999553167227435
  ],
  [
    1531785600000,
    0.017999553167227435
  ],
  [
    1531872000000,
    0.017999553167227435
  ],
  [
    1531958400000,
    449.4154347231547
  ],
  [
    1532044800000,
    4.337122148885899
  ],
  [
    1532131200000,
    0.005530451074404033
  ],
  [
    1532217600000,
    3941.9351917370527
  ],
  [
    1532304000000,
    31.213923974473346
  ],
  [
    1532390400000,
    15.452712102666275
  ],
  [
    1532476800000,
    42.401293893791916
  ],
  [
    1532563200000,
    534.0705464760565
  ],
  [
    1532649600000,
    1293.22485228029
  ],
  [
    1532736000000,
    435.972225071359
  ],
  [
    1532822400000,
    3.9339877784249166
  ],
  [
    1532908800000,
    148.54631797380767
  ],
  [
    1532995200000,
    5.554375886586675
  ],
  [
    1533081600000,
    71.17689817665317
  ],
  [
    1533168000000,
    722.1151388482238
  ],
  [
    1533254400000,
    1082.5655205122775
  ],
  [
    1533340800000,
    33.01624480748534
  ],
  [
    1533427200000,
    738.3688002379362
  ],
  [
    1533513600000,
    460.1386997586014
  ],
  [
    1533600000000,
    1.1995610360577762
  ],
  [
    1533686400000,
    0.28349198040203816
  ],
  [
    1533772800000,
    2.0644011083121807
  ],
  [
    1533859200000,
    45.8160653285101
  ],
  [
    1533945600000,
    58.141932899154
  ],
  [
    1534032000000,
    0.23508171843072892
  ],
  [
    1534118400000,
    44.701244628163465
  ],
  [
    1534204800000,
    2.279227887168521
  ],
  [
    1534291200000,
    3.7031196799800847
  ],
  [
    1534377600000,
    0.9630388273484757
  ],
  [
    1534464000000,
    17.568167001307398
  ],
  [
    1534550400000,
    7.078331606550879
  ],
  [
    1534636800000,
    0.546599358842081
  ],
  [
    1534723200000,
    0.1517210692605898
  ],
  [
    1534809600000,
    0.04250889991329778
  ],
  [
    1534896000000,
    4.606718932444133
  ],
  [
    1534982400000,
    0.0026129449250339894
  ],
  [
    1535068800000,
    0.18908520190853692
  ],
  [
    1535155200000,
    0.8521912270193646
  ],
  [
    1535241600000,
    14.087380662400422
  ],
  [
    1535328000000,
    4.129284584903712
  ],
  [
    1535414400000,
    315.12670161081655
  ],
  [
    1535500800000,
    2402.846713482396
  ],
  [
    1535587200000,
    3602.2827732514515
  ],
  [
    1535673600000,
    3680.9440865102906
  ],
  [
    1535760000000,
    48.34186757846742
  ],
  [
    1535846400000,
    810.0737274999373
  ],
  [
    1535932800000,
    3.44856425978354
  ],
  [
    1536019200000,
    4.113331022196148
  ],
  [
    1536105600000,
    0.008424899451857659
  ],
  [
    1536192000000,
    224.94995799766556
  ],
  [
    1536278400000,
    0.22976667769532866
  ],
  [
    1536364800000,
    1.295324371422529
  ],
  [
    1536451200000,
    0.9185045877112995
  ],
  [
    1536537600000,
    2184.178737212374
  ],
  [
    1536624000000,
    176.91405703582052
  ],
  [
    1536710400000,
    34.49635806911924
  ],
  [
    1536796800000,
    10.173106636660354
  ],
  [
    1536883200000,
    10.219544620400766
  ],
  [
    1536969600000,
    932.0460183304627
  ],
  [
    1537056000000,
    6.421034289499932
  ],
  [
    1537142400000,
    4.633927164870937
  ],
  [
    1537228800000,
    8.907601386882662
  ],
  [
    1537315200000,
    21.165016346606823
  ],
  [
    1537401600000,
    2712.4807707435675
  ],
  [
    1537488000000,
    62.04014688914782
  ],
  [
    1537574400000,
    0.9257910420013516
  ],
  [
    1537660800000,
    1316.5815405321443
  ],
  [
    1537747200000,
    17.045460477381308
  ],
  [
    1537833600000,
    518.2085916407834
  ],
  [
    1537920000000,
    7.739973894334279
  ],
  [
    1538006400000,
    0.6460746804224899
  ],
  [
    1538092800000,
    0.21966505955079918
  ],
  [
    1538179200000,
    1258.032161366648
  ],
  [
    1538265600000,
    731.9678339797478
  ],
  [
    1538352000000,
    26.66926463782714
  ],
  [
    1538438400000,
    734.2017930207463
  ],
  [
    1538524800000,
    932.7540914487439
  ],
  [
    1538611200000,
    14.223096069609543
  ],
  [
    1538697600000,
    18.656861989719413
  ],
  [
    1538784000000,
    10.764078179276066
  ],
  [
    1538870400000,
    52.79623466038686
  ],
  [
    1538956800000,
    1.7514314919430374
  ],
  [
    1539043200000,
    2.0578045154871503
  ],
  [
    1539129600000,
    5.598325571845695
  ],
  [
    1539216000000,
    0.03702866006418099
  ],
  [
    1539302400000,
    2.3054640375378335
  ],
  [
    1539388800000,
    0.0010636696523969667
  ],
  [
    1539475200000,
    16.150670218625496
  ],
  [
    1539561600000,
    73.63142849145773
  ],
  [
    1539648000000,
    282.67657698414945
  ],
  [
    1539734400000,
    2.5901071363123473
  ],
  [
    1539820800000,
    0.4267494376523993
  ],
  [
    1539907200000,
    1.6162092620551662
  ],
  [
    1539993600000,
    0
  ],
  [
    1540080000000,
    0.009820778727563316
  ],
  [
    1540166400000,
    7.141682359750165
  ],
  [
    1540252800000,
    65.54170046143028
  ],
  [
    1540339200000,
    19.866926300725385
  ],
  [
    1540425600000,
    6.257927385358367
  ],
  [
    1540512000000,
    19.83852829329374
  ],
  [
    1540598400000,
    11.314379353845107
  ],
  [
    1540684800000,
    33.20868858892582
  ],
  [
    1540771200000,
    86.83695976584775
  ],
  [
    1540857600000,
    18.87901452814812
  ],
  [
    1540944000000,
    0
  ],
  [
    1541030400000,
    0
  ],
  [
    1541116800000,
    0
  ],
  [
    1541203200000,
    1.6196496217299532
  ],
  [
    1541289600000,
    111.97713895359863
  ],
  [
    1541376000000,
    19.960590500410436
  ],
  [
    1541462400000,
    0
  ],
  [
    1541548800000,
    1.0869675592559955
  ],
  [
    1541635200000,
    6.100869981993356
  ],
  [
    1541721600000,
    0.9041059077894738
  ],
  [
    1541808000000,
    2.0082861993334364
  ],
  [
    1541894400000,
    0
  ],
  [
    1541980800000,
    1.5772339130211313
  ],
  [
    1542067200000,
    0
  ],
  [
    1542153600000,
    0
  ],
  [
    1542240000000,
    23.44607578601029
  ],
  [
    1542326400000,
    0.02469071623870277
  ],
  [
    1542412800000,
    0
  ],
  [
    1542499200000,
    0.022749170369851388
  ],
  [
    1542585600000,
    0.24682468145078232
  ],
  [
    1542672000000,
    1.8894725615510244
  ],
  [
    1542758400000,
    76.657575179077
  ],
  [
    1542844800000,
    0
  ],
  [
    1542931200000,
    0
  ],
  [
    1543017600000,
    46.16298055455196
  ],
  [
    1543104000000,
    0
  ],
  [
    1543190400000,
    0.29983353440559496
  ],
  [
    1543276800000,
    3.630553072644822
  ],
  [
    1543363200000,
    18.020121485846385
  ],
  [
    1543449600000,
    3.0370381087140212
  ],
  [
    1543536000000,
    0
  ],
  [
    1543622400000,
    0.33041829928816563
  ],
  [
    1543708800000,
    1.0503719161481249
  ],
  [
    1543795200000,
    2.425506863832409
  ],
  [
    1543881600000,
    1.8681405392348531
  ],
  [
    1543968000000,
    0.0704894671844425
  ],
  [
    1544054400000,
    3.051611058612007
  ],
  [
    1544140800000,
    0
  ],
  [
    1544227200000,
    1.8330356265968026
  ],
  [
    1544313600000,
    0.22753688345232823
  ],
  [
    1544400000000,
    1.207497002805698
  ],
  [
    1544486400000,
    0
  ],
  [
    1544572800000,
    0
  ],
  [
    1544659200000,
    8.08830146641585
  ],
  [
    1544745600000,
    21.518424723484284
  ],
  [
    1544832000000,
    0.30846073507306476
  ],
  [
    1544918400000,
    0.19995811369262148
  ],
  [
    1545004800000,
    0
  ],
  [
    1545091200000,
    4.7626495682079355
  ],
  [
    1545177600000,
    3.653087585626833
  ],
  [
    1545264000000,
    0
  ],
  [
    1545350400000,
    0
  ],
  [
    1545436800000,
    0
  ],
  [
    1545523200000,
    0
  ],
  [
    1545609600000,
    0
  ],
  [
    1545696000000,
    8.317803203504997
  ],
  [
    1545782400000,
    175.28929217807342
  ],
  [
    1545868800000,
    136.23071228147512
  ],
  [
    1545955200000,
    0.32345118496465725
  ],
  [
    1546041600000,
    0
  ],
  [
    1546128000000,
    0
  ],
  [
    1546214400000,
    0.4433456687818136
  ],
  [
    1546300800000,
    0.4386534980871683
  ],
  [
    1546387200000,
    0.03555815016026697
  ],
  [
    1546473600000,
    0.2297709400234757
  ],
  [
    1546560000000,
    0
  ],
  [
    1546646400000,
    0.03276573284582409
  ],
  [
    1546732800000,
    1.0549693595788046
  ],
  [
    1546819200000,
    0
  ],
  [
    1546905600000,
    0
  ],
  [
    1546992000000,
    0
  ],
  [
    1547078400000,
    0
  ],
  [
    1547164800000,
    0.1888949857907257
  ],
  [
    1547251200000,
    0
  ],
  [
    1547337600000,
    0.016239910800188134
  ],
  [
    1547424000000,
    1.362870162097674
  ],
  [
    1547510400000,
    0.24320338640212583
  ],
  [
    1547596800000,
    0
  ],
  [
    1547683200000,
    0.038738548960988446
  ],
  [
    1547769600000,
    0
  ],
  [
    1547856000000,
    0
  ],
  [
    1547942400000,
    0
  ],
  [
    1548028800000,
    0
  ],
  [
    1548115200000,
    0
  ],
  [
    1548201600000,
    0
  ],
  [
    1548288000000,
    0.18488158222139117
  ],
  [
    1548374400000,
    0
  ],
  [
    1548460800000,
    0
  ],
  [
    1548547200000,
    0
  ],
  [
    1548633600000,
    0
  ],
  [
    1548720000000,
    115.35390262629957
  ],
  [
    1548806400000,
    333.4289955102304
  ],
  [
    1548892800000,
    741.9656695459797
  ],
  [
    1548979200000,
    163.65348081284654
  ],
  [
    1549065600000,
    0.8820750975587983
  ],
  [
    1549152000000,
    9.022738998043533
  ],
  [
    1549238400000,
    1.2863418086867542
  ],
  [
    1549324800000,
    2.5385548982873645
  ],
  [
    1549411200000,
    3.065842959168478
  ],
  [
    1549497600000,
    0.5705258232658071
  ],
  [
    1549584000000,
    2.338751884379457
  ],
  [
    1549670400000,
    0.2450444807490216
  ],
  [
    1549756800000,
    0
  ],
  [
    1549843200000,
    17.649956037958415
  ],
  [
    1549929600000,
    2.0524831481956904
  ],
  [
    1550016000000,
    0.26434744574458174
  ],
  [
    1550102400000,
    1.864779401879177
  ],
  [
    1550188800000,
    0
  ],
  [
    1550275200000,
    0.6207570343635439
  ],
  [
    1550361600000,
    0
  ],
  [
    1550448000000,
    0
  ],
  [
    1550534400000,
    56.45390669175693
  ],
  [
    1550620800000,
    0.2817954546209496
  ],
  [
    1550707200000,
    0.5102730874327415
  ],
  [
    1550793600000,
    0.17432052485467192
  ],
  [
    1550880000000,
    50.41735932538547
  ],
  [
    1550966400000,
    2.5523408203991504
  ],
  [
    1551052800000,
    0
  ],
  [
    1551139200000,
    0
  ],
  [
    1551225600000,
    7.106668982237661
  ],
  [
    1551312000000,
    1.768869457098288
  ],
  [
    1551398400000,
    0
  ],
  [
    1551484800000,
    0
  ],
  [
    1551571200000,
    0
  ],
  [
    1551657600000,
    0
  ],
  [
    1551744000000,
    0.2008530167294924
  ],
  [
    1551830400000,
    0
  ],
  [
    1551916800000,
    0
  ],
  [
    1552003200000,
    0
  ],
  [
    1552089600000,
    0
  ],
  [
    1552176000000,
    0
  ],
  [
    1552262400000,
    2.015340123220112
  ],
  [
    1552348800000,
    0.731324611514996
  ],
  [
    1552435200000,
    0.8488210976387627
  ],
  [
    1552521600000,
    1.083066247792071
  ],
  [
    1552608000000,
    1.4077471478442807
  ],
  [
    1552694400000,
    2.002866531272257
  ],
  [
    1552780800000,
    1.0337349825293625
  ],
  [
    1552867200000,
    4.125099720285661
  ],
  [
    1552953600000,
    0.07399884369602305
  ],
  [
    1553040000000,
    2.207460679407094
  ],
  [
    1553126400000,
    1.8189287268077592
  ],
  [
    1553212800000,
    0.6031155835616969
  ],
  [
    1553299200000,
    1.243977636319344
  ],
  [
    1553385600000,
    0
  ],
  [
    1553472000000,
    2.06571986817673
  ],
  [
    1553558400000,
    0
  ],
  [
    1553644800000,
    2.1613128066828433
  ],
  [
    1553731200000,
    0
  ],
  [
    1553817600000,
    0
  ],
  [
    1553904000000,
    0
  ],
  [
    1553990400000,
    1.8604796082136692
  ],
  [
    1554076800000,
    4.10497376682076
  ],
  [
    1554163200000,
    0.6487293906370207
  ],
  [
    1554249600000,
    3.8881680735753177
  ],
  [
    1554336000000,
    9.62706783900644
  ],
  [
    1554422400000,
    5.752599477275192
  ],
  [
    1554508800000,
    0.43307655660711186
  ],
  [
    1554595200000,
    0.1888436553690123
  ],
  [
    1554681600000,
    0.06589894031703483
  ],
  [
    1554768000000,
    1.6179295616295228
  ],
  [
    1554854400000,
    0.7954234249401584
  ],
  [
    1554940800000,
    0.41765941196265965
  ],
  [
    1555027200000,
    3.1234130864095184
  ],
  [
    1555113600000,
    52.34585302437556
  ],
  [
    1555200000000,
    0
  ],
  [
    1555286400000,
    0
  ],
  [
    1555372800000,
    0.1283550127507044
  ],
  [
    1555459200000,
    0
  ],
  [
    1555545600000,
    0.05824367447156425
  ],
  [
    1555632000000,
    0
  ],
  [
    1555718400000,
    0
  ],
  [
    1555804800000,
    0.1751368035224605
  ],
  [
    1555891200000,
    0
  ],
  [
    1555977600000,
    0.06836124830193262
  ],
  [
    1556064000000,
    0.530005866736132
  ],
  [
    1556150400000,
    2.623314770339869
  ],
  [
    1556236800000,
    0
  ],
  [
    1556323200000,
    0.053476093277315284
  ],
  [
    1556409600000,
    0.3674503461936386
  ],
  [
    1556496000000,
    0.705944666061251
  ],
  [
    1556582400000,
    0.39092046187938134
  ],
  [
    1556668800000,
    0.01932179333130662
  ],
  [
    1556755200000,
    18.846685980211404
  ],
  [
    1556841600000,
    18.85792585155715
  ],
  [
    1558224000000,
    0
  ],
  [
    1558656000000,
    0.10742337348637858
  ],
  [
    1558742400000,
    0
  ],
  [
    1559001600000,
    0
  ],
  [
    1559088000000,
    0.6224035810414736
  ],
  [
    1559174400000,
    0
  ],
  [
    1559260800000,
    0
  ],
  [
    1559347200000,
    0
  ],
  [
    1559433600000,
    0
  ],
  [
    1559520000000,
    0
  ],
  [
    1559606400000,
    0
  ],
  [
    1559692800000,
    1.5129201569035122
  ],
  [
    1559779200000,
    0.21238360196585596
  ],
  [
    1559865600000,
    0.12785443077165073
  ],
  [
    1559952000000,
    0.8545300021491243
  ],
  [
    1560038400000,
    1.6725650309165812
  ],
  [
    1560124800000,
    2.978686431714929
  ],
  [
    1560211200000,
    0
  ],
  [
    1560297600000,
    0
  ],
  [
    1560384000000,
    0
  ],
  [
    1560470400000,
    0
  ],
  [
    1560643200000,
    1.8516678923954841
  ],
  [
    1560729600000,
    0
  ],
  [
    1560816000000,
    0
  ],
  [
    1560902400000,
    0
  ],
  [
    1560988800000,
    4.485010740826468
  ],
  [
    1561075200000,
    0.00000935013975346726
  ],
  [
    1561161600000,
    0
  ],
  [
    1561420800000,
    0
  ],
  [
    1561507200000,
    0
  ],
  [
    1561680000000,
    2.45870848506378
  ],
  [
    1561766400000,
    4.2075832573105485
  ],
  [
    1561852800000,
    0
  ],
  [
    1562198400000,
    1.3032928590896036
  ],
  [
    1562284800000,
    0
  ],
  [
    1562371200000,
    1.0498373395734775
  ],
  [
    1562457600000,
    0.11515242987764035
  ],
  [
    1562544000000,
    0
  ],
  [
    1562630400000,
    0.036375645155779235
  ],
  [
    1562716800000,
    0.01733882227706568
  ],
  [
    1562803200000,
    11.819688638984475
  ],
  [
    1562889600000,
    1.9436090116725562
  ],
  [
    1562976000000,
    0.007141987534821377
  ],
  [
    1563062400000,
    0
  ],
  [
    1563148800000,
    0.00801717513408172
  ],
  [
    1563235200000,
    0
  ],
  [
    1563321600000,
    0.002546289149549244
  ],
  [
    1563408000000,
    0.4358761954267876
  ],
  [
    1563494400000,
    0.007762701792345152
  ],
  [
    1563580800000,
    0.000459273645612683
  ],
  [
    1563667200000,
    279.47111312797045
  ],
  [
    1563753600000,
    0.06410381713474217
  ],
  [
    1563840000000,
    0
  ],
  [
    1564012800000,
    0.003141695214309629
  ],
  [
    1564099200000,
    0
  ],
  [
    1564272000000,
    0.22379060060583889
  ],
  [
    1564358400000,
    0.11365854657989137
  ],
  [
    1564444800000,
    0.07139176812974461
  ],
  [
    1564531200000,
    0.02383261390663581
  ],
  [
    1564617600000,
    0.0026367826940057195
  ],
  [
    1564704000000,
    0.06059565232657404
  ],
  [
    1564790400000,
    0
  ],
  [
    1564876800000,
    0
  ],
  [
    1564963200000,
    6.243463277450245
  ],
  [
    1565049600000,
    0
  ],
  [
    1565136000000,
    0.0036014866689519655
  ],
  [
    1565222400000,
    0.014670184924903166
  ],
  [
    1565308800000,
    0.2323022914989886
  ],
  [
    1565395200000,
    0.031306407666929575
  ],
  [
    1565481600000,
    0
  ],
  [
    1565568000000,
    0.0432652741247406
  ],
  [
    1565654400000,
    0
  ],
  [
    1565740800000,
    0
  ],
  [
    1565827200000,
    0.00017684528072005757
  ],
  [
    1565913600000,
    0
  ],
  [
    1566086400000,
    3.5073253733974323
  ],
  [
    1566172800000,
    0
  ],
  [
    1566259200000,
    0
  ],
  [
    1566432000000,
    0.00119697719148229
  ],
  [
    1566518400000,
    0
  ],
  [
    1566604800000,
    0.001124589446474656
  ],
  [
    1566691200000,
    3.0709245567885874
  ],
  [
    1566777600000,
    0
  ],
  [
    1566864000000,
    0
  ],
  [
    1566950400000,
    0.0019073902360489902
  ],
  [
    1567036800000,
    1.6733540094379944
  ],
  [
    1567123200000,
    0
  ],
  [
    1567209600000,
    0.01715853992253999
  ],
  [
    1567296000000,
    0.6298595544303114
  ],
  [
    1567382400000,
    0.18302252201611405
  ],
  [
    1567468800000,
    0
  ],
  [
    1567555200000,
    1.06305353589754
  ],
  [
    1567641600000,
    0.00027364564892607264
  ],
  [
    1567728000000,
    0
  ],
  [
    1567814400000,
    0.7
  ],
  [
    1567900800000,
    2.0247699999999536
  ],
  [
    1567987200000,
    0
  ],
  [
    1568073600000,
    0
  ],
  [
    1568160000000,
    0
  ],
  [
    1568246400000,
    0.0008906781886247107
  ],
  [
    1568332800000,
    0
  ],
  [
    1568419200000,
    0.32730202248940843
  ],
  [
    1568505600000,
    0.000174252141351938
  ],
  [
    1568592000000,
    0.019374062403437975
  ],
  [
    1568678400000,
    0
  ],
  [
    1568764800000,
    0
  ],
  [
    1568851200000,
    0.13893863338621168
  ],
  [
    1568937600000,
    3.169202516736157
  ],
  [
    1569024000000,
    0
  ],
  [
    1569110400000,
    0.24539707474064518
  ],
  [
    1569196800000,
    0.7992654056281763
  ],
  [
    1569283200000,
    0
  ],
  [
    1569456000000,
    18.088061155906892
  ],
  [
    1569542400000,
    0.5952356166194429
  ],
  [
    1569628800000,
    0
  ],
  [
    1569715200000,
    0.0026508240585128725
  ],
  [
    1569801600000,
    0
  ],
  [
    1569888000000,
    0
  ],
  [
    1569974400000,
    2.969711548398534
  ],
  [
    1570060800000,
    2.969711548398534
  ],
  [
    1570147200000,
    0
  ],
  [
    1570233600000,
    0
  ],
  [
    1570320000000,
    0.4294290420055558
  ],
  [
    1570406400000,
    0
  ],
  [
    1570492800000,
    2.4371666489198494
  ],
  [
    1570579200000,
    0
  ],
  [
    1570665600000,
    0.0002744060781491219
  ],
  [
    1570752000000,
    0.00038230999175092834
  ],
  [
    1570838400000,
    0
  ],
  [
    1570924800000,
    0
  ],
  [
    1571011200000,
    0
  ],
  [
    1571097600000,
    13.122858139317913
  ],
  [
    1571184000000,
    1.0291191470504222
  ],
  [
    1571270400000,
    13.266675952097664
  ],
  [
    1571356800000,
    0.14157203872827626
  ],
  [
    1571443200000,
    0
  ],
  [
    1571529600000,
    0
  ],
  [
    1571616000000,
    0
  ],
  [
    1571702400000,
    0.2765449747924187
  ],
  [
    1571788800000,
    0.0005805131901735751
  ],
  [
    1571875200000,
    0.023997789803864137
  ],
  [
    1571961600000,
    0
  ],
  [
    1572048000000,
    0
  ],
  [
    1572134400000,
    0
  ],
  [
    1572220800000,
    0
  ],
  [
    1572307200000,
    0.1803072118470288
  ],
  [
    1572393600000,
    0
  ],
  [
    1572480000000,
    0
  ],
  [
    1572566400000,
    0.11351427598607611
  ],
  [
    1572652800000,
    3.4721759806258246
  ],
  [
    1572739200000,
    0
  ],
  [
    1572825600000,
    0.13725980094933854
  ],
  [
    1572912000000,
    0
  ],
  [
    1572998400000,
    0
  ],
  [
    1573084800000,
    0
  ],
  [
    1573171200000,
    0.8301200075961558
  ],
  [
    1573257600000,
    0
  ],
  [
    1573344000000,
    0.00008099294572999879
  ],
  [
    1573430400000,
    0.024763223189764098
  ],
  [
    1573516800000,
    0
  ],
  [
    1573603200000,
    0
  ],
  [
    1573862400000,
    0.055459754207851326
  ],
  [
    1573948800000,
    0.0013624304873789234
  ],
  [
    1574035200000,
    0
  ],
  [
    1574121600000,
    0.009790578387663722
  ],
  [
    1574208000000,
    0
  ],
  [
    1574294400000,
    0
  ],
  [
    1574380800000,
    0
  ],
  [
    1574467200000,
    0
  ],
  [
    1574553600000,
    0
  ],
  [
    1574640000000,
    0
  ],
  [
    1574726400000,
    3.5273809989694067
  ],
  [
    1574812800000,
    0.19305215658236793
  ],
  [
    1574899200000,
    0.004390958448601874
  ],
  [
    1574985600000,
    0.07712774064247152
  ],
  [
    1575072000000,
    0
  ],
  [
    1575158400000,
    0
  ],
  [
    1575244800000,
    0
  ],
  [
    1575331200000,
    0
  ],
  [
    1575417600000,
    0
  ],
  [
    1575504000000,
    0.24114770067754673
  ],
  [
    1575590400000,
    0
  ],
  [
    1575676800000,
    0
  ],
  [
    1575763200000,
    0.0012228583971791987
  ],
  [
    1575849600000,
    0.0028121259395571165
  ],
  [
    1575936000000,
    0
  ],
  [
    1576022400000,
    0
  ],
  [
    1576108800000,
    0.0001744278502641249
  ],
  [
    1576195200000,
    0.0010712581603741303
  ],
  [
    1576281600000,
    0.0002693732822865219
  ],
  [
    1576368000000,
    0
  ],
  [
    1576454400000,
    0
  ],
  [
    1576540800000,
    0
  ],
  [
    1576627200000,
    0.09947597319156538
  ],
  [
    1576713600000,
    0
  ],
  [
    1576800000000,
    0
  ],
  [
    1576886400000,
    0
  ],
  [
    1576972800000,
    0
  ],
  [
    1577059200000,
    0
  ],
  [
    1577145600000,
    0
  ],
  [
    1577232000000,
    0.11640888675784512
  ],
  [
    1577318400000,
    0.05087121511427766
  ],
  [
    1577404800000,
    0.000266550623024724
  ],
  [
    1577491200000,
    0.0031559002240848233
  ],
  [
    1577577600000,
    0
  ],
  [
    1577664000000,
    0
  ],
  [
    1577750400000,
    0
  ],
  [
    1577836800000,
    0.00034421883904347996
  ],
  [
    1577923200000,
    0.00024742782565512076
  ],
  [
    1578009600000,
    0.00033523281856327427
  ],
  [
    1578182400000,
    0.004889884056317733
  ],
  [
    1578268800000,
    0
  ],
  [
    1578355200000,
    0.0029090136397529305
  ],
  [
    1578441600000,
    0
  ],
  [
    1578614400000,
    0.000920862319679398
  ],
  [
    1578700800000,
    0.00028694310362996665
  ],
  [
    1578787200000,
    0
  ],
  [
    1578873600000,
    0.002729385105428751
  ],
  [
    1578960000000,
    0
  ],
  [
    1579132800000,
    0.5966683962943119
  ],
  [
    1579305600000,
    0.04392104265857018
  ],
  [
    1579392000000,
    0.04548029308453614
  ],
  [
    1579478400000,
    0.044606739218419934
  ],
  [
    1579564800000,
    0.02483236728245016
  ],
  [
    1579996800000,
    0
  ],
  [
    1580256000000,
    0.012297995238124831
  ],
  [
    1580428800000,
    0.007167408152312536
  ],
  [
    1580601600000,
    0.3449268330338654
  ],
  [
    1580688000000,
    0.18154025399336682
  ],
  [
    1581033600000,
    0.9769125598612843
  ],
  [
    1581120000000,
    1.4128770130573458
  ],
  [
    1581292800000,
    1.8792401449268825
  ],
  [
    1581465600000,
    0.007507339974922377
  ],
  [
    1581552000000,
    0.1335149083835899
  ],
  [
    1581638400000,
    0.009002052094595736
  ],
  [
    1581724800000,
    0.009105625557854791
  ],
  [
    1581811200000,
    0.7548751520985126
  ],
  [
    1581897600000,
    2.956359187516646
  ],
  [
    1581984000000,
    0.0042894018708743795
  ],
  [
    1582070400000,
    0.004313352833385326
  ],
  [
    1582243200000,
    1.4221204238431289
  ],
  [
    1582329600000,
    0.3532389526838496
  ],
  [
    1582675200000,
    1.9757070086642756
  ],
  [
    1582848000000,
    0.1926544307959535
  ],
  [
    1582934400000,
    0.21595746301027888
  ],
  [
    1583193600000,
    1.35294908912502
  ],
  [
    1583280000000,
    0.06284712551697892
  ],
  [
    1583366400000,
    3.1846039804823842
  ],
  [
    1583452800000,
    0.004968829858623521
  ],
  [
    1583539200000,
    0.04510551083748941
  ],
  [
    1583798400000,
    0.000510475301253178
  ],
  [
    1584662400000,
    0.00019509605955309124
  ],
  [
    1584835200000,
    0.0025169307902360633
  ],
  [
    1584921600000,
    0.002942069933892537
  ],
  [
    1585094400000,
    0.0029323370261003195
  ],
  [
    1585180800000,
    0.008477909612192082
  ],
  [
    1585267200000,
    0.05565683328112836
  ],
  [
    1585440000000,
    0.003227059426448196
  ],
  [
    1585699200000,
    1.0017621036017117
  ],
  [
    1585785600000,
    0.7289570762465544
  ],
  [
    1585872000000,
    0.07623581734370066
  ],
  [
    1586044800000,
    0.07595293066935636
  ],
  [
    1586304000000,
    0.05806725717307851
  ],
  [
    1586390400000,
    0.08632860736968065
  ],
  [
    1586908800000,
    0.02731557605880642
  ],
  [
    1586995200000,
    0.027195011316125596
  ],
  [
    1587427200000,
    0.00030763985461455514
  ],
  [
    1587513600000,
    0.6315783499525898
  ],
  [
    1587600000000,
    0.19115131469567306
  ],
  [
    1587686400000,
    0.0015235022350908374
  ],
  [
    1587772800000,
    0.006964691197721909
  ],
  [
    1587859200000,
    0.0001714122603553233
  ],
  [
    1588118400000,
    0.0081087407628977
  ],
  [
    1588464000000,
    0.012924027452074284
  ],
  [
    1588896000000,
    0.212185781750951
  ],
  [
    1588982400000,
    1.3688823110193622
  ],
  [
    1589068800000,
    0.07712457032726723
  ],
  [
    1589155200000,
    0.0136017876559966
  ],
  [
    1589241600000,
    0.015642457455793467
  ],
  [
    1589328000000,
    1.4429495154939318
  ],
  [
    1589500800000,
    1.4944166542920592
  ],
  [
    1589673600000,
    0.5555728926362319
  ],
  [
    1589760000000,
    0.5531911526581157
  ],
  [
    1589932800000,
    0.5606970175063694
  ],
  [
    1590019200000,
    0.08146218158190156
  ],
  [
    1590278400000,
    0.002792946532061704
  ],
  [
    1590364800000,
    0.0005254665126118147
  ],
  [
    1590451200000,
    0.0005272358549623749
  ],
  [
    1590537600000,
    0.06930726670344352
  ],
  [
    1590624000000,
    0.04097967678760378
  ],
  [
    1590883200000,
    0.1749630911668698
  ],
  [
    1591488000000,
    0.0029260116104002053
  ],
  [
    1591574400000,
    0.0029260116104002053
  ],
  [
    1591660800000,
    0.0029279010819156875
  ],
  [
    1591747200000,
    2.927463583297623
  ],
  [
    1591833600000,
    2.927463583297623
  ],
  [
    1592265600000,
    77.60302380835499
  ],
  [
    1592352000000,
    77.60302380835499
  ],
  [
    1592438400000,
    58.64667491336195
  ],
  [
    1592524800000,
    25.149436568532522
  ],
  [
    1592611200000,
    45.09683097060798
  ],
  [
    1592697600000,
    0.03859258179303399
  ],
  [
    1592784000000,
    0.03862839140170079
  ],
  [
    1593043200000,
    0.004622120196791905
  ],
  [
    1593129600000,
    0.004622120196791905
  ],
  [
    1593216000000,
    0.18598023755133658
  ],
  [
    1593302400000,
    0.18598023755133658
  ],
  [
    1593388800000,
    0.09027613449087338
  ],
  [
    1593475200000,
    0.09337061469907854
  ],
  [
    1593561600000,
    0.09337061469907854
  ],
  [
    1593648000000,
    0.02394479702431102
  ],
  [
    1593734400000,
    0.4136060894979682
  ],
  [
    1593820800000,
    0.4136060894979682
  ],
  [
    1593907200000,
    0.4146895055801209
  ],
  [
    1594080000000,
    1.6076178057841228
  ],
  [
    1594166400000,
    1.6076178057841228
  ],
  [
    1594252800000,
    6.8312083660413965
  ],
  [
    1594339200000,
    0.2042751622398268
  ],
  [
    1594425600000,
    0.04525102777301466
  ],
  [
    1594512000000,
    4.053164185709484
  ],
  [
    1594598400000,
    1.4280614753716891
  ],
  [
    1594684800000,
    1.4280614753716891
  ],
  [
    1594771200000,
    0.19882409201758405
  ],
  [
    1594857600000,
    0.19882409201758405
  ],
  [
    1594944000000,
    0.18605592817924266
  ],
  [
    1595030400000,
    0.18605592817924266
  ],
  [
    1595203200000,
    0.0020632205911928414
  ],
  [
    1595289600000,
    0.0020632205911928414
  ],
  [
    1595376000000,
    0.49718989965766347
  ],
  [
    1595548800000,
    0.005459489682642363
  ],
  [
    1595635200000,
    0.005459489682642363
  ],
  [
    1595721600000,
    0.014773624421526107
  ],
  [
    1595808000000,
    0.15734948381148522
  ],
  [
    1596326400000,
    0.45545063211615766
  ],
  [
    1596412800000,
    0.45545063211615766
  ],
  [
    1596499200000,
    0.4557487835563673
  ],
  [
    1596758400000,
    0.0027148839650213523
  ],
  [
    1596844800000,
    0.0027148839650213523
  ],
  [
    1596931200000,
    2.796804201063016
  ],
  [
    1597017600000,
    0.006453815156970889
  ],
  [
    1597104000000,
    0.00022486317017873558
  ],
  [
    1597190400000,
    0.3629888433328809
  ],
  [
    1597276800000,
    3.8465749725336233
  ],
  [
    1597363200000,
    0.21534671821799092
  ],
  [
    1597449600000,
    0.05566797211458713
  ],
  [
    1597536000000,
    1.0355534272728892
  ],
  [
    1597622400000,
    3.1344428998379508
  ],
  [
    1597708800000,
    0.18150975868569869
  ],
  [
    1597795200000,
    0.03843326129823407
  ],
  [
    1597881600000,
    0.047529763507947846
  ],
  [
    1597968000000,
    0.00148812730567125
  ],
  [
    1598054400000,
    0.00042013420459565526
  ],
  [
    1598140800000,
    0.027302784359632407
  ],
  [
    1598227200000,
    0.027302784359632407
  ],
  [
    1598400000000,
    0.003625716130954641
  ],
  [
    1598486400000,
    0.003625716130954641
  ],
  [
    1598572800000,
    0.07432457734034861
  ],
  [
    1598659200000,
    0.07432457734034861
  ],
  [
    1598745600000,
    0.5951257424617923
  ],
  [
    1598832000000,
    8.629513626880968
  ],
  [
    1598918400000,
    0.042781036795060394
  ],
  [
    1599004800000,
    4.994675624767168
  ],
  [
    1599091200000,
    0.05423252304960711
  ],
  [
    1599177600000,
    4.445170503225031
  ],
  [
    1599264000000,
    4.445170503225031
  ],
  [
    1599350400000,
    0.09641142987022214
  ],
  [
    1599436800000,
    0.001925409442822026
  ],
  [
    1599609600000,
    0.1013310046265561
  ],
  [
    1599696000000,
    0.1013310046265561
  ],
  [
    1599782400000,
    0.08477552194017189
  ],
  [
    1599868800000,
    0.046513643356031704
  ],
  [
    1599955200000,
    0.0013833551972532961
  ],
  [
    1600214400000,
    0.21632093979163847
  ],
  [
    1600300800000,
    0.21632093979163847
  ],
  [
    1600387200000,
    0.0003889187451775315
  ],
  [
    1600560000000,
    0.05571215685597789
  ],
  [
    1600646400000,
    0.05571215685597789
  ],
  [
    1600732800000,
    0.03236421221189275
  ],
  [
    1600819200000,
    3.2439700946106873
  ],
  [
    1600905600000,
    0.02764791387299973
  ],
  [
    1601078400000,
    0.010236531767926202
  ],
  [
    1601164800000,
    0.010236531767926202
  ],
  [
    1601251200000,
    0.010271192183663033
  ],
  [
    1601424000000,
    0.24627346905017256
  ],
  [
    1601510400000,
    0.24627346905017256
  ],
  [
    1601596800000,
    0.029401103881926155
  ],
  [
    1601683200000,
    0.02565525837284241
  ],
  [
    1601769600000,
    1.117734917068413
  ],
  [
    1601856000000,
    0.00811203179534557
  ],
  [
    1602201600000,
    0.006519004825806602
  ],
  [
    1602288000000,
    0.006519004825806602
  ],
  [
    1602460800000,
    0.0003046000488114779
  ],
  [
    1602547200000,
    0.0003046000488114779
  ],
  [
    1602633600000,
    0.00030294315472958376
  ],
  [
    1602892800000,
    0.4890744842665598
  ],
  [
    1602979200000,
    0.4890744842665598
  ],
  [
    1603065600000,
    0.02637971082489351
  ],
  [
    1603152000000,
    0.400002930042859
  ],
  [
    1603238400000,
    0.002330949392785968
  ],
  [
    1603324800000,
    0.002330949392785968
  ],
  [
    1603411200000,
    5.219962233881314
  ],
  [
    1603497600000,
    0.6182035756665698
  ],
  [
    1603584000000,
    0.44555455369629265
  ],
  [
    1603670400000,
    0.44555455369629265
  ],
  [
    1603756800000,
    0.04317066016097136
  ],
  [
    1604102400000,
    0.10035576169263252
  ],
  [
    1604188800000,
    0.10035576169263252
  ],
  [
    1604275200000,
    0.026746576368985447
  ],
  [
    1604361600000,
    0.026814067999821646
  ],
  [
    1604448000000,
    1.2989185524476627
  ],
  [
    1604534400000,
    1.2989185524476627
  ],
  [
    1604620800000,
    8.259546803712606
  ],
  [
    1604707200000,
    8.259546803712606
  ],
  [
    1604793600000,
    0.0012576471137477026
  ],
  [
    1605312000000,
    0.10142795403229309
  ],
  [
    1605398400000,
    0.10142795403229309
  ],
  [
    1605484800000,
    3.868569789707665
  ],
  [
    1605571200000,
    3.868569789707665
  ],
  [
    1605657600000,
    0.0015949164051404314
  ],
  [
    1605744000000,
    0.004053670160300699
  ],
  [
    1605830400000,
    0.15710257085258997
  ],
  [
    1605916800000,
    5.164643610954509
  ],
  [
    1606003200000,
    0.18900860643768919
  ],
  [
    1606089600000,
    0.08304075012349002
  ],
  [
    1606176000000,
    0.5056947529236555
  ],
  [
    1606262400000,
    0.0065601533169182885
  ],
  [
    1606348800000,
    1.5444081241787884
  ],
  [
    1606435200000,
    0.08296330771973752
  ],
  [
    1606521600000,
    0.6097944380054272
  ],
  [
    1606608000000,
    0.5879320532346803
  ],
  [
    1606694400000,
    0.19457049192100018
  ],
  [
    1606780800000,
    0.4973411449107434
  ],
  [
    1606867200000,
    0.4204597050581246
  ],
  [
    1606953600000,
    0.2413162538661205
  ],
  [
    1607040000000,
    0.16141213886565878
  ],
  [
    1607126400000,
    4.579106368098438
  ],
  [
    1607212800000,
    0.029554520928150318
  ],
  [
    1607299200000,
    0.0009640270658275496
  ],
  [
    1607385600000,
    0.0009640270658275496
  ],
  [
    1607472000000,
    3.435172185611949
  ],
  [
    1607558400000,
    3.435172185611949
  ],
  [
    1607644800000,
    1.5108865806925154
  ],
  [
    1607817600000,
    4.986549121366044
  ],
  [
    1607904000000,
    4.986549121366044
  ],
  [
    1607990400000,
    0.15467406407317386
  ],
  [
    1608163200000,
    0.002826057727524619
  ],
  [
    1608249600000,
    0.002826057727524619
  ],
  [
    1608336000000,
    0.46164993262147963
  ],
  [
    1608422400000,
    0.8192686769225829
  ],
  [
    1608508800000,
    0.8192686769225829
  ],
  [
    1608595200000,
    17.750817096882724
  ],
  [
    1608681600000,
    1.847084664476409
  ],
  [
    1608768000000,
    0.1298447621588473
  ],
  [
    1608854400000,
    7.122166110575023
  ],
  [
    1608940800000,
    14.489088459327904
  ],
  [
    1609027200000,
    1.4582318847872584
  ],
  [
    1609113600000,
    0.0010238211874370542
  ],
  [
    1609200000000,
    0.004064101402076397
  ],
  [
    1609286400000,
    0.0032802710811134193
  ],
  [
    1609545600000,
    69.68792686954816
  ],
  [
    1609632000000,
    69.68792686954816
  ],
  [
    1609718400000,
    21.19337666518006
  ],
  [
    1609804800000,
    3.2578799894113724
  ],
  [
    1609891200000,
    0.013216582267166245
  ],
  [
    1609977600000,
    0.011621361895454962
  ],
  [
    1610064000000,
    0.6943488531521926
  ],
  [
    1610150400000,
    0.9168598557348562
  ],
  [
    1610236800000,
    0.12328363127594806
  ],
  [
    1610323200000,
    0.4536685693540495
  ],
  [
    1610409600000,
    0.15794898240269348
  ],
  [
    1610496000000,
    0.1432817697284122
  ],
  [
    1610582400000,
    0.8863746310399302
  ],
  [
    1610668800000,
    0.3686437713194108
  ],
  [
    1610755200000,
    0.1472799057269073
  ],
  [
    1610841600000,
    0.004354263098446727
  ],
  [
    1610928000000,
    0.25396658565599056
  ],
  [
    1611014400000,
    37.28681812879343
  ],
  [
    1611100800000,
    0.4633536070347635
  ],
  [
    1611187200000,
    0.1792002363158546
  ],
  [
    1611273600000,
    0.0032572017126214266
  ],
  [
    1611360000000,
    0.004254533193673852
  ],
  [
    1611446400000,
    0.09096796337951046
  ],
  [
    1611532800000,
    0.029971262533209142
  ],
  [
    1611619200000,
    8.857957748764644
  ],
  [
    1611705600000,
    0.008811549526845801
  ],
  [
    1611792000000,
    0.05977354217328555
  ],
  [
    1611878400000,
    623.5179629837536
  ],
  [
    1611964800000,
    458.3652592242384
  ],
  [
    1612051200000,
    0.7984462252759615
  ],
  [
    1612137600000,
    0.7878789742548334
  ],
  [
    1612224000000,
    3.454926445808721
  ],
  [
    1612310400000,
    0.11650318328002941
  ],
  [
    1612396800000,
    18.10258498431562
  ],
  [
    1612483200000,
    13.915697010214632
  ],
  [
    1612569600000,
    12.3544993122131
  ],
  [
    1612656000000,
    1.1487931416155264
  ],
  [
    1612742400000,
    660.4900946128816
  ],
  [
    1612828800000,
    239.6509625244778
  ],
  [
    1612915200000,
    18.122848619173823
  ],
  [
    1613001600000,
    16.641580452788638
  ],
  [
    1613088000000,
    1.0288396186552977
  ],
  [
    1613174400000,
    0.13000550418815768
  ],
  [
    1613260800000,
    0.4389092513510363
  ],
  [
    1613347200000,
    0.22097103339040952
  ],
  [
    1613433600000,
    3.24720823778628
  ],
  [
    1613520000000,
    0.8199321369560839
  ],
  [
    1613606400000,
    0.6061980937531869
  ],
  [
    1613692800000,
    1.3126533340377793
  ],
  [
    1613779200000,
    0.5426560086920815
  ],
  [
    1613865600000,
    0.6931525349980138
  ],
  [
    1613952000000,
    253.90742348487498
  ],
  [
    1614038400000,
    695.7639117515552
  ],
  [
    1614124800000,
    0.23581094458191762
  ],
  [
    1614211200000,
    1.0103076733795757
  ],
  [
    1614297600000,
    20.01008798426779
  ],
  [
    1614384000000,
    0.559957964245097
  ],
  [
    1614470400000,
    0.2572539203185665
  ],
  [
    1614556800000,
    5.153894737597835
  ],
  [
    1614643200000,
    1.0090792495670897
  ],
  [
    1614729600000,
    0.0064891700476221986
  ],
  [
    1614816000000,
    0.0040528365619735395
  ],
  [
    1614902400000,
    5.216785003196539
  ],
  [
    1614988800000,
    31.42884878751396
  ],
  [
    1615075200000,
    3.7972583362704597
  ],
  [
    1615161600000,
    2.465151336249577
  ],
  [
    1615248000000,
    3.879858296298766
  ],
  [
    1615334400000,
    3.879858296298766
  ],
  [
    1615420800000,
    0.776033955521612
  ],
  [
    1615507200000,
    8.571824927443325
  ],
  [
    1615593600000,
    0.36789320334423853
  ],
  [
    1615680000000,
    0.07484795276706954
  ],
  [
    1615766400000,
    0.03733835159727399
  ],
  [
    1615852800000,
    0.0033504556131185156
  ],
  [
    1615939200000,
    0.05791279841171167
  ],
  [
    1616025600000,
    0.06319883034160109
  ],
  [
    1616112000000,
    0.05803345103449821
  ],
  [
    1616198400000,
    0.005358825593861564
  ],
  [
    1616284800000,
    0.014141816484323002
  ],
  [
    1616371200000,
    3.133003751708312
  ],
  [
    1616457600000,
    3.680008955804628
  ],
  [
    1616544000000,
    0.0046163393313400445
  ],
  [
    1616630400000,
    0.3248833881168781
  ],
  [
    1616889600000,
    0.0057908900029783345
  ],
  [
    1616976000000,
    0.0057908900029783345
  ],
  [
    1617062400000,
    2.815690046446461
  ],
  [
    1617148800000,
    4.678075154121469
  ],
  [
    1617235200000,
    3.277273821942097
  ],
  [
    1617321600000,
    97.99071807851705
  ],
  [
    1617408000000,
    0.3443310730690606
  ],
  [
    1617494400000,
    0.0013034360142754337
  ],
  [
    1617580800000,
    0.0020798382990289584
  ],
  [
    1617667200000,
    5.5226042355313645
  ],
  [
    1617753600000,
    12.123859188397049
  ],
  [
    1617840000000,
    0.3254703395806032
  ],
  [
    1617926400000,
    1.5496993270972488
  ],
  [
    1618012800000,
    0.8311472440166593
  ],
  [
    1618099200000,
    21.82092411344284
  ],
  [
    1618185600000,
    3.25381242947546
  ],
  [
    1618272000000,
    0.9589219071756002
  ],
  [
    1618358400000,
    957.9732196938867
  ],
  [
    1618444800000,
    225.3415406454709
  ],
  [
    1618531200000,
    469.5345281443267
  ],
  [
    1618617600000,
    13908.068244768147
  ],
  [
    1618704000000,
    38.87372933721567
  ],
  [
    1618790400000,
    1.4556678174646382
  ],
  [
    1618876800000,
    17.648997585076753
  ],
  [
    1618963200000,
    0.30427692072036483
  ],
  [
    1619049600000,
    0.05086541896030759
  ],
  [
    1619136000000,
    4.143872569158549
  ],
  [
    1619222400000,
    7.085763307352499
  ],
  [
    1619308800000,
    0.04002106063865996
  ],
  [
    1619395200000,
    6.857480917699662
  ],
  [
    1619481600000,
    6.857480917699662
  ],
  [
    1619568000000,
    1.3133995359430761
  ],
  [
    1619654400000,
    0.010095422815752654
  ],
  [
    1619740800000,
    16.65767061224911
  ],
  [
    1619827200000,
    1.1540918818871941
  ],
  [
    1619913600000,
    0.12280381904147225
  ],
  [
    1620000000000,
    1.7747139738960644
  ],
  [
    1620086400000,
    2.847208724736355
  ],
  [
    1620172800000,
    20.39389974271011
  ],
  [
    1620259200000,
    0.5112640646178092
  ],
  [
    1620345600000,
    1.03685285339356
  ],
  [
    1620432000000,
    0.13362387165038253
  ],
  [
    1620518400000,
    0.23851051789504396
  ],
  [
    1620604800000,
    0.1519607962066419
  ],
  [
    1620691200000,
    0.013309738824838378
  ],
  [
    1620777600000,
    0.600607144077107
  ],
  [
    1620864000000,
    1.6913161440859057
  ],
  [
    1620950400000,
    0.028382487702469383
  ],
  [
    1621036800000,
    0.03211978630408797
  ],
  [
    1621123200000,
    5.148723678006919
  ],
  [
    1621209600000,
    0.7579644487948277
  ],
  [
    1621296000000,
    0.7579644487948277
  ],
  [
    1621382400000,
    0.8359001475128708
  ],
  [
    1621468800000,
    0.8359001475128708
  ],
  [
    1621555200000,
    0.126646887742658
  ],
  [
    1621641600000,
    0.012490512650588611
  ],
  [
    1621728000000,
    0.6870702889425816
  ],
  [
    1621814400000,
    0.5413292522900611
  ],
  [
    1621900800000,
    0.014104289049767321
  ],
  [
    1621987200000,
    0.23080557264455778
  ],
  [
    1622073600000,
    4.145780121143832
  ],
  [
    1622160000000,
    0.8591191682765695
  ],
  [
    1622246400000,
    0.002377688204827666
  ],
  [
    1622332800000,
    0.006376950118035139
  ],
  [
    1622419200000,
    0.002853213491043821
  ],
  [
    1622505600000,
    0.27160761898215885
  ],
  [
    1622592000000,
    15.66003978938431
  ],
  [
    1622678400000,
    1.3097418244350543
  ],
  [
    1622764800000,
    0.026043931265133737
  ],
  [
    1622851200000,
    13.018632629806428
  ],
  [
    1622937600000,
    3.7284349821331446
  ],
  [
    1623024000000,
    0.013725979619268773
  ],
  [
    1623110400000,
    0.01386914125208643
  ],
  [
    1623196800000,
    47.133532376751006
  ],
  [
    1623283200000,
    47.133532376751006
  ],
  [
    1623369600000,
    1.7223015619291655
  ],
  [
    1623456000000,
    0.27116462147956377
  ],
  [
    1623628800000,
    0.005084175962152792
  ],
  [
    1623715200000,
    0.005084175962152792
  ],
  [
    1623888000000,
    0.001585296144680649
  ],
  [
    1623974400000,
    0.001585296144680649
  ],
  [
    1624060800000,
    0.0763694963048213
  ],
  [
    1624147200000,
    0.07735794959665533
  ],
  [
    1624233600000,
    9.841694145700796
  ],
  [
    1624320000000,
    12.95067672612655
  ],
  [
    1624406400000,
    2.7328867543336925
  ],
  [
    1624492800000,
    0.01071822632153665
  ],
  [
    1624579200000,
    0.010444848810051963
  ],
  [
    1624665600000,
    0.003070573396761424
  ],
  [
    1624752000000,
    0.002936361747618152
  ],
  [
    1625097600000,
    0.001462855022031972
  ],
  [
    1625184000000,
    0.001462855022031972
  ],
  [
    1625270400000,
    0.23786002011737567
  ],
  [
    1625356800000,
    2.8695562800599794
  ],
  [
    1625443200000,
    0.5448547015496157
  ],
  [
    1625529600000,
    0.06532882661229657
  ],
  [
    1625616000000,
    0.46763174112430744
  ],
  [
    1625702400000,
    0.46763174112430744
  ],
  [
    1625788800000,
    0.4573244779114133
  ],
  [
    1626048000000,
    0.008157055754176752
  ],
  [
    1626134400000,
    0.008157055754176752
  ],
  [
    1626393600000,
    68.81418405393389
  ],
  [
    1626480000000,
    68.81418405393389
  ],
  [
    1626566400000,
    67.8478899752002
  ],
  [
    1626652800000,
    0.2650248908299475
  ],
  [
    1626739200000,
    1.0576885018129494
  ],
  [
    1626825600000,
    1.4419449529286046
  ],
  [
    1626912000000,
    0.05444324920800196
  ],
  [
    1627084800000,
    123.6005522243083
  ],
  [
    1627171200000,
    123.6005522243083
  ],
  [
    1627257600000,
    0.006836110005943075
  ],
  [
    1627344000000,
    0.0023607304280800884
  ],
  [
    1627430400000,
    0.0023607304280800884
  ],
  [
    1627516800000,
    0.4015379274040791
  ],
  [
    1627603200000,
    0.4015379274040791
  ],
  [
    1627689600000,
    0.4047689321254117
  ],
  [
    1627862400000,
    0.06171809392619299
  ],
  [
    1627948800000,
    0.06171809392619299
  ],
  [
    1628035200000,
    0.06190802140665185
  ],
  [
    1628121600000,
    0.054030933664099834
  ],
  [
    1628208000000,
    6.721628995002293
  ],
  [
    1628294400000,
    0.889837272438467
  ],
  [
    1628380800000,
    21.14492874191513
  ],
  [
    1628467200000,
    0.37282119053042095
  ],
  [
    1628553600000,
    0.043023562666853046
  ],
  [
    1628640000000,
    0.005728642188332543
  ],
  [
    1628726400000,
    0.005728642188332543
  ],
  [
    1628812800000,
    0.057592144193949445
  ],
  [
    1628899200000,
    0.5453884246691587
  ],
  [
    1628985600000,
    31.58601595788171
  ],
  [
    1629072000000,
    0.03370609887249502
  ],
  [
    1629158400000,
    0.033944798385618896
  ],
  [
    1629244800000,
    0.0017356940878276576
  ],
  [
    1629417600000,
    0.2393330089625915
  ],
  [
    1629504000000,
    0.2393330089625915
  ],
  [
    1629590400000,
    0.3965027279984873
  ],
  [
    1629676800000,
    0.05919324425315499
  ],
  [
    1629763200000,
    0.12331018793201454
  ],
  [
    1629849600000,
    0.15126974028352277
  ],
  [
    1629936000000,
    0.04484612985156848
  ],
  [
    1630022400000,
    0.04484612985156848
  ],
  [
    1630108800000,
    0.034526556522329103
  ],
  [
    1630195200000,
    0.03452990713802214
  ],
  [
    1630281600000,
    0.0037845662062045396
  ],
  [
    1630368000000,
    0.0014752504175223982
  ],
  [
    1630454400000,
    0.006921073215225145
  ],
  [
    1630540800000,
    0.45203641011560375
  ],
  [
    1630627200000,
    0.003886185474199886
  ]
]