[
  [
    1529452800000,
    28718849.40014315
  ],
  [
    1529539200000,
    18873762.550100524
  ],
  [
    1529625600000,
    18440763.245111596
  ],
  [
    1529712000000,
    16074524.558372857
  ],
  [
    1529798400000,
    16494592.951952681
  ],
  [
    1529884800000,
    18298965.609158058
  ],
  [
    1529971200000,
    17915040.34404031
  ],
  [
    1530057600000,
    15116618.309128981
  ],
  [
    1530144000000,
    15807151.954655187
  ],
  [
    1530230400000,
    15057275.611732593
  ],
  [
    1530316800000,
    14644720.778191248
  ],
  [
    1530403200000,
    15095314.09979671
  ],
  [
    1530489600000,
    14183683.440677598
  ],
  [
    1530576000000,
    14332333.457447547
  ],
  [
    1530662400000,
    14310770.268956445
  ],
  [
    1530748800000,
    15219498.062384885
  ],
  [
    1530835200000,
    19273487.594079338
  ],
  [
    1530921600000,
    15203149.15009778
  ],
  [
    1531008000000,
    15509530.94196995
  ],
  [
    1531094400000,
    16548637.614834955
  ],
  [
    1531180800000,
    16714117.53164804
  ],
  [
    1531267200000,
    13128728.821009481
  ],
  [
    1531353600000,
    11441720.532450099
  ],
  [
    1531440000000,
    10946925.647983149
  ],
  [
    1531526400000,
    10678744.554600276
  ],
  [
    1531612800000,
    10292960.977931255
  ],
  [
    1531699200000,
    10722062.022542024
  ],
  [
    1531785600000,
    12043837.226939896
  ],
  [
    1531872000000,
    12274437.280185921
  ],
  [
    1531958400000,
    11667645.0604769
  ],
  [
    1532044800000,
    12322849.701325085
  ],
  [
    1532131200000,
    11302521.82841776
  ],
  [
    1532217600000,
    11743647.973769354
  ],
  [
    1532304000000,
    11727873.97551043
  ],
  [
    1532390400000,
    12373925.031837111
  ],
  [
    1532476800000,
    15790256.103353752
  ],
  [
    1532563200000,
    12966819.942655798
  ],
  [
    1532649600000,
    19948918.448942512
  ],
  [
    1532736000000,
    20159299.04984012
  ],
  [
    1532822400000,
    17703230.493260864
  ],
  [
    1532908800000,
    24884399.397508647
  ],
  [
    1532995200000,
    16691849.187630884
  ],
  [
    1533081600000,
    16785822.581418153
  ],
  [
    1533168000000,
    13165974.64384002
  ],
  [
    1533254400000,
    12603822.86001409
  ],
  [
    1533340800000,
    11213469.07029891
  ],
  [
    1533427200000,
    10522088.215871314
  ],
  [
    1533513600000,
    12996285.520972641
  ],
  [
    1533600000000,
    10215596.497780232
  ],
  [
    1533686400000,
    9243704.070112323
  ],
  [
    1533772800000,
    8001170.3783192495
  ],
  [
    1533859200000,
    7712710.414662487
  ],
  [
    1533945600000,
    6122580.937835275
  ],
  [
    1534032000000,
    5640885.893067109
  ],
  [
    1534118400000,
    5506708.897944822
  ],
  [
    1534204800000,
    5213572.830278691
  ],
  [
    1534291200000,
    4555826.562107665
  ],
  [
    1534377600000,
    4423516.811536385
  ],
  [
    1534464000000,
    4781237.283498274
  ],
  [
    1534550400000,
    5310008.028123719
  ],
  [
    1534636800000,
    5057315.367287917
  ],
  [
    1534723200000,
    5216990.5013485355
  ],
  [
    1534809600000,
    4476526.238058555
  ],
  [
    1534896000000,
    5250633.568606901
  ],
  [
    1534982400000,
    4803081.45674716
  ],
  [
    1535068800000,
    4943853.14462443
  ],
  [
    1535155200000,
    6227963.869362445
  ],
  [
    1535241600000,
    5329450.963441804
  ],
  [
    1535328000000,
    5170833.968697844
  ],
  [
    1535414400000,
    5794518.650864234
  ],
  [
    1535500800000,
    7483877.399534325
  ],
  [
    1535587200000,
    6909930.934119459
  ],
  [
    1535673600000,
    7263084.341731269
  ],
  [
    1535760000000,
    8056135.385022248
  ],
  [
    1535846400000,
    8646146.83848048
  ],
  [
    1535932800000,
    9163782.756407171
  ],
  [
    1536019200000,
    8544033.457407212
  ],
  [
    1536105600000,
    8797111.846154746
  ],
  [
    1536192000000,
    6986460.285494081
  ],
  [
    1536278400000,
    6268775.446086107
  ],
  [
    1536364800000,
    6673557.177493286
  ],
  [
    1536451200000,
    5954870.76822805
  ],
  [
    1536537600000,
    5929693.711700757
  ],
  [
    1536624000000,
    5994804.152231617
  ],
  [
    1536710400000,
    5906472.695676111
  ],
  [
    1536796800000,
    5732721.616977365
  ],
  [
    1536883200000,
    6427290.690338768
  ],
  [
    1536969600000,
    6611169.841250074
  ],
  [
    1537056000000,
    6695424.518175157
  ],
  [
    1537142400000,
    6536455.9081340525
  ],
  [
    1537228800000,
    5799394.062318929
  ],
  [
    1537315200000,
    5806255.320176107
  ],
  [
    1537401600000,
    5822169.99947124
  ],
  [
    1537488000000,
    6297416.930969039
  ],
  [
    1537574400000,
    6954149.72816877
  ],
  [
    1537660800000,
    6838810.819230186
  ],
  [
    1537747200000,
    5861281.795932467
  ],
  [
    1537833600000,
    5887955.601802861
  ],
  [
    1537920000000,
    5905278.819421992
  ],
  [
    1538006400000,
    6560399.237173404
  ],
  [
    1538092800000,
    6483102.216365599
  ],
  [
    1538179200000,
    6672854.206611854
  ],
  [
    1538265600000,
    6551074.030611246
  ],
  [
    1538352000000,
    6077604.849769013
  ],
  [
    1538438400000,
    5854881.051706564
  ],
  [
    1538524800000,
    6308653.355252753
  ],
  [
    1538611200000,
    5715349.678574185
  ],
  [
    1538697600000,
    5914173.319672209
  ],
  [
    1538784000000,
    5943758.279220362
  ],
  [
    1538870400000,
    5787219.666928877
  ],
  [
    1538956800000,
    5795308.7512384625
  ],
  [
    1539043200000,
    5775850.192894498
  ],
  [
    1539129600000,
    5609395.753606304
  ],
  [
    1539216000000,
    5393538.026925685
  ],
  [
    1539302400000,
    4973665.458155299
  ],
  [
    1539388800000,
    4974261.581164222
  ],
  [
    1539475200000,
    4973323.464114099
  ],
  [
    1539561600000,
    4696512.80276165
  ],
  [
    1539648000000,
    4642012.882665574
  ],
  [
    1539734400000,
    4621860.104995467
  ],
  [
    1539820800000,
    4381935.560281082
  ],
  [
    1539907200000,
    4268713.740212088
  ],
  [
    1539993600000,
    4130390.087179948
  ],
  [
    1540080000000,
    4346700.475524539
  ],
  [
    1540166400000,
    4259389.288535138
  ],
  [
    1540252800000,
    4335057.230518065
  ],
  [
    1540339200000,
    4326629.062408605
  ],
  [
    1540425600000,
    4400391.096207908
  ],
  [
    1540512000000,
    4415917.020789942
  ],
  [
    1540598400000,
    4363455.969277867
  ],
  [
    1540684800000,
    4484627.419043525
  ],
  [
    1540771200000,
    4622376.810438281
  ],
  [
    1540857600000,
    4687934.989412017
  ],
  [
    1540944000000,
    4324793.256818007
  ],
  [
    1541030400000,
    4470397.667769379
  ],
  [
    1541116800000,
    4283012.720256749
  ],
  [
    1541203200000,
    4168887.4587494344
  ],
  [
    1541289600000,
    4100104.6629968295
  ],
  [
    1541376000000,
    4184977.0666921115
  ],
  [
    1541462400000,
    4060248.428814602
  ],
  [
    1541548800000,
    3693391.02980222
  ],
  [
    1541635200000,
    3975443.965630694
  ],
  [
    1541721600000,
    3198130.116139463
  ],
  [
    1541808000000,
    3169030.3840198973
  ],
  [
    1541894400000,
    3092044.501989385
  ],
  [
    1541980800000,
    3071773.6872649845
  ],
  [
    1542067200000,
    3006395.0431938083
  ],
  [
    1542153600000,
    2393633.192911408
  ],
  [
    1542240000000,
    2115588.748296022
  ],
  [
    1542326400000,
    2232863.7531953966
  ],
  [
    1542412800000,
    2256765.1167032174
  ],
  [
    1542499200000,
    2369510.837554845
  ],
  [
    1542585600000,
    2243228.387897432
  ],
  [
    1542672000000,
    1819995.2077703257
  ],
  [
    1542758400000,
    1688402.7530355565
  ],
  [
    1542844800000,
    1685684.6523931436
  ],
  [
    1542931200000,
    1613022.544886057
  ],
  [
    1543017600000,
    1801387.1741349443
  ],
  [
    1543104000000,
    1624109.5092669406
  ],
  [
    1543190400000,
    1732369.3130961002
  ],
  [
    1543276800000,
    1592389.9872770621
  ],
  [
    1543363200000,
    1611838.7435979925
  ],
  [
    1543449600000,
    1812240.7286973014
  ],
  [
    1543536000000,
    1943091.6034957974
  ],
  [
    1543622400000,
    1794557.4804765738
  ],
  [
    1543708800000,
    1662690.835554553
  ],
  [
    1543795200000,
    1278889.4534127095
  ],
  [
    1543881600000,
    1200524.1354117596
  ],
  [
    1543968000000,
    1220251.3678354414
  ],
  [
    1544054400000,
    1358624.6416073772
  ],
  [
    1544140800000,
    1259583.8151228742
  ],
  [
    1544227200000,
    1207684.5196376285
  ],
  [
    1544313600000,
    1206142.769846957
  ],
  [
    1544400000000,
    1234877.5032633464
  ],
  [
    1544486400000,
    1160229.1452398878
  ],
  [
    1544572800000,
    1035399.7294840392
  ],
  [
    1544659200000,
    1041630.2391253047
  ],
  [
    1544745600000,
    1001082.218879858
  ],
  [
    1544832000000,
    988807.2917497178
  ],
  [
    1544918400000,
    1032129.5690524635
  ],
  [
    1545004800000,
    1034659.2501029504
  ],
  [
    1545091200000,
    1093573.9502894534
  ],
  [
    1545177600000,
    1181168.8929729008
  ],
  [
    1545264000000,
    1136189.452073825
  ],
  [
    1545350400000,
    1443396.2452932326
  ],
  [
    1545436800000,
    1217244.8200099966
  ],
  [
    1545523200000,
    1412186.8943705289
  ],
  [
    1545609600000,
    1529096.2548926577
  ],
  [
    1545696000000,
    1566034.7436531454
  ],
  [
    1545782400000,
    1475947.4717867863
  ],
  [
    1545868800000,
    1416497.7880704491
  ],
  [
    1545955200000,
    1186991.1256890835
  ],
  [
    1546041600000,
    1367971.1632526603
  ],
  [
    1546128000000,
    1497246.0328452603
  ],
  [
    1546214400000,
    1310804.7800596454
  ],
  [
    1546300800000,
    1322743.9293690296
  ],
  [
    1546387200000,
    1386486.3838522118
  ],
  [
    1546473600000,
    1554909.4559839354
  ],
  [
    1546560000000,
    1522013.1739767592
  ],
  [
    1546646400000,
    1519994.551387148
  ],
  [
    1546732800000,
    1568778.429400218
  ],
  [
    1546819200000,
    1574996.331152382
  ],
  [
    1546905600000,
    1438498.1000549512
  ],
  [
    1546992000000,
    1184237.5815706817
  ],
  [
    1547078400000,
    1271014.836742257
  ],
  [
    1547164800000,
    1214993.7676620674
  ],
  [
    1547251200000,
    888440.9453878236
  ],
  [
    1547337600000,
    1121781.159528598
  ],
  [
    1547424000000,
    1202678.7548249816
  ],
  [
    1547510400000,
    1166975.99261247
  ],
  [
    1547596800000,
    1087269.67424474
  ],
  [
    1547683200000,
    872018.9324244468
  ],
  [
    1547769600000,
    839437.5642378421
  ],
  [
    1547856000000,
    913106.9243155873
  ],
  [
    1547942400000,
    935939.1913294895
  ],
  [
    1548028800000,
    892920.9900561091
  ],
  [
    1548115200000,
    889740.1822153917
  ],
  [
    1548201600000,
    777400.0481756879
  ],
  [
    1548288000000,
    782559.9705929781
  ],
  [
    1548374400000,
    1012558.8442007658
  ],
  [
    1548460800000,
    891704.866827679
  ],
  [
    1548547200000,
    1005118.952568279
  ],
  [
    1548633600000,
    963178.6813925207
  ],
  [
    1548720000000,
    931812.6491026891
  ],
  [
    1548806400000,
    952886.3404959809
  ],
  [
    1548892800000,
    952099.8006479173
  ],
  [
    1548979200000,
    1361903.5525486206
  ],
  [
    1549065600000,
    901515.6717634774
  ],
  [
    1549152000000,
    886224.5658405847
  ],
  [
    1549238400000,
    865007.8043593089
  ],
  [
    1549324800000,
    896653.0601986061
  ],
  [
    1549411200000,
    900334.1337248558
  ],
  [
    1549497600000,
    766000.9797010409
  ],
  [
    1549584000000,
    731650.1261118776
  ],
  [
    1549670400000,
    832406.938929999
  ],
  [
    1549756800000,
    991297.346351916
  ],
  [
    1549843200000,
    982132.0167160943
  ],
  [
    1549929600000,
    967118.4529315361
  ],
  [
    1550016000000,
    929445.3632498696
  ],
  [
    1550102400000,
    927666.8164452338
  ],
  [
    1550188800000,
    912419.3581617305
  ],
  [
    1550275200000,
    937408.986946351
  ],
  [
    1550361600000,
    962338.143849805
  ],
  [
    1550448000000,
    1001896.7253388679
  ],
  [
    1550534400000,
    1025722.0914220988
  ],
  [
    1550620800000,
    937985.7745515275
  ],
  [
    1550707200000,
    942512.9967917227
  ],
  [
    1550793600000,
    927671.6864764681
  ],
  [
    1550880000000,
    883352.4901666197
  ],
  [
    1550966400000,
    933091.6817581106
  ],
  [
    1551052800000,
    749747.4536695107
  ],
  [
    1551139200000,
    787500.0485746785
  ],
  [
    1551225600000,
    768912.8325390526
  ],
  [
    1551312000000,
    767348.5329121335
  ],
  [
    1551398400000,
    767579.4767300908
  ],
  [
    1551484800000,
    796918.7449128627
  ],
  [
    1551571200000,
    843038.4972332738
  ],
  [
    1551657600000,
    828055.61723462
  ],
  [
    1551744000000,
    796991.664494528
  ],
  [
    1551830400000,
    752073.3290069938
  ],
  [
    1551916800000,
    793901.5996639942
  ],
  [
    1552003200000,
    744690.7795814801
  ],
  [
    1552089600000,
    664643.5325265687
  ],
  [
    1552176000000,
    706604.6425599157
  ],
  [
    1552262400000,
    727766.4692220697
  ],
  [
    1552348800000,
    802110.149153385
  ],
  [
    1552435200000,
    1004969.4543165829
  ],
  [
    1552521600000,
    964819.4553714404
  ],
  [
    1552608000000,
    866064.0985117317
  ],
  [
    1552694400000,
    890700.0274569412
  ],
  [
    1552780800000,
    766882.0652368709
  ],
  [
    1552867200000,
    846583.3903657816
  ],
  [
    1552953600000,
    865259.9642767593
  ],
  [
    1553040000000,
    908634.2448121058
  ],
  [
    1553126400000,
    941922.2424661531
  ],
  [
    1553212800000,
    766245.0943407966
  ],
  [
    1553299200000,
    815610.7278346411
  ],
  [
    1553385600000,
    849306.9288911119
  ],
  [
    1553472000000,
    986746.4416363585
  ],
  [
    1553558400000,
    967512.1145500824
  ],
  [
    1553644800000,
    975375.1038782377
  ],
  [
    1553731200000,
    1064972.6428097587
  ],
  [
    1553817600000,
    1041372.5043574435
  ],
  [
    1553904000000,
    1293808.57855098
  ],
  [
    1553990400000,
    1267970.6203245563
  ],
  [
    1554076800000,
    1266098.654481059
  ],
  [
    1554163200000,
    1207577.7270859338
  ],
  [
    1554249600000,
    1399381.54088537
  ],
  [
    1554336000000,
    1565339.1540933694
  ],
  [
    1554422400000,
    1468571.5107819776
  ],
  [
    1554508800000,
    1544171.693090596
  ],
  [
    1554595200000,
    1717179.5894883308
  ],
  [
    1554681600000,
    1839904.2635002835
  ],
  [
    1554768000000,
    1776631.1757631234
  ],
  [
    1554854400000,
    1602898.9162372362
  ],
  [
    1554940800000,
    1654435.4820508047
  ],
  [
    1555027200000,
    1226881.528562497
  ],
  [
    1555113600000,
    1373650.4020093463
  ],
  [
    1555200000000,
    1404342.4998897996
  ],
  [
    1555286400000,
    1310205.0147686435
  ],
  [
    1555372800000,
    1259994.6345803714
  ],
  [
    1555459200000,
    1271565.7443189875
  ],
  [
    1555545600000,
    1160673.7336604767
  ],
  [
    1555632000000,
    1205758.364498245
  ],
  [
    1555718400000,
    1009427.6367307263
  ],
  [
    1555804800000,
    1074843.8198524388
  ],
  [
    1555891200000,
    1019536.2661672693
  ],
  [
    1555977600000,
    1093202.6504206527
  ],
  [
    1556064000000,
    1033978.8753534735
  ],
  [
    1556150400000,
    1048194.3029078386
  ],
  [
    1556236800000,
    978334.9548310085
  ],
  [
    1556323200000,
    1015747.5591606424
  ],
  [
    1556409600000,
    1021202.0595219752
  ],
  [
    1556496000000,
    1020652.8061212294
  ],
  [
    1556582400000,
    961165.4298785072
  ],
  [
    1556668800000,
    981024.8023979649
  ],
  [
    1556755200000,
    1012367.6576838125
  ],
  [
    1556841600000,
    1006893.9631568381
  ],
  [
    1556928000000,
    1051361.1875131903
  ],
  [
    1557014400000,
    1038338.8085078491
  ],
  [
    1557100800000,
    1065400.829274058
  ],
  [
    1557187200000,
    1074258.2831898965
  ],
  [
    1557273600000,
    1146391.5106595224
  ],
  [
    1557360000000,
    1137112.6892272814
  ],
  [
    1557446400000,
    1178326.0073780613
  ],
  [
    1557532800000,
    1166313.7425060207
  ],
  [
    1557619200000,
    1370281.462882348
  ],
  [
    1557705600000,
    1262603.8533985596
  ],
  [
    1557792000000,
    1150787.0160576678
  ],
  [
    1557878400000,
    1209814.3023569793
  ],
  [
    1557964800000,
    1366398.6149798864
  ],
  [
    1558051200000,
    1238059.0094972341
  ],
  [
    1558137600000,
    1162871.9301623292
  ],
  [
    1558224000000,
    1090565.946048159
  ],
  [
    1558310400000,
    1177893.9797296484
  ],
  [
    1558396800000,
    1233467.780726261
  ],
  [
    1558483200000,
    1229765.466369288
  ],
  [
    1558569600000,
    1139391.7145731808
  ],
  [
    1558656000000,
    1189129.864238216
  ],
  [
    1558742400000,
    1152570.3141305356
  ],
  [
    1558828800000,
    1151403.70950814
  ],
  [
    1558915200000,
    1211490.7990552946
  ],
  [
    1559001600000,
    1241901.2011939017
  ],
  [
    1559088000000,
    1205223.674345311
  ],
  [
    1559174400000,
    1214696.3514960723
  ],
  [
    1559260800000,
    1294268.7867767797
  ],
  [
    1559347200000,
    1605732.6052822701
  ],
  [
    1559433600000,
    1875808.4780059345
  ],
  [
    1559520000000,
    1983720.5810114453
  ],
  [
    1559606400000,
    1717347.7260711368
  ],
  [
    1559692800000,
    1604045.1981445942
  ],
  [
    1559779200000,
    1687040.3394713907
  ],
  [
    1559865600000,
    1773774.9130605003
  ],
  [
    1559952000000,
    2033839.4515029232
  ],
  [
    1560038400000,
    2293345.6559636574
  ],
  [
    1560124800000,
    2025065.102921861
  ],
  [
    1560211200000,
    2226957.203963858
  ],
  [
    1560297600000,
    2167873.3039241247
  ],
  [
    1560384000000,
    2434021.2361574387
  ],
  [
    1560470400000,
    2386034.4902387843
  ],
  [
    1560556800000,
    2578717.173530398
  ],
  [
    1560643200000,
    3416018.023583481
  ],
  [
    1560729600000,
    2879634.809651184
  ],
  [
    1560816000000,
    2988867.584368317
  ],
  [
    1560902400000,
    2956869.461638037
  ],
  [
    1560988800000,
    3089751.610713182
  ],
  [
    1561075200000,
    2915559.4061031737
  ],
  [
    1561161600000,
    2995052.239268657
  ],
  [
    1561248000000,
    2792633.6780240107
  ],
  [
    1561334400000,
    2932957.2863714476
  ],
  [
    1561420800000,
    2666895.5493318345
  ],
  [
    1561507200000,
    2547135.4828067557
  ],
  [
    1561593600000,
    2392790.9657964665
  ],
  [
    1561680000000,
    2205915.9916773043
  ],
  [
    1561766400000,
    3074600.127931977
  ],
  [
    1561852800000,
    3469813.968346192
  ],
  [
    1561939200000,
    3192291.8424460883
  ],
  [
    1562025600000,
    3102856.0760504976
  ],
  [
    1562112000000,
    3132522.843650979
  ],
  [
    1562198400000,
    3051934.8179201735
  ],
  [
    1562284800000,
    3108497.385262338
  ],
  [
    1562371200000,
    2909241.9877009676
  ],
  [
    1562457600000,
    2914480.868854652
  ],
  [
    1562544000000,
    3069780.461439147
  ],
  [
    1562630400000,
    3146455.756173849
  ],
  [
    1562716800000,
    3021050.5499404063
  ],
  [
    1562803200000,
    2664987.416187454
  ],
  [
    1562889600000,
    2235471.114342635
  ],
  [
    1562976000000,
    2596978.5720154466
  ],
  [
    1563062400000,
    2520962.1693153353
  ],
  [
    1563148800000,
    2258373.39553364
  ],
  [
    1563235200000,
    2269374.432122058
  ],
  [
    1563321600000,
    1951090.2420061794
  ],
  [
    1563408000000,
    3403805.1745288563
  ],
  [
    1563494400000,
    3444384.3902572477
  ],
  [
    1563580800000,
    3432745.4576774896
  ],
  [
    1563667200000,
    3118176.7110378505
  ],
  [
    1563753600000,
    3482492.1514657703
  ],
  [
    1563840000000,
    3203174.049991755
  ],
  [
    1563926400000,
    3067865.6890603467
  ],
  [
    1564012800000,
    3373787.676498746
  ],
  [
    1564099200000,
    3741231.880163872
  ],
  [
    1564185600000,
    4214087.360019172
  ],
  [
    1564272000000,
    4016140.7597281127
  ],
  [
    1564358400000,
    4071000.230815191
  ],
  [
    1564444800000,
    4316023.838879309
  ],
  [
    1564531200000,
    4399238.19249187
  ],
  [
    1564617600000,
    4638650.782221466
  ],
  [
    1564704000000,
    4513336.423127676
  ],
  [
    1564790400000,
    4713109.514463814
  ],
  [
    1564876800000,
    4499618.201872323
  ],
  [
    1564963200000,
    4286700.453865702
  ],
  [
    1565049600000,
    3959929.691255074
  ],
  [
    1565136000000,
    4074793.8501191004
  ],
  [
    1565222400000,
    4005521.6576039917
  ],
  [
    1565308800000,
    4112875.781046162
  ],
  [
    1565395200000,
    3471709.4168407144
  ],
  [
    1565481600000,
    3356711.795491733
  ],
  [
    1565568000000,
    3529759.6989881364
  ],
  [
    1565654400000,
    3437092.6654463536
  ],
  [
    1565740800000,
    3334374.1056805286
  ],
  [
    1565827200000,
    3541772.125880255
  ],
  [
    1565913600000,
    3976759.177404413
  ],
  [
    1566000000000,
    3904700.9134320794
  ],
  [
    1566086400000,
    4085510.7834548783
  ],
  [
    1566172800000,
    4312513.523838192
  ],
  [
    1566259200000,
    4818009.990656162
  ],
  [
    1566345600000,
    4813351.791039352
  ],
  [
    1566432000000,
    4531299.776491923
  ],
  [
    1566518400000,
    4947756.94767061
  ],
  [
    1566604800000,
    5445107.526192697
  ],
  [
    1566691200000,
    5397367.737267738
  ],
  [
    1566777600000,
    4708874.076638594
  ],
  [
    1566864000000,
    5785903.082109299
  ],
  [
    1566950400000,
    7691490.357741383
  ],
  [
    1567036800000,
    7809125.442985806
  ],
  [
    1567123200000,
    7072736.703208892
  ],
  [
    1567209600000,
    8096722.946556795
  ],
  [
    1567296000000,
    7883823.005936079
  ],
  [
    1567382400000,
    7463674.279033475
  ],
  [
    1567468800000,
    8052489.112524894
  ],
  [
    1567555200000,
    8099218.59063038
  ],
  [
    1567641600000,
    9380646.44719171
  ],
  [
    1567728000000,
    11092888.911919495
  ],
  [
    1567814400000,
    10353478.76149249
  ],
  [
    1567900800000,
    13187331.716984214
  ],
  [
    1567987200000,
    14272446.905403621
  ],
  [
    1568073600000,
    11499904.205551837
  ],
  [
    1568160000000,
    13121367.056341292
  ],
  [
    1568246400000,
    12692362.461949853
  ],
  [
    1568332800000,
    11251264.98814906
  ],
  [
    1568419200000,
    12229354.005163275
  ],
  [
    1568505600000,
    12374677.126729034
  ],
  [
    1568592000000,
    14790683.036945332
  ],
  [
    1568678400000,
    14815812.98223548
  ],
  [
    1568764800000,
    13645798.64124517
  ],
  [
    1568851200000,
    13503780.809164092
  ],
  [
    1568937600000,
    12870109.71521838
  ],
  [
    1569024000000,
    14476976.328188904
  ],
  [
    1569110400000,
    15929671.609006446
  ],
  [
    1569196800000,
    13137827.4349894
  ],
  [
    1569283200000,
    12790277.61177839
  ],
  [
    1569369600000,
    10801711.235539932
  ],
  [
    1569456000000,
    12847721.73788364
  ],
  [
    1569542400000,
    11968264.148933075
  ],
  [
    1569628800000,
    11193690.985200863
  ],
  [
    1569715200000,
    11221099.624636253
  ],
  [
    1569801600000,
    10326501.813565038
  ],
  [
    1569888000000,
    10733774.823556563
  ],
  [
    1569974400000,
    9123194.661436709
  ],
  [
    1570060800000,
    9131197.616750346
  ],
  [
    1570147200000,
    8567740.972128091
  ],
  [
    1570233600000,
    8580818.026430756
  ],
  [
    1570320000000,
    8170809.608503512
  ],
  [
    1570406400000,
    7477511.7858244525
  ],
  [
    1570492800000,
    9589964.885173019
  ],
  [
    1570579200000,
    10355580.390352674
  ],
  [
    1570665600000,
    10355128.563267818
  ],
  [
    1570752000000,
    11620644.402101902
  ],
  [
    1570838400000,
    11310314.937768558
  ],
  [
    1570924800000,
    11110713.264632765
  ],
  [
    1571011200000,
    11395393.249771494
  ],
  [
    1571097600000,
    11545113.17782069
  ],
  [
    1571184000000,
    11438885.132284254
  ],
  [
    1571270400000,
    12986533.444404935
  ],
  [
    1571356800000,
    11874792.732389148
  ],
  [
    1571443200000,
    11346760.479110476
  ],
  [
    1571529600000,
    11069446.158716856
  ],
  [
    1571616000000,
    10228631.274062458
  ],
  [
    1571702400000,
    10900955.325614449
  ],
  [
    1571788800000,
    10976094.906786054
  ],
  [
    1571875200000,
    10252370.767410183
  ],
  [
    1571961600000,
    10153329.919026555
  ],
  [
    1572048000000,
    11647513.067827748
  ],
  [
    1572134400000,
    13465205.80692057
  ],
  [
    1572220800000,
    14932206.92043982
  ],
  [
    1572307200000,
    17108029.966948844
  ],
  [
    1572393600000,
    19518669.324329562
  ],
  [
    1572480000000,
    20810234.27513097
  ],
  [
    1572566400000,
    20808053.58015067
  ],
  [
    1572652800000,
    20464948.924764328
  ],
  [
    1572739200000,
    20658926.62435444
  ],
  [
    1572825600000,
    19975195.59329677
  ],
  [
    1572912000000,
    24498616.798505977
  ],
  [
    1572998400000,
    25583175.35048324
  ],
  [
    1573084800000,
    26574836.6086152
  ],
  [
    1573171200000,
    26551190.42715367
  ],
  [
    1573257600000,
    24108936.362288926
  ],
  [
    1573344000000,
    24030506.344849825
  ],
  [
    1573430400000,
    22705216.968641825
  ],
  [
    1573516800000,
    21415239.550895356
  ],
  [
    1573603200000,
    22091045.787247963
  ],
  [
    1573689600000,
    20080017.664867844
  ],
  [
    1573776000000,
    20778251.828905135
  ],
  [
    1573862400000,
    20853391.718364295
  ],
  [
    1573948800000,
    19573434.29098461
  ],
  [
    1574035200000,
    20264894.526687697
  ],
  [
    1574121600000,
    20748049.2638057
  ],
  [
    1574208000000,
    18990756.80261125
  ],
  [
    1574294400000,
    17887646.220565896
  ],
  [
    1574380800000,
    16407559.779736457
  ],
  [
    1574467200000,
    16281699.845880616
  ],
  [
    1574553600000,
    17072859.892867707
  ],
  [
    1574640000000,
    17093318.68254195
  ],
  [
    1574726400000,
    18260661.77350056
  ],
  [
    1574812800000,
    22893431.18244145
  ],
  [
    1574899200000,
    22487465.595580336
  ],
  [
    1574985600000,
    22033494.474128716
  ],
  [
    1575072000000,
    22744838.684873443
  ],
  [
    1575158400000,
    21429751.733581062
  ],
  [
    1575244800000,
    20129489.062140018
  ],
  [
    1575331200000,
    21532938.472802408
  ],
  [
    1575417600000,
    22088094.512832254
  ],
  [
    1575504000000,
    21420723.171027385
  ],
  [
    1575590400000,
    21989952.692577086
  ],
  [
    1575676800000,
    21415613.35318946
  ],
  [
    1575763200000,
    20233700.87587946
  ],
  [
    1575849600000,
    19896946.71566342
  ],
  [
    1575936000000,
    19826838.79040111
  ],
  [
    1576022400000,
    18616100.094226617
  ],
  [
    1576108800000,
    18811952.683499068
  ],
  [
    1576195200000,
    18996517.06100467
  ],
  [
    1576281600000,
    20042599.99157867
  ],
  [
    1576368000000,
    20366044.599788412
  ],
  [
    1576454400000,
    20628360.238045916
  ],
  [
    1576540800000,
    18932240.661543787
  ],
  [
    1576627200000,
    17903962.37045347
  ],
  [
    1576713600000,
    19900129.72269152
  ],
  [
    1576800000000,
    18066565.31037394
  ],
  [
    1576886400000,
    18017063.825000953
  ],
  [
    1576972800000,
    17048017.78059063
  ],
  [
    1577059200000,
    16616608.859096965
  ],
  [
    1577145600000,
    17189749.98567458
  ],
  [
    1577232000000,
    16009568.56150785
  ],
  [
    1577318400000,
    15719039.851323752
  ],
  [
    1577404800000,
    14691906.996488012
  ],
  [
    1577491200000,
    14509542.758686561
  ],
  [
    1577577600000,
    15323946.161395479
  ],
  [
    1577664000000,
    13229598.981263233
  ],
  [
    1577750400000,
    13461369.335737279
  ],
  [
    1577836800000,
    12764747.31707596
  ],
  [
    1577923200000,
    12660071.498218786
  ],
  [
    1578009600000,
    12105240.294850338
  ],
  [
    1578096000000,
    11754427.387511238
  ],
  [
    1578182400000,
    12140412.975707486
  ],
  [
    1578268800000,
    14052313.219646024
  ],
  [
    1578355200000,
    12831394.290425697
  ],
  [
    1578441600000,
    12685451.448543392
  ],
  [
    1578528000000,
    14039553.587706052
  ],
  [
    1578614400000,
    16403648.76035304
  ],
  [
    1578700800000,
    15721335.969260959
  ],
  [
    1578787200000,
    15932690.414981999
  ],
  [
    1578873600000,
    16024441.005831443
  ],
  [
    1578960000000,
    13844341.30785563
  ],
  [
    1579046400000,
    13733456.645408258
  ],
  [
    1579132800000,
    13399962.280078648
  ],
  [
    1579219200000,
    13928450.61599573
  ],
  [
    1579305600000,
    13640323.750478145
  ],
  [
    1579392000000,
    12990487.570377072
  ],
  [
    1579478400000,
    12739568.929136083
  ],
  [
    1579564800000,
    13341832.252588967
  ],
  [
    1579651200000,
    14522958.818774302
  ],
  [
    1579737600000,
    14040715.502071518
  ],
  [
    1579824000000,
    13432468.793419875
  ],
  [
    1579910400000,
    13274879.596529346
  ],
  [
    1579996800000,
    13000276.42369691
  ],
  [
    1580083200000,
    13561895.919493007
  ],
  [
    1580169600000,
    12795682.470460335
  ],
  [
    1580256000000,
    14462681.646272788
  ],
  [
    1580342400000,
    14525724.661208803
  ],
  [
    1580428800000,
    14753594.877760535
  ],
  [
    1580515200000,
    14555538.605838563
  ],
  [
    1580601600000,
    16647284.879876507
  ],
  [
    1580688000000,
    18161109.256120507
  ],
  [
    1580774400000,
    18364665.11650683
  ],
  [
    1580860800000,
    19619924.097148567
  ],
  [
    1580947200000,
    16120392.896723239
  ],
  [
    1581033600000,
    15965321.553059055
  ],
  [
    1581120000000,
    16095157.057106065
  ],
  [
    1581206400000,
    17456227.500550956
  ],
  [
    1581292800000,
    16712908.613277769
  ],
  [
    1581379200000,
    16623840.110213164
  ],
  [
    1581465600000,
    17140426.7016014
  ],
  [
    1581552000000,
    16994007.740606606
  ],
  [
    1581638400000,
    15784192.865091572
  ],
  [
    1581724800000,
    19013814.54417411
  ],
  [
    1581811200000,
    19127249.13460455
  ],
  [
    1581897600000,
    18067048.940865714
  ],
  [
    1581984000000,
    18984684.57155373
  ],
  [
    1582070400000,
    21810733.886144593
  ],
  [
    1582156800000,
    21249241.797731373
  ],
  [
    1582243200000,
    20342708.198979143
  ],
  [
    1582329600000,
    20779668.426054582
  ],
  [
    1582416000000,
    21847473.142941304
  ],
  [
    1582502400000,
    23008358.752604637
  ],
  [
    1582588800000,
    22328570.492579095
  ],
  [
    1582675200000,
    19880806.377385046
  ],
  [
    1582761600000,
    16916183.502800353
  ],
  [
    1582848000000,
    18204879.534575097
  ],
  [
    1582934400000,
    17877637.576911733
  ],
  [
    1583020800000,
    17510739.042170532
  ],
  [
    1583107200000,
    16865465.413080975
  ],
  [
    1583193600000,
    18079271.216602568
  ],
  [
    1583280000000,
    19163707.512368664
  ],
  [
    1583366400000,
    19444568.54357556
  ],
  [
    1583452800000,
    21055356.842323564
  ],
  [
    1583539200000,
    21143817.37738897
  ],
  [
    1583625600000,
    22445066.57247468
  ],
  [
    1583712000000,
    17999548.971334606
  ],
  [
    1583798400000,
    17126033.601803068
  ],
  [
    1583884800000,
    16436900.306446467
  ],
  [
    1583971200000,
    15907786.24692264
  ],
  [
    1584057600000,
    6874919.75533261
  ],
  [
    1584144000000,
    10147971.877924467
  ],
  [
    1584230400000,
    7763685.009648379
  ],
  [
    1584316800000,
    8257175.509138056
  ],
  [
    1584403200000,
    6679109.280921478
  ],
  [
    1584489600000,
    8009072.243371696
  ],
  [
    1584576000000,
    7975427.409965955
  ],
  [
    1584662400000,
    9459355.106186448
  ],
  [
    1584748800000,
    9630867.469517952
  ],
  [
    1584835200000,
    9899883.169994347
  ],
  [
    1584921600000,
    8496974.715336239
  ],
  [
    1585008000000,
    9339383.029154964
  ],
  [
    1585094400000,
    9737081.773864273
  ],
  [
    1585180800000,
    10335895.794538775
  ],
  [
    1585267200000,
    10905982.178098282
  ],
  [
    1585353600000,
    10256056.616492452
  ],
  [
    1585440000000,
    9340826.793482682
  ],
  [
    1585526400000,
    8981529.90931531
  ],
  [
    1585612800000,
    9658437.333824297
  ],
  [
    1585699200000,
    10623750.871751156
  ],
  [
    1585785600000,
    11255596.774170732
  ],
  [
    1585872000000,
    10957008.131692948
  ],
  [
    1585958400000,
    10340570.433431221
  ],
  [
    1586044800000,
    9958574.477676583
  ],
  [
    1586131200000,
    9939507.010752425
  ],
  [
    1586217600000,
    9775165.525181053
  ],
  [
    1586304000000,
    10333908.749212718
  ],
  [
    1586390400000,
    9848165.223414969
  ],
  [
    1586476800000,
    9813539.393877257
  ],
  [
    1586563200000,
    8947953.25019295
  ],
  [
    1586649600000,
    8732553.50376947
  ],
  [
    1586736000000,
    10417670.282734558
  ],
  [
    1586822400000,
    9701059.311216664
  ],
  [
    1586908800000,
    10175508.824871788
  ],
  [
    1586995200000,
    10424714.123875443
  ],
  [
    1587081600000,
    11110416.082248991
  ],
  [
    1587168000000,
    11994971.648987312
  ],
  [
    1587254400000,
    12018249.677585308
  ],
  [
    1587340800000,
    12462837.262127722
  ],
  [
    1587427200000,
    11594272.61427353
  ],
  [
    1587513600000,
    13048482.6377365
  ],
  [
    1587600000000,
    15204186.922566043
  ],
  [
    1587686400000,
    16655169.271432143
  ],
  [
    1587772800000,
    17012323.532078944
  ],
  [
    1587859200000,
    17066545.444236197
  ],
  [
    1587945600000,
    17524672.966764983
  ],
  [
    1588032000000,
    18387828.77806913
  ],
  [
    1588118400000,
    18814385.82648116
  ],
  [
    1588204800000,
    20077936.764915783
  ],
  [
    1588291200000,
    18720307.400338557
  ],
  [
    1588377600000,
    19282433.594479647
  ],
  [
    1588464000000,
    22261839.862011436
  ],
  [
    1588550400000,
    20589668.554592974
  ],
  [
    1588636800000,
    20516603.50128583
  ],
  [
    1588723200000,
    21749976.56501856
  ],
  [
    1588809600000,
    22944008.379377052
  ],
  [
    1588896000000,
    23377391.942562364
  ],
  [
    1588982400000,
    21081623.140621983
  ],
  [
    1589068800000,
    16787862.877179254
  ],
  [
    1589155200000,
    15863761.324886506
  ],
  [
    1589241600000,
    13489907.522801917
  ],
  [
    1589328000000,
    15077113.64371632
  ],
  [
    1589414400000,
    15284304.814833542
  ],
  [
    1589500800000,
    15892836.437273933
  ],
  [
    1589587200000,
    14713144.305691367
  ],
  [
    1589673600000,
    13938238.207819212
  ],
  [
    1589760000000,
    13656408.96120482
  ],
  [
    1589846400000,
    14688406.412026914
  ],
  [
    1589932800000,
    14191784.78147612
  ],
  [
    1590019200000,
    12611625.56074835
  ],
  [
    1590105600000,
    12269222.201588582
  ],
  [
    1590192000000,
    12671085.977183757
  ],
  [
    1590278400000,
    12413799.866277006
  ],
  [
    1590364800000,
    12646025.685377287
  ],
  [
    1590451200000,
    12869681.994005803
  ],
  [
    1590537600000,
    13458698.076078976
  ],
  [
    1590624000000,
    13372497.654305432
  ],
  [
    1590710400000,
    13489483.810000505
  ],
  [
    1590796800000,
    13297921.020518022
  ],
  [
    1590883200000,
    13348683.05672669
  ],
  [
    1590969600000,
    12775166.975735368
  ],
  [
    1591056000000,
    13319948.545974147
  ],
  [
    1591142400000,
    13450020.127741767
  ],
  [
    1591228800000,
    14573008.540200891
  ],
  [
    1591315200000,
    13793947.596566387
  ],
  [
    1591401600000,
    13464718.645007629
  ],
  [
    1591488000000,
    13684922.351749763
  ],
  [
    1591574400000,
    13820009.664643938
  ],
  [
    1591660800000,
    14434447.20741109
  ],
  [
    1591747200000,
    14208180.264121486
  ],
  [
    1591833600000,
    14060494.027521767
  ],
  [
    1591920000000,
    12331925.173355512
  ],
  [
    1592006400000,
    12787664.175754128
  ],
  [
    1592092800000,
    13072079.034405172
  ],
  [
    1592179200000,
    12631357.964324486
  ],
  [
    1592265600000,
    12628866.659482412
  ],
  [
    1592352000000,
    12915284.017259875
  ],
  [
    1592438400000,
    12688280.510485495
  ],
  [
    1592524800000,
    12680591.787957624
  ],
  [
    1592611200000,
    12692985.276856529
  ],
  [
    1592697600000,
    13226803.605881987
  ],
  [
    1592784000000,
    12799851.885982104
  ],
  [
    1592870400000,
    13193991.592215804
  ],
  [
    1592956800000,
    12970877.960153595
  ],
  [
    1593043200000,
    12898870.71730689
  ],
  [
    1593129600000,
    11909845.57740441
  ],
  [
    1593216000000,
    10523438.7893335
  ],
  [
    1593302400000,
    9446593.01069051
  ],
  [
    1593388800000,
    10506688.53515715
  ],
  [
    1593475200000,
    9566238.651584445
  ],
  [
    1593561600000,
    9689416.58934676
  ],
  [
    1593648000000,
    11018562.806222089
  ],
  [
    1593734400000,
    10361495.256927123
  ],
  [
    1593820800000,
    9871800.192047644
  ],
  [
    1593907200000,
    10045624.16319095
  ],
  [
    1593993600000,
    10356589.081155865
  ],
  [
    1594080000000,
    10248426.210641908
  ],
  [
    1594166400000,
    10550276.600877665
  ],
  [
    1594252800000,
    13515660.57713225
  ],
  [
    1594339200000,
    15112566.367471948
  ],
  [
    1594425600000,
    15217625.70350471
  ],
  [
    1594512000000,
    14358300.679602664
  ],
  [
    1594598400000,
    14888200.33079619
  ],
  [
    1594684800000,
    13524437.149181975
  ],
  [
    1594771200000,
    12980765.49166593
  ],
  [
    1594857600000,
    13181640.13342348
  ],
  [
    1594944000000,
    14348234.768968504
  ],
  [
    1595030400000,
    17605136.317926336
  ],
  [
    1595116800000,
    20833068.98027211
  ],
  [
    1595203200000,
    19077971.67913857
  ],
  [
    1595289600000,
    18429522.35781359
  ],
  [
    1595376000000,
    22214455.565169316
  ],
  [
    1595462400000,
    20165607.27341554
  ],
  [
    1595548800000,
    20795229.054237343
  ],
  [
    1595635200000,
    19670930.588770557
  ],
  [
    1595721600000,
    19509132.675527293
  ],
  [
    1595808000000,
    19432938.910283852
  ],
  [
    1595894400000,
    17759333.314805027
  ],
  [
    1595980800000,
    17842576.767687127
  ],
  [
    1596067200000,
    16513446.119014133
  ],
  [
    1596153600000,
    17219770.69573998
  ],
  [
    1596240000000,
    16196662.349577744
  ],
  [
    1596326400000,
    16105344.286529023
  ],
  [
    1596412800000,
    16524449.69559612
  ],
  [
    1596499200000,
    15780219.408184286
  ],
  [
    1596585600000,
    15557899.554927528
  ],
  [
    1596672000000,
    17759758.34882084
  ],
  [
    1596758400000,
    20462675.774113834
  ],
  [
    1596844800000,
    22287825.4081764
  ],
  [
    1596931200000,
    21664488.977327403
  ],
  [
    1597017600000,
    23707508.015743136
  ],
  [
    1597104000000,
    29086268.180991467
  ],
  [
    1597190400000,
    27666019.1830948
  ],
  [
    1597276800000,
    30231770.781376295
  ],
  [
    1597363200000,
    30630513.755976122
  ],
  [
    1597449600000,
    32898495.70421264
  ],
  [
    1597536000000,
    29919687.850599956
  ],
  [
    1597622400000,
    30715364.398023672
  ],
  [
    1597708800000,
    31583738.946852278
  ],
  [
    1597795200000,
    32916804.517816197
  ],
  [
    1597881600000,
    28314635.667324852
  ],
  [
    1597968000000,
    32891192.63067122
  ],
  [
    1598054400000,
    33110531.110656973
  ],
  [
    1598140800000,
    32095924.60865329
  ],
  [
    1598227200000,
    31608947.437019847
  ],
  [
    1598313600000,
    34044376.2547891
  ],
  [
    1598400000000,
    31595891.562915783
  ],
  [
    1598486400000,
    28821816.895653494
  ],
  [
    1598572800000,
    26834846.63889717
  ],
  [
    1598659200000,
    28595553.453942742
  ],
  [
    1598745600000,
    27473009.511363488
  ],
  [
    1598832000000,
    27732214.194292776
  ],
  [
    1598918400000,
    26903305.319455933
  ],
  [
    1599004800000,
    29364781.78664597
  ],
  [
    1599091200000,
    30014654.065941468
  ],
  [
    1599177600000,
    26181657.693787254
  ],
  [
    1599264000000,
    24637063.028527685
  ],
  [
    1599350400000,
    21828908.1212428
  ],
  [
    1599436800000,
    23517174.249388188
  ],
  [
    1599523200000,
    21666404.0990105
  ],
  [
    1599609600000,
    20046517.20519337
  ],
  [
    1599696000000,
    54900968.57690772
  ],
  [
    1599782400000,
    54900968.57690772
  ],
  [
    1599868800000,
    54900968.57690772
  ],
  [
    1599955200000,
    54900968.57690772
  ],
  [
    1600041600000,
    54900968.57690772
  ],
  [
    1600128000000,
    54900968.57690772
  ],
  [
    1600214400000,
    54900968.57690772
  ],
  [
    1600300800000,
    54900968.57690772
  ],
  [
    1600387200000,
    54900968.57690772
  ],
  [
    1600473600000,
    54900968.57690772
  ],
  [
    1600560000000,
    54900968.57690772
  ],
  [
    1600646400000,
    54900968.57690772
  ],
  [
    1600732800000,
    54900968.57690772
  ],
  [
    1600819200000,
    54900968.57690772
  ],
  [
    1600905600000,
    54900968.57690772
  ],
  [
    1600992000000,
    54900968.57690772
  ],
  [
    1601078400000,
    54900968.57690772
  ],
  [
    1601164800000,
    54900968.57690772
  ],
  [
    1601251200000,
    54900968.57690772
  ],
  [
    1601337600000,
    54900968.57690772
  ],
  [
    1601424000000,
    54900968.57690772
  ],
  [
    1601510400000,
    54900968.57690772
  ],
  [
    1601596800000,
    54900968.57690772
  ],
  [
    1601683200000,
    54900968.57690772
  ],
  [
    1601769600000,
    54900968.57690772
  ],
  [
    1601856000000,
    54900968.57690772
  ],
  [
    1601942400000,
    54900968.57690772
  ],
  [
    1602028800000,
    54900968.57690772
  ],
  [
    1602115200000,
    54900968.57690772
  ],
  [
    1602201600000,
    54900968.57690772
  ],
  [
    1602288000000,
    54900968.57690772
  ],
  [
    1602374400000,
    54900968.57690772
  ],
  [
    1602460800000,
    54900968.57690772
  ],
  [
    1602547200000,
    54900968.57690772
  ],
  [
    1602633600000,
    54900968.57690772
  ],
  [
    1602720000000,
    54900968.57690772
  ],
  [
    1602806400000,
    54900968.57690772
  ],
  [
    1602892800000,
    54900968.57690772
  ],
  [
    1602979200000,
    54900968.57690772
  ],
  [
    1603065600000,
    54900968.57690772
  ],
  [
    1603152000000,
    54900968.57690772
  ],
  [
    1603238400000,
    54900968.57690772
  ],
  [
    1603324800000,
    54900968.57690772
  ],
  [
    1603411200000,
    54900968.57690772
  ],
  [
    1603497600000,
    54900968.57690772
  ],
  [
    1603584000000,
    54900968.57690772
  ],
  [
    1603670400000,
    54900968.57690772
  ],
  [
    1603756800000,
    54900968.57690772
  ],
  [
    1603843200000,
    54900968.57690772
  ],
  [
    1603929600000,
    54900968.57690772
  ],
  [
    1604016000000,
    54900968.57690772
  ],
  [
    1604102400000,
    54900968.57690772
  ],
  [
    1604188800000,
    54900968.57690772
  ],
  [
    1604275200000,
    54900968.57690772
  ],
  [
    1604361600000,
    54900968.57690772
  ],
  [
    1604448000000,
    54900968.57690772
  ],
  [
    1604534400000,
    54900968.57690772
  ],
  [
    1604620800000,
    54900968.57690772
  ],
  [
    1604707200000,
    54900968.57690772
  ],
  [
    1604793600000,
    54900968.57690772
  ],
  [
    1604880000000,
    54900968.57690772
  ],
  [
    1604966400000,
    54900968.57690772
  ],
  [
    1605052800000,
    54900968.57690772
  ],
  [
    1605139200000,
    54900968.57690772
  ],
  [
    1605225600000,
    54900968.57690772
  ],
  [
    1605312000000,
    54900968.57690772
  ],
  [
    1605398400000,
    54900968.57690772
  ],
  [
    1605484800000,
    54900968.57690772
  ],
  [
    1605571200000,
    54900968.57690772
  ],
  [
    1605657600000,
    54900968.57690772
  ],
  [
    1605744000000,
    54900968.57690772
  ],
  [
    1605830400000,
    0
  ],
  [
    1605916800000,
    0
  ],
  [
    1606003200000,
    0
  ],
  [
    1606089600000,
    0
  ],
  [
    1606176000000,
    0
  ],
  [
    1606262400000,
    0
  ],
  [
    1606348800000,
    0
  ],
  [
    1606435200000,
    0
  ],
  [
    1606521600000,
    0
  ],
  [
    1606608000000,
    0
  ],
  [
    1606694400000,
    0
  ],
  [
    1606780800000,
    0
  ],
  [
    1606867200000,
    0
  ],
  [
    1606953600000,
    0
  ],
  [
    1607040000000,
    0
  ],
  [
    1607126400000,
    0
  ],
  [
    1607212800000,
    0
  ],
  [
    1607299200000,
    0
  ],
  [
    1607385600000,
    0
  ],
  [
    1607472000000,
    0
  ],
  [
    1607558400000,
    0
  ],
  [
    1607644800000,
    0
  ],
  [
    1607731200000,
    0
  ],
  [
    1607817600000,
    0
  ],
  [
    1607904000000,
    0
  ],
  [
    1607990400000,
    0
  ],
  [
    1608076800000,
    0
  ],
  [
    1608163200000,
    0
  ],
  [
    1608249600000,
    0
  ],
  [
    1608336000000,
    0
  ],
  [
    1608422400000,
    0
  ],
  [
    1608508800000,
    0
  ],
  [
    1608595200000,
    0
  ],
  [
    1608681600000,
    0
  ],
  [
    1608768000000,
    0
  ],
  [
    1608854400000,
    0
  ],
  [
    1608940800000,
    0
  ],
  [
    1609027200000,
    0
  ],
  [
    1609113600000,
    0
  ],
  [
    1609200000000,
    0
  ],
  [
    1609286400000,
    0
  ],
  [
    1609372800000,
    0
  ],
  [
    1609459200000,
    0
  ],
  [
    1609545600000,
    0
  ],
  [
    1609632000000,
    0
  ],
  [
    1609718400000,
    0
  ],
  [
    1609804800000,
    0
  ],
  [
    1609891200000,
    0
  ],
  [
    1609977600000,
    0
  ],
  [
    1610064000000,
    0
  ],
  [
    1610150400000,
    0
  ],
  [
    1610236800000,
    0
  ],
  [
    1610323200000,
    0
  ],
  [
    1610409600000,
    0
  ],
  [
    1610496000000,
    0
  ],
  [
    1610582400000,
    0
  ],
  [
    1610668800000,
    0
  ],
  [
    1610755200000,
    0
  ],
  [
    1610841600000,
    0
  ],
  [
    1610928000000,
    0
  ],
  [
    1611014400000,
    0
  ],
  [
    1611100800000,
    0
  ],
  [
    1611187200000,
    0
  ],
  [
    1611273600000,
    0
  ],
  [
    1611360000000,
    0
  ],
  [
    1611446400000,
    0
  ],
  [
    1611532800000,
    0
  ],
  [
    1611619200000,
    0
  ],
  [
    1611705600000,
    0
  ],
  [
    1611792000000,
    0
  ],
  [
    1611878400000,
    0
  ],
  [
    1611964800000,
    0
  ],
  [
    1612051200000,
    0
  ],
  [
    1612137600000,
    0
  ],
  [
    1612224000000,
    0
  ],
  [
    1612310400000,
    0
  ],
  [
    1612396800000,
    36831234.74457479
  ],
  [
    1612483200000,
    33344975.96506172
  ],
  [
    1612569600000,
    32820996.367407642
  ],
  [
    1612656000000,
    32279024.75670947
  ],
  [
    1612742400000,
    27239870.80469315
  ],
  [
    1612828800000,
    31104043.745886065
  ],
  [
    1612915200000,
    40175017.27191637
  ],
  [
    1613001600000,
    43062144.12874385
  ],
  [
    1613088000000,
    53773424.238491856
  ],
  [
    1613174400000,
    62680632.531801604
  ],
  [
    1613260800000,
    59078975.62405397
  ],
  [
    1613347200000,
    59640850.35289525
  ],
  [
    1613433600000,
    66540598.12465312
  ],
  [
    1613520000000,
    59345087.30002649
  ],
  [
    1613606400000,
    66748952.49568721
  ],
  [
    1613692800000,
    57807297.464105174
  ],
  [
    1613779200000,
    60134818.14007193
  ],
  [
    1613865600000,
    64027669.343331374
  ],
  [
    1613952000000,
    71333764.02158722
  ],
  [
    1614038400000,
    64066358.54445365
  ],
  [
    1614124800000,
    57938185.588112004
  ],
  [
    1614211200000,
    65717391.88863478
  ],
  [
    1614297600000,
    68774238.09388767
  ],
  [
    1614384000000,
    70231811.36200126
  ],
  [
    1614470400000,
    73602916.50378183
  ],
  [
    1614556800000,
    73928230.62988481
  ],
  [
    1614643200000,
    77773913.74953546
  ],
  [
    1614729600000,
    86089625.8968839
  ],
  [
    1614816000000,
    86077432.57936439
  ],
  [
    1614902400000,
    74813411.10389553
  ],
  [
    1614988800000,
    72094813.75975955
  ],
  [
    1615075200000,
    71693845.78992674
  ],
  [
    1615161600000,
    73091342.72467571
  ],
  [
    1615248000000,
    83257789.91710033
  ],
  [
    1615334400000,
    88797622.85369232
  ],
  [
    1615420800000,
    105876919.15659404
  ],
  [
    1615507200000,
    123611480.27375947
  ],
  [
    1615593600000,
    114766832.10127874
  ],
  [
    1615680000000,
    127618094.56281656
  ],
  [
    1615766400000,
    119887057.50969186
  ],
  [
    1615852800000,
    136923812.29834938
  ],
  [
    1615939200000,
    172738577.79958537
  ],
  [
    1616025600000,
    161830355.4269725
  ],
  [
    1616112000000,
    149661420.42376563
  ],
  [
    1616198400000,
    158745717.91373274
  ],
  [
    1616284800000,
    153288105.74465793
  ],
  [
    1616371200000,
    140779323.55658007
  ],
  [
    1616457600000,
    143082831.5744459
  ],
  [
    1616544000000,
    162471016.9043643
  ],
  [
    1616630400000,
    149518299.32060862
  ],
  [
    1616716800000,
    158233500.289869
  ],
  [
    1616803200000,
    173783439.8478206
  ],
  [
    1616889600000,
    169154880.52685374
  ],
  [
    1616976000000,
    188412255.76956332
  ],
  [
    1617062400000,
    220172255.23846182
  ],
  [
    1617148800000,
    209775078.91597617
  ],
  [
    1617235200000,
    203108373.1133076
  ],
  [
    1617321600000,
    205944031.0713957
  ],
  [
    1617408000000,
    180897891.80960712
  ],
  [
    1617494400000,
    175860763.8107548
  ],
  [
    1617580800000,
    165453355.57816073
  ],
  [
    1617667200000,
    170122485.9160731
  ],
  [
    1617753600000,
    164943499.71345007
  ],
  [
    1617840000000,
    164596528.95991918
  ],
  [
    1617926400000,
    156483503.48559475
  ],
  [
    1618012800000,
    152563361.79063475
  ],
  [
    1618099200000,
    174400276.84545612
  ],
  [
    1618185600000,
    183094017.0245541
  ],
  [
    1618272000000,
    167960638.67767456
  ],
  [
    1618358400000,
    158212066.7257511
  ],
  [
    1618444800000,
    151194161.64070085
  ],
  [
    1618531200000,
    175962379.75894862
  ],
  [
    1618617600000,
    171623107.03635487
  ],
  [
    1618704000000,
    162480385.4686099
  ],
  [
    1618790400000,
    169851597.19727448
  ],
  [
    1618876800000,
    161572620.01367155
  ],
  [
    1618963200000,
    160703601.05755648
  ],
  [
    1619049600000,
    172555670.20049188
  ],
  [
    1619136000000,
    162301881.11258057
  ],
  [
    1619222400000,
    156722657.68140483
  ],
  [
    1619308800000,
    156826418.17228395
  ],
  [
    1619395200000,
    145946814.63836932
  ],
  [
    1619481600000,
    164474852.0921586
  ],
  [
    1619568000000,
    173436693.80754045
  ],
  [
    1619654400000,
    192498039.10807264
  ],
  [
    1619740800000,
    181649685.02268133
  ],
  [
    1619827200000,
    184800138.40522537
  ],
  [
    1619913600000,
    184006080.53782377
  ],
  [
    1620000000000,
    191099154.11774135
  ],
  [
    1620086400000,
    181617465.93973023
  ],
  [
    1620172800000,
    167824020.47049004
  ],
  [
    1620259200000,
    184973072.55689535
  ],
  [
    1620345600000,
    194449463.63741204
  ],
  [
    1620432000000,
    211146018.4573648
  ],
  [
    1620518400000,
    225258598.67745417
  ],
  [
    1620604800000,
    221153388.64511046
  ],
  [
    1620691200000,
    206796628.6390939
  ],
  [
    1620777600000,
    207627856.52879733
  ],
  [
    1620864000000,
    200286940.52330524
  ],
  [
    1620950400000,
    195080526.58137977
  ],
  [
    1621036800000,
    227881022.51792195
  ],
  [
    1621123200000,
    207978848.53790474
  ],
  [
    1621209600000,
    196208407.9600744
  ],
  [
    1621296000000,
    185993731.61111313
  ],
  [
    1621382400000,
    196220471.8925939
  ],
  [
    1621468800000,
    161679435.82666135
  ],
  [
    1621555200000,
    150487228.73226625
  ],
  [
    1621641600000,
    112185242.1902347
  ],
  [
    1621728000000,
    104268545.5087884
  ],
  [
    1621814400000,
    83819872.78637403
  ],
  [
    1621900800000,
    122730480.11293477
  ],
  [
    1621987200000,
    110977691.22080559
  ],
  [
    1622073600000,
    122252214.4706219
  ],
  [
    1622160000000,
    105064805.58864538
  ],
  [
    1622246400000,
    85304139.11084232
  ],
  [
    1622332800000,
    88211116.593136
  ],
  [
    1622419200000,
    101535196.48240516
  ],
  [
    1622505600000,
    105442653.16106842
  ],
  [
    1622592000000,
    103104270.1796775
  ],
  [
    1622678400000,
    109602761.53885856
  ],
  [
    1622764800000,
    119051597.38758972
  ],
  [
    1622851200000,
    112623286.07494368
  ],
  [
    1622937600000,
    105233741.05576314
  ],
  [
    1623024000000,
    109825039.05447708
  ],
  [
    1623110400000,
    93913471.47433887
  ],
  [
    1623196800000,
    102431717.88055097
  ],
  [
    1623283200000,
    108235104.49311726
  ],
  [
    1623369600000,
    100942451.3249392
  ],
  [
    1623456000000,
    93160719.9234734
  ],
  [
    1623542400000,
    95087883.32083489
  ],
  [
    1623628800000,
    102890855.65600914
  ],
  [
    1623715200000,
    105881932.82730645
  ],
  [
    1623801600000,
    109891692.82821684
  ],
  [
    1623888000000,
    100015420.6443248
  ],
  [
    1623974400000,
    103964744.73649782
  ],
  [
    1624060800000,
    98054866.52923962
  ],
  [
    1624147200000,
    103961485.83863962
  ],
  [
    1624233600000,
    109014814.62555401
  ],
  [
    1624320000000,
    99849283.03463006
  ],
  [
    1624406400000,
    108609509.448885
  ],
  [
    1624492800000,
    126428460.90121557
  ],
  [
    1624579200000,
    158416136.67733082
  ],
  [
    1624665600000,
    137724673.95881525
  ],
  [
    1624752000000,
    136409726.1010909
  ],
  [
    1624838400000,
    169225953.9452296
  ],
  [
    1624924800000,
    180951313.27866906
  ],
  [
    1625011200000,
    170289034.41299334
  ],
  [
    1625097600000,
    201532220.05308545
  ],
  [
    1625184000000,
    194923372.78979167
  ],
  [
    1625270400000,
    201492489.25939384
  ],
  [
    1625356800000,
    233964955.5055212
  ],
  [
    1625443200000,
    241346834.78262118
  ],
  [
    1625529600000,
    282386681.29738796
  ],
  [
    1625616000000,
    293895826.92554605
  ],
  [
    1625702400000,
    254956361.02096558
  ],
  [
    1625788800000,
    294867352.0408568
  ],
  [
    1625875200000,
    333985833.93838024
  ],
  [
    1625961600000,
    455988428.1729706
  ],
  [
    1626048000000,
    470464857.1881751
  ],
  [
    1626134400000,
    416523419.37562853
  ],
  [
    1626220800000,
    436763741.87328887
  ],
  [
    1626307200000,
    461604300.0321757
  ],
  [
    1626393600000,
    422485126.8854428
  ],
  [
    1626480000000,
    381334266.4766214
  ],
  [
    1626566400000,
    356352138.9883439
  ],
  [
    1626652800000,
    352434786.37489575
  ],
  [
    1626739200000,
    310284101.8443017
  ],
  [
    1626825600000,
    281505644.55043125
  ],
  [
    1626912000000,
    341740557.6639649
  ],
  [
    1626998400000,
    369733606.05855083
  ],
  [
    1627084800000,
    419449908.5171325
  ],
  [
    1627171200000,
    420122394.7913858
  ],
  [
    1627257600000,
    442616050.17587125
  ],
  [
    1627344000000,
    450011600.09817636
  ],
  [
    1627430400000,
    429919356.83259976
  ],
  [
    1627516800000,
    427857304.1503435
  ],
  [
    1627603200000,
    517669967.32916206
  ],
  [
    1627689600000,
    560686097.4713769
  ],
  [
    1627776000000,
    569142030.4624413
  ],
  [
    1627862400000,
    553648977.7327684
  ],
  [
    1627948800000,
    541624697.465143
  ],
  [
    1628035200000,
    506277718.372433
  ],
  [
    1628121600000,
    553243742.7638803
  ],
  [
    1628208000000,
    557694661.0749848
  ],
  [
    1628294400000,
    519665259.17068404
  ],
  [
    1628380800000,
    519481055.9649583
  ],
  [
    1628467200000,
    493332991.6407956
  ],
  [
    1628553600000,
    519301019.1199491
  ],
  [
    1628640000000,
    563324873.0002861
  ],
  [
    1628726400000,
    547409400.4839442
  ],
  [
    1628812800000,
    562959682.8830378
  ],
  [
    1628899200000,
    605572617.2598008
  ],
  [
    1628985600000,
    633541080.9092784
  ],
  [
    1629072000000,
    654540194.769024
  ],
  [
    1629158400000,
    662577939.1478529
  ],
  [
    1629244800000,
    668262719.6924206
  ],
  [
    1629331200000,
    679833814.5553558
  ],
  [
    1629417600000,
    666879456.7701876
  ],
  [
    1629504000000,
    723913533.5179237
  ],
  [
    1629590400000,
    762057124.9919959
  ],
  [
    1629676800000,
    784058839.6605185
  ],
  [
    1629763200000,
    937955242.0924208
  ],
  [
    1629849600000,
    927354867.1181122
  ],
  [
    1629936000000,
    1095465563.1358452
  ],
  [
    1630022400000,
    1014275015.7764958
  ],
  [
    1630108800000,
    1003122932.9056275
  ],
  [
    1630195200000,
    874099641.4602984
  ],
  [
    1630281600000,
    903557303.7127651
  ],
  [
    1630368000000,
    774944018.0117595
  ],
  [
    1630454400000,
    820397555.4259794
  ],
  [
    1630540800000,
    788471295.069609
  ],
  [
    1630627200000,
    763574865.8402418
  ]
]