[
  [
    1627516800000,
    0
  ],
  [
    1627603200000,
    0
  ],
  [
    1627689600000,
    0
  ],
  [
    1627776000000,
    0
  ],
  [
    1627862400000,
    0
  ],
  [
    1627948800000,
    0
  ],
  [
    1628035200000,
    0
  ],
  [
    1628121600000,
    0
  ],
  [
    1628208000000,
    0
  ],
  [
    1628294400000,
    4857975.124488953
  ],
  [
    1628380800000,
    5183885.0935157295
  ],
  [
    1628467200000,
    4837616.610098873
  ],
  [
    1628553600000,
    9725655.264344497
  ],
  [
    1628640000000,
    9625905.642506484
  ],
  [
    1628726400000,
    12413329.236910053
  ],
  [
    1628812800000,
    11551026.858917462
  ],
  [
    1628899200000,
    12609434.401195059
  ],
  [
    1628985600000,
    12906536.320179753
  ],
  [
    1629072000000,
    15596480.297201248
  ],
  [
    1629158400000,
    16975100.255835418
  ],
  [
    1629244800000,
    19160156.24072872
  ],
  [
    1629331200000,
    14284112.314745298
  ],
  [
    1629417600000,
    16099881.511925515
  ],
  [
    1629504000000,
    15478890.571353143
  ],
  [
    1629590400000,
    14710631.938628007
  ],
  [
    1629676800000,
    15472242.466673415
  ],
  [
    1629763200000,
    19814658.14610814
  ],
  [
    1629849600000,
    32243190.805438798
  ],
  [
    1629936000000,
    32939548.44163169
  ],
  [
    1630022400000,
    27214376.06774304
  ],
  [
    1630108800000,
    23055832.507696263
  ],
  [
    1630195200000,
    24802062.144792013
  ],
  [
    1630281600000,
    22179091.22192701
  ],
  [
    1630368000000,
    19109793.79160409
  ],
  [
    1630454400000,
    16873514.65493546
  ],
  [
    1630540800000,
    17760294.14601244
  ],
  [
    1630627200000,
    29003180.235331662
  ]
]