[
  [
    1617840000000,
    242337.86844545443
  ],
  [
    1617926400000,
    242337.86844545443
  ],
  [
    1618012800000,
    40474.837786744974
  ],
  [
    1618099200000,
    14774.183370357356
  ],
  [
    1618185600000,
    13785.832558987742
  ],
  [
    1618272000000,
    15754.767102328908
  ],
  [
    1618358400000,
    14509.041358306717
  ],
  [
    1618444800000,
    13528.347289517626
  ],
  [
    1618531200000,
    4600.639507210316
  ],
  [
    1618617600000,
    7735.201752627531
  ],
  [
    1618704000000,
    6995.604999758102
  ],
  [
    1618790400000,
    4113.322035032472
  ],
  [
    1618876800000,
    6729.954141397125
  ],
  [
    1618963200000,
    12670.507248159432
  ],
  [
    1619049600000,
    12502.302858718273
  ],
  [
    1619136000000,
    7490.368515913987
  ],
  [
    1619222400000,
    1732.0115465792896
  ],
  [
    1619308800000,
    2128.567423757592
  ],
  [
    1619395200000,
    11817.740453224384
  ],
  [
    1619481600000,
    15373.580447233198
  ],
  [
    1619568000000,
    3925.1024173404076
  ],
  [
    1619654400000,
    4887.667548536784
  ],
  [
    1619740800000,
    2434.240388590955
  ],
  [
    1619827200000,
    2583.3775593958344
  ],
  [
    1619913600000,
    2076.0919487570472
  ],
  [
    1620000000000,
    2701.137770608397
  ],
  [
    1620086400000,
    3824.297217380986
  ],
  [
    1620172800000,
    3115.56380092816
  ],
  [
    1620259200000,
    2337.733443337259
  ],
  [
    1620345600000,
    2390.092294988534
  ],
  [
    1620432000000,
    60072.00167061074
  ],
  [
    1620518400000,
    85354.07761142775
  ],
  [
    1620604800000,
    23217.609058043105
  ],
  [
    1620691200000,
    4649.580363346634
  ],
  [
    1620777600000,
    5277.314721127102
  ],
  [
    1620864000000,
    5340.164805507628
  ],
  [
    1620950400000,
    2031.9481799428777
  ],
  [
    1621036800000,
    973.9242593529673
  ],
  [
    1621123200000,
    1727.691634130042
  ],
  [
    1621209600000,
    671.5133658220687
  ],
  [
    1621296000000,
    715.4866934228322
  ],
  [
    1621382400000,
    430.6691619430635
  ],
  [
    1621468800000,
    4369.616433877494
  ],
  [
    1621555200000,
    3840.364298134267
  ],
  [
    1621641600000,
    5926.511888358552
  ],
  [
    1621728000000,
    1478.2769501755029
  ],
  [
    1621814400000,
    210.89357156896617
  ],
  [
    1621900800000,
    1130.2387023542713
  ],
  [
    1621987200000,
    1094.8794746881715
  ],
  [
    1622073600000,
    2042.8952814741099
  ],
  [
    1622160000000,
    464.5196601438449
  ],
  [
    1622246400000,
    620.2348186029944
  ],
  [
    1622332800000,
    391.0941888503007
  ],
  [
    1622419200000,
    999.7488715396457
  ],
  [
    1622505600000,
    245.36897823427117
  ],
  [
    1622592000000,
    186.8202307274159
  ],
  [
    1622678400000,
    3953.011134067422
  ],
  [
    1622764800000,
    154.6408587432574
  ],
  [
    1622851200000,
    74.39838123924251
  ],
  [
    1622937600000,
    74.39838123924251
  ],
  [
    1623024000000,
    34.01279196431978
  ],
  [
    1623110400000,
    25.222121310205956
  ],
  [
    1623196800000,
    36.05517607575496
  ],
  [
    1623283200000,
    352.88940671566604
  ],
  [
    1623456000000,
    86.39862555407613
  ],
  [
    1623542400000,
    86.39862555407613
  ],
  [
    1623628800000,
    106.37341915468093
  ],
  [
    1623715200000,
    65.80448924816324
  ],
  [
    1623801600000,
    3436.1439144053725
  ],
  [
    1623888000000,
    3275.4013279790433
  ],
  [
    1623974400000,
    40.74772391153478
  ],
  [
    1624060800000,
    8.781484812968674
  ],
  [
    1624147200000,
    124.93461720482564
  ],
  [
    1624233600000,
    10.890345765643023
  ],
  [
    1624320000000,
    286.34955862800365
  ],
  [
    1624406400000,
    7.561612134527385
  ],
  [
    1624492800000,
    36.83535822790993
  ],
  [
    1624579200000,
    4.552489477952768
  ],
  [
    1624665600000,
    8.365877806605408
  ],
  [
    1624752000000,
    28.939050944716673
  ],
  [
    1624838400000,
    22.1455668503093
  ],
  [
    1624924800000,
    41.170267453841625
  ],
  [
    1625011200000,
    41.85917749096692
  ],
  [
    1625097600000,
    2.660973457423043
  ],
  [
    1625184000000,
    303.399676406036
  ],
  [
    1625270400000,
    20.71352299263569
  ],
  [
    1625356800000,
    0.31077934024568704
  ],
  [
    1625443200000,
    18.92547014888303
  ],
  [
    1625529600000,
    10.425994110146405
  ],
  [
    1625616000000,
    3.932196556701668
  ],
  [
    1625702400000,
    21.959113544268423
  ],
  [
    1625788800000,
    33.670885286962694
  ],
  [
    1625875200000,
    9.749166132251009
  ],
  [
    1625961600000,
    36.614414009904884
  ],
  [
    1626048000000,
    13.98504893935222
  ],
  [
    1626134400000,
    6.666634459584217
  ],
  [
    1626220800000,
    6.615263089905448
  ],
  [
    1626307200000,
    4.410744186399477
  ],
  [
    1626393600000,
    4.410744186399477
  ],
  [
    1626480000000,
    8.950066381255175
  ],
  [
    1626652800000,
    2.6427714718027824
  ],
  [
    1626739200000,
    2.6427714718027824
  ],
  [
    1626825600000,
    32.334208741725504
  ],
  [
    1626912000000,
    76.85421928919587
  ],
  [
    1626998400000,
    44.89933457624025
  ],
  [
    1627084800000,
    39.82277576312082
  ],
  [
    1627171200000,
    90.68345556438118
  ],
  [
    1627257600000,
    7.912117653490783
  ],
  [
    1627344000000,
    34.760005914067634
  ],
  [
    1627430400000,
    111.64829965051592
  ],
  [
    1627516800000,
    36.50137148004557
  ],
  [
    1627603200000,
    16.987107966248747
  ],
  [
    1627689600000,
    59.28434186421986
  ],
  [
    1627776000000,
    656.2660357370622
  ],
  [
    1627862400000,
    626.4476103019509
  ],
  [
    1627948800000,
    20.16898812798157
  ],
  [
    1628035200000,
    10.358759280846872
  ],
  [
    1628121600000,
    263.2966824512381
  ],
  [
    1628208000000,
    5.397127007173072
  ],
  [
    1628294400000,
    11.381192455429215
  ],
  [
    1628380800000,
    24.25394282784291
  ],
  [
    1628467200000,
    128.6660605020508
  ],
  [
    1628553600000,
    0.3063858161863638
  ],
  [
    1628640000000,
    29.71484012848089
  ],
  [
    1628726400000,
    82.39190403988529
  ],
  [
    1628812800000,
    56.682722538621576
  ],
  [
    1628899200000,
    630.7564172653825
  ],
  [
    1628985600000,
    12.583936988220394
  ],
  [
    1629072000000,
    24.58485737433032
  ],
  [
    1629158400000,
    149.8121540771854
  ],
  [
    1629244800000,
    0.21916055895463707
  ],
  [
    1629331200000,
    4.288898245443325
  ],
  [
    1629417600000,
    75.91097039394515
  ],
  [
    1629504000000,
    499.58464727749435
  ],
  [
    1629590400000,
    114.77766655291411
  ],
  [
    1629676800000,
    9.515891564758178
  ],
  [
    1629763200000,
    38.17762065473466
  ],
  [
    1629849600000,
    13.461630165263058
  ],
  [
    1629936000000,
    10.38927905824997
  ],
  [
    1630022400000,
    66.6954875916841
  ],
  [
    1630108800000,
    1.3264993971904406
  ],
  [
    1630195200000,
    55.271596697178495
  ],
  [
    1630281600000,
    99.59361792554778
  ],
  [
    1630368000000,
    100.53779636699645
  ],
  [
    1630454400000,
    341.09481912463895
  ],
  [
    1630540800000,
    33.5155525382846
  ],
  [
    1630627200000,
    870.4003818875466
  ]
]