[
  [
    1612828800000,
    47146036.60738146
  ],
  [
    1612915200000,
    47146036.60738146
  ],
  [
    1613001600000,
    53000046.84447986
  ],
  [
    1613088000000,
    49502501.21882677
  ],
  [
    1613174400000,
    46070550.638595216
  ],
  [
    1613260800000,
    45411831.82130149
  ],
  [
    1613347200000,
    53583523.026817806
  ],
  [
    1613433600000,
    67200677.44385721
  ],
  [
    1613520000000,
    85195638.8217806
  ],
  [
    1613606400000,
    101347278.1384557
  ],
  [
    1613692800000,
    90293529.53053343
  ],
  [
    1613779200000,
    77654857.80406706
  ],
  [
    1613865600000,
    93577175.60689543
  ],
  [
    1613952000000,
    87831857.4311806
  ],
  [
    1614038400000,
    86059368.11428806
  ],
  [
    1614124800000,
    73713940.83813551
  ],
  [
    1614211200000,
    78470912.71489452
  ],
  [
    1614297600000,
    64434663.987206206
  ],
  [
    1614384000000,
    59591684.552492306
  ],
  [
    1614470400000,
    60472113.15379224
  ],
  [
    1614556800000,
    59336068.71999544
  ],
  [
    1614643200000,
    76690090.8922716
  ],
  [
    1614729600000,
    71819202.99367043
  ],
  [
    1614816000000,
    72640533.0741056
  ],
  [
    1614902400000,
    65425368.71528917
  ],
  [
    1614988800000,
    66128215.75896171
  ],
  [
    1615075200000,
    66582031.19023905
  ],
  [
    1615161600000,
    68558988.64553748
  ],
  [
    1615248000000,
    73952762.48842382
  ],
  [
    1615334400000,
    82308935.89176498
  ],
  [
    1615420800000,
    81788166.69952129
  ],
  [
    1615507200000,
    83601518.5469916
  ],
  [
    1615593600000,
    76866925.5969148
  ],
  [
    1615680000000,
    76804863.33339167
  ],
  [
    1615766400000,
    74846652.02985822
  ],
  [
    1615852800000,
    101493141.91700247
  ],
  [
    1615939200000,
    92485006.68982655
  ],
  [
    1616025600000,
    98678010.39267126
  ],
  [
    1616112000000,
    105708849.67829339
  ],
  [
    1616198400000,
    141189054.1583767
  ],
  [
    1616284800000,
    148862572.0165811
  ],
  [
    1616371200000,
    146103584.20323378
  ],
  [
    1616457600000,
    147722542.86941776
  ],
  [
    1616544000000,
    157026424.6178072
  ],
  [
    1616630400000,
    143105234.549847
  ],
  [
    1616716800000,
    127098399.37353586
  ],
  [
    1616803200000,
    141694185.64664814
  ],
  [
    1616889600000,
    138351520.07190597
  ],
  [
    1616976000000,
    131493363.87226734
  ],
  [
    1617062400000,
    135260463.22126868
  ],
  [
    1617148800000,
    133620243.89608237
  ],
  [
    1617235200000,
    139479548.1921416
  ],
  [
    1617321600000,
    142944904.50597125
  ],
  [
    1617408000000,
    152104755.6930254
  ],
  [
    1617494400000,
    133678830.6065982
  ],
  [
    1617580800000,
    137939301.65811715
  ],
  [
    1617667200000,
    139594009.16360655
  ],
  [
    1617753600000,
    133219409.99601193
  ],
  [
    1617840000000,
    128566532.07374476
  ],
  [
    1617926400000,
    127087308.1003186
  ],
  [
    1618012800000,
    128558946.93772337
  ],
  [
    1618099200000,
    137311133.44468
  ],
  [
    1618185600000,
    151771049.2199231
  ],
  [
    1618272000000,
    145106376.17974433
  ],
  [
    1618358400000,
    149813188.8928261
  ],
  [
    1618444800000,
    154829329.60581106
  ],
  [
    1618531200000,
    144877812.1318973
  ],
  [
    1618617600000,
    139996978.8967373
  ],
  [
    1618704000000,
    139844904.7404807
  ],
  [
    1618790400000,
    136014753.60571334
  ],
  [
    1618876800000,
    141446082.55119583
  ],
  [
    1618963200000,
    161857152.89188606
  ],
  [
    1619049600000,
    154499122.5960528
  ],
  [
    1619136000000,
    139325255.72004208
  ],
  [
    1619222400000,
    142078928.25488213
  ],
  [
    1619308800000,
    139950689.1698462
  ],
  [
    1619395200000,
    130459810.698922
  ],
  [
    1619481600000,
    142339986.71420676
  ],
  [
    1619568000000,
    144755657.08413565
  ],
  [
    1619654400000,
    144232836.0015944
  ],
  [
    1619740800000,
    141907401.5635605
  ],
  [
    1619827200000,
    148713507.4909995
  ],
  [
    1619913600000,
    153939336.56219292
  ],
  [
    1620000000000,
    140987913.66615745
  ],
  [
    1620086400000,
    144291992.8182511
  ],
  [
    1620172800000,
    131690772.1089892
  ],
  [
    1620259200000,
    120760077.04699427
  ],
  [
    1620345600000,
    107747141.93895917
  ],
  [
    1620432000000,
    104395083.22619508
  ],
  [
    1620518400000,
    102437540.13800795
  ],
  [
    1620604800000,
    101269235.96987744
  ],
  [
    1620691200000,
    171311599.24614492
  ],
  [
    1620777600000,
    174688508.63003898
  ],
  [
    1620864000000,
    168275930.85220647
  ],
  [
    1620950400000,
    160646776.3606173
  ],
  [
    1621036800000,
    177301947.80310643
  ],
  [
    1621123200000,
    167903673.7656349
  ],
  [
    1621209600000,
    169410699.47063285
  ],
  [
    1621296000000,
    167482984.5032916
  ],
  [
    1621382400000,
    169951759.9924285
  ],
  [
    1621468800000,
    141016070.27786073
  ],
  [
    1621555200000,
    142530406.16941297
  ],
  [
    1621641600000,
    120144280.87805378
  ],
  [
    1621728000000,
    113021476.66276234
  ],
  [
    1621814400000,
    93312415.98866056
  ],
  [
    1621900800000,
    117128552.95181082
  ],
  [
    1621987200000,
    115252937.93565103
  ],
  [
    1622073600000,
    125273577.65839183
  ],
  [
    1622160000000,
    122399410.0457705
  ],
  [
    1622246400000,
    106339783.68646458
  ],
  [
    1622332800000,
    102715528.81347759
  ],
  [
    1622419200000,
    111655828.61679721
  ],
  [
    1622505600000,
    115186785.14483427
  ],
  [
    1622592000000,
    117460758.40590633
  ],
  [
    1622678400000,
    109922239.51003687
  ],
  [
    1622764800000,
    106766394.68917453
  ],
  [
    1622851200000,
    99714319.10882275
  ],
  [
    1622937600000,
    97107225.63621052
  ],
  [
    1623024000000,
    105004572.2350903
  ],
  [
    1623110400000,
    103314940.85767154
  ],
  [
    1623196800000,
    103740665.27974336
  ],
  [
    1623283200000,
    110013758.8325158
  ],
  [
    1623369600000,
    98447717.70537366
  ],
  [
    1623456000000,
    92184734.40135095
  ],
  [
    1623542400000,
    91236546.11631675
  ],
  [
    1623628800000,
    94604634.7341498
  ],
  [
    1623715200000,
    99310168.04921769
  ],
  [
    1623801600000,
    105290900.2731412
  ],
  [
    1623888000000,
    105595963.83979584
  ],
  [
    1623974400000,
    106077212.66948153
  ],
  [
    1624060800000,
    99557423.55836694
  ],
  [
    1624147200000,
    95057950.63440959
  ],
  [
    1624233600000,
    97755401.30530494
  ],
  [
    1624320000000,
    76707247.52258438
  ],
  [
    1624406400000,
    68060857.33871365
  ],
  [
    1624492800000,
    76259482.055677
  ],
  [
    1624579200000,
    80341905.67192437
  ],
  [
    1624665600000,
    74807876.625027
  ],
  [
    1624752000000,
    74274927.94199985
  ],
  [
    1624838400000,
    76852532.39234419
  ],
  [
    1624924800000,
    74513518.56658891
  ],
  [
    1625011200000,
    77561092.29144028
  ],
  [
    1625097600000,
    74970342.1995116
  ],
  [
    1625184000000,
    70139663.2224786
  ],
  [
    1625270400000,
    67927187.06705256
  ],
  [
    1625356800000,
    71004800.12570922
  ],
  [
    1625443200000,
    71325671.58706738
  ],
  [
    1625529600000,
    70432946.15407139
  ],
  [
    1625616000000,
    72357745.82754616
  ],
  [
    1625702400000,
    70394920.94670694
  ],
  [
    1625788800000,
    66946511.23079887
  ],
  [
    1625875200000,
    65351822.46298934
  ],
  [
    1625961600000,
    64065957.62304621
  ],
  [
    1626048000000,
    62192874.69519336
  ],
  [
    1626134400000,
    57308240.79876343
  ],
  [
    1626220800000,
    53509301.64680435
  ],
  [
    1626307200000,
    52945322.07881666
  ],
  [
    1626393600000,
    53689073.19287699
  ],
  [
    1626480000000,
    51882265.228896655
  ],
  [
    1626566400000,
    51954193.233442135
  ],
  [
    1626652800000,
    52859687.07628326
  ],
  [
    1626739200000,
    51910298.12284429
  ],
  [
    1626825600000,
    47048968.859791175
  ],
  [
    1626912000000,
    45277041.4331122
  ],
  [
    1626998400000,
    45318899.023930125
  ],
  [
    1627084800000,
    47334538.92317453
  ],
  [
    1627171200000,
    51158558.27250788
  ],
  [
    1627257600000,
    57992694.074338436
  ],
  [
    1627344000000,
    59797494.21080523
  ],
  [
    1627430400000,
    59981608.0705152
  ],
  [
    1627516800000,
    67241523.0763166
  ],
  [
    1627603200000,
    72877434.55858381
  ],
  [
    1627689600000,
    70894853.86275472
  ],
  [
    1627776000000,
    78618941.51504399
  ],
  [
    1627862400000,
    80287266.17457211
  ],
  [
    1627948800000,
    80195507.64528409
  ],
  [
    1628035200000,
    75805408.72321889
  ],
  [
    1628121600000,
    79033302.61852637
  ],
  [
    1628208000000,
    70353749.0350723
  ],
  [
    1628294400000,
    72233040.0460574
  ],
  [
    1628380800000,
    67446046.49167968
  ],
  [
    1628467200000,
    63576991.77596544
  ],
  [
    1628553600000,
    66254075.99244202
  ],
  [
    1628640000000,
    62905470.599643275
  ],
  [
    1628726400000,
    97827549.12336853
  ],
  [
    1628812800000,
    102215233.32201014
  ],
  [
    1628899200000,
    106676455.40427208
  ],
  [
    1628985600000,
    107757400.79619572
  ],
  [
    1629072000000,
    107789657.4029318
  ],
  [
    1629158400000,
    106767196.77145746
  ],
  [
    1629244800000,
    99011617.41839646
  ],
  [
    1629331200000,
    98929171.79408315
  ],
  [
    1629417600000,
    98824190.76183128
  ],
  [
    1629504000000,
    107786771.35037051
  ],
  [
    1629590400000,
    118105943.47549932
  ],
  [
    1629676800000,
    110766914.1282305
  ],
  [
    1629763200000,
    117502024.2001733
  ],
  [
    1629849600000,
    114574126.72550042
  ],
  [
    1629936000000,
    123700763.99658822
  ],
  [
    1630022400000,
    114016560.99314018
  ],
  [
    1630108800000,
    115891623.53957078
  ],
  [
    1630195200000,
    116087210.15210173
  ],
  [
    1630281600000,
    122402433.07258794
  ],
  [
    1630368000000,
    119618408.63553551
  ],
  [
    1630454400000,
    121813810.62884443
  ],
  [
    1630540800000,
    122132321.76757017
  ],
  [
    1630627200000,
    137868744.26790902
  ]
]