[
  [
    1617062400000,
    6806122.680239451
  ],
  [
    1617148800000,
    6806122.680239451
  ],
  [
    1617235200000,
    2043065.0989957368
  ],
  [
    1617321600000,
    1781650.5071236703
  ],
  [
    1617408000000,
    1262138.0629720762
  ],
  [
    1617494400000,
    702273.8297157842
  ],
  [
    1617580800000,
    234502.76772236306
  ],
  [
    1617667200000,
    622154.7388689223
  ],
  [
    1617753600000,
    638394.9598738
  ],
  [
    1617840000000,
    747201.770059636
  ],
  [
    1617926400000,
    705792.5748806654
  ],
  [
    1618012800000,
    527890.1145853963
  ],
  [
    1618099200000,
    582923.0622658479
  ],
  [
    1618185600000,
    497481.9881966736
  ],
  [
    1618272000000,
    367931.5700769636
  ],
  [
    1618358400000,
    235794.60081359063
  ],
  [
    1618444800000,
    231606.36842781646
  ],
  [
    1618531200000,
    306617.64607467095
  ],
  [
    1618617600000,
    139942.1612570105
  ],
  [
    1618704000000,
    100405.69220193011
  ],
  [
    1618790400000,
    214725.02159570903
  ],
  [
    1618876800000,
    331788.1287285175
  ],
  [
    1618963200000,
    142421.71537179418
  ],
  [
    1619049600000,
    288548.24044319894
  ],
  [
    1619136000000,
    170200.3859117163
  ],
  [
    1619222400000,
    111373.41122162486
  ],
  [
    1619308800000,
    85643.29868816226
  ],
  [
    1619395200000,
    84846.10624756837
  ],
  [
    1619481600000,
    286339.2106439904
  ],
  [
    1619568000000,
    309344.49511772004
  ],
  [
    1619654400000,
    461108.7321070368
  ],
  [
    1619740800000,
    57239.42568857559
  ],
  [
    1619827200000,
    86179.93200336075
  ],
  [
    1619913600000,
    80916.10370382087
  ],
  [
    1620000000000,
    127106.04313246849
  ],
  [
    1620086400000,
    135860.18258308462
  ],
  [
    1620172800000,
    97170.31127543162
  ],
  [
    1620259200000,
    40619.1637830083
  ],
  [
    1620345600000,
    185886.17731800888
  ],
  [
    1620432000000,
    226474.12424271056
  ],
  [
    1620518400000,
    36412.89739809255
  ],
  [
    1620604800000,
    113276.96543982583
  ],
  [
    1620691200000,
    128369.94021909645
  ],
  [
    1620777600000,
    82341.54406973068
  ],
  [
    1620864000000,
    95233.89948244668
  ],
  [
    1620950400000,
    148013.48135027417
  ],
  [
    1621036800000,
    163254.49138418643
  ],
  [
    1621123200000,
    62291.358409989145
  ],
  [
    1621209600000,
    197685.3006424495
  ],
  [
    1621296000000,
    206017.00452169328
  ],
  [
    1621382400000,
    149451.82375674113
  ],
  [
    1621468800000,
    258634.03652631864
  ],
  [
    1621555200000,
    52660.674362445694
  ],
  [
    1621641600000,
    103191.57179796956
  ],
  [
    1621728000000,
    7008.01010551045
  ],
  [
    1621814400000,
    93052.6052719693
  ],
  [
    1621900800000,
    34619.39927816321
  ],
  [
    1621987200000,
    170473.69145793398
  ],
  [
    1622073600000,
    92946.31538663818
  ],
  [
    1622160000000,
    32567.091885807542
  ],
  [
    1622246400000,
    32022.569864715115
  ],
  [
    1622332800000,
    32209.97955781882
  ],
  [
    1622419200000,
    20987.09154184767
  ],
  [
    1622505600000,
    16007.992999923552
  ],
  [
    1622592000000,
    11620.881621388598
  ],
  [
    1622678400000,
    22590.079191523844
  ],
  [
    1622764800000,
    20837.342347267597
  ],
  [
    1622851200000,
    54801.892515577965
  ],
  [
    1622937600000,
    12820.899784235226
  ],
  [
    1623024000000,
    48.86241616743224
  ],
  [
    1623110400000,
    42844.41754766977
  ],
  [
    1623196800000,
    26302.83269425993
  ],
  [
    1623283200000,
    6291.559215285229
  ],
  [
    1623369600000,
    23793.28072084305
  ],
  [
    1623456000000,
    35101.05795898901
  ],
  [
    1623542400000,
    25835.432837706026
  ],
  [
    1623628800000,
    4909.53924641408
  ],
  [
    1623715200000,
    2381.753967709342
  ],
  [
    1623801600000,
    2396.9015769152143
  ],
  [
    1623888000000,
    5714.902977615648
  ],
  [
    1623974400000,
    15840.599195963916
  ],
  [
    1624060800000,
    8947.060239349814
  ],
  [
    1624147200000,
    7901.689299095964
  ],
  [
    1624233600000,
    10728.00982486897
  ],
  [
    1624320000000,
    27339.61516103944
  ],
  [
    1624406400000,
    5063.234977773429
  ],
  [
    1624492800000,
    1076.2129202779065
  ],
  [
    1624579200000,
    3886.5477830616746
  ],
  [
    1624665600000,
    11905.670643944986
  ],
  [
    1624752000000,
    9926.63312303755
  ],
  [
    1624838400000,
    4208.969235373359
  ],
  [
    1624924800000,
    27919.340282149828
  ],
  [
    1625011200000,
    20872.932950595125
  ],
  [
    1625097600000,
    35365.854785448086
  ],
  [
    1625184000000,
    27644.592795941087
  ],
  [
    1625270400000,
    5029.813121322555
  ],
  [
    1625356800000,
    3415.82799940348
  ],
  [
    1625443200000,
    34249.82048032991
  ],
  [
    1625529600000,
    4974.416594780378
  ],
  [
    1625616000000,
    31719.36050996648
  ],
  [
    1625702400000,
    16401.065281438492
  ],
  [
    1625788800000,
    5947.072196039594
  ],
  [
    1625875200000,
    1764.1718596850324
  ],
  [
    1625961600000,
    4855.986716815766
  ],
  [
    1626048000000,
    919.7204010525658
  ],
  [
    1626134400000,
    13654.114014321243
  ],
  [
    1626220800000,
    13856.987739107948
  ],
  [
    1626307200000,
    44087.98290806093
  ],
  [
    1626393600000,
    30959.28284684846
  ],
  [
    1626480000000,
    22427.78791023335
  ],
  [
    1626566400000,
    1134.4047274259513
  ],
  [
    1626652800000,
    14209.704979107793
  ],
  [
    1626739200000,
    72297.57918730547
  ],
  [
    1626825600000,
    66644.69762107177
  ],
  [
    1626912000000,
    88799.74916463174
  ],
  [
    1626998400000,
    69863.70041166834
  ],
  [
    1627084800000,
    16705.916176854527
  ],
  [
    1627171200000,
    84901.35656908658
  ],
  [
    1627257600000,
    53726.058758087944
  ],
  [
    1627344000000,
    171199.38586823596
  ],
  [
    1627430400000,
    32441.1144251522
  ],
  [
    1627516800000,
    26472.706913481783
  ],
  [
    1627603200000,
    51507.19706830451
  ],
  [
    1627689600000,
    53123.4715767429
  ],
  [
    1627776000000,
    43522.475241360175
  ],
  [
    1627862400000,
    72657.09087326248
  ],
  [
    1627948800000,
    31013.96308861831
  ],
  [
    1628035200000,
    11601.185553343093
  ],
  [
    1628121600000,
    6382.003629490835
  ],
  [
    1628208000000,
    24093.46190054816
  ],
  [
    1628294400000,
    8480.888898997677
  ],
  [
    1628380800000,
    15641.077620696515
  ],
  [
    1628467200000,
    16497.689250791194
  ],
  [
    1628553600000,
    31264.44248243574
  ],
  [
    1628640000000,
    128707.62133075857
  ],
  [
    1628726400000,
    70513.9339215808
  ],
  [
    1628812800000,
    71467.33166471634
  ],
  [
    1628899200000,
    11918.374478726788
  ],
  [
    1628985600000,
    26468.343234657597
  ],
  [
    1629072000000,
    9619.204331685158
  ],
  [
    1629158400000,
    17658.07050076789
  ],
  [
    1629244800000,
    54245.1014383737
  ],
  [
    1629331200000,
    1966.6810940476203
  ],
  [
    1629417600000,
    5427.286873183012
  ],
  [
    1629504000000,
    30958.76550298112
  ],
  [
    1629590400000,
    9816.302294360103
  ],
  [
    1629676800000,
    24399.964537004395
  ],
  [
    1629763200000,
    5882.173215608291
  ],
  [
    1629849600000,
    3149.769112564701
  ],
  [
    1629936000000,
    65834.23567185088
  ],
  [
    1630022400000,
    7267.401639051223
  ],
  [
    1630108800000,
    3847.0196209673445
  ],
  [
    1630195200000,
    1935.67989025363
  ],
  [
    1630281600000,
    960.3293637061175
  ],
  [
    1630368000000,
    9676.747529036882
  ],
  [
    1630454400000,
    7357.495720735249
  ],
  [
    1630540800000,
    10282.762348653398
  ],
  [
    1630627200000,
    17949.51807337365
  ]
]