[
  [
    1622073600000,
    82792.68451327767
  ],
  [
    1622160000000,
    82792.68451327767
  ],
  [
    1622246400000,
    18518.029758708875
  ],
  [
    1622332800000,
    6223.109292370253
  ],
  [
    1622419200000,
    9777.732251774647
  ],
  [
    1622505600000,
    4240.3607998175075
  ],
  [
    1622592000000,
    4978.608452462386
  ],
  [
    1622678400000,
    12867.276322726557
  ],
  [
    1622764800000,
    11332.261260520458
  ],
  [
    1622851200000,
    5348.710870657864
  ],
  [
    1622937600000,
    4842.175989719643
  ],
  [
    1623024000000,
    1430.2072440774516
  ],
  [
    1623110400000,
    20201.156813485526
  ],
  [
    1623196800000,
    8322.124070860295
  ],
  [
    1623283200000,
    8512.096579626375
  ],
  [
    1623369600000,
    1542.1328930219684
  ],
  [
    1623456000000,
    3212.3612768987346
  ],
  [
    1623542400000,
    545.0854412938392
  ],
  [
    1623628800000,
    172.96808248174403
  ],
  [
    1623715200000,
    3561.9504972759887
  ],
  [
    1623801600000,
    1696.8435752955097
  ],
  [
    1624579200000,
    421.42896153210677
  ],
  [
    1624665600000,
    421.42896153210677
  ],
  [
    1624752000000,
    366.5131656022417
  ],
  [
    1624924800000,
    316.8693002055361
  ],
  [
    1625011200000,
    316.8693002055361
  ],
  [
    1625097600000,
    191.8844905669001
  ],
  [
    1625184000000,
    2137.2824440094037
  ],
  [
    1625270400000,
    375.7864665373348
  ],
  [
    1625356800000,
    1678.258471417301
  ],
  [
    1625443200000,
    1678.258471417301
  ],
  [
    1625529600000,
    60.23983692081347
  ],
  [
    1625616000000,
    450.31881627070845
  ],
  [
    1625702400000,
    2.0187125498565086
  ],
  [
    1625788800000,
    0.11112099154360057
  ],
  [
    1625875200000,
    5.144770635059335
  ],
  [
    1625961600000,
    6.344193732745239
  ],
  [
    1626048000000,
    17.45640045104121
  ],
  [
    1626134400000,
    17.45640045104121
  ],
  [
    1626220800000,
    642.2662560924026
  ],
  [
    1626307200000,
    38.31921926546062
  ],
  [
    1626393600000,
    1984.861357068611
  ],
  [
    1626480000000,
    321.85693382652244
  ],
  [
    1626566400000,
    52.302713064615546
  ],
  [
    1626652800000,
    51.44114337153454
  ],
  [
    1626739200000,
    51.44114337153454
  ],
  [
    1626825600000,
    3731.5760229581037
  ],
  [
    1626912000000,
    2311.3205161799524
  ],
  [
    1626998400000,
    588.7760489531147
  ],
  [
    1627084800000,
    1544.569499550527
  ],
  [
    1627171200000,
    1181.8140467602898
  ],
  [
    1627257600000,
    435.0419631054344
  ],
  [
    1627344000000,
    210.58987111632084
  ],
  [
    1627430400000,
    324.5705541679365
  ],
  [
    1627516800000,
    715.5084904832789
  ],
  [
    1627603200000,
    139.62241821169712
  ],
  [
    1627689600000,
    155.53383285090305
  ],
  [
    1627776000000,
    780.5438240606019
  ],
  [
    1627862400000,
    1042.4229473355845
  ],
  [
    1627948800000,
    64.47095812028203
  ],
  [
    1628035200000,
    134.61164727956108
  ],
  [
    1628121600000,
    52.68383275257269
  ],
  [
    1628208000000,
    500.08966997794425
  ],
  [
    1628294400000,
    521.9771615821855
  ],
  [
    1628380800000,
    715.9695074797127
  ],
  [
    1628467200000,
    1646.7997173183803
  ],
  [
    1628553600000,
    4070.0398714671155
  ],
  [
    1628640000000,
    743.5833197989436
  ],
  [
    1628726400000,
    3766.083863399712
  ],
  [
    1628812800000,
    8647.165549875897
  ],
  [
    1628899200000,
    3547.20952539794
  ],
  [
    1628985600000,
    1824.1030671818548
  ],
  [
    1629072000000,
    1129.3282706370753
  ],
  [
    1629158400000,
    3501.4937849957573
  ],
  [
    1629244800000,
    1921.6059459207327
  ],
  [
    1629331200000,
    1745.2311248392753
  ],
  [
    1629417600000,
    838.7875121723868
  ],
  [
    1629504000000,
    1237.9293117505658
  ],
  [
    1629590400000,
    2424.5972288617522
  ],
  [
    1629676800000,
    381.4748214731589
  ],
  [
    1629763200000,
    359.58011323106507
  ],
  [
    1629849600000,
    1924.0258286771946
  ],
  [
    1629936000000,
    1429.2929883359393
  ],
  [
    1630022400000,
    1618.467748215298
  ],
  [
    1630108800000,
    1449.682805838652
  ],
  [
    1630195200000,
    706.1633207825195
  ],
  [
    1630281600000,
    1075.1409606133157
  ],
  [
    1630368000000,
    2141.440869704509
  ],
  [
    1630454400000,
    3878.919629336337
  ],
  [
    1630540800000,
    15443.534185847766
  ],
  [
    1630627200000,
    1278.2040094113297
  ]
]