[
  [
    1600041600000,
    243061.056700224
  ],
  [
    1600128000000,
    243061.056700224
  ],
  [
    1600214400000,
    234792.60126649975
  ],
  [
    1600300800000,
    274215.4579183076
  ],
  [
    1600387200000,
    223335.7039465182
  ],
  [
    1600473600000,
    246045.5877186943
  ],
  [
    1600560000000,
    251438.79241967664
  ],
  [
    1600646400000,
    242418.0563676195
  ],
  [
    1600732800000,
    249896.7959956078
  ],
  [
    1600819200000,
    240208.08555705778
  ],
  [
    1600905600000,
    259826.6782088633
  ],
  [
    1600992000000,
    252937.58836735223
  ],
  [
    1601078400000,
    251458.35978317022
  ],
  [
    1601164800000,
    233995.45227131015
  ],
  [
    1601251200000,
    235498.70130580853
  ],
  [
    1601337600000,
    206472.11302674614
  ],
  [
    1603065600000,
    10275.462652113123
  ],
  [
    1603152000000,
    10275.462652113123
  ],
  [
    1603238400000,
    6472.851154757174
  ],
  [
    1603324800000,
    5848.5846684139615
  ],
  [
    1603411200000,
    6981.725176950904
  ],
  [
    1603497600000,
    11947.36651323339
  ],
  [
    1603584000000,
    8727.511216814599
  ],
  [
    1603670400000,
    2279.950343534622
  ],
  [
    1603756800000,
    31650.745091331428
  ],
  [
    1603843200000,
    20243.32434267071
  ],
  [
    1603929600000,
    7145.4523163705335
  ],
  [
    1604016000000,
    11960.94549453472
  ],
  [
    1604102400000,
    2634.579316350261
  ],
  [
    1604188800000,
    825.7926241297955
  ],
  [
    1604275200000,
    1221.1160229187144
  ],
  [
    1604361600000,
    240.6796868651165
  ],
  [
    1604448000000,
    50.66831047841867
  ],
  [
    1604534400000,
    861.759240188725
  ],
  [
    1604620800000,
    2065.998061863018
  ],
  [
    1604707200000,
    1349.8358124139666
  ],
  [
    1604793600000,
    3007.8197747353847
  ],
  [
    1604880000000,
    1516.1700884724848
  ],
  [
    1604966400000,
    3471.8573266215926
  ],
  [
    1605052800000,
    4752.9466077497755
  ],
  [
    1605139200000,
    2093.229397692145
  ],
  [
    1605225600000,
    6806.6071672208
  ],
  [
    1605312000000,
    3991.7587766984866
  ],
  [
    1605398400000,
    11122.504526306533
  ],
  [
    1605484800000,
    3371.8505861298413
  ],
  [
    1605571200000,
    4516.894835847135
  ],
  [
    1605657600000,
    1627.7709617276143
  ],
  [
    1605744000000,
    6704.817625068438
  ],
  [
    1605830400000,
    5968.976064906577
  ],
  [
    1605916800000,
    3022.864522574535
  ],
  [
    1606003200000,
    3608.285246606214
  ],
  [
    1606089600000,
    2084.9796512173934
  ],
  [
    1606176000000,
    4900.192168002324
  ],
  [
    1606262400000,
    2749.1787394366957
  ],
  [
    1606348800000,
    2247.933759822531
  ],
  [
    1606435200000,
    1632.4567944803232
  ],
  [
    1606521600000,
    599.5895302491222
  ],
  [
    1606608000000,
    893.0766535955004
  ],
  [
    1606694400000,
    1815.4445407058677
  ],
  [
    1606780800000,
    2443.7447717168393
  ],
  [
    1606867200000,
    307.2147868650024
  ],
  [
    1606953600000,
    5497.962793259191
  ],
  [
    1607040000000,
    1080.8191515128278
  ],
  [
    1607126400000,
    846.7240222957639
  ],
  [
    1607212800000,
    97.97404479264763
  ],
  [
    1607299200000,
    539.2880691421527
  ],
  [
    1607385600000,
    1856.064434337225
  ],
  [
    1607472000000,
    571.3085996988191
  ],
  [
    1607558400000,
    1250.1410061817921
  ],
  [
    1607644800000,
    586.6888462044311
  ],
  [
    1607731200000,
    534.4914136218063
  ],
  [
    1607817600000,
    2311.5843720426487
  ],
  [
    1607904000000,
    445.32174464183163
  ],
  [
    1608076800000,
    1554.6058568567191
  ],
  [
    1608163200000,
    1554.6058568567191
  ],
  [
    1608249600000,
    3321.0948596201224
  ],
  [
    1608336000000,
    563.5796894043102
  ],
  [
    1608422400000,
    3276.1794117341465
  ],
  [
    1608508800000,
    1723.1505185361607
  ],
  [
    1608595200000,
    326.0831624062853
  ],
  [
    1608681600000,
    330.80885497169396
  ],
  [
    1608768000000,
    330.80885497169396
  ],
  [
    1608854400000,
    516.3537922140426
  ],
  [
    1608940800000,
    312.39717499716085
  ],
  [
    1609027200000,
    330.6457887262928
  ],
  [
    1609113600000,
    330.6457887262928
  ],
  [
    1609200000000,
    2059.517576640809
  ],
  [
    1609286400000,
    458.67337807322247
  ],
  [
    1609372800000,
    99.55023731123532
  ],
  [
    1609459200000,
    149.99378011662614
  ],
  [
    1609632000000,
    1171.94146706147
  ],
  [
    1609718400000,
    1171.94146706147
  ],
  [
    1609804800000,
    2052.538021467596
  ],
  [
    1609891200000,
    1157.5938633712994
  ],
  [
    1609977600000,
    1157.5938633712994
  ],
  [
    1610064000000,
    1037.3312923790488
  ],
  [
    1610150400000,
    254.3682102030639
  ],
  [
    1610236800000,
    132.7944627940071
  ],
  [
    1610323200000,
    410.2768504974323
  ],
  [
    1610409600000,
    1584.7841411644656
  ],
  [
    1610496000000,
    788.0712123467437
  ],
  [
    1610582400000,
    1300.1357893035265
  ],
  [
    1610668800000,
    312.0928473267669
  ],
  [
    1610928000000,
    26.71476147082971
  ],
  [
    1611014400000,
    26.71476147082971
  ],
  [
    1611100800000,
    1528.6603732131218
  ],
  [
    1611187200000,
    933.0147650815035
  ],
  [
    1611273600000,
    851.3905289999885
  ],
  [
    1611360000000,
    1263.3822497816263
  ],
  [
    1611446400000,
    142.69973006990313
  ],
  [
    1611532800000,
    1382.5192380251028
  ],
  [
    1611619200000,
    1382.5192380251028
  ],
  [
    1611705600000,
    704.7303376735667
  ],
  [
    1611792000000,
    1550.074940367231
  ],
  [
    1611878400000,
    916.7936583988895
  ],
  [
    1612137600000,
    1132.587406683547
  ],
  [
    1612224000000,
    1132.587406683547
  ],
  [
    1612310400000,
    1216.3213533910175
  ],
  [
    1612396800000,
    1121.086652987115
  ],
  [
    1612483200000,
    1594.3011637038219
  ],
  [
    1612569600000,
    5097.939927580002
  ],
  [
    1612656000000,
    2158.922156579393
  ],
  [
    1612742400000,
    788.3046350903301
  ],
  [
    1613606400000,
    1657.969367583993
  ],
  [
    1613692800000,
    1657.969367583993
  ],
  [
    1613952000000,
    1044.9007439554716
  ],
  [
    1614038400000,
    1044.9007439554716
  ],
  [
    1614124800000,
    586.238697202616
  ],
  [
    1614297600000,
    546.6520232786305
  ],
  [
    1614384000000,
    546.6520232786305
  ],
  [
    1614470400000,
    985.4828375718556
  ],
  [
    1614556800000,
    985.4828375718556
  ],
  [
    1614643200000,
    719.5245405624693
  ],
  [
    1614816000000,
    1124.4982317765837
  ],
  [
    1614902400000,
    1124.4982317765837
  ],
  [
    1614988800000,
    654.0925801938055
  ],
  [
    1615075200000,
    654.0925801938055
  ],
  [
    1615334400000,
    944.4013826447757
  ],
  [
    1615420800000,
    944.4013826447757
  ],
  [
    1615680000000,
    965.2961232465132
  ],
  [
    1615766400000,
    965.2961232465132
  ],
  [
    1615852800000,
    968.24545925247
  ],
  [
    1615939200000,
    968.24545925247
  ],
  [
    1616544000000,
    8065.703943402352
  ],
  [
    1616630400000,
    8065.703943402352
  ],
  [
    1616716800000,
    133724.60748142234
  ],
  [
    1616803200000,
    2227.7257145301874
  ],
  [
    1616889600000,
    2488.950034052216
  ],
  [
    1616976000000,
    1247.270526546178
  ],
  [
    1617062400000,
    328.4800950021464
  ],
  [
    1617494400000,
    497.70431934775735
  ],
  [
    1617580800000,
    497.70431934775735
  ],
  [
    1617667200000,
    193.48811144281512
  ],
  [
    1617753600000,
    193.48811144281512
  ],
  [
    1617840000000,
    21.108874401297566
  ],
  [
    1618272000000,
    1574.797363505558
  ],
  [
    1618358400000,
    1574.797363505558
  ],
  [
    1618531200000,
    2102.8775404181993
  ],
  [
    1618617600000,
    2102.8775404181993
  ],
  [
    1619827200000,
    3615.4087389471106
  ],
  [
    1619913600000,
    3615.4087389471106
  ],
  [
    1620000000000,
    117.31983071631575
  ],
  [
    1620432000000,
    961.6150194924263
  ],
  [
    1620518400000,
    961.6150194924263
  ],
  [
    1620604800000,
    474.5037745607212
  ],
  [
    1620691200000,
    474.5037745607212
  ],
  [
    1620777600000,
    580.0718888013943
  ],
  [
    1620864000000,
    580.0718888013943
  ],
  [
    1621036800000,
    1931.6900274887175
  ],
  [
    1621123200000,
    1931.6900274887175
  ],
  [
    1621209600000,
    913.7587808427146
  ],
  [
    1623024000000,
    75.36681264493346
  ],
  [
    1623110400000,
    75.36681264493346
  ],
  [
    1624060800000,
    20.455379736219275
  ],
  [
    1624147200000,
    20.455379736219275
  ],
  [
    1624233600000,
    191.34811631089903
  ],
  [
    1624320000000,
    191.34811631089903
  ],
  [
    1626480000000,
    185.10217761241526
  ],
  [
    1626566400000,
    185.10217761241526
  ],
  [
    1627516800000,
    282.7198319439764
  ],
  [
    1627603200000,
    282.7198319439764
  ],
  [
    1629504000000,
    2515.095756913423
  ],
  [
    1629590400000,
    2515.095756913423
  ],
  [
    1629676800000,
    97.30366536296556
  ],
  [
    1629763200000,
    49.306625811277236
  ],
  [
    1630540800000,
    0
  ],
  [
    1630627200000,
    0
  ]
]