[
  [
    1609286400000,
    0
  ],
  [
    1609372800000,
    0
  ],
  [
    1609459200000,
    0
  ],
  [
    1609545600000,
    0
  ],
  [
    1609632000000,
    0
  ],
  [
    1609718400000,
    0
  ],
  [
    1609804800000,
    0
  ],
  [
    1609891200000,
    0
  ],
  [
    1609977600000,
    0
  ],
  [
    1610064000000,
    0
  ],
  [
    1610150400000,
    0
  ],
  [
    1610236800000,
    0
  ],
  [
    1610323200000,
    0
  ],
  [
    1610409600000,
    0
  ],
  [
    1610496000000,
    0
  ],
  [
    1610582400000,
    0
  ],
  [
    1610668800000,
    0
  ],
  [
    1610755200000,
    0
  ],
  [
    1610841600000,
    0
  ],
  [
    1610928000000,
    0
  ],
  [
    1611014400000,
    0
  ],
  [
    1611100800000,
    0
  ],
  [
    1611187200000,
    0
  ],
  [
    1611273600000,
    0
  ],
  [
    1611360000000,
    0
  ],
  [
    1611446400000,
    0
  ],
  [
    1611532800000,
    0
  ],
  [
    1611619200000,
    0
  ],
  [
    1611705600000,
    0
  ],
  [
    1611792000000,
    0
  ],
  [
    1611878400000,
    0
  ],
  [
    1611964800000,
    0
  ],
  [
    1612051200000,
    0
  ],
  [
    1612137600000,
    0
  ],
  [
    1612224000000,
    0
  ],
  [
    1612310400000,
    0
  ],
  [
    1612396800000,
    0
  ],
  [
    1612483200000,
    0
  ],
  [
    1612569600000,
    0
  ],
  [
    1612656000000,
    0
  ],
  [
    1612742400000,
    0
  ],
  [
    1612828800000,
    0
  ],
  [
    1612915200000,
    0
  ],
  [
    1613001600000,
    0
  ],
  [
    1613088000000,
    0
  ],
  [
    1613174400000,
    0
  ],
  [
    1613260800000,
    0
  ],
  [
    1613347200000,
    0
  ],
  [
    1613433600000,
    0
  ],
  [
    1613520000000,
    0
  ],
  [
    1613606400000,
    0
  ],
  [
    1613692800000,
    0
  ],
  [
    1613779200000,
    0
  ],
  [
    1613865600000,
    0
  ],
  [
    1613952000000,
    0
  ],
  [
    1614038400000,
    0
  ],
  [
    1614124800000,
    0
  ],
  [
    1614211200000,
    0
  ],
  [
    1614297600000,
    0
  ],
  [
    1614384000000,
    0
  ],
  [
    1614470400000,
    0
  ],
  [
    1614556800000,
    0
  ],
  [
    1614643200000,
    0
  ],
  [
    1614729600000,
    0
  ],
  [
    1614816000000,
    6654141.405745331
  ],
  [
    1614902400000,
    7577375.478833389
  ],
  [
    1614988800000,
    7347491.756209674
  ],
  [
    1615075200000,
    9430982.419654628
  ],
  [
    1615161600000,
    12027552.91084201
  ],
  [
    1615248000000,
    12489558.553567396
  ],
  [
    1615334400000,
    12397126.166801257
  ],
  [
    1615420800000,
    11739343.21500887
  ],
  [
    1615507200000,
    15063083.749435807
  ],
  [
    1615593600000,
    18013337.66447756
  ],
  [
    1615680000000,
    23412381.365992676
  ],
  [
    1615766400000,
    21525708.806467544
  ],
  [
    1615852800000,
    29565147.418976776
  ],
  [
    1615939200000,
    26885045.92808502
  ],
  [
    1616025600000,
    25667084.103350148
  ],
  [
    1616112000000,
    22924154.75359949
  ],
  [
    1616198400000,
    21974491.973898835
  ],
  [
    1616284800000,
    23812025.90540728
  ],
  [
    1616371200000,
    21426578.35477681
  ],
  [
    1616457600000,
    17213228.822675884
  ],
  [
    1616544000000,
    19348545.714032654
  ],
  [
    1616630400000,
    17126857.766497158
  ],
  [
    1616716800000,
    15646996.672863001
  ],
  [
    1616803200000,
    22670661.16707922
  ],
  [
    1616889600000,
    22939430.914525673
  ],
  [
    1616976000000,
    21788851.40493584
  ],
  [
    1617062400000,
    26513609.357222944
  ],
  [
    1617148800000,
    26092626.131202407
  ],
  [
    1617235200000,
    22081492.51571601
  ],
  [
    1617321600000,
    19319668.252891604
  ],
  [
    1617408000000,
    16193834.57441581
  ],
  [
    1617494400000,
    16924424.899827193
  ],
  [
    1617580800000,
    13959635.522485618
  ],
  [
    1617667200000,
    11899477.628590452
  ],
  [
    1617753600000,
    9402824.79643987
  ],
  [
    1617840000000,
    11954792.456483282
  ],
  [
    1617926400000,
    11378225.401028764
  ],
  [
    1618012800000,
    11873359.803230843
  ],
  [
    1618099200000,
    10052945.087974587
  ],
  [
    1618185600000,
    10550175.191743704
  ],
  [
    1618272000000,
    8537408.233956883
  ],
  [
    1618358400000,
    7711329.935255123
  ],
  [
    1618444800000,
    7531785.81782853
  ],
  [
    1618531200000,
    7618918.570526802
  ],
  [
    1618617600000,
    9576799.63776234
  ],
  [
    1618704000000,
    8159469.346204259
  ],
  [
    1618790400000,
    7665818.526604754
  ],
  [
    1618876800000,
    6603294.804347774
  ],
  [
    1618963200000,
    6477355.729668571
  ],
  [
    1619049600000,
    5720819.878920822
  ],
  [
    1619136000000,
    5431819.374968669
  ],
  [
    1619222400000,
    5146922.245797358
  ],
  [
    1619308800000,
    5808924.453125592
  ],
  [
    1619395200000,
    5412553.664393398
  ],
  [
    1619481600000,
    5724606.254329117
  ],
  [
    1619568000000,
    5241989.9869535575
  ],
  [
    1619654400000,
    6183437.7125407625
  ],
  [
    1619740800000,
    6318212.989121685
  ],
  [
    1619827200000,
    6591469.508551269
  ],
  [
    1619913600000,
    6100267.742613744
  ],
  [
    1620000000000,
    5492406.765876143
  ],
  [
    1620086400000,
    5766474.884982237
  ],
  [
    1620172800000,
    5634454.172557715
  ],
  [
    1620259200000,
    6854948.868971578
  ],
  [
    1620345600000,
    6314399.542127603
  ],
  [
    1620432000000,
    5838299.268129983
  ],
  [
    1620518400000,
    5813693.2692379
  ],
  [
    1620604800000,
    6399127.406428551
  ],
  [
    1620691200000,
    5582143.5340600265
  ],
  [
    1620777600000,
    5539694.36156654
  ],
  [
    1620864000000,
    5437850.79430747
  ],
  [
    1620950400000,
    4799692.359040357
  ],
  [
    1621036800000,
    4794558.398260625
  ],
  [
    1621123200000,
    4094084.9813168356
  ],
  [
    1621209600000,
    4039301.15756296
  ],
  [
    1621296000000,
    3684622.920963153
  ],
  [
    1621382400000,
    3951385.4332296317
  ],
  [
    1621468800000,
    2746013.9592312556
  ],
  [
    1621555200000,
    3045495.76359378
  ],
  [
    1621641600000,
    2268962.465161475
  ],
  [
    1621728000000,
    2497130.6510705394
  ],
  [
    1621814400000,
    2136436.6553316982
  ],
  [
    1621900800000,
    2438254.512637266
  ],
  [
    1621987200000,
    2481955.3990143714
  ],
  [
    1622073600000,
    3753041.810157964
  ],
  [
    1622160000000,
    4131099.320706477
  ],
  [
    1622246400000,
    3292957.876484167
  ],
  [
    1622332800000,
    2973266.2760798195
  ],
  [
    1622419200000,
    3211042.823906147
  ],
  [
    1622505600000,
    3861919.515869167
  ],
  [
    1622592000000,
    3377648.222202282
  ],
  [
    1622678400000,
    3747309.243037015
  ],
  [
    1622764800000,
    3498442.630695988
  ],
  [
    1622851200000,
    3140791.490367665
  ],
  [
    1622937600000,
    2645803.5044911224
  ],
  [
    1623024000000,
    2727444.837599921
  ],
  [
    1623110400000,
    2346506.6748479144
  ],
  [
    1623196800000,
    2312915.0402079467
  ],
  [
    1623283200000,
    2190380.0979466652
  ],
  [
    1623369600000,
    1919392.1516695977
  ],
  [
    1623456000000,
    3202992.636871155
  ],
  [
    1623542400000,
    2743529.7044459684
  ],
  [
    1623628800000,
    3537959.9963179934
  ],
  [
    1623715200000,
    3599380.4809107813
  ],
  [
    1623801600000,
    3212964.1380435666
  ],
  [
    1623888000000,
    2752212.419974295
  ],
  [
    1623974400000,
    3266334.8534586253
  ],
  [
    1624060800000,
    2801856.857858062
  ],
  [
    1624147200000,
    2894682.8841223107
  ],
  [
    1624233600000,
    2914052.8103841087
  ],
  [
    1624320000000,
    2295738.599333234
  ],
  [
    1624406400000,
    2074089.6669925957
  ],
  [
    1624492800000,
    2134853.1072056433
  ],
  [
    1624579200000,
    2622847.886390546
  ],
  [
    1624665600000,
    2084617.9538726197
  ],
  [
    1624752000000,
    1881509.7646805055
  ],
  [
    1624838400000,
    1971110.8146938244
  ],
  [
    1624924800000,
    1853310.0847883753
  ],
  [
    1625011200000,
    1925507.3387929013
  ],
  [
    1625097600000,
    2168631.042273865
  ],
  [
    1625184000000,
    1889079.6654225579
  ],
  [
    1625270400000,
    1689943.3942144318
  ],
  [
    1625356800000,
    1643348.3945626365
  ],
  [
    1625443200000,
    1683232.7708282152
  ],
  [
    1625529600000,
    1636204.0423659626
  ],
  [
    1625616000000,
    1574845.8918444733
  ],
  [
    1625702400000,
    1971723.2058029291
  ],
  [
    1625788800000,
    1893435.2838355117
  ],
  [
    1625875200000,
    2063349.8535867042
  ],
  [
    1625961600000,
    1981111.4341694098
  ],
  [
    1626048000000,
    2125479.7893741494
  ],
  [
    1626134400000,
    1958007.5189913902
  ],
  [
    1626220800000,
    1821853.633044203
  ],
  [
    1626307200000,
    1786492.176707617
  ],
  [
    1626393600000,
    2339096.1876476267
  ],
  [
    1626480000000,
    2181701.0981114693
  ],
  [
    1626566400000,
    2125149.256639852
  ],
  [
    1626652800000,
    2206426.691420282
  ],
  [
    1626739200000,
    1735467.135268291
  ],
  [
    1626825600000,
    1716614.8222006836
  ],
  [
    1626912000000,
    1770001.4602565865
  ],
  [
    1626998400000,
    1645159.6809155946
  ],
  [
    1627084800000,
    1714777.371562071
  ],
  [
    1627171200000,
    1873388.8372614484
  ],
  [
    1627257600000,
    2196819.6922846427
  ],
  [
    1627344000000,
    2196024.816705695
  ],
  [
    1627430400000,
    2967352.4246066622
  ],
  [
    1627516800000,
    3228210.5896807024
  ],
  [
    1627603200000,
    3072694.7591269165
  ],
  [
    1627689600000,
    2936876.2386127952
  ],
  [
    1627776000000,
    3453052.486097044
  ],
  [
    1627862400000,
    3748356.841351002
  ],
  [
    1627948800000,
    4134905.380285049
  ],
  [
    1628035200000,
    3396822.917207939
  ],
  [
    1628121600000,
    6831217.595962712
  ],
  [
    1628208000000,
    6549757.801383789
  ],
  [
    1628294400000,
    7192118.703225022
  ],
  [
    1628380800000,
    7012156.161118188
  ],
  [
    1628467200000,
    5888150.298613887
  ],
  [
    1628553600000,
    5791391.208526516
  ],
  [
    1628640000000,
    5447867.742983724
  ],
  [
    1628726400000,
    4628040.749677289
  ],
  [
    1628812800000,
    4211184.262779364
  ],
  [
    1628899200000,
    4877462.717915818
  ],
  [
    1628985600000,
    4438697.880786386
  ],
  [
    1629072000000,
    4394825.680659048
  ],
  [
    1629158400000,
    3664976.4216158316
  ],
  [
    1629244800000,
    3621085.4952048333
  ],
  [
    1629331200000,
    3726625.508909957
  ],
  [
    1629417600000,
    3769595.1416229648
  ],
  [
    1629504000000,
    3851878.2996789087
  ],
  [
    1629590400000,
    4621931.367474971
  ],
  [
    1629676800000,
    5992765.732003705
  ],
  [
    1629763200000,
    5985083.876549853
  ],
  [
    1629849600000,
    4931309.485344696
  ],
  [
    1629936000000,
    5530263.947125987
  ],
  [
    1630022400000,
    4539721.480147054
  ],
  [
    1630108800000,
    4520521.094909264
  ],
  [
    1630195200000,
    5600861.090595703
  ],
  [
    1630281600000,
    5865925.869136993
  ],
  [
    1630368000000,
    4907071.867077168
  ],
  [
    1630454400000,
    5218848.973427161
  ],
  [
    1630540800000,
    7308102.985568296
  ],
  [
    1630627200000,
    6683436.557875888
  ]
]