[
  [
    1622592000000,
    4.4171620436782535e-9
  ],
  [
    1622678400000,
    4.4171620436782535e-9
  ],
  [
    1622764800000,
    3.6464079610369673e-9
  ],
  [
    1622851200000,
    4.388495404032887e-9
  ],
  [
    1622937600000,
    3.51909351041273e-9
  ],
  [
    1623024000000,
    8.480897872564038e-9
  ],
  [
    1623110400000,
    8.104748130226187e-9
  ],
  [
    1623196800000,
    6.131969716274356e-9
  ],
  [
    1623283200000,
    5.655321483358771e-9
  ],
  [
    1623369600000,
    5.196233254398254e-9
  ],
  [
    1623456000000,
    4.589709277951074e-9
  ],
  [
    1623542400000,
    3.95306909038871e-9
  ],
  [
    1623628800000,
    3.6779988584448833e-9
  ],
  [
    1623715200000,
    4.076994826289982e-9
  ],
  [
    1623801600000,
    3.1890406547037706e-9
  ],
  [
    1623888000000,
    2.5350344098776162e-9
  ],
  [
    1623974400000,
    2.6612118211327457e-9
  ],
  [
    1624060800000,
    2.1669870938113305e-9
  ],
  [
    1624147200000,
    2.4528031029119675e-9
  ],
  [
    1624233600000,
    2.6456835006680313e-9
  ],
  [
    1624320000000,
    2.1792411345776637e-9
  ],
  [
    1624406400000,
    1.9184711242136604e-9
  ],
  [
    1624492800000,
    2.381163892096816e-9
  ],
  [
    1624579200000,
    2.2062433742661178e-9
  ],
  [
    1624665600000,
    2.272000911067338e-9
  ],
  [
    1624752000000,
    1.8777819655722643e-9
  ],
  [
    1624838400000,
    2.0872375305223293e-9
  ],
  [
    1624924800000,
    2.0523341721441144e-9
  ],
  [
    1625011200000,
    2.296369378012436e-9
  ],
  [
    1625097600000,
    2.7451286519213305e-9
  ],
  [
    1625184000000,
    2.3472456374513293e-9
  ],
  [
    1625270400000,
    2.6400550829842e-9
  ],
  [
    1625356800000,
    2.905124226162651e-9
  ],
  [
    1625443200000,
    2.987953529648844e-9
  ],
  [
    1625529600000,
    2.46588803144115e-9
  ],
  [
    1625616000000,
    2.628267911404788e-9
  ],
  [
    1625702400000,
    2.5285310160509026e-9
  ],
  [
    1625788800000,
    2.5096906913735907e-9
  ],
  [
    1625875200000,
    2.6144458918360633e-9
  ],
  [
    1625961600000,
    2.271581364414643e-9
  ],
  [
    1626048000000,
    2.1257860508657115e-9
  ],
  [
    1626134400000,
    1.982015075572372e-9
  ],
  [
    1626220800000,
    1.9256610468980372e-9
  ],
  [
    1626307200000,
    1.9038000934919402e-9
  ],
  [
    1626393600000,
    1.83196927895243e-9
  ],
  [
    1626480000000,
    1.7846259175679038e-9
  ],
  [
    1626566400000,
    1.6494361213488354e-9
  ],
  [
    1626652800000,
    1.6651142171705047e-9
  ],
  [
    1626739200000,
    1.5954723902680365e-9
  ],
  [
    1626825600000,
    1.591074845905693e-9
  ],
  [
    1626912000000,
    1.8397156181676449e-9
  ],
  [
    1626998400000,
    1.867561982498794e-9
  ],
  [
    1627084800000,
    1.8590975361165164e-9
  ],
  [
    1627171200000,
    1.4674855377468854e-9
  ],
  [
    1627257600000,
    1.5736695857239085e-9
  ],
  [
    1627344000000,
    1.4724822182380174e-9
  ],
  [
    1627430400000,
    1.486735093372954e-9
  ],
  [
    1627516800000,
    1.3817582952680257e-9
  ],
  [
    1627603200000,
    1.4053604850849936e-9
  ],
  [
    1627689600000,
    1.3150262553165233e-9
  ],
  [
    1627776000000,
    1.356408294089721e-9
  ],
  [
    1627862400000,
    2.1169726616665355e-9
  ],
  [
    1627948800000,
    2.1791870758791173e-9
  ],
  [
    1628035200000,
    1.8422902790995023e-9
  ],
  [
    1628121600000,
    2.1924213116546714e-9
  ],
  [
    1628208000000,
    2.1514134471702862e-9
  ],
  [
    1628294400000,
    2.1987635881605232e-9
  ],
  [
    1628380800000,
    2.5779600838560435e-9
  ],
  [
    1628467200000,
    2.550980513753861e-9
  ],
  [
    1628553600000,
    2.4655512277710786e-9
  ],
  [
    1628640000000,
    2.033508563646165e-9
  ],
  [
    1628726400000,
    1.8864476751562212e-9
  ],
  [
    1628812800000,
    2.0674559637264615e-9
  ],
  [
    1628899200000,
    1.932413164245627e-9
  ],
  [
    1628985600000,
    2.0633070975856536e-9
  ],
  [
    1629072000000,
    2.1698607272251572e-9
  ],
  [
    1629158400000,
    1.829991970835731e-9
  ],
  [
    1629244800000,
    1.8661209813900787e-9
  ],
  [
    1629331200000,
    1.7066775057679885e-9
  ],
  [
    1629417600000,
    1.7995334273617625e-9
  ],
  [
    1629504000000,
    1.8650200570724652e-9
  ],
  [
    1629590400000,
    1.7867439728318721e-9
  ],
  [
    1629676800000,
    1.593174404203105e-9
  ],
  [
    1629763200000,
    1.9432530529112225e-9
  ],
  [
    1629849600000,
    1.7167468010674149e-9
  ],
  [
    1629936000000,
    1.883087643920644e-9
  ],
  [
    1630022400000,
    1.7550022221386521e-9
  ],
  [
    1630108800000,
    1.6679729983607083e-9
  ],
  [
    1630195200000,
    1.5666929452057298e-9
  ],
  [
    1630281600000,
    2.185345856249569e-9
  ],
  [
    1630368000000,
    2.201763997055926e-9
  ],
  [
    1630454400000,
    2.303690224171888e-9
  ],
  [
    1630540800000,
    1.9449826290625094e-9
  ],
  [
    1630627200000,
    1.9675473130664653e-9
  ]
]