[
  [
    1591660800000,
    2229.5057472520357
  ],
  [
    1591747200000,
    2229.5057472520357
  ],
  [
    1591833600000,
    1257.7773443580913
  ],
  [
    1591920000000,
    3366.1429255811768
  ],
  [
    1592006400000,
    1907.2882231110784
  ],
  [
    1592092800000,
    2169.2824181782703
  ],
  [
    1592179200000,
    14.166981400068117
  ],
  [
    1592265600000,
    5358.653207556424
  ],
  [
    1592352000000,
    3582.086754316195
  ],
  [
    1592438400000,
    3811.8137506228163
  ],
  [
    1592524800000,
    4636.337778774687
  ],
  [
    1592611200000,
    6474.377893750719
  ],
  [
    1592697600000,
    2392.7333132696895
  ],
  [
    1592784000000,
    1068.5554921778976
  ],
  [
    1592870400000,
    2170.363393839742
  ],
  [
    1592956800000,
    3160.6826752938905
  ],
  [
    1593043200000,
    2549.245827480229
  ],
  [
    1593129600000,
    993.5414827794409
  ],
  [
    1593216000000,
    3101.7089820284905
  ],
  [
    1593302400000,
    808.9307350464888
  ],
  [
    1593388800000,
    17.379983547706665
  ],
  [
    1593475200000,
    393.7054042415429
  ],
  [
    1593561600000,
    3.848698201084495
  ],
  [
    1593648000000,
    9122.84165745404
  ],
  [
    1593734400000,
    9704.868467691143
  ],
  [
    1593993600000,
    9691.316025808579
  ],
  [
    1594080000000,
    9691.316025808579
  ],
  [
    1594166400000,
    2630.8138185013718
  ],
  [
    1594252800000,
    5462.280275104211
  ],
  [
    1594339200000,
    5302.682279382842
  ],
  [
    1594425600000,
    7948.112559222782
  ],
  [
    1594512000000,
    6577.9496220653855
  ],
  [
    1594598400000,
    14307.881865708212
  ],
  [
    1594684800000,
    8119.018709327901
  ],
  [
    1594771200000,
    2990.9926877867433
  ],
  [
    1594857600000,
    2370.271755912477
  ],
  [
    1594944000000,
    961.0936065886713
  ],
  [
    1595030400000,
    4133.941529855254
  ],
  [
    1595116800000,
    3675.1496056675064
  ],
  [
    1595203200000,
    1118.9749122895585
  ],
  [
    1595289600000,
    1118.6580243914875
  ],
  [
    1595376000000,
    232.03407080682024
  ],
  [
    1595462400000,
    1239.7962818038006
  ],
  [
    1595548800000,
    1389.619327536166
  ],
  [
    1596758400000,
    0
  ],
  [
    1596844800000,
    0
  ],
  [
    1596931200000,
    0
  ],
  [
    1597017600000,
    0
  ],
  [
    1597104000000,
    0
  ],
  [
    1597190400000,
    0
  ],
  [
    1597276800000,
    0
  ],
  [
    1597363200000,
    0
  ],
  [
    1597449600000,
    0
  ],
  [
    1597536000000,
    0
  ],
  [
    1597622400000,
    0
  ],
  [
    1597708800000,
    0
  ],
  [
    1597795200000,
    0
  ],
  [
    1597881600000,
    0
  ],
  [
    1597968000000,
    0
  ],
  [
    1598054400000,
    0
  ],
  [
    1598140800000,
    0
  ],
  [
    1598227200000,
    0
  ],
  [
    1598313600000,
    0
  ],
  [
    1598400000000,
    70.97676914985387
  ],
  [
    1598486400000,
    0
  ],
  [
    1598572800000,
    3745.870805237002
  ],
  [
    1598659200000,
    4239.325465327868
  ],
  [
    1598745600000,
    3901.6448809140825
  ],
  [
    1598832000000,
    4038.0396166459664
  ],
  [
    1598918400000,
    3899.075848485835
  ],
  [
    1599004800000,
    4310.6665838466815
  ],
  [
    1599091200000,
    4081.6314461802604
  ],
  [
    1599177600000,
    3402.6430327327125
  ],
  [
    1599264000000,
    4056.843944008863
  ],
  [
    1599350400000,
    3713.8979074019717
  ],
  [
    1599436800000,
    3280.4606542397883
  ],
  [
    1599523200000,
    3407.4157164020257
  ],
  [
    1599609600000,
    3819.6265973481904
  ],
  [
    1599696000000,
    3808.137084000653
  ],
  [
    1599782400000,
    3696.2247193796843
  ],
  [
    1599868800000,
    3139.167402746216
  ],
  [
    1599955200000,
    3817.020787849217
  ],
  [
    1600041600000,
    3577.5412284965
  ],
  [
    1600128000000,
    3850.2286500884666
  ],
  [
    1600214400000,
    3585.2403443423827
  ],
  [
    1600300800000,
    4248.348259496126
  ],
  [
    1600387200000,
    4148.739384406861
  ],
  [
    1600473600000,
    4134.278112792963
  ],
  [
    1600560000000,
    3763.946934337362
  ],
  [
    1600646400000,
    3968.7605370702254
  ],
  [
    1600732800000,
    3700.2583716886033
  ],
  [
    1600819200000,
    3706.3735252381734
  ],
  [
    1600905600000,
    3449.4865986411396
  ],
  [
    1600992000000,
    3546.4099961467364
  ],
  [
    1601078400000,
    3981.9526374709603
  ],
  [
    1601164800000,
    3213.057531843466
  ],
  [
    1601251200000,
    4159.228140045279
  ],
  [
    1601337600000,
    3314.27958303289
  ],
  [
    1601424000000,
    3526.030560568924
  ],
  [
    1601510400000,
    2874.952308539278
  ],
  [
    1601596800000,
    2713.102172769187
  ],
  [
    1601683200000,
    2624.347654025987
  ],
  [
    1601769600000,
    2655.12465129227
  ],
  [
    1601856000000,
    3608.6282686097306
  ],
  [
    1601942400000,
    3545.8650891280517
  ],
  [
    1602028800000,
    3451.6006587490165
  ],
  [
    1602115200000,
    2825.9710411484616
  ],
  [
    1602201600000,
    3603.109501545823
  ],
  [
    1602288000000,
    3055.58340944626
  ],
  [
    1602374400000,
    3125.564271374121
  ],
  [
    1602460800000,
    3570.310169455928
  ],
  [
    1602547200000,
    4022.8875968412012
  ],
  [
    1602633600000,
    3787.9292008532902
  ],
  [
    1602720000000,
    3793.0042734911876
  ],
  [
    1602806400000,
    3648.7199370915823
  ],
  [
    1602892800000,
    3593.9453087391803
  ],
  [
    1602979200000,
    3669.02528010851
  ],
  [
    1603065600000,
    3706.159950471082
  ],
  [
    1603152000000,
    3924.6016475872993
  ],
  [
    1603238400000,
    3549.8008787020735
  ],
  [
    1603324800000,
    3747.616650493872
  ],
  [
    1603411200000,
    4019.1454772840616
  ],
  [
    1603497600000,
    3631.412479805115
  ],
  [
    1603584000000,
    3981.92350617545
  ],
  [
    1603670400000,
    3127.142593724972
  ],
  [
    1603756800000,
    3595.9406000831527
  ],
  [
    1603843200000,
    3929.721615753567
  ],
  [
    1603929600000,
    4004.8056005700128
  ],
  [
    1604016000000,
    3265.9151694807365
  ],
  [
    1604102400000,
    4666.816431051981
  ],
  [
    1604188800000,
    4149.92674943182
  ],
  [
    1604275200000,
    3683.3330028697233
  ],
  [
    1604361600000,
    4163.677267625408
  ],
  [
    1604448000000,
    4313.87709100655
  ],
  [
    1604534400000,
    4016.171319435478
  ],
  [
    1604620800000,
    4307.90605240469
  ],
  [
    1604707200000,
    4561.504128970413
  ],
  [
    1604793600000,
    4496.11310948191
  ],
  [
    1604880000000,
    4430.398247034652
  ],
  [
    1604966400000,
    4824.073301554474
  ],
  [
    1605052800000,
    4699.2790057287775
  ],
  [
    1605139200000,
    4936.013023959952
  ],
  [
    1605225600000,
    5177.893766125328
  ],
  [
    1605312000000,
    5127.684611480619
  ],
  [
    1605398400000,
    5318.071554903402
  ],
  [
    1605484800000,
    5501.84610191028
  ],
  [
    1605571200000,
    5006.386822979786
  ],
  [
    1605657600000,
    5445.576139848057
  ],
  [
    1605744000000,
    5825.425632148994
  ],
  [
    1605830400000,
    5111.077738200818
  ],
  [
    1605916800000,
    5656.667470983108
  ],
  [
    1606003200000,
    5718.563709566796
  ],
  [
    1606089600000,
    5541.83154744227
  ],
  [
    1606176000000,
    5636.990982154328
  ],
  [
    1606262400000,
    6319.7735630834195
  ],
  [
    1606348800000,
    5959.102342964019
  ],
  [
    1606435200000,
    4526.015060377108
  ],
  [
    1606521600000,
    5346.469022312016
  ],
  [
    1606608000000,
    5155.234049422629
  ],
  [
    1606694400000,
    5038.712923876728
  ],
  [
    1606780800000,
    6568.729850302964
  ],
  [
    1606867200000,
    5607.621882516187
  ],
  [
    1606953600000,
    6454.871362118116
  ],
  [
    1607040000000,
    6390.376400206998
  ],
  [
    1607126400000,
    6012.63427414956
  ],
  [
    1607212800000,
    5559.655778427559
  ],
  [
    1607299200000,
    5073.879038613279
  ],
  [
    1607385600000,
    6412.48310763762
  ],
  [
    1607472000000,
    5026.648398868782
  ],
  [
    1607558400000,
    6453.251479984028
  ],
  [
    1607644800000,
    3009.5648366086525
  ],
  [
    1607731200000,
    3187.3918714454544
  ],
  [
    1607817600000,
    4725.8625986516
  ],
  [
    1607904000000,
    5534.9708661525365
  ],
  [
    1607990400000,
    5674.064014746299
  ],
  [
    1608076800000,
    5956.875163448123
  ],
  [
    1608163200000,
    7438.58746003437
  ],
  [
    1608249600000,
    6225.880619156597
  ],
  [
    1608336000000,
    6471.364506270784
  ],
  [
    1608422400000,
    5962.8122298133485
  ],
  [
    1608508800000,
    8040.90464893339
  ],
  [
    1608595200000,
    6907.24816276052
  ],
  [
    1608681600000,
    6908.329500837441
  ],
  [
    1608768000000,
    6217.834023605685
  ],
  [
    1608854400000,
    7005.540135797544
  ],
  [
    1608940800000,
    6736.024515208445
  ],
  [
    1609027200000,
    7254.8508532868345
  ],
  [
    1609113600000,
    8489.488906436338
  ],
  [
    1609200000000,
    6544.325661272859
  ],
  [
    1609286400000,
    9103.0206866083
  ],
  [
    1609372800000,
    9779.162722292622
  ],
  [
    1609459200000,
    8485.974884289011
  ],
  [
    1609545600000,
    8827.025400993949
  ],
  [
    1609632000000,
    9084.586057654984
  ],
  [
    1609718400000,
    9555.738202267703
  ],
  [
    1609804800000,
    9783.119129563745
  ],
  [
    1609891200000,
    10889.431280249106
  ],
  [
    1609977600000,
    11477.5526233412
  ],
  [
    1610064000000,
    7563.0332446724915
  ],
  [
    1610150400000,
    3083.007408631177
  ],
  [
    1610236800000,
    2750.954317615869
  ],
  [
    1610323200000,
    3201.0160515639195
  ],
  [
    1610409600000,
    2894.2035150532697
  ],
  [
    1610496000000,
    0
  ],
  [
    1610582400000,
    11.349864206926393
  ],
  [
    1610668800000,
    28.479674060467165
  ],
  [
    1610755200000,
    99.6281627752265
  ],
  [
    1610841600000,
    31.68187779025074
  ],
  [
    1610928000000,
    7.148172035878299
  ],
  [
    1611014400000,
    14.758871583206547
  ],
  [
    1611100800000,
    36.469434592847115
  ],
  [
    1611187200000,
    13.467790998217133
  ],
  [
    1611273600000,
    31.362658855710208
  ],
  [
    1611360000000,
    0.00334556229881481
  ],
  [
    1611446400000,
    3.1104564406896196
  ],
  [
    1611532800000,
    2.09175359627854
  ],
  [
    1611619200000,
    3.0947304249847924
  ],
  [
    1611705600000,
    7.605470015623925
  ],
  [
    1611792000000,
    0.00300093827061177
  ],
  [
    1611878400000,
    3.4138867424492294
  ],
  [
    1611964800000,
    0.00339073637443406
  ],
  [
    1612569600000,
    0.669897210105401
  ],
  [
    1612656000000,
    0.669897210105401
  ],
  [
    1612742400000,
    0.00385110242950646
  ],
  [
    1613174400000,
    2.110950345051782
  ],
  [
    1613260800000,
    2.110950345051782
  ],
  [
    1613347200000,
    12.801909016538636
  ],
  [
    1613433600000,
    13.037107638979782
  ],
  [
    1613520000000,
    13.515964502545469
  ],
  [
    1613606400000,
    15.730921551917056
  ],
  [
    1613692800000,
    12.213300029822001
  ],
  [
    1613779200000,
    16.012473635681438
  ],
  [
    1613865600000,
    17.134690065726563
  ],
  [
    1613952000000,
    13.739905410842821
  ],
  [
    1614038400000,
    15.451118130267602
  ],
  [
    1614124800000,
    12.195808183218174
  ],
  [
    1614211200000,
    13.598416500847067
  ],
  [
    1614297600000,
    13.437970460144825
  ],
  [
    1614384000000,
    14.698940544986433
  ],
  [
    1614470400000,
    12.785122019909682
  ],
  [
    1614556800000,
    13.336435237447114
  ],
  [
    1614643200000,
    12.731246499578363
  ],
  [
    1614729600000,
    13.509769254138181
  ],
  [
    1614816000000,
    15.14309132884818
  ],
  [
    1614902400000,
    12.162815657441353
  ],
  [
    1614988800000,
    11.142490896798678
  ],
  [
    1615075200000,
    11.54329033401824
  ],
  [
    1615161600000,
    11.939858066414201
  ],
  [
    1615248000000,
    11.664211322212754
  ],
  [
    1615334400000,
    15.072925607894225
  ],
  [
    1615420800000,
    16.2590727295776
  ],
  [
    1615507200000,
    15.11113067235363
  ],
  [
    1615593600000,
    14.090574591851299
  ],
  [
    1615680000000,
    17.851012047208588
  ],
  [
    1615766400000,
    15.575969342708708
  ],
  [
    1615852800000,
    13.44353283319479
  ],
  [
    1615939200000,
    17.919675464869595
  ],
  [
    1616025600000,
    14.948067954975969
  ],
  [
    1616112000000,
    14.825996553315113
  ],
  [
    1616198400000,
    16.25637754987729
  ],
  [
    1616284800000,
    14.801716810412092
  ],
  [
    1616371200000,
    18.30753103596536
  ],
  [
    1616457600000,
    13.463277847470225
  ],
  [
    1616544000000,
    14.84752152105393
  ],
  [
    1616630400000,
    10.802361262568665
  ],
  [
    1616716800000,
    13.33573782626643
  ],
  [
    1616803200000,
    17.262492038389972
  ],
  [
    1616889600000,
    17.46122804788615
  ],
  [
    1616976000000,
    13.604981019050953
  ],
  [
    1617062400000,
    15.178757132295283
  ],
  [
    1617148800000,
    55.528659220991145
  ],
  [
    1617235200000,
    67.89269300379128
  ],
  [
    1617321600000,
    43.10966406121715
  ],
  [
    1617408000000,
    42.62606461081539
  ],
  [
    1617494400000,
    40.05851527934654
  ],
  [
    1617580800000,
    41.22778873198554
  ],
  [
    1617667200000,
    39.16329710921069
  ],
  [
    1617753600000,
    43.33591389198829
  ],
  [
    1617840000000,
    61.66984953031502
  ],
  [
    1617926400000,
    44.42079433808551
  ],
  [
    1618012800000,
    66.53682096566749
  ],
  [
    1618099200000,
    61.00467490237403
  ],
  [
    1618185600000,
    43.32702258897489
  ],
  [
    1618272000000,
    72.94213932924403
  ],
  [
    1618358400000,
    116.76770332445952
  ],
  [
    1618444800000,
    115.4299921852037
  ],
  [
    1618531200000,
    112.26841319825336
  ],
  [
    1618617600000,
    123.82680713754765
  ],
  [
    1618704000000,
    100.50022014394828
  ],
  [
    1618790400000,
    109.33922609952606
  ],
  [
    1618876800000,
    122.83781085946853
  ],
  [
    1618963200000,
    94.72595609207411
  ],
  [
    1619049600000,
    128.62201261481556
  ],
  [
    1619136000000,
    97.1971403712041
  ],
  [
    1619222400000,
    103.83305644735465
  ],
  [
    1619308800000,
    87.51674128527303
  ],
  [
    1619395200000,
    102.91329770836145
  ],
  [
    1619481600000,
    100.18359441288995
  ],
  [
    1619568000000,
    89.72619315051509
  ],
  [
    1619654400000,
    76.19421663301183
  ],
  [
    1619740800000,
    84.15808898911229
  ],
  [
    1619827200000,
    100.55736891562304
  ],
  [
    1619913600000,
    79.00088536330924
  ],
  [
    1620000000000,
    106.23825838324785
  ],
  [
    1620086400000,
    89.32054368551906
  ],
  [
    1620172800000,
    83.24006211381204
  ],
  [
    1620259200000,
    99.78494738766513
  ],
  [
    1620345600000,
    89.90765967409355
  ],
  [
    1620432000000,
    84.13065971256883
  ],
  [
    1620518400000,
    85.20631493991534
  ],
  [
    1620604800000,
    85.21378789619246
  ],
  [
    1620691200000,
    107.22768409156416
  ],
  [
    1620777600000,
    86.38954041661364
  ],
  [
    1620864000000,
    79.03929729474673
  ],
  [
    1620950400000,
    95.56124858946397
  ],
  [
    1621036800000,
    124.15768768482185
  ],
  [
    1621123200000,
    84.45546135707718
  ],
  [
    1621209600000,
    89.27201115434507
  ],
  [
    1621296000000,
    107.61999723487389
  ],
  [
    1621382400000,
    1375.5843422417106
  ],
  [
    1621468800000,
    770.0634083695136
  ],
  [
    1621555200000,
    1477.8995082769686
  ],
  [
    1621641600000,
    1430.4986040893289
  ],
  [
    1621728000000,
    1294.4908979162453
  ],
  [
    1621814400000,
    1165.6287117105653
  ],
  [
    1621900800000,
    1350.8699185181608
  ],
  [
    1621987200000,
    1347.251487677104
  ],
  [
    1622073600000,
    1482.9998963718176
  ],
  [
    1622160000000,
    1048.4413488383755
  ],
  [
    1622246400000,
    1005.0860447447851
  ],
  [
    1622332800000,
    880.9805742128816
  ],
  [
    1622419200000,
    990.5705099169996
  ],
  [
    1622505600000,
    1066.0362788858256
  ],
  [
    1622592000000,
    1072.3926316909315
  ],
  [
    1622678400000,
    1126.4008233628497
  ],
  [
    1622764800000,
    1135.8469270555938
  ],
  [
    1622851200000,
    968.6176877448747
  ],
  [
    1622937600000,
    806.8567707852551
  ],
  [
    1623024000000,
    1003.4492757781059
  ],
  [
    1623110400000,
    866.196699207538
  ],
  [
    1623196800000,
    839.2552336557948
  ],
  [
    1623283200000,
    1006.5186646427337
  ],
  [
    1623369600000,
    1052.6554656973515
  ],
  [
    1623456000000,
    1003.1767487945523
  ],
  [
    1623542400000,
    959.9204971209564
  ],
  [
    1623628800000,
    1044.3862785838116
  ],
  [
    1623715200000,
    933.9890292767379
  ],
  [
    1623801600000,
    998.4962617498942
  ],
  [
    1623888000000,
    889.0770477680636
  ],
  [
    1623974400000,
    965.7302044725029
  ],
  [
    1624060800000,
    834.340984444078
  ],
  [
    1624147200000,
    865.1962275604595
  ],
  [
    1624233600000,
    824.1799672419764
  ],
  [
    1624320000000,
    638.1789900106872
  ],
  [
    1624406400000,
    609.7080480754339
  ],
  [
    1624492800000,
    722.3746257728537
  ],
  [
    1624579200000,
    691.181529576071
  ],
  [
    1624665600000,
    761.7236824883738
  ],
  [
    1624752000000,
    679.7458500865044
  ],
  [
    1624838400000,
    768.2269236858291
  ],
  [
    1624924800000,
    559.5992620787295
  ],
  [
    1625011200000,
    643.4419427369909
  ],
  [
    1625097600000,
    12.512232815634755
  ],
  [
    1625184000000,
    7.9613149376347385
  ],
  [
    1625270400000,
    9.931439976642706
  ],
  [
    1625356800000,
    9.58192367760673
  ],
  [
    1625443200000,
    9.590064916320701
  ],
  [
    1625529600000,
    10.39844239432682
  ],
  [
    1625616000000,
    10.407659815338754
  ],
  [
    1625702400000,
    11.143132274931506
  ],
  [
    1625788800000,
    1472.62960805213
  ],
  [
    1625875200000,
    819.1702378687198
  ],
  [
    1625961600000,
    21.981619214893183
  ],
  [
    1626048000000,
    67.3664091011015
  ],
  [
    1626134400000,
    10.099293238967785
  ],
  [
    1626220800000,
    9.368657198294185
  ],
  [
    1626307200000,
    9.258316013411058
  ],
  [
    1626393600000,
    9.362943521622993
  ],
  [
    1626480000000,
    2.6687733053297826
  ],
  [
    1626566400000,
    107.78030824717824
  ],
  [
    1626652800000,
    6.510145018760559
  ],
  [
    1626739200000,
    7.805393504357918
  ],
  [
    1626825600000,
    11.384769983926605
  ],
  [
    1626912000000,
    1.6768538261783272
  ],
  [
    1626998400000,
    7.567129267229632
  ],
  [
    1627084800000,
    2.991143653728134
  ],
  [
    1627171200000,
    0.0033795589999829
  ],
  [
    1627776000000,
    0.804806011919064
  ],
  [
    1627862400000,
    0.804806011919064
  ],
  [
    1627948800000,
    0.00394707667307515
  ],
  [
    1628467200000,
    10.494668261886005
  ],
  [
    1628553600000,
    10.494668261886005
  ],
  [
    1628640000000,
    11.631365676096584
  ],
  [
    1628726400000,
    12.46064916157779
  ],
  [
    1628812800000,
    12.76978766137155
  ],
  [
    1628899200000,
    15.729677231153335
  ],
  [
    1628985600000,
    13.547795145654447
  ],
  [
    1629072000000,
    15.651395893326333
  ],
  [
    1629158400000,
    13.67053768452454
  ],
  [
    1629244800000,
    12.050058129951413
  ],
  [
    1629331200000,
    13.933737187365839
  ],
  [
    1629417600000,
    13.489894384142223
  ],
  [
    1629504000000,
    10.787805344446335
  ],
  [
    1629590400000,
    12.0645726814116
  ],
  [
    1629676800000,
    12.017125769385421
  ],
  [
    1629763200000,
    14.216622252752208
  ],
  [
    1629849600000,
    12.746949382462525
  ],
  [
    1629936000000,
    14.609234775197125
  ],
  [
    1630022400000,
    13.595832613744516
  ],
  [
    1630108800000,
    15.19570511184676
  ],
  [
    1630195200000,
    13.177830654937317
  ],
  [
    1630281600000,
    13.435008494278136
  ],
  [
    1630368000000,
    14.162059164473785
  ],
  [
    1630454400000,
    14.661461052353856
  ],
  [
    1630540800000,
    13.098103563498688
  ],
  [
    1630627200000,
    13.819832868373183
  ]
]