[
  [
    1619136000000,
    0
  ],
  [
    1619222400000,
    0
  ],
  [
    1619308800000,
    0
  ],
  [
    1619395200000,
    0
  ],
  [
    1619481600000,
    0
  ],
  [
    1619568000000,
    0
  ],
  [
    1619654400000,
    0
  ],
  [
    1619740800000,
    0
  ],
  [
    1619827200000,
    0
  ],
  [
    1619913600000,
    0
  ],
  [
    1620000000000,
    0
  ],
  [
    1620086400000,
    0
  ],
  [
    1620172800000,
    0
  ],
  [
    1620259200000,
    0
  ],
  [
    1620345600000,
    0
  ],
  [
    1620432000000,
    0
  ],
  [
    1620518400000,
    0
  ],
  [
    1620604800000,
    0
  ],
  [
    1620691200000,
    0
  ],
  [
    1620777600000,
    0
  ],
  [
    1620864000000,
    0
  ],
  [
    1620950400000,
    319118515.8375247
  ],
  [
    1621036800000,
    458503650.3456805
  ],
  [
    1621123200000,
    315250027.38552266
  ],
  [
    1621209600000,
    299332811.0119479
  ],
  [
    1621296000000,
    215400612.255504
  ],
  [
    1621382400000,
    243728480.9042842
  ],
  [
    1621468800000,
    130126650.73007993
  ],
  [
    1621555200000,
    210829267.47897893
  ],
  [
    1621641600000,
    165537744.7790685
  ],
  [
    1621728000000,
    150721598.07117507
  ],
  [
    1621814400000,
    103443109.68295413
  ],
  [
    1621900800000,
    125660163.72679962
  ],
  [
    1621987200000,
    107685199.45401683
  ],
  [
    1622073600000,
    94148625.73362543
  ],
  [
    1622160000000,
    106524976.20831871
  ],
  [
    1622246400000,
    90833175.01467766
  ],
  [
    1622332800000,
    98748799.52581246
  ],
  [
    1622419200000,
    89947999.1389263
  ],
  [
    1622505600000,
    84153465.13237208
  ],
  [
    1622592000000,
    74444862.80586842
  ],
  [
    1622678400000,
    80238927.24036628
  ],
  [
    1622764800000,
    78638404.00177622
  ],
  [
    1622851200000,
    71379104.15067959
  ],
  [
    1622937600000,
    66879545.77610392
  ],
  [
    1623024000000,
    68603322.3331896
  ],
  [
    1623110400000,
    57404099.685349345
  ],
  [
    1623196800000,
    51156202.24013019
  ],
  [
    1623283200000,
    57908286.60124312
  ],
  [
    1623369600000,
    52103000.26714726
  ],
  [
    1623456000000,
    53410754.234405555
  ],
  [
    1623542400000,
    52235094.54088654
  ],
  [
    1623628800000,
    51671826.929984435
  ],
  [
    1623715200000,
    53182768.72790877
  ],
  [
    1623801600000,
    52280323.40042334
  ],
  [
    1623888000000,
    48242736.49142054
  ],
  [
    1623974400000,
    46118276.10280633
  ],
  [
    1624060800000,
    43530342.80676965
  ],
  [
    1624147200000,
    38557377.96578016
  ],
  [
    1624233600000,
    39158570.43256767
  ],
  [
    1624320000000,
    31780787.517419282
  ],
  [
    1624406400000,
    26955715.723496396
  ],
  [
    1624492800000,
    31921851.69783191
  ],
  [
    1624579200000,
    32834408.260870498
  ],
  [
    1624665600000,
    28894696.280208506
  ],
  [
    1624752000000,
    32194260.905740537
  ],
  [
    1624838400000,
    31755458.096759085
  ],
  [
    1624924800000,
    33641933.292466946
  ],
  [
    1625011200000,
    47989524.73498791
  ],
  [
    1625097600000,
    45740037.1188807
  ],
  [
    1625184000000,
    41179269.270154126
  ],
  [
    1625270400000,
    39441945.61910664
  ],
  [
    1625356800000,
    44640471.28825938
  ],
  [
    1625443200000,
    42931205.906880654
  ],
  [
    1625529600000,
    40179233.06031458
  ],
  [
    1625616000000,
    40466242.969142854
  ],
  [
    1625702400000,
    39068516.22678371
  ],
  [
    1625788800000,
    35003796.469564125
  ],
  [
    1625875200000,
    34493358.6582251
  ],
  [
    1625961600000,
    32129728.31133991
  ],
  [
    1626048000000,
    32180814.845888216
  ],
  [
    1626134400000,
    30710828.143295877
  ],
  [
    1626220800000,
    30589985.598947167
  ],
  [
    1626307200000,
    30151423.329859346
  ],
  [
    1626393600000,
    29580065.717316546
  ],
  [
    1626480000000,
    26396917.15886414
  ],
  [
    1626566400000,
    26825520.582350545
  ],
  [
    1626652800000,
    26551772.269617397
  ],
  [
    1626739200000,
    26581323.229480598
  ],
  [
    1626825600000,
    24468240.116539158
  ],
  [
    1626912000000,
    27180526.51382061
  ],
  [
    1626998400000,
    27707512.885964125
  ],
  [
    1627084800000,
    27853393.785706673
  ],
  [
    1627171200000,
    26998767.079058714
  ],
  [
    1627257600000,
    26718557.62509194
  ],
  [
    1627344000000,
    25966508.150808692
  ],
  [
    1627430400000,
    26682971.917240005
  ],
  [
    1627516800000,
    27381694.65696664
  ],
  [
    1627603200000,
    27291169.172262404
  ],
  [
    1627689600000,
    28000932.42229923
  ],
  [
    1627776000000,
    58998600.552641466
  ],
  [
    1627862400000,
    56136449.93697713
  ],
  [
    1627948800000,
    47371885.86929639
  ],
  [
    1628035200000,
    41222363.576223716
  ],
  [
    1628121600000,
    47911866.883967884
  ],
  [
    1628208000000,
    45125299.615310304
  ],
  [
    1628294400000,
    43682069.37229119
  ],
  [
    1628380800000,
    42653160.03854152
  ],
  [
    1628467200000,
    44996087.12727314
  ],
  [
    1628553600000,
    47044916.23916232
  ],
  [
    1628640000000,
    44908034.58601901
  ],
  [
    1628726400000,
    44513190.276082665
  ],
  [
    1628812800000,
    40677843.739756696
  ],
  [
    1628899200000,
    43321744.79757185
  ],
  [
    1628985600000,
    41356577.74403033
  ],
  [
    1629072000000,
    42471657.18126887
  ],
  [
    1629158400000,
    41262584.886750005
  ],
  [
    1629244800000,
    38867550.695929885
  ],
  [
    1629331200000,
    35550493.054544166
  ],
  [
    1629417600000,
    33120803.99037469
  ],
  [
    1629504000000,
    33901390.23322971
  ],
  [
    1629590400000,
    33810205.09055027
  ],
  [
    1629676800000,
    33848551.9965919
  ],
  [
    1629763200000,
    32897429.262128767
  ],
  [
    1629849600000,
    30675243.550263587
  ],
  [
    1629936000000,
    32749117.65334852
  ],
  [
    1630022400000,
    31634777.50843458
  ],
  [
    1630108800000,
    32321064.90840188
  ],
  [
    1630195200000,
    31023685.858741827
  ],
  [
    1630281600000,
    31552436.836196575
  ],
  [
    1630368000000,
    31924460.125277326
  ],
  [
    1630454400000,
    31724012.229444627
  ],
  [
    1630540800000,
    34270463.94097861
  ],
  [
    1630627200000,
    33000252.765095938
  ]
]