[
  [
    1509494400000,
    266813.89504951454
  ],
  [
    1509580800000,
    115502.06939204005
  ],
  [
    1509667200000,
    98057.99037769667
  ],
  [
    1509753600000,
    73321.90056338589
  ],
  [
    1509840000000,
    105562.09079406975
  ],
  [
    1509926400000,
    168572.07239773768
  ],
  [
    1510012800000,
    211337.74557934626
  ],
  [
    1510099200000,
    129771.76203847172
  ],
  [
    1510185600000,
    98108.35131633095
  ],
  [
    1510272000000,
    73124.14742550261
  ],
  [
    1510358400000,
    44636.64957475639
  ],
  [
    1510444800000,
    23643.595631990895
  ],
  [
    1510531200000,
    60038.869846188645
  ],
  [
    1510617600000,
    28691.1402127198
  ],
  [
    1510704000000,
    29792.5840114727
  ],
  [
    1510790400000,
    82934.6370416416
  ],
  [
    1510876800000,
    21056.3500648377
  ],
  [
    1510963200000,
    8862.30073238688
  ],
  [
    1511049600000,
    16511.5220703903
  ],
  [
    1511136000000,
    189433.318835035
  ],
  [
    1511222400000,
    87062.2336674108
  ],
  [
    1511308800000,
    41877.2429787221
  ],
  [
    1511395200000,
    27155.7568757815
  ],
  [
    1511481600000,
    22249.5204833406
  ],
  [
    1511568000000,
    22041.5940615872
  ],
  [
    1511654400000,
    13740.4594289305
  ],
  [
    1511740800000,
    20668.2862303019
  ],
  [
    1511827200000,
    16275.5588151525
  ],
  [
    1511913600000,
    13329.8817394411
  ],
  [
    1512000000000,
    18890.5941578067
  ],
  [
    1512086400000,
    9005.21108465035
  ],
  [
    1512172800000,
    15159.4423894089
  ],
  [
    1512259200000,
    8019.08520573938
  ],
  [
    1512345600000,
    19203.8127694876
  ],
  [
    1512432000000,
    4326.8305562709
  ],
  [
    1512518400000,
    13779.651594541
  ],
  [
    1512604800000,
    16114.8042493689
  ],
  [
    1512691200000,
    8332.98822974687
  ],
  [
    1512777600000,
    4659.45733632529
  ],
  [
    1512864000000,
    11217.656308424
  ],
  [
    1512950400000,
    20888.3192450702
  ],
  [
    1513036800000,
    15874.5913687576
  ],
  [
    1513123200000,
    13582.0698914708
  ],
  [
    1513209600000,
    1856.15580532952
  ],
  [
    1513296000000,
    14510.2963210499
  ],
  [
    1513382400000,
    14000.7823163651
  ],
  [
    1513468800000,
    36989.5997671951
  ],
  [
    1513555200000,
    29618.4935586045
  ],
  [
    1513641600000,
    36201.1533797773
  ],
  [
    1513728000000,
    31496.2214826867
  ],
  [
    1513814400000,
    4215.2857235356
  ],
  [
    1513900800000,
    1606.16099773782
  ],
  [
    1513987200000,
    17000.5636580054
  ],
  [
    1514073600000,
    10312.0484963862
  ],
  [
    1514160000000,
    6968.01245095929
  ],
  [
    1514246400000,
    9847.61890166151
  ],
  [
    1514332800000,
    29019.4003252636
  ],
  [
    1514419200000,
    14276.6975264931
  ],
  [
    1514505600000,
    81015.1994870101
  ],
  [
    1514592000000,
    51312.5874116302
  ],
  [
    1514678400000,
    51120.8304656501
  ],
  [
    1514764800000,
    38228.6959495374
  ],
  [
    1514851200000,
    72463.2792583171
  ],
  [
    1514937600000,
    29088.020430707853
  ],
  [
    1515024000000,
    19779.731433233814
  ],
  [
    1515110400000,
    32513.585754936397
  ],
  [
    1515196800000,
    67063.14497741955
  ],
  [
    1515283200000,
    141448.03425891732
  ],
  [
    1515369600000,
    42818.454699271926
  ],
  [
    1515456000000,
    52025.09282703278
  ],
  [
    1515542400000,
    54191.49335961596
  ],
  [
    1515628800000,
    96238.30348901548
  ],
  [
    1515715200000,
    41891.55526583182
  ],
  [
    1515801600000,
    10811.814108816168
  ],
  [
    1515888000000,
    36421.18720852279
  ],
  [
    1515974400000,
    71950.48161835845
  ],
  [
    1516060800000,
    49297.62043582708
  ],
  [
    1516147200000,
    25702.46070458918
  ],
  [
    1516233600000,
    27012.89968448045
  ],
  [
    1516320000000,
    13332.134444012749
  ],
  [
    1516406400000,
    14324.821610432971
  ],
  [
    1516492800000,
    20512.43782356192
  ],
  [
    1516579200000,
    9765.984576179475
  ],
  [
    1516665600000,
    25179.147385385902
  ],
  [
    1516752000000,
    6980.259752259953
  ],
  [
    1516838400000,
    10874.44127660284
  ],
  [
    1516924800000,
    3009.021503907721
  ],
  [
    1517011200000,
    1072.5394620282786
  ],
  [
    1517097600000,
    10487.013402501121
  ],
  [
    1517184000000,
    11966.369372990119
  ],
  [
    1517270719084,
    12492.530566365416
  ],
  [
    1517356800000,
    10489.197253543864
  ],
  [
    1517443200000,
    4910.358038513713
  ],
  [
    1517529600000,
    2222.0344311118984
  ],
  [
    1517616000000,
    1150.2640013497858
  ],
  [
    1517702400000,
    3696.44083490575
  ],
  [
    1517788800000,
    700.6643016742584
  ],
  [
    1517875200000,
    3400.6313029779044
  ],
  [
    1517961600000,
    6536.37716641482
  ],
  [
    1518048327503,
    1444.7294412753688
  ],
  [
    1518134400000,
    1444.6168926601015
  ],
  [
    1519948800000,
    27.856774350289086
  ],
  [
    1520035200000,
    56.2388927600785
  ],
  [
    1520121600000,
    39.31586421430918
  ],
  [
    1520208000000,
    195.70162741172982
  ],
  [
    1520294400000,
    87.35492372929659
  ],
  [
    1520380800000,
    1457.0753881919818
  ],
  [
    1520553600000,
    0.5497238403461391
  ],
  [
    1520640000000,
    21.60586607030479
  ],
  [
    1520726400000,
    108.44936154171934
  ],
  [
    1520812800000,
    1154.782733526741
  ],
  [
    1520899200000,
    4619.183165320667
  ],
  [
    1520985600000,
    133.45426780865284
  ],
  [
    1521072000000,
    1518.8436244500238
  ],
  [
    1521158400000,
    1622.822139108972
  ],
  [
    1521244800000,
    77.70427275055843
  ],
  [
    1521331200000,
    28.29429468053897
  ],
  [
    1521417600000,
    39.94058510804645
  ],
  [
    1521504000000,
    800.6294100864619
  ],
  [
    1521590400000,
    644.3456129963988
  ],
  [
    1521676800000,
    2520.5218843308767
  ],
  [
    1521763200000,
    96.99373983984076
  ],
  [
    1521849600000,
    232.88004973436372
  ],
  [
    1521936000000,
    0.19180322488773996
  ],
  [
    1522022400000,
    4.8633363258032825
  ],
  [
    1522108800000,
    180.25551937034388
  ],
  [
    1522195200000,
    247.97199351730293
  ],
  [
    1522281600000,
    69.9716346359682
  ],
  [
    1522368000000,
    0.1390073007704558
  ],
  [
    1522454400000,
    0.14501592215624515
  ],
  [
    1522800000000,
    485.9824726493771
  ],
  [
    1522886400000,
    53.417186159280824
  ],
  [
    1522972800000,
    52.02683832581726
  ],
  [
    1523059200000,
    1424.7397657606678
  ],
  [
    1523145600000,
    305.40740671989863
  ],
  [
    1523404800000,
    47.36292473609771
  ],
  [
    1523491200000,
    44.05926065730539
  ],
  [
    1523577600000,
    0.17120408812770693
  ],
  [
    1523664000000,
    195.14658798847353
  ],
  [
    1523750400000,
    118.46943768706512
  ],
  [
    1523836800000,
    120.66805815408381
  ],
  [
    1523923200000,
    13.235418011154216
  ],
  [
    1524009600000,
    81.4476983420117
  ],
  [
    1524096000000,
    658.7350024365587
  ],
  [
    1524182400000,
    155.17737616085668
  ],
  [
    1524268800000,
    13.504649245031963
  ],
  [
    1524528000000,
    28.841269779362396
  ],
  [
    1524614400000,
    226.45180532851677
  ],
  [
    1524700800000,
    563.7105918689556
  ],
  [
    1524787200000,
    90.76075306470254
  ],
  [
    1524960000000,
    135.75653425268493
  ],
  [
    1525046400000,
    112.52437744358427
  ],
  [
    1525305600000,
    5441.52348988881
  ],
  [
    1525392000000,
    2436.8933035332507
  ],
  [
    1525478400000,
    61.4687727959159
  ],
  [
    1525564800000,
    1.412690850456961
  ],
  [
    1525651200000,
    183.51718074755823
  ],
  [
    1525737600000,
    99.70209882160104
  ],
  [
    1525824000000,
    4131.934955783305
  ],
  [
    1525910400000,
    86.16138575366278
  ],
  [
    1525996800000,
    104.19338783977062
  ],
  [
    1526083200000,
    764.3904267813623
  ],
  [
    1526169600000,
    1069.1888452657472
  ],
  [
    1526256000000,
    991.3302637320372
  ],
  [
    1526342400000,
    761.2710823371967
  ],
  [
    1526428800000,
    652.8408051496942
  ],
  [
    1526515200000,
    567.5442602113445
  ],
  [
    1526601600000,
    151.06053417281552
  ],
  [
    1526688000000,
    502.57727657954695
  ],
  [
    1526774400000,
    14.502779175715897
  ],
  [
    1526860800000,
    1.3465818035800667
  ],
  [
    1526947200000,
    85.69364100077675
  ],
  [
    1527033600000,
    3603.799851749249
  ],
  [
    1527120000000,
    4.063252089350801
  ],
  [
    1527206400000,
    71.74217499131758
  ],
  [
    1527292800000,
    73.03966283948387
  ],
  [
    1527379200000,
    73.03966283948387
  ],
  [
    1527465600000,
    238.4201125595253
  ],
  [
    1527552000000,
    216.41767201465
  ],
  [
    1527638400000,
    216.41767201465
  ],
  [
    1527724800000,
    216.41767201465
  ],
  [
    1527811200000,
    216.41767201465
  ],
  [
    1527897600000,
    216.41767201465
  ],
  [
    1527984000000,
    28.59026355455355
  ],
  [
    1528070400000,
    11554.13653743132
  ],
  [
    1528156800000,
    2.6649898699549626
  ],
  [
    1528243200000,
    4.53493551381386
  ],
  [
    1528329600000,
    20.741459630494447
  ],
  [
    1528416000000,
    20.949658714164364
  ],
  [
    1528502400000,
    0.22330621148747878
  ],
  [
    1528588800000,
    8.397058695365391
  ],
  [
    1528675200000,
    4.026006504230927
  ],
  [
    1528761600000,
    4.026006504230927
  ],
  [
    1528848000000,
    89.47491292305146
  ],
  [
    1528934400000,
    3.2586090087243136
  ],
  [
    1529020800000,
    3.359057164700101
  ],
  [
    1529107200000,
    3.359057164700101
  ],
  [
    1529193600000,
    3.359057164700101
  ],
  [
    1529280000000,
    3.359057164700101
  ],
  [
    1529366400000,
    3.359057164700101
  ],
  [
    1529452800000,
    3.359057164700101
  ],
  [
    1529539200000,
    3.359057164700101
  ],
  [
    1529625600000,
    3.359057164700101
  ],
  [
    1529712000000,
    3.359057164700101
  ],
  [
    1529798400000,
    3.359057164700101
  ],
  [
    1529884800000,
    3.359057164700101
  ],
  [
    1529971200000,
    3.359057164700101
  ],
  [
    1530057600000,
    3.359057164700101
  ],
  [
    1530144000000,
    3.359057164700101
  ],
  [
    1530230400000,
    3.359057164700101
  ],
  [
    1530316800000,
    3.359057164700101
  ],
  [
    1530403200000,
    3.359057164700101
  ],
  [
    1530489600000,
    3.359057164700101
  ],
  [
    1530576000000,
    3.359057164700101
  ],
  [
    1530662400000,
    1206.454371520971
  ],
  [
    1530748800000,
    119.76900564832913
  ],
  [
    1530835200000,
    119.76900564832913
  ],
  [
    1530921600000,
    119.76900564832913
  ],
  [
    1531008000000,
    119.76900564832913
  ],
  [
    1531094400000,
    119.76900564832913
  ],
  [
    1531180800000,
    119.76900564832913
  ],
  [
    1531267200000,
    119.76900564832913
  ],
  [
    1531353600000,
    119.76900564832913
  ],
  [
    1531440000000,
    119.76900564832913
  ],
  [
    1531526400000,
    119.76900564832913
  ],
  [
    1531612800000,
    119.76900564832913
  ],
  [
    1531699200000,
    119.76900564832913
  ],
  [
    1531785600000,
    119.76900564832913
  ],
  [
    1531872000000,
    119.76900564832913
  ],
  [
    1531958400000,
    119.76900564832913
  ],
  [
    1532044800000,
    119.76900564832913
  ],
  [
    1532131200000,
    12.286282460553481
  ],
  [
    1532217600000,
    257.6161916878557
  ],
  [
    1532304000000,
    261.50815844373096
  ],
  [
    1532390400000,
    261.50815844373096
  ],
  [
    1532476800000,
    261.50815844373096
  ],
  [
    1532563200000,
    261.50815844373096
  ],
  [
    1532649600000,
    261.50815844373096
  ],
  [
    1532736000000,
    261.50815844373096
  ],
  [
    1532822400000,
    261.50815844373096
  ],
  [
    1532908800000,
    261.50815844373096
  ],
  [
    1532995200000,
    36.796232077961285
  ],
  [
    1533081600000,
    35.92370017003673
  ],
  [
    1533168000000,
    35.92370017003673
  ],
  [
    1533254400000,
    35.92370017003673
  ],
  [
    1533340800000,
    266.53074273992377
  ],
  [
    1533427200000,
    63.53853109025021
  ],
  [
    1533513600000,
    63.53853109025021
  ],
  [
    1533600000000,
    63.53853109025021
  ],
  [
    1533686400000,
    63.53853109025021
  ],
  [
    1533772800000,
    63.53853109025021
  ],
  [
    1533859200000,
    83.29602792429574
  ],
  [
    1533945600000,
    81.32243355391931
  ],
  [
    1534032000000,
    81.32243355391931
  ],
  [
    1534118400000,
    81.32243355391931
  ],
  [
    1534204800000,
    32.05384536485134
  ],
  [
    1534291200000,
    61.122983203762395
  ],
  [
    1534377600000,
    61.87022696181396
  ],
  [
    1534464000000,
    61.87022696181396
  ],
  [
    1534550400000,
    0
  ],
  [
    1534636800000,
    0
  ],
  [
    1534723200000,
    0
  ],
  [
    1534809600000,
    0
  ],
  [
    1534896000000,
    0
  ],
  [
    1534982400000,
    0
  ],
  [
    1535068800000,
    0
  ],
  [
    1535155200000,
    575.1525229387022
  ],
  [
    1535241600000,
    0
  ],
  [
    1535328000000,
    11.186124015293801
  ],
  [
    1535414400000,
    0
  ],
  [
    1535500800000,
    0
  ],
  [
    1535587200000,
    0
  ],
  [
    1535673600000,
    1.2791702135648269
  ],
  [
    1535760000000,
    0
  ],
  [
    1535846400000,
    0
  ],
  [
    1535932800000,
    58.27541158083141
  ],
  [
    1536019200000,
    0
  ],
  [
    1536105600000,
    0
  ],
  [
    1536192000000,
    0
  ],
  [
    1536278400000,
    0
  ],
  [
    1536364800000,
    17.231301353381884
  ],
  [
    1536451200000,
    0
  ],
  [
    1536537600000,
    0
  ],
  [
    1536624000000,
    103404.77993697445
  ],
  [
    1536710400000,
    128684.62104154192
  ],
  [
    1536796800000,
    146782.71772540457
  ],
  [
    1536883200000,
    61438.3449394138
  ],
  [
    1536969600000,
    146029.40151244498
  ],
  [
    1537056000000,
    191545.03934700493
  ],
  [
    1537142400000,
    124218.91500536882
  ],
  [
    1537228800000,
    100799.60383213194
  ],
  [
    1537315200000,
    129230.76137512465
  ],
  [
    1537401600000,
    149167.18158610194
  ],
  [
    1537488000000,
    140856.53453083942
  ],
  [
    1537574400000,
    174828.9179517146
  ],
  [
    1537660800000,
    211124.4180033791
  ],
  [
    1537747200000,
    164838.5611263344
  ],
  [
    1537833600000,
    137608.12190657557
  ],
  [
    1537920000000,
    91716.66330051587
  ],
  [
    1538006400000,
    157368.0963103243
  ],
  [
    1538092800000,
    176671.36847074586
  ],
  [
    1538179200000,
    174297.40090268324
  ],
  [
    1538265600000,
    134335.0419815183
  ],
  [
    1538352000000,
    119098.28599293897
  ],
  [
    1538438400000,
    143203.1358450504
  ],
  [
    1538524800000,
    189186.59483181057
  ],
  [
    1538611200000,
    137373.38737740615
  ],
  [
    1538697600000,
    169671.7324492035
  ],
  [
    1538784000000,
    199791.72438099812
  ],
  [
    1538870400000,
    157065.11766182864
  ],
  [
    1538956800000,
    152989.09933239734
  ],
  [
    1539043200000,
    309920.0908004416
  ],
  [
    1539129600000,
    193970.3844430469
  ],
  [
    1539216000000,
    178086.07800891052
  ],
  [
    1539302400000,
    83387.2226220647
  ],
  [
    1539388800000,
    107153.22739132888
  ],
  [
    1539475200000,
    133360.25239165255
  ],
  [
    1539561600000,
    151314.27740171037
  ],
  [
    1539648000000,
    188468.5485029496
  ],
  [
    1539734400000,
    103954.47906429254
  ],
  [
    1539820800000,
    59694.303805578056
  ],
  [
    1539907200000,
    81052.92828654512
  ],
  [
    1539993600000,
    76944.39737148541
  ],
  [
    1540080000000,
    72060.66661235096
  ],
  [
    1540166400000,
    115200.52559175345
  ],
  [
    1540252800000,
    111373.99369175486
  ],
  [
    1540339200000,
    97699.4927696522
  ],
  [
    1540425600000,
    114873.22467412545
  ],
  [
    1540512000000,
    103746.78359436966
  ],
  [
    1540598400000,
    78743.69102566065
  ],
  [
    1540684800000,
    128676.67518009763
  ],
  [
    1540771200000,
    186127.47979511836
  ],
  [
    1540857600000,
    134093.55602421006
  ],
  [
    1540944000000,
    183045.86738997579
  ],
  [
    1541030400000,
    137712.35142262583
  ],
  [
    1541116800000,
    109242.36372705738
  ],
  [
    1541203200000,
    166114.29772129317
  ],
  [
    1541289600000,
    156762.3573394476
  ],
  [
    1541376000000,
    177963.92876365126
  ],
  [
    1541462400000,
    149770.6261838874
  ],
  [
    1541548800000,
    131694.69964010973
  ],
  [
    1541635200000,
    123651.34561810987
  ],
  [
    1541721600000,
    149642.3308444659
  ],
  [
    1541808000000,
    187245.65919854186
  ],
  [
    1541894400000,
    197195.06514812622
  ],
  [
    1541980800000,
    120341.0730268229
  ],
  [
    1542067200000,
    88570.09280762752
  ],
  [
    1542153600000,
    83337.30688667505
  ],
  [
    1542240000000,
    80968.01777319201
  ],
  [
    1542326400000,
    1038.6155276449028
  ],
  [
    1542412800000,
    1876.949743879575
  ],
  [
    1542499200000,
    0.840936924735972
  ],
  [
    1542585600000,
    145.41226543512715
  ],
  [
    1542672000000,
    992.1243886892795
  ],
  [
    1542758400000,
    326.337162885603
  ],
  [
    1542844800000,
    439.5493556542748
  ],
  [
    1542931200000,
    457.3993074886204
  ],
  [
    1543017600000,
    189.01522068937604
  ],
  [
    1543104000000,
    138.73781156701466
  ],
  [
    1543190400000,
    223.44126717413215
  ],
  [
    1543276800000,
    73.47680779700529
  ],
  [
    1543363200000,
    164.18478874510018
  ],
  [
    1543449600000,
    1315.6248160232892
  ],
  [
    1543536000000,
    142.68711821775366
  ],
  [
    1543622400000,
    81.22298646827954
  ],
  [
    1543708800000,
    59.71619841097924
  ],
  [
    1543795200000,
    0
  ],
  [
    1543881600000,
    0
  ],
  [
    1543968000000,
    73934.2414469951
  ],
  [
    1544054400000,
    7892.995726742525
  ],
  [
    1544140800000,
    1948.162460284847
  ],
  [
    1544227200000,
    1393.4913101482819
  ],
  [
    1544313600000,
    1511.9172500891896
  ],
  [
    1544400000000,
    1505.4252426301123
  ],
  [
    1544486400000,
    1777.8605259535448
  ],
  [
    1544572800000,
    960.9294875644639
  ],
  [
    1544659200000,
    675.3294898762755
  ],
  [
    1544745600000,
    718.8585740870445
  ],
  [
    1544832000000,
    953.0426053801041
  ],
  [
    1544918400000,
    0.7462610841504111
  ],
  [
    1545004800000,
    3551.862164531321
  ],
  [
    1545091200000,
    7199.015247277363
  ],
  [
    1545177600000,
    1168.2211250036198
  ],
  [
    1545264000000,
    350.43427852264074
  ],
  [
    1545350400000,
    6746.539319058556
  ],
  [
    1545436800000,
    350.483021989963
  ],
  [
    1545523200000,
    2645.506212140106
  ],
  [
    1545609600000,
    1912.3062874775464
  ],
  [
    1545696000000,
    1939.624902413893
  ],
  [
    1545782400000,
    94.3787598532098
  ],
  [
    1545868800000,
    0
  ],
  [
    1545955200000,
    7.52159661378403
  ],
  [
    1546041600000,
    230.9440209135839
  ],
  [
    1546128000000,
    124.76681228238918
  ],
  [
    1546214400000,
    3.300235627980548
  ],
  [
    1546300800000,
    1241.3917669659904
  ],
  [
    1546387200000,
    313.1630775702927
  ],
  [
    1546473600000,
    66.94563320800617
  ],
  [
    1546560000000,
    113.7794375908842
  ],
  [
    1546646400000,
    513.61262805549
  ],
  [
    1546732800000,
    76.93535974679253
  ],
  [
    1546819200000,
    290.2023325306257
  ],
  [
    1546905600000,
    437.41206111474554
  ],
  [
    1546992000000,
    39.15044755722974
  ],
  [
    1547078400000,
    226.04488828161
  ],
  [
    1547164800000,
    97.88937607353031
  ],
  [
    1547251200000,
    566.5324263248287
  ],
  [
    1547337600000,
    70.77255956261692
  ],
  [
    1547424000000,
    4.80808431863167
  ],
  [
    1547510400000,
    16.21735685505443
  ],
  [
    1547596800000,
    1396.51278461302
  ],
  [
    1547683200000,
    53.93528092293885
  ],
  [
    1547769600000,
    54.603434782882594
  ],
  [
    1547856000000,
    173.80496200165382
  ],
  [
    1547942400000,
    501.48951051530884
  ],
  [
    1548028800000,
    0.03895738900447405
  ],
  [
    1548115200000,
    5.322310025845451
  ],
  [
    1548201600000,
    3440.5581347228963
  ],
  [
    1548288000000,
    7722.278534439098
  ],
  [
    1548374400000,
    14529.575283448232
  ],
  [
    1548460800000,
    18387.45495672839
  ],
  [
    1548547200000,
    23549.580612244088
  ],
  [
    1548633600000,
    24923.300603334632
  ],
  [
    1548720000000,
    44441.80927551757
  ],
  [
    1548806400000,
    53940.74054328348
  ],
  [
    1548892800000,
    58632.08447777928
  ],
  [
    1548979200000,
    53348.34676957677
  ],
  [
    1549065600000,
    45973.272648101156
  ],
  [
    1549152000000,
    68004.80809064665
  ],
  [
    1549238400000,
    82223.65988921913
  ],
  [
    1549324800000,
    65011.21819590663
  ],
  [
    1549411200000,
    64339.43237902486
  ],
  [
    1549497600000,
    55224.21353785501
  ],
  [
    1549584000000,
    50162.35929094363
  ],
  [
    1549670400000,
    54821.156251546396
  ],
  [
    1549756800000,
    35227.21064507053
  ],
  [
    1549843200000,
    46683.881112004405
  ],
  [
    1549929600000,
    48196.24022349963
  ],
  [
    1550016000000,
    39920.27336604449
  ],
  [
    1550102400000,
    26325.41065093293
  ],
  [
    1550188800000,
    29828.3082390576
  ],
  [
    1550275200000,
    21423.46738874829
  ],
  [
    1550361600000,
    22680.146973821324
  ],
  [
    1550448000000,
    25412.693950126843
  ],
  [
    1550534400000,
    27104.278497138097
  ],
  [
    1550620800000,
    28176.81088540058
  ],
  [
    1550707200000,
    24447.618002984673
  ],
  [
    1550793600000,
    23858.276810698408
  ],
  [
    1550880000000,
    16512.07166783412
  ],
  [
    1550966400000,
    5061.171219994781
  ],
  [
    1551052800000,
    252.61335046096931
  ],
  [
    1551139200000,
    411.539219270691
  ],
  [
    1551225600000,
    956.5278291267081
  ],
  [
    1551312000000,
    777.546923399702
  ],
  [
    1551398400000,
    414.25792705705464
  ],
  [
    1551484800000,
    54250.88341408273
  ],
  [
    1551571200000,
    132165.46332362256
  ],
  [
    1551657600000,
    109538.75870589913
  ],
  [
    1551744000000,
    107622.98936410961
  ],
  [
    1551830400000,
    128618.29439848894
  ],
  [
    1551916800000,
    116428.22149223242
  ],
  [
    1552003200000,
    106108.61576594366
  ],
  [
    1552089600000,
    46047.11934290936
  ],
  [
    1552176000000,
    54222.80952999897
  ],
  [
    1552262400000,
    48842.25520029364
  ],
  [
    1552348800000,
    50641.24856155791
  ],
  [
    1552435200000,
    30765.855712659864
  ],
  [
    1552521600000,
    49641.5605614375
  ],
  [
    1552608000000,
    52165.38008345748
  ],
  [
    1552694400000,
    56430.3659957037
  ],
  [
    1552780800000,
    44670.32771918515
  ],
  [
    1552867200000,
    27266.93182597661
  ],
  [
    1552953600000,
    16276.421113042828
  ],
  [
    1553040000000,
    12165.206033151622
  ],
  [
    1553126400000,
    24950.071485282693
  ],
  [
    1553212800000,
    26556.583680296655
  ],
  [
    1553299200000,
    9866.617882356117
  ],
  [
    1553385600000,
    124.0990227363562
  ],
  [
    1553472000000,
    242.22254687399519
  ],
  [
    1553558400000,
    143.20035644841656
  ],
  [
    1553644800000,
    609.5824677378661
  ],
  [
    1553731200000,
    171.16731175680755
  ],
  [
    1553817600000,
    252.01994016580653
  ],
  [
    1553904000000,
    108.8351881199803
  ],
  [
    1553990400000,
    367.94574088061165
  ],
  [
    1554076800000,
    338.9647459026173
  ],
  [
    1554163200000,
    433.8542774341379
  ],
  [
    1554249600000,
    326.88588272224445
  ],
  [
    1554336000000,
    1841.4442257314
  ],
  [
    1554422400000,
    247.33712556663033
  ],
  [
    1554508800000,
    428.33059285299964
  ],
  [
    1554595200000,
    410.82556142258414
  ],
  [
    1554681600000,
    280.6112587873092
  ],
  [
    1554768000000,
    887.4094736022186
  ],
  [
    1554854400000,
    1329.90199333923
  ],
  [
    1554940800000,
    462.29496111537264
  ],
  [
    1555027200000,
    226.23125791540005
  ],
  [
    1555113600000,
    159.87367986431502
  ],
  [
    1555200000000,
    186.8427749582221
  ],
  [
    1555286400000,
    365.74305672376676
  ],
  [
    1555372800000,
    748.7202798613718
  ],
  [
    1555459200000,
    548.57882126125
  ],
  [
    1555545600000,
    398.6172106396938
  ],
  [
    1555632000000,
    324.19802778714114
  ],
  [
    1555718400000,
    425.1645011570449
  ],
  [
    1555804800000,
    817.4087340531086
  ],
  [
    1555891200000,
    978.8894525786559
  ],
  [
    1555977600000,
    2563.1848307449845
  ],
  [
    1556064000000,
    5007.316270966069
  ],
  [
    1556150400000,
    349.9656686793953
  ],
  [
    1556236800000,
    3394.7869751305075
  ],
  [
    1556323200000,
    699.6448866325459
  ],
  [
    1556409600000,
    533.6244797047125
  ],
  [
    1556496000000,
    696.1615232730817
  ],
  [
    1556582400000,
    1622.1108233320654
  ],
  [
    1556668800000,
    914.1970007186058
  ],
  [
    1556755200000,
    432.43210291439806
  ],
  [
    1556841600000,
    913.7513760106193
  ],
  [
    1556928000000,
    752.3636206013556
  ],
  [
    1557014400000,
    704.7731155123988
  ],
  [
    1557100800000,
    755.3246680137031
  ],
  [
    1557187200000,
    343.9373438344241
  ],
  [
    1557273600000,
    1262.832792900437
  ],
  [
    1557360000000,
    1076.8452116561662
  ],
  [
    1557446400000,
    907.0095870187688
  ],
  [
    1557532800000,
    921.1573613724439
  ],
  [
    1557619200000,
    427.4127118489346
  ],
  [
    1557705600000,
    653.0039757423723
  ],
  [
    1557792000000,
    323.11960515299756
  ],
  [
    1557878400000,
    1046.6459567318927
  ],
  [
    1557964800000,
    895.2172892795678
  ],
  [
    1558051200000,
    393.03920914817127
  ],
  [
    1558137600000,
    270.88677033513136
  ],
  [
    1558224000000,
    402.088488751978
  ],
  [
    1558310400000,
    386.05565850469543
  ],
  [
    1558396800000,
    337.05539503410876
  ],
  [
    1558483200000,
    333.8170738203853
  ],
  [
    1558569600000,
    360.26713500780016
  ],
  [
    1558656000000,
    551.7703847537265
  ],
  [
    1558742400000,
    759.024883435229
  ],
  [
    1558828800000,
    931.2431625149932
  ],
  [
    1558915200000,
    395.2587209244797
  ],
  [
    1559001600000,
    546.2173000472162
  ],
  [
    1559088000000,
    253.36382320204285
  ],
  [
    1559174400000,
    442.75306116931023
  ],
  [
    1559260800000,
    343.6091103036383
  ],
  [
    1559347200000,
    397.893710145997
  ],
  [
    1559433600000,
    416.4871857659684
  ],
  [
    1559520000000,
    289.92020137718436
  ],
  [
    1559606400000,
    261.82975328839535
  ],
  [
    1559692800000,
    432.55692240647244
  ],
  [
    1559779200000,
    257.84022518913923
  ],
  [
    1559865600000,
    241.35118260546045
  ],
  [
    1559952000000,
    187.21007351002768
  ],
  [
    1560038400000,
    972.6156783054164
  ],
  [
    1560124800000,
    192.02593086066
  ],
  [
    1560211200000,
    182.92507683635324
  ],
  [
    1560297600000,
    213.84278646337586
  ],
  [
    1560384000000,
    374.8605581468787
  ],
  [
    1560470400000,
    378.9196526111238
  ],
  [
    1560556800000,
    283.67038279501475
  ],
  [
    1560643200000,
    624.5076035516227
  ],
  [
    1560729600000,
    646.175919601908
  ],
  [
    1560816000000,
    605.0094135912476
  ],
  [
    1560902400000,
    836.7499420400172
  ],
  [
    1560988800000,
    904.0117476047235
  ],
  [
    1561075200000,
    228.63828285981174
  ],
  [
    1561161600000,
    693.4601144742659
  ],
  [
    1561248000000,
    806.1206842613258
  ],
  [
    1561334400000,
    366.84450874525277
  ],
  [
    1561420800000,
    244.3272311091254
  ],
  [
    1561507200000,
    282.11642781698924
  ],
  [
    1561593600000,
    292.59779257309316
  ],
  [
    1561680000000,
    337.44038362119
  ],
  [
    1561766400000,
    796.435323086905
  ],
  [
    1561852800000,
    375.0810333037482
  ],
  [
    1561939200000,
    1619.5325644497148
  ],
  [
    1562025600000,
    388.14010537024416
  ],
  [
    1562112000000,
    1769.1905033014637
  ],
  [
    1562198400000,
    232.92319587248386
  ],
  [
    1562284800000,
    363.01442685383034
  ],
  [
    1562371200000,
    4921.433826333681
  ],
  [
    1562457600000,
    307.7743440933693
  ],
  [
    1562544000000,
    222.12105101045543
  ],
  [
    1562630400000,
    1099.4225894755414
  ],
  [
    1562716800000,
    523.6859331931516
  ],
  [
    1562803200000,
    1112.3869893335716
  ],
  [
    1562889600000,
    502.71224152000843
  ],
  [
    1562976000000,
    674.503177000727
  ],
  [
    1563062400000,
    411.8766412076267
  ],
  [
    1563148800000,
    208.49777310164043
  ],
  [
    1563235200000,
    425.24628746492834
  ],
  [
    1563321600000,
    333.2632884099865
  ],
  [
    1563408000000,
    350.9253642622607
  ],
  [
    1563494400000,
    454.21490702677886
  ],
  [
    1563580800000,
    219.0172288859182
  ],
  [
    1563667200000,
    416.7344985563823
  ],
  [
    1563753600000,
    308.05725872753055
  ],
  [
    1563840000000,
    3052.556924304801
  ],
  [
    1563926400000,
    549.6543121187044
  ],
  [
    1564012800000,
    263.10651180420376
  ],
  [
    1564099200000,
    242.5498140063958
  ],
  [
    1564185600000,
    288.7903913256677
  ],
  [
    1564272000000,
    252.82818464725185
  ],
  [
    1564358400000,
    229.09310715985265
  ],
  [
    1564444800000,
    231.62401927756244
  ],
  [
    1564531200000,
    1443.8585634180204
  ],
  [
    1564617600000,
    343.59136008129616
  ],
  [
    1564704000000,
    287.9756734549059
  ],
  [
    1564790400000,
    337.34980943382163
  ],
  [
    1564876800000,
    355.01133646637055
  ],
  [
    1564963200000,
    297.48956536875403
  ],
  [
    1565049600000,
    371.60779509646284
  ],
  [
    1565136000000,
    290.84339459689505
  ],
  [
    1565222400000,
    327.23094848793835
  ],
  [
    1565308800000,
    135.93168042601405
  ],
  [
    1565395200000,
    110.94328208541187
  ],
  [
    1565481600000,
    194.84777594915104
  ],
  [
    1565568000000,
    108.90735996149627
  ],
  [
    1565654400000,
    286.4575512649894
  ],
  [
    1565740800000,
    260.164577965585
  ],
  [
    1565827200000,
    194.30428652851296
  ],
  [
    1565913600000,
    211.19237366775135
  ],
  [
    1566000000000,
    170.22740682707237
  ],
  [
    1566086400000,
    0
  ],
  [
    1566172800000,
    0
  ],
  [
    1566259200000,
    219.99544516274622
  ],
  [
    1566345600000,
    166.6854166064411
  ],
  [
    1566432000000,
    3.5777828359298556
  ],
  [
    1566518400000,
    18.731676943474085
  ],
  [
    1566604800000,
    8.448594048031064
  ],
  [
    1566691200000,
    329.9807595397674
  ],
  [
    1566777600000,
    172.05091984451943
  ],
  [
    1566864000000,
    197.77879374242377
  ],
  [
    1566950400000,
    139.8843238114893
  ],
  [
    1567036800000,
    269.851092359023
  ],
  [
    1567123200000,
    241.27807231858878
  ],
  [
    1567209600000,
    240.69881109194773
  ],
  [
    1567296000000,
    291.5853209287171
  ],
  [
    1567382400000,
    277.1263242834817
  ],
  [
    1567468800000,
    265.80787825401563
  ],
  [
    1567555200000,
    209.75948600012896
  ],
  [
    1567641600000,
    240.25275538345196
  ],
  [
    1567728000000,
    255.98702343680327
  ],
  [
    1567814400000,
    424.01269602063104
  ],
  [
    1567900800000,
    376.9350288790492
  ],
  [
    1567987200000,
    272.53972208793755
  ],
  [
    1568073600000,
    106.65338209114883
  ],
  [
    1568160000000,
    0.11710241894374142
  ],
  [
    1568246400000,
    398.2717000190959
  ],
  [
    1568332800000,
    210.29703303559359
  ],
  [
    1568419200000,
    1.1760307114215327
  ],
  [
    1568505600000,
    2.441545698218626
  ],
  [
    1568592000000,
    6.4638765293494576
  ],
  [
    1568678400000,
    186.688928681678
  ],
  [
    1568764800000,
    169.3050221316567
  ],
  [
    1568851200000,
    48.15659703285676
  ],
  [
    1568937600000,
    236.0479259475213
  ],
  [
    1569024000000,
    0.04254899759077002
  ],
  [
    1569110400000,
    5.09296415135781
  ],
  [
    1569196800000,
    172.1049594356246
  ],
  [
    1569283200000,
    20.371201964692734
  ],
  [
    1569369600000,
    0.08572793158728795
  ],
  [
    1569456000000,
    0.05890596052217324
  ],
  [
    1569542400000,
    58.069617146244994
  ],
  [
    1569628800000,
    3.65274953446451
  ],
  [
    1569715200000,
    1.009078384975558
  ],
  [
    1569801600000,
    20.679320818751478
  ],
  [
    1569888000000,
    4.302972866985957
  ],
  [
    1569974400000,
    0
  ],
  [
    1570060800000,
    0
  ],
  [
    1570147200000,
    0.02227124398745242
  ],
  [
    1570233600000,
    0.02227124398745242
  ],
  [
    1570320000000,
    0.02281583794449199
  ],
  [
    1570406400000,
    0
  ],
  [
    1570492800000,
    14.585520533049712
  ],
  [
    1570579200000,
    0.05725420178274287
  ],
  [
    1570665600000,
    0
  ],
  [
    1570752000000,
    21.43034650963531
  ],
  [
    1570838400000,
    0.15583991032183414
  ],
  [
    1570924800000,
    10.891021724935925
  ],
  [
    1571011200000,
    17.175135664289726
  ],
  [
    1571097600000,
    10.16501940238715
  ],
  [
    1571184000000,
    138.6549485756288
  ],
  [
    1571270400000,
    74.40251842367962
  ],
  [
    1571356800000,
    24.127785270014346
  ],
  [
    1571443200000,
    0.2358130180973584
  ],
  [
    1571529600000,
    3.5378254227484094
  ],
  [
    1571616000000,
    0.1732662621264095
  ],
  [
    1571702400000,
    9.804082800416438
  ],
  [
    1571788800000,
    37.0720223413443
  ],
  [
    1571875200000,
    0
  ],
  [
    1571961600000,
    24.623391731334006
  ],
  [
    1572048000000,
    4.327520212198793
  ],
  [
    1572134400000,
    227.93375793128774
  ],
  [
    1572220800000,
    0.3193194486288622
  ],
  [
    1572307200000,
    0
  ],
  [
    1572393600000,
    0
  ],
  [
    1572480000000,
    0
  ],
  [
    1572566400000,
    0.6118185137076684
  ],
  [
    1572652800000,
    3.008114256339441
  ],
  [
    1572739200000,
    3.008114256339441
  ],
  [
    1572825600000,
    16.79455949317962
  ],
  [
    1572912000000,
    320.0261774229197
  ],
  [
    1572998400000,
    3198.0005917990597
  ],
  [
    1573084800000,
    223.5580545694216
  ],
  [
    1573171200000,
    153.73525006940423
  ],
  [
    1573257600000,
    246.397745327203
  ],
  [
    1573344000000,
    187.00435735767692
  ],
  [
    1573430400000,
    301.1934130420726
  ],
  [
    1573516800000,
    188.15509312704492
  ],
  [
    1573603200000,
    211.78220350652757
  ],
  [
    1573689600000,
    577.2708761212555
  ],
  [
    1573776000000,
    428.2817394584825
  ],
  [
    1573862400000,
    167.96017943652438
  ],
  [
    1573948800000,
    196.45350224356864
  ],
  [
    1574035200000,
    199.06745873099507
  ],
  [
    1574121600000,
    241.31565461103008
  ],
  [
    1574208000000,
    196.61125249696366
  ],
  [
    1574294400000,
    217.7558346510084
  ],
  [
    1574380800000,
    399.5929084147826
  ],
  [
    1574467200000,
    1125.0790979482351
  ],
  [
    1574553600000,
    195.29496560401037
  ],
  [
    1574640000000,
    417.44594545583595
  ],
  [
    1574726400000,
    11011.573175083082
  ],
  [
    1574812800000,
    225.942806569075
  ],
  [
    1574899200000,
    142.00375538682403
  ],
  [
    1574985600000,
    243.92554526090734
  ],
  [
    1575072000000,
    167.51022833259486
  ],
  [
    1575158400000,
    167.32898947031856
  ],
  [
    1575244800000,
    147.59019690989962
  ],
  [
    1575331200000,
    200.80690604000773
  ],
  [
    1575417600000,
    192.38207049898548
  ],
  [
    1575504000000,
    156.6641880825018
  ],
  [
    1575590400000,
    184.25712259270026
  ],
  [
    1575676800000,
    147.7840176494126
  ],
  [
    1575763200000,
    360.58261077488885
  ],
  [
    1575849600000,
    294.1605931368081
  ],
  [
    1575936000000,
    184.96849458499065
  ],
  [
    1576022400000,
    197.68128761984994
  ],
  [
    1576108800000,
    114.0566276615058
  ],
  [
    1576195200000,
    105.52557041946177
  ],
  [
    1576281600000,
    186.6870632604459
  ],
  [
    1576368000000,
    326.7841602519603
  ],
  [
    1576454400000,
    172.05932654385572
  ],
  [
    1576540800000,
    610.0328191380665
  ],
  [
    1576627200000,
    329.8716058519683
  ],
  [
    1576713600000,
    198.04626436629883
  ],
  [
    1576800000000,
    155.49552780406336
  ],
  [
    1576886400000,
    214.11423377719518
  ],
  [
    1576972800000,
    165.92258663898355
  ],
  [
    1577059200000,
    153.35320661619556
  ],
  [
    1577145600000,
    90.71623930720402
  ],
  [
    1577232000000,
    76.36982728084718
  ],
  [
    1577318400000,
    71.2359040491002
  ],
  [
    1577404800000,
    10198.015138380233
  ],
  [
    1577491200000,
    15051.125308407309
  ],
  [
    1577577600000,
    15734.642348324967
  ],
  [
    1577664000000,
    16649.215258304306
  ],
  [
    1577750400000,
    8494.555836591431
  ],
  [
    1577836800000,
    5618.8686263806985
  ],
  [
    1577923200000,
    5293.862007079509
  ],
  [
    1578009600000,
    5244.271028244612
  ],
  [
    1578096000000,
    2680.8118320343915
  ],
  [
    1578182400000,
    0
  ],
  [
    1578355200000,
    172.0505772540529
  ],
  [
    1578441600000,
    234.7532999893658
  ],
  [
    1578528000000,
    264.38820878849464
  ],
  [
    1578614400000,
    215.01858988180024
  ],
  [
    1578700800000,
    194.01898368037126
  ],
  [
    1578787200000,
    340.41231821566583
  ],
  [
    1578873600000,
    122.79145966946024
  ],
  [
    1578960000000,
    11.268848849929991
  ],
  [
    1579046400000,
    0.04678564068407319
  ],
  [
    1579132800000,
    86.95823433298865
  ],
  [
    1579219200000,
    290.8270054139938
  ],
  [
    1579305600000,
    290.89099522974476
  ],
  [
    1579392000000,
    280.79374560812346
  ],
  [
    1579478400000,
    242.88532606173987
  ],
  [
    1579564800000,
    254.1128908880072
  ],
  [
    1579651200000,
    202.14498290520012
  ],
  [
    1579737600000,
    212.84668934451054
  ],
  [
    1579824000000,
    120.10239320516965
  ],
  [
    1579910400000,
    214.4289059989501
  ],
  [
    1579996800000,
    179.3196941866126
  ],
  [
    1580083200000,
    194.4702789051739
  ],
  [
    1580169600000,
    262.7667076041451
  ],
  [
    1580256000000,
    296.96263386740884
  ],
  [
    1580342400000,
    267.573746924855
  ],
  [
    1580428800000,
    251.90404440107622
  ],
  [
    1580515200000,
    9.17628756987798
  ],
  [
    1580601600000,
    7.025182070307032
  ],
  [
    1580688000000,
    27.895265031136653
  ],
  [
    1580774400000,
    20.510825273248102
  ],
  [
    1580860800000,
    83.01783003012386
  ],
  [
    1580947200000,
    305.12048806046954
  ],
  [
    1581033600000,
    47.71384125691843
  ],
  [
    1581120000000,
    12.072689442174093
  ],
  [
    1581206400000,
    192.16602560750619
  ],
  [
    1581292800000,
    185.6631633385565
  ],
  [
    1581379200000,
    199.96903884197334
  ],
  [
    1581465600000,
    4.683977480550996
  ],
  [
    1581552000000,
    19.422571069714486
  ],
  [
    1581638400000,
    5.442583834865401
  ],
  [
    1581724800000,
    3.774341246596489
  ],
  [
    1581811200000,
    234.35281651831326
  ],
  [
    1581897600000,
    410.1387224895079
  ],
  [
    1581984000000,
    130.16963017604706
  ],
  [
    1582070400000,
    318.51798894618884
  ],
  [
    1582156800000,
    291.12723410007067
  ],
  [
    1582243200000,
    400.3407573915442
  ],
  [
    1582329600000,
    152.6803807691904
  ],
  [
    1582416000000,
    201.94268178448667
  ],
  [
    1582502400000,
    246.04752295289873
  ],
  [
    1582588800000,
    270.9339106194724
  ],
  [
    1582675200000,
    321.85424554102525
  ],
  [
    1582761600000,
    30.183755513068988
  ],
  [
    1582848000000,
    0.5606270433833048
  ],
  [
    1583020800000,
    0.1450643624623055
  ],
  [
    1583107200000,
    0.11450959870874011
  ],
  [
    1583193600000,
    0.11771578663950324
  ],
  [
    1583280000000,
    0.10608377659115309
  ],
  [
    1583539200000,
    71.29212017485497
  ],
  [
    1583625600000,
    67.1086734983295
  ],
  [
    1583712000000,
    8.282725729265827
  ],
  [
    1583798400000,
    1.760813762985807
  ],
  [
    1583884800000,
    0.02179642168998478
  ],
  [
    1583971200000,
    7.793384244033918
  ],
  [
    1584057600000,
    1.1200114202233096
  ],
  [
    1584144000000,
    9.438731724771298
  ],
  [
    1584230400000,
    0.1749240084171219
  ],
  [
    1584489600000,
    0.0070694878634240555
  ],
  [
    1584576000000,
    2.2604292574090175
  ],
  [
    1584662400000,
    1.9816153833468688
  ],
  [
    1584748800000,
    0.004186667789194023
  ],
  [
    1584835200000,
    8.624584032640637
  ],
  [
    1585008000000,
    55.70818994363034
  ],
  [
    1585094400000,
    142.74831038348944
  ],
  [
    1585180800000,
    147.57236939513075
  ],
  [
    1585267200000,
    179.0219716594556
  ],
  [
    1585353600000,
    159.1390233104143
  ],
  [
    1585440000000,
    164.3618514923912
  ],
  [
    1585526400000,
    150.76146451867123
  ],
  [
    1585612800000,
    139.4468474805162
  ],
  [
    1585699200000,
    138.71657661669255
  ],
  [
    1585785600000,
    220.2664953444519
  ],
  [
    1585872000000,
    188.8248891094666
  ],
  [
    1585958400000,
    350.73929377632203
  ],
  [
    1586044800000,
    208.51049466296834
  ],
  [
    1586131200000,
    95.79319010980993
  ],
  [
    1586217600000,
    146.94754819082843
  ],
  [
    1586304000000,
    184.06083992884683
  ],
  [
    1586390400000,
    167.2165937934702
  ],
  [
    1586476800000,
    17.23885204070606
  ],
  [
    1586563200000,
    72.02173403784425
  ],
  [
    1586649600000,
    248.45047026739866
  ],
  [
    1586736000000,
    116.63997013690896
  ],
  [
    1586822400000,
    126.35075424836754
  ],
  [
    1586908800000,
    29.27740086043984
  ],
  [
    1586995200000,
    0.9705016558988099
  ],
  [
    1587081600000,
    14.203949524675096
  ],
  [
    1587168000000,
    79.65850421524688
  ],
  [
    1587254400000,
    0.4742420912243485
  ],
  [
    1587340800000,
    19.755266633420618
  ],
  [
    1587427200000,
    53.74728895219457
  ],
  [
    1587513600000,
    8.563605052954713
  ],
  [
    1587600000000,
    208.8931303659087
  ],
  [
    1587686400000,
    161.94352013784027
  ],
  [
    1587772800000,
    155.48952295412354
  ],
  [
    1587859200000,
    5.970390824920766
  ],
  [
    1587945600000,
    2.4254452464884264
  ],
  [
    1588032000000,
    52.386368635855604
  ],
  [
    1588118400000,
    44.882558749838935
  ],
  [
    1588204800000,
    32.46935566470563
  ],
  [
    1588291200000,
    216.50035857009473
  ],
  [
    1588377600000,
    203.63707963223774
  ],
  [
    1588464000000,
    224.93652732324807
  ],
  [
    1588550400000,
    234.42469908743712
  ],
  [
    1588636800000,
    238.35039486503132
  ],
  [
    1588723200000,
    182.58266636000724
  ],
  [
    1588809600000,
    264.9940593746025
  ],
  [
    1588896000000,
    247.61584778274772
  ],
  [
    1588982400000,
    259.1157320570448
  ],
  [
    1589068800000,
    211.04347680965228
  ],
  [
    1589155200000,
    177.37470412618106
  ],
  [
    1589241600000,
    220.7360320465876
  ],
  [
    1589328000000,
    99.02599383681319
  ],
  [
    1589414400000,
    55.88059781466745
  ],
  [
    1589500800000,
    79.44225963815147
  ],
  [
    1589587200000,
    248.26217725733136
  ],
  [
    1589673600000,
    275.8341483033804
  ],
  [
    1589760000000,
    303.7389663504218
  ],
  [
    1589846400000,
    400.72724108974563
  ],
  [
    1589932800000,
    235.13733814656143
  ],
  [
    1590019200000,
    216.76165142302483
  ],
  [
    1590105600000,
    298.37900029307565
  ],
  [
    1590192000000,
    34.84728587113444
  ],
  [
    1590278400000,
    134.75197180985353
  ],
  [
    1590364800000,
    200.69651878075612
  ],
  [
    1590451200000,
    30.45716511475376
  ],
  [
    1590537600000,
    135.78607276130444
  ],
  [
    1590624000000,
    265.8193181346854
  ],
  [
    1590710400000,
    610.3012301736821
  ],
  [
    1590796800000,
    2.12474628491891
  ],
  [
    1590883200000,
    571.252011197492
  ],
  [
    1590969600000,
    0
  ],
  [
    1591056000000,
    46.568432652700395
  ],
  [
    1591142400000,
    566.7926206077744
  ],
  [
    1591228800000,
    43.80142529034374
  ],
  [
    1591315200000,
    434.10883412517563
  ],
  [
    1591401600000,
    237.75844274420407
  ],
  [
    1591488000000,
    447.8016758504113
  ],
  [
    1591574400000,
    295.5635864686873
  ],
  [
    1591660800000,
    388.76771802180247
  ],
  [
    1591747200000,
    749.0446770301824
  ],
  [
    1591833600000,
    741.4479948243102
  ],
  [
    1591920000000,
    3547.0195391386205
  ],
  [
    1592006400000,
    1205.9684727818349
  ],
  [
    1592092800000,
    807.1419327628558
  ],
  [
    1592179200000,
    275.4768947844605
  ],
  [
    1592265600000,
    317.8129632546592
  ],
  [
    1592352000000,
    284.15988550874675
  ],
  [
    1592438400000,
    425.4846962808859
  ],
  [
    1592524800000,
    363.58083968095184
  ],
  [
    1592611200000,
    299.40542486238866
  ],
  [
    1592697600000,
    418.64681080395496
  ],
  [
    1592784000000,
    343.2581165951872
  ],
  [
    1592870400000,
    167.85398791909157
  ],
  [
    1592956800000,
    217.04344191080997
  ],
  [
    1593043200000,
    225.60968555326136
  ],
  [
    1593129600000,
    510.38230889465547
  ],
  [
    1593216000000,
    363.62597005257055
  ],
  [
    1593302400000,
    203.98701651876232
  ],
  [
    1593388800000,
    208.98929265587802
  ],
  [
    1593475200000,
    146.12406901335092
  ],
  [
    1593561600000,
    88.3518754844082
  ],
  [
    1593648000000,
    107.65817796062751
  ],
  [
    1593734400000,
    175.48891970116577
  ],
  [
    1593820800000,
    825.4471049758297
  ],
  [
    1593907200000,
    446.06034926640666
  ],
  [
    1593993600000,
    439.83195255054204
  ],
  [
    1594080000000,
    252.06594682573618
  ],
  [
    1594166400000,
    372.8612532457501
  ],
  [
    1594252800000,
    280.5997095258372
  ],
  [
    1594339200000,
    37.16596458405388
  ],
  [
    1594425600000,
    2975.8655239160703
  ],
  [
    1594512000000,
    1280.1812377755407
  ],
  [
    1594598400000,
    1294.0312200622507
  ],
  [
    1594684800000,
    281.02426011064136
  ],
  [
    1594771200000,
    273.844550845481
  ],
  [
    1594857600000,
    0.25461021187076366
  ],
  [
    1594944000000,
    230.4359861940858
  ],
  [
    1595030400000,
    21.149997786228727
  ],
  [
    1595116800000,
    40.4254988653733
  ],
  [
    1595203200000,
    58.580960146602486
  ],
  [
    1595289600000,
    20.3309218985066
  ],
  [
    1595376000000,
    833.5635190492061
  ],
  [
    1595462400000,
    1125.5144593298771
  ],
  [
    1595548800000,
    860.7747980552693
  ],
  [
    1595635200000,
    243.79563273758728
  ],
  [
    1595721600000,
    814.8660710648048
  ],
  [
    1595808000000,
    11770.218704645287
  ],
  [
    1595894400000,
    18255.56330857078
  ],
  [
    1595980800000,
    5006.23658529083
  ],
  [
    1596067200000,
    5760.25784133194
  ],
  [
    1596153600000,
    4873.5342105484
  ],
  [
    1596240000000,
    1339.6549660366127
  ],
  [
    1596326400000,
    522.1257078839394
  ],
  [
    1596412800000,
    600.5905903515273
  ],
  [
    1596499200000,
    923.7793106630451
  ],
  [
    1596585600000,
    282.93402866951817
  ],
  [
    1596672000000,
    333.99787417498635
  ],
  [
    1596758400000,
    263.66991118004944
  ],
  [
    1596844800000,
    347.72250005980436
  ],
  [
    1596931200000,
    2924.3077500727622
  ],
  [
    1597017600000,
    1652.0685787248367
  ],
  [
    1597104000000,
    325.00877276172355
  ],
  [
    1597190400000,
    326.53331425697036
  ],
  [
    1597276800000,
    272.2077514287855
  ],
  [
    1597363200000,
    306.4597679648635
  ],
  [
    1597449600000,
    820.8725043859515
  ],
  [
    1597536000000,
    7881.058856185729
  ],
  [
    1597622400000,
    716.43460575954
  ],
  [
    1597708800000,
    473.2875608994734
  ],
  [
    1597795200000,
    1745.469015498025
  ],
  [
    1597881600000,
    349.6638247040483
  ],
  [
    1597968000000,
    669.5974644861963
  ],
  [
    1598054400000,
    1363.308232680441
  ],
  [
    1598140800000,
    292.1458907443993
  ],
  [
    1598227200000,
    1549.6339623911517
  ],
  [
    1598313600000,
    619.4516565279808
  ],
  [
    1598400000000,
    4087.293088699526
  ],
  [
    1598486400000,
    462.60860688708294
  ],
  [
    1598572800000,
    1118.8968080762565
  ],
  [
    1598659200000,
    2644.587425033568
  ],
  [
    1598745600000,
    643.0338880419641
  ],
  [
    1598832000000,
    252.75777178767686
  ],
  [
    1598918400000,
    312.09101592519016
  ],
  [
    1599004800000,
    322.7127022943842
  ],
  [
    1599091200000,
    248.81847113979205
  ],
  [
    1599177600000,
    254.56017512616663
  ],
  [
    1599264000000,
    325.05981207892387
  ],
  [
    1599350400000,
    650.0481324635892
  ],
  [
    1599436800000,
    247.3771989510022
  ],
  [
    1599523200000,
    334.6077212734998
  ],
  [
    1599609600000,
    437.5027697075909
  ],
  [
    1599696000000,
    6851.147558014377
  ],
  [
    1599782400000,
    229.68933811849783
  ],
  [
    1599868800000,
    268.20654607261315
  ],
  [
    1599955200000,
    14177.236848426217
  ],
  [
    1600041600000,
    673.5509633852496
  ],
  [
    1600128000000,
    0.07795845964476995
  ],
  [
    1600214400000,
    71.91836523767441
  ],
  [
    1600300800000,
    392.1152768404531
  ],
  [
    1600387200000,
    0.11160799478733616
  ],
  [
    1600473600000,
    8.289268848049803
  ],
  [
    1600560000000,
    28.313943418663044
  ],
  [
    1600646400000,
    769.9998488263585
  ],
  [
    1600732800000,
    284.268195185034
  ],
  [
    1600819200000,
    297.0633874564698
  ],
  [
    1600905600000,
    230.12028820772767
  ],
  [
    1600992000000,
    300.4805892471866
  ],
  [
    1601078400000,
    416.58948931513396
  ],
  [
    1601164800000,
    295.75285969593233
  ],
  [
    1601251200000,
    283.4879092053981
  ],
  [
    1601337600000,
    511.688690633478
  ],
  [
    1601424000000,
    329.88879336529345
  ],
  [
    1601510400000,
    322.5333040702778
  ],
  [
    1601596800000,
    312.9291849322188
  ],
  [
    1601683200000,
    9017.486032261668
  ],
  [
    1601769600000,
    2426.1639514876506
  ],
  [
    1601856000000,
    68.70355359030818
  ],
  [
    1601942400000,
    172.66353762766994
  ],
  [
    1602028800000,
    3.32810043887234
  ],
  [
    1602115200000,
    0.06886880619634513
  ],
  [
    1602201600000,
    35.58195919057822
  ],
  [
    1602288000000,
    1001.9453556994758
  ],
  [
    1602374400000,
    570.9937450858762
  ],
  [
    1602460800000,
    1231.9869220768528
  ],
  [
    1602547200000,
    276.1681265060867
  ],
  [
    1602633600000,
    164.9543235706058
  ],
  [
    1602720000000,
    33.07463131415553
  ],
  [
    1602806400000,
    0.4414578932701913
  ],
  [
    1602892800000,
    2.103813344756191
  ],
  [
    1602979200000,
    0.7162802058641496
  ],
  [
    1603065600000,
    116.61690635249812
  ],
  [
    1603152000000,
    177.38881689397923
  ],
  [
    1603238400000,
    838.6690300615321
  ],
  [
    1603324800000,
    0.20843866629916213
  ],
  [
    1603411200000,
    0.5168918991992836
  ],
  [
    1603497600000,
    3.4935326751540567
  ],
  [
    1603584000000,
    1.4451311529300164
  ],
  [
    1603670400000,
    22.702691822913952
  ],
  [
    1603756800000,
    0.46421281636970657
  ],
  [
    1603843200000,
    48.28620967673096
  ],
  [
    1603929600000,
    236.99640287151385
  ],
  [
    1604016000000,
    2.2697950215317158
  ],
  [
    1604102400000,
    0.6706198670176915
  ],
  [
    1604188800000,
    189.33524570166503
  ],
  [
    1604275200000,
    25.078116001254816
  ],
  [
    1604361600000,
    12.89324627616089
  ],
  [
    1604448000000,
    32.00847974138735
  ],
  [
    1604534400000,
    251.87692181760323
  ],
  [
    1604620800000,
    27.47690723655463
  ],
  [
    1604707200000,
    45.57324116998456
  ],
  [
    1604793600000,
    14.284552426957418
  ],
  [
    1604880000000,
    55.20770650014008
  ],
  [
    1604966400000,
    28.770322548625657
  ],
  [
    1605052800000,
    37.26629514466527
  ],
  [
    1605139200000,
    76.83557831901196
  ],
  [
    1605225600000,
    209.47007688813753
  ],
  [
    1605312000000,
    390.1167720757045
  ],
  [
    1605398400000,
    108.73114647836897
  ],
  [
    1605484800000,
    1.9229063958711807
  ],
  [
    1605571200000,
    58.6921363690134
  ],
  [
    1605657600000,
    49.205986991892324
  ],
  [
    1605744000000,
    48.245268883151674
  ],
  [
    1605830400000,
    252.17216605166936
  ],
  [
    1605916800000,
    260.3621540845437
  ],
  [
    1606003200000,
    140.58664324366956
  ],
  [
    1606089600000,
    21.71912486431058
  ],
  [
    1606176000000,
    118.46049158697434
  ],
  [
    1606262400000,
    30.267994737796535
  ],
  [
    1606348800000,
    0.14336116395975673
  ],
  [
    1606435200000,
    264.8747864007985
  ],
  [
    1606521600000,
    390.63379987077116
  ],
  [
    1606608000000,
    283.2259066095078
  ],
  [
    1606694400000,
    282.145895876761
  ],
  [
    1606780800000,
    665.4354725623855
  ],
  [
    1606867200000,
    459.2500174737772
  ],
  [
    1606953600000,
    615.9851770461534
  ],
  [
    1607040000000,
    414.449543047469
  ],
  [
    1607126400000,
    437.94846757201833
  ],
  [
    1607212800000,
    476.1715676332369
  ],
  [
    1607299200000,
    1089.7697711217752
  ],
  [
    1607385600000,
    912.6401873028881
  ],
  [
    1607472000000,
    416.41810297109043
  ],
  [
    1607558400000,
    595.9176472668005
  ],
  [
    1607644800000,
    392.2917569844005
  ],
  [
    1607731200000,
    12.965892428986413
  ],
  [
    1607817600000,
    331.79704901244287
  ],
  [
    1607904000000,
    13.113871161808918
  ],
  [
    1607990400000,
    3.3389502224381546
  ],
  [
    1608076800000,
    79.6891326670044
  ],
  [
    1608163200000,
    113.75343267003612
  ],
  [
    1608249600000,
    43.119314824253294
  ],
  [
    1608336000000,
    0.2216710626487546
  ],
  [
    1608422400000,
    37.17625748028891
  ],
  [
    1608508800000,
    5.974951565826239
  ],
  [
    1608595200000,
    0.2498749718524778
  ],
  [
    1608681600000,
    420.55207053169835
  ],
  [
    1608768000000,
    259.27867589201367
  ],
  [
    1608854400000,
    227.16240601163412
  ],
  [
    1608940800000,
    12.2325130625339
  ],
  [
    1609027200000,
    38.56589093351681
  ],
  [
    1609113600000,
    3.0443539144544625
  ],
  [
    1609200000000,
    1.5374009097239212
  ],
  [
    1609286400000,
    0.010847509600766775
  ],
  [
    1609372800000,
    1.2565575015898058
  ],
  [
    1609459200000,
    109.54792488864834
  ],
  [
    1609545600000,
    12.276879645569483
  ],
  [
    1609632000000,
    7.4668584525151385
  ],
  [
    1609718400000,
    29.413448334968418
  ],
  [
    1609804800000,
    0.039264299442432454
  ],
  [
    1609891200000,
    141.02514867529496
  ],
  [
    1609977600000,
    38.026286201411224
  ],
  [
    1610064000000,
    19.49111509137642
  ],
  [
    1610150400000,
    3750.0252236363785
  ],
  [
    1610236800000,
    403.29176694566917
  ],
  [
    1610323200000,
    18.775213134610436
  ],
  [
    1610409600000,
    439.45395673891994
  ],
  [
    1610496000000,
    20.216385592549177
  ],
  [
    1610582400000,
    20.009280399826576
  ],
  [
    1610668800000,
    45.03119759774981
  ],
  [
    1610755200000,
    104.6869137233878
  ],
  [
    1610841600000,
    8.436029129506137
  ],
  [
    1610928000000,
    67.03954921504955
  ],
  [
    1611014400000,
    0.26269796424915004
  ],
  [
    1611100800000,
    13.699718415836662
  ],
  [
    1611187200000,
    1051.9499260329944
  ],
  [
    1611273600000,
    477.71140533599794
  ],
  [
    1611360000000,
    294.99151777598456
  ],
  [
    1611446400000,
    17.174236151513938
  ],
  [
    1611532800000,
    1.8407359191669985
  ],
  [
    1611619200000,
    0.05087722150071807
  ],
  [
    1611705600000,
    100.69034207035918
  ],
  [
    1611792000000,
    423.6671550118197
  ],
  [
    1611878400000,
    1197.3060345599554
  ],
  [
    1611964800000,
    48.09638845025995
  ],
  [
    1612051200000,
    4.416281654423678
  ],
  [
    1612137600000,
    49.77413931428146
  ],
  [
    1612224000000,
    533.5500659389319
  ],
  [
    1612310400000,
    210.89136442542008
  ],
  [
    1612396800000,
    171.34670632139043
  ],
  [
    1612483200000,
    3100.8157686501713
  ],
  [
    1612569600000,
    206.34593106352705
  ],
  [
    1612656000000,
    730.4456454456604
  ],
  [
    1612742400000,
    50.42023980450657
  ],
  [
    1612828800000,
    82.65053809134112
  ],
  [
    1612915200000,
    1096.36678879246
  ],
  [
    1613001600000,
    174.72270702904726
  ],
  [
    1613088000000,
    24464.496643912455
  ],
  [
    1613174400000,
    15961.762997395748
  ],
  [
    1613260800000,
    7804.1092302263105
  ],
  [
    1613347200000,
    1100.6893235418304
  ],
  [
    1613433600000,
    1474.75123352401
  ],
  [
    1613520000000,
    1457.8628569860562
  ],
  [
    1613606400000,
    12.243107195286044
  ],
  [
    1613692800000,
    814.2641901800771
  ],
  [
    1613779200000,
    691.9633333467331
  ],
  [
    1613865600000,
    2290.1278105105416
  ],
  [
    1613952000000,
    1397.983794311138
  ],
  [
    1614038400000,
    2.173644426723512
  ],
  [
    1614124800000,
    310.457995997485
  ],
  [
    1614211200000,
    4731.939662037127
  ],
  [
    1614297600000,
    0.7160580598427421
  ],
  [
    1614384000000,
    7.092883039480789
  ],
  [
    1614470400000,
    2.1491374112423305
  ],
  [
    1614556800000,
    512.5007369569488
  ],
  [
    1614643200000,
    2389.8103249284195
  ],
  [
    1614729600000,
    150.10090671500865
  ],
  [
    1614816000000,
    72.40685659392778
  ],
  [
    1614902400000,
    182.87062940836648
  ],
  [
    1614988800000,
    5.9055842593958054
  ],
  [
    1615075200000,
    3791.416862323137
  ],
  [
    1615161600000,
    929.9629530672483
  ],
  [
    1615248000000,
    275.91164063671073
  ],
  [
    1615334400000,
    8.408621355703513
  ],
  [
    1615420800000,
    76.3778058114215
  ],
  [
    1615507200000,
    299912.12722893583
  ],
  [
    1615593600000,
    562852.9506456511
  ],
  [
    1615680000000,
    2120714.999545615
  ],
  [
    1615766400000,
    1496985.704913038
  ],
  [
    1615852800000,
    489772.83703681413
  ],
  [
    1615939200000,
    3286478.026556112
  ],
  [
    1616025600000,
    2453671.340547843
  ],
  [
    1616112000000,
    1885933.1629283847
  ],
  [
    1616198400000,
    1032856.0093289248
  ],
  [
    1616284800000,
    1561187.1058416006
  ],
  [
    1616371200000,
    791797.3279110775
  ],
  [
    1616457600000,
    827866.7382387677
  ],
  [
    1616544000000,
    377564.80519839865
  ],
  [
    1616630400000,
    435344.1476288132
  ],
  [
    1616716800000,
    335183.09554916015
  ],
  [
    1616803200000,
    467939.1726792202
  ],
  [
    1616889600000,
    174030.64275196832
  ],
  [
    1616976000000,
    443725.8286841716
  ],
  [
    1617062400000,
    228438.05367657566
  ],
  [
    1617148800000,
    409651.0910461117
  ],
  [
    1617235200000,
    485845.04755649454
  ],
  [
    1617321600000,
    313931.7944285041
  ],
  [
    1617408000000,
    374955.72086663236
  ],
  [
    1617494400000,
    396475.90062832367
  ],
  [
    1617580800000,
    219560.2307390567
  ],
  [
    1617667200000,
    315345.64745523274
  ],
  [
    1617753600000,
    370238.40622595145
  ],
  [
    1617840000000,
    299974.2099119765
  ],
  [
    1617926400000,
    233124.00407553985
  ],
  [
    1618012800000,
    235169.23125701115
  ],
  [
    1618099200000,
    159157.3763068326
  ],
  [
    1618185600000,
    186605.89705744456
  ],
  [
    1618272000000,
    199985.15728124313
  ],
  [
    1618358400000,
    142386.6736742238
  ],
  [
    1618444800000,
    1441158.7963396523
  ],
  [
    1618531200000,
    934132.2818282996
  ],
  [
    1618617600000,
    7420432.059861717
  ],
  [
    1618704000000,
    3578345.8885785826
  ],
  [
    1618790400000,
    2826672.944168156
  ],
  [
    1618876800000,
    2041513.6076412785
  ],
  [
    1618963200000,
    990643.0046288698
  ],
  [
    1619049600000,
    1719190.9889567082
  ],
  [
    1619136000000,
    909139.3576343263
  ],
  [
    1619222400000,
    1755205.9553114006
  ],
  [
    1619308800000,
    414318.6767218881
  ],
  [
    1619395200000,
    762900.4102664606
  ],
  [
    1619481600000,
    1186556.2123770174
  ],
  [
    1619568000000,
    813144.047409514
  ],
  [
    1619654400000,
    510922.8789557383
  ],
  [
    1619740800000,
    742194.8568439762
  ],
  [
    1619827200000,
    706576.0200042084
  ],
  [
    1619913600000,
    435307.61297318176
  ],
  [
    1620000000000,
    622442.3090907854
  ],
  [
    1620086400000,
    872420.7270053755
  ],
  [
    1620172800000,
    450655.1752893048
  ],
  [
    1620259200000,
    337081.0057347353
  ],
  [
    1620345600000,
    286318.8973244933
  ],
  [
    1620432000000,
    260323.403358132
  ],
  [
    1620518400000,
    527903.8873147028
  ],
  [
    1620604800000,
    316382.7207013234
  ],
  [
    1620691200000,
    417768.6824440503
  ],
  [
    1620777600000,
    214764.85927301642
  ],
  [
    1620864000000,
    145258.53980860338
  ],
  [
    1620950400000,
    906610.6691462718
  ],
  [
    1621036800000,
    574799.8305936578
  ],
  [
    1621123200000,
    473362.3717272522
  ],
  [
    1621209600000,
    157598.8257114362
  ],
  [
    1621296000000,
    278045.24305783666
  ],
  [
    1621382400000,
    338923.2730645025
  ],
  [
    1621468800000,
    372538.7138026305
  ],
  [
    1621555200000,
    243445.57757803862
  ],
  [
    1621641600000,
    121407.1607471382
  ],
  [
    1621728000000,
    377238.3033824864
  ],
  [
    1621814400000,
    213060.7981968928
  ],
  [
    1621900800000,
    163558.87621147747
  ],
  [
    1621987200000,
    156155.0585474945
  ],
  [
    1622073600000,
    307098.3628815823
  ],
  [
    1622160000000,
    254997.17556857513
  ],
  [
    1622246400000,
    112167.559155779
  ],
  [
    1622332800000,
    83998.11839549271
  ],
  [
    1622419200000,
    116218.8590378628
  ],
  [
    1622505600000,
    37656.39164469127
  ],
  [
    1622592000000,
    102899.80970802081
  ],
  [
    1622678400000,
    169214.42264305212
  ],
  [
    1622764800000,
    85816.41634456621
  ],
  [
    1622851200000,
    116662.47807486975
  ],
  [
    1622937600000,
    148257.41797144312
  ],
  [
    1623024000000,
    86674.66516664486
  ],
  [
    1623110400000,
    62867.62881120019
  ],
  [
    1623196800000,
    59638.29912527949
  ],
  [
    1623283200000,
    57812.63084104201
  ],
  [
    1623369600000,
    78602.54342682858
  ],
  [
    1623456000000,
    78631.38444222503
  ],
  [
    1623542400000,
    68565.97846606265
  ],
  [
    1623628800000,
    99422.89750582534
  ],
  [
    1623715200000,
    39701.61619404756
  ],
  [
    1623801600000,
    58756.45109206997
  ],
  [
    1623888000000,
    34182.020194466124
  ],
  [
    1623974400000,
    63025.63775650343
  ],
  [
    1624060800000,
    58783.1675010411
  ],
  [
    1624147200000,
    47065.31882710962
  ],
  [
    1624233600000,
    48445.47475928752
  ],
  [
    1624320000000,
    52470.40773057329
  ],
  [
    1624406400000,
    51452.94669450493
  ],
  [
    1624492800000,
    47836.75447817373
  ],
  [
    1624579200000,
    74755.02262431663
  ],
  [
    1624665600000,
    38445.67278416857
  ],
  [
    1624752000000,
    42782.73870944207
  ],
  [
    1624838400000,
    31938.36547358258
  ],
  [
    1624924800000,
    71801.92809658607
  ],
  [
    1625011200000,
    39907.22681315975
  ],
  [
    1625097600000,
    53677.990143556985
  ],
  [
    1625184000000,
    48503.484622015574
  ],
  [
    1625270400000,
    41899.82872141685
  ],
  [
    1625356800000,
    33065.240895257186
  ],
  [
    1625443200000,
    54063.67900297525
  ],
  [
    1625529600000,
    37728.67627780216
  ],
  [
    1625616000000,
    44407.97846298512
  ],
  [
    1625702400000,
    29853.66089654957
  ],
  [
    1625788800000,
    19600.664391191527
  ],
  [
    1625875200000,
    30327.971304548628
  ],
  [
    1625961600000,
    38480.29995181959
  ],
  [
    1626048000000,
    119227.15024856856
  ],
  [
    1626134400000,
    36307.39941492115
  ],
  [
    1626220800000,
    57091.13068973428
  ],
  [
    1626307200000,
    89176.16510066153
  ],
  [
    1626393600000,
    51037.282173761014
  ],
  [
    1626480000000,
    116764.47819967302
  ],
  [
    1626566400000,
    74172.1338380472
  ],
  [
    1626652800000,
    67668.60816183717
  ],
  [
    1626739200000,
    70476.4885575231
  ],
  [
    1626825600000,
    95924.88387299357
  ],
  [
    1626912000000,
    98708.85505308067
  ],
  [
    1626998400000,
    195376.6647860437
  ],
  [
    1627084800000,
    87607.45802108754
  ],
  [
    1627171200000,
    69454.61057893383
  ],
  [
    1627257600000,
    53015.4148896073
  ],
  [
    1627344000000,
    520866.75550602487
  ],
  [
    1627430400000,
    136711.05240440016
  ],
  [
    1627516800000,
    92064.00229045373
  ],
  [
    1627603200000,
    241559.06031935246
  ],
  [
    1627689600000,
    174097.04868857103
  ],
  [
    1627776000000,
    133368.87064344436
  ],
  [
    1627862400000,
    157341.18286025716
  ],
  [
    1627948800000,
    60875.923342883885
  ],
  [
    1628035200000,
    418532.14289252105
  ],
  [
    1628121600000,
    103261.81610662653
  ],
  [
    1628208000000,
    62803.786485501194
  ],
  [
    1628294400000,
    148724.65209371323
  ],
  [
    1628380800000,
    431163.8804391454
  ],
  [
    1628467200000,
    191318.90772832767
  ],
  [
    1628553600000,
    479716.2712205674
  ],
  [
    1628640000000,
    283525.28676913865
  ],
  [
    1628726400000,
    298211.59977809904
  ],
  [
    1628812800000,
    154498.82784830433
  ],
  [
    1628899200000,
    216306.08791825507
  ],
  [
    1628985600000,
    88604.13638814447
  ],
  [
    1629072000000,
    44673.884394824505
  ],
  [
    1629158400000,
    40889.27405695735
  ],
  [
    1629244800000,
    132179.57054094126
  ],
  [
    1629331200000,
    197189.80615352272
  ],
  [
    1629417600000,
    146635.5659272035
  ],
  [
    1629504000000,
    91935.29515147391
  ],
  [
    1629590400000,
    219691.6318405917
  ],
  [
    1629676800000,
    206722.63492847112
  ],
  [
    1629763200000,
    179922.87356078537
  ],
  [
    1629849600000,
    56886.075425457304
  ],
  [
    1629936000000,
    67550.12188674272
  ],
  [
    1630022400000,
    96906.80702550584
  ],
  [
    1630108800000,
    50093.76674752289
  ],
  [
    1630195200000,
    40368.65984004703
  ],
  [
    1630281600000,
    29928.39807271797
  ],
  [
    1630368000000,
    56809.184772793444
  ],
  [
    1630454400000,
    53169.9604530544
  ],
  [
    1630540800000,
    114946.19833742277
  ],
  [
    1630627200000,
    92328.37733102783
  ]
]