[
  [
    1602288000000,
    2538985.227234962
  ],
  [
    1602374400000,
    2538985.227234962
  ],
  [
    1602460800000,
    1884969.9632693287
  ],
  [
    1602547200000,
    2147699.8072796836
  ],
  [
    1602633600000,
    12209160.450702477
  ],
  [
    1602720000000,
    11442198.04524139
  ],
  [
    1602806400000,
    5073702.470540075
  ],
  [
    1602892800000,
    1726324.54337433
  ],
  [
    1602979200000,
    956473.7843845356
  ],
  [
    1603065600000,
    700290.006010619
  ],
  [
    1603152000000,
    877431.9515753759
  ],
  [
    1603238400000,
    607041.3953600532
  ],
  [
    1603324800000,
    307341.4543094854
  ],
  [
    1603411200000,
    226393.61011628728
  ],
  [
    1603497600000,
    429770.96215066937
  ],
  [
    1603584000000,
    227998.39659381477
  ],
  [
    1603670400000,
    223724.2132307969
  ],
  [
    1603756800000,
    183883.28157747418
  ],
  [
    1603843200000,
    384707.5079002435
  ],
  [
    1603929600000,
    234536.93278005652
  ],
  [
    1604016000000,
    156408.0461842776
  ],
  [
    1604102400000,
    426472.3631877291
  ],
  [
    1604188800000,
    270467.4824423085
  ],
  [
    1604275200000,
    151955.75468585195
  ],
  [
    1604361600000,
    205147.13251675625
  ],
  [
    1604448000000,
    274456.49006334046
  ],
  [
    1604534400000,
    103517.79319696249
  ],
  [
    1604620800000,
    124176.60090975216
  ],
  [
    1604707200000,
    126172.04902514619
  ],
  [
    1604793600000,
    126213.81614715414
  ],
  [
    1604880000000,
    96228.0019211521
  ],
  [
    1604966400000,
    168152.08476987667
  ],
  [
    1605052800000,
    138012.45802811568
  ],
  [
    1605139200000,
    57710.86503103295
  ],
  [
    1605225600000,
    111695.27868573705
  ],
  [
    1605312000000,
    63279.6403000776
  ],
  [
    1605398400000,
    39485.94583105115
  ],
  [
    1605484800000,
    37155.708600952545
  ],
  [
    1605571200000,
    39153.62949370574
  ],
  [
    1605657600000,
    24226.439796281335
  ],
  [
    1605744000000,
    33293.23653788272
  ],
  [
    1605830400000,
    36315.191587953115
  ],
  [
    1605916800000,
    50636.276823710934
  ],
  [
    1606003200000,
    83857.01970414574
  ],
  [
    1606089600000,
    45807.830796579074
  ],
  [
    1606176000000,
    47423.78780117818
  ],
  [
    1606262400000,
    73511.53515513534
  ],
  [
    1606348800000,
    64327.43694264411
  ],
  [
    1606435200000,
    20609.975945484977
  ],
  [
    1606521600000,
    40307.9040161207
  ],
  [
    1606608000000,
    27015.956614651488
  ],
  [
    1606694400000,
    28003.377107864886
  ],
  [
    1606780800000,
    36914.945532182224
  ],
  [
    1606867200000,
    47389.40791803853
  ],
  [
    1606953600000,
    31328.647130948266
  ],
  [
    1607040000000,
    23746.853896172015
  ],
  [
    1607126400000,
    34321.9790508311
  ],
  [
    1607212800000,
    50458.93229085633
  ],
  [
    1607299200000,
    37838.24725228809
  ],
  [
    1607385600000,
    40249.34692175581
  ],
  [
    1607472000000,
    29285.071522036596
  ],
  [
    1607558400000,
    23796.636264619323
  ],
  [
    1607644800000,
    33359.4593802808
  ],
  [
    1607731200000,
    55715.12120737606
  ],
  [
    1607817600000,
    25162.705158910307
  ],
  [
    1607904000000,
    26937.73336248578
  ],
  [
    1607990400000,
    28403.498812917318
  ],
  [
    1608076800000,
    27278.129198304778
  ],
  [
    1608163200000,
    29111.174171400693
  ],
  [
    1608249600000,
    31194.429501759794
  ],
  [
    1608336000000,
    29956.75413391911
  ],
  [
    1608422400000,
    27281.942849844116
  ],
  [
    1608508800000,
    45190.08191885381
  ],
  [
    1608595200000,
    36403.0175558738
  ],
  [
    1608681600000,
    35236.06148257228
  ],
  [
    1608768000000,
    23928.749804423634
  ],
  [
    1608854400000,
    21526.394542255344
  ],
  [
    1608940800000,
    29250.91566150489
  ],
  [
    1609027200000,
    39270.09807115099
  ],
  [
    1609113600000,
    26085.441656242252
  ],
  [
    1609200000000,
    37404.34003278453
  ],
  [
    1609286400000,
    30258.93870731517
  ],
  [
    1609372800000,
    42444.51650466057
  ],
  [
    1609459200000,
    52277.01087098884
  ],
  [
    1609545600000,
    33910.85679247555
  ],
  [
    1609632000000,
    27024.46166863156
  ],
  [
    1609718400000,
    33811.05688295119
  ],
  [
    1609804800000,
    33899.91073784535
  ],
  [
    1609891200000,
    37553.05582109613
  ],
  [
    1609977600000,
    34251.066578603946
  ],
  [
    1610064000000,
    34895.16068135124
  ],
  [
    1610150400000,
    709090.3246738208
  ],
  [
    1610236800000,
    427997.8416554984
  ],
  [
    1610323200000,
    71043.7432142605
  ],
  [
    1610409600000,
    66507.22037851329
  ],
  [
    1610496000000,
    51623.83450612167
  ],
  [
    1610582400000,
    101512.69238586172
  ],
  [
    1610668800000,
    120072.8885084313
  ],
  [
    1610755200000,
    54367.60813008792
  ],
  [
    1610841600000,
    68033.04805326588
  ],
  [
    1610928000000,
    63812.490153314575
  ],
  [
    1611014400000,
    74349.99353462324
  ],
  [
    1611100800000,
    208581.69855524556
  ],
  [
    1611187200000,
    72103.12933404325
  ],
  [
    1611273600000,
    51149.80323327049
  ],
  [
    1611360000000,
    52868.685550860304
  ],
  [
    1611446400000,
    98509.67109459339
  ],
  [
    1611532800000,
    94074.98377772701
  ],
  [
    1611619200000,
    99167.99173364027
  ],
  [
    1611705600000,
    162356.97320462888
  ],
  [
    1611792000000,
    127375.96505702955
  ],
  [
    1611878400000,
    167660.74834292525
  ],
  [
    1611964800000,
    170369.37728297742
  ],
  [
    1612051200000,
    559272.2789762185
  ],
  [
    1612137600000,
    349482.1279644675
  ],
  [
    1612224000000,
    553077.0069584
  ],
  [
    1612310400000,
    243234.62893781866
  ],
  [
    1612396800000,
    291629.6619993221
  ],
  [
    1612483200000,
    206930.3274457984
  ],
  [
    1612569600000,
    262397.2255213934
  ],
  [
    1612656000000,
    209290.04183314665
  ],
  [
    1612742400000,
    197245.29425476957
  ],
  [
    1612828800000,
    227008.96789141023
  ],
  [
    1612915200000,
    208410.49234766138
  ],
  [
    1613001600000,
    223692.6642375423
  ],
  [
    1613088000000,
    220630.25161006546
  ],
  [
    1613174400000,
    281015.622916717
  ],
  [
    1613260800000,
    489457.54399602645
  ],
  [
    1613347200000,
    423313.0310158101
  ],
  [
    1613433600000,
    1008179.9636938802
  ],
  [
    1613520000000,
    1941300.6341607862
  ],
  [
    1613606400000,
    695508.8327919983
  ],
  [
    1613692800000,
    404546.43817667646
  ],
  [
    1613779200000,
    664432.7617208778
  ],
  [
    1613865600000,
    502027.84340024943
  ],
  [
    1613952000000,
    610003.6924143718
  ],
  [
    1614038400000,
    653844.2891004732
  ],
  [
    1614124800000,
    422346.94926676946
  ],
  [
    1614211200000,
    614237.950827224
  ],
  [
    1614297600000,
    1176268.8782668451
  ],
  [
    1614384000000,
    1632005.7663733626
  ],
  [
    1614470400000,
    1105189.6732676288
  ],
  [
    1614556800000,
    934687.32139938
  ],
  [
    1614643200000,
    1143669.3983313355
  ],
  [
    1614729600000,
    857299.3557987056
  ],
  [
    1614816000000,
    955353.5500002924
  ],
  [
    1614902400000,
    828565.2724093552
  ],
  [
    1614988800000,
    2599293.142590303
  ],
  [
    1615075200000,
    1657442.3313764893
  ],
  [
    1615161600000,
    2258892.7077645143
  ],
  [
    1615248000000,
    1781161.0060021009
  ],
  [
    1615334400000,
    1286448.2098990292
  ],
  [
    1615420800000,
    978891.4579256867
  ],
  [
    1615507200000,
    1774974.961110178
  ],
  [
    1615593600000,
    1419174.7216868284
  ],
  [
    1615680000000,
    1396242.995948041
  ],
  [
    1615766400000,
    2641175.635364127
  ],
  [
    1615852800000,
    1156328.1347958005
  ],
  [
    1615939200000,
    1397701.1614977666
  ],
  [
    1616025600000,
    972558.8936388385
  ],
  [
    1616112000000,
    725149.0336599146
  ],
  [
    1616198400000,
    986887.5148284405
  ],
  [
    1616284800000,
    1104447.2829957602
  ],
  [
    1616371200000,
    1512107.318852494
  ],
  [
    1616457600000,
    726843.6347609211
  ],
  [
    1616544000000,
    1049656.1494145743
  ],
  [
    1616630400000,
    1184283.1620128492
  ],
  [
    1616716800000,
    763308.8759656567
  ],
  [
    1616803200000,
    1264162.5779436408
  ],
  [
    1616889600000,
    825198.0981016387
  ],
  [
    1616976000000,
    914850.4252503753
  ],
  [
    1617062400000,
    1045367.0623929525
  ],
  [
    1617148800000,
    792550.9241530113
  ],
  [
    1617235200000,
    913066.9804401367
  ],
  [
    1617321600000,
    887869.9528747967
  ],
  [
    1617408000000,
    661106.1441226063
  ],
  [
    1617494400000,
    336512.46017133514
  ],
  [
    1617580800000,
    619164.934638032
  ],
  [
    1617667200000,
    782176.3578846676
  ],
  [
    1617753600000,
    979065.6482490405
  ],
  [
    1617840000000,
    613108.772456003
  ],
  [
    1617926400000,
    757804.1591843212
  ],
  [
    1618012800000,
    667087.3603985552
  ],
  [
    1618099200000,
    611816.3991982287
  ],
  [
    1618185600000,
    665209.0789899246
  ],
  [
    1618272000000,
    938329.6439098645
  ],
  [
    1618358400000,
    1047263.8751053233
  ],
  [
    1618444800000,
    959180.348501358
  ],
  [
    1618531200000,
    782039.3950053888
  ],
  [
    1618617600000,
    980217.9560807336
  ],
  [
    1618704000000,
    926587.4566428064
  ],
  [
    1618790400000,
    800122.2334047
  ],
  [
    1618876800000,
    860458.3998712851
  ],
  [
    1618963200000,
    848334.9431116941
  ],
  [
    1619049600000,
    1232898.7292124992
  ],
  [
    1619136000000,
    1722062.382920506
  ],
  [
    1619222400000,
    1959544.7108010412
  ],
  [
    1619308800000,
    2227904.4900140385
  ],
  [
    1619395200000,
    1901674.2532135008
  ],
  [
    1619481600000,
    2727648.4579205355
  ],
  [
    1619568000000,
    3673398.053216237
  ],
  [
    1619654400000,
    2092540.8549942623
  ],
  [
    1619740800000,
    3456197.1830338356
  ],
  [
    1619827200000,
    4653794.133129505
  ],
  [
    1619913600000,
    5555336.396707473
  ],
  [
    1620000000000,
    1610721.163711731
  ],
  [
    1620086400000,
    3084160.4054102623
  ],
  [
    1620172800000,
    1865658.28331482
  ],
  [
    1620259200000,
    1218183.0515157606
  ],
  [
    1620345600000,
    566171.4968622938
  ],
  [
    1620432000000,
    204655.38552277334
  ],
  [
    1620518400000,
    682694.4143262451
  ],
  [
    1620604800000,
    402790.1970109637
  ],
  [
    1620691200000,
    365173.1244279348
  ],
  [
    1620777600000,
    399420.1710241642
  ],
  [
    1620864000000,
    250065.333558529
  ],
  [
    1620950400000,
    351552.5293541712
  ],
  [
    1621036800000,
    286557.8668754594
  ],
  [
    1621123200000,
    352313.23532326316
  ],
  [
    1621209600000,
    40067.42033470036
  ],
  [
    1621296000000,
    201796.74684752495
  ],
  [
    1621382400000,
    243581.5386854749
  ],
  [
    1621468800000,
    160388.04163272877
  ],
  [
    1621555200000,
    188943.9392153135
  ],
  [
    1621641600000,
    139940.48888690115
  ],
  [
    1621728000000,
    150550.0902028172
  ],
  [
    1621814400000,
    635276.1888033318
  ],
  [
    1621900800000,
    285555.7735459256
  ],
  [
    1621987200000,
    247858.4390881844
  ],
  [
    1622073600000,
    231961.32783339822
  ],
  [
    1622160000000,
    278782.3145327951
  ],
  [
    1622246400000,
    229314.52314131014
  ],
  [
    1622332800000,
    129743.85296929878
  ],
  [
    1622419200000,
    155144.06849518142
  ],
  [
    1622505600000,
    158129.86187604576
  ],
  [
    1622592000000,
    377836.3173214268
  ],
  [
    1622678400000,
    234147.27599328046
  ],
  [
    1622764800000,
    169240.302421758
  ],
  [
    1622851200000,
    165407.85014827148
  ],
  [
    1622937600000,
    126737.98793277277
  ],
  [
    1623024000000,
    153509.0553960454
  ],
  [
    1623110400000,
    172306.4376495151
  ],
  [
    1623196800000,
    171178.64006021703
  ],
  [
    1623283200000,
    137140.15466717732
  ],
  [
    1623369600000,
    155844.12660714076
  ],
  [
    1623456000000,
    128451.66812631616
  ],
  [
    1623542400000,
    182813.13779188052
  ],
  [
    1623628800000,
    142577.3226469614
  ],
  [
    1623715200000,
    127602.05952568543
  ],
  [
    1623801600000,
    134077.3667820786
  ],
  [
    1623888000000,
    282835.4043070175
  ],
  [
    1623974400000,
    128192.68725254074
  ],
  [
    1624060800000,
    94448.45639288443
  ],
  [
    1624147200000,
    97503.10393154659
  ],
  [
    1624233600000,
    108934.73236354563
  ],
  [
    1624320000000,
    84620.83641172199
  ],
  [
    1624406400000,
    120728.33292545412
  ],
  [
    1624492800000,
    79353.77959601487
  ],
  [
    1624579200000,
    83503.29963642593
  ],
  [
    1624665600000,
    73577.34693385025
  ],
  [
    1624752000000,
    63996.94288624239
  ],
  [
    1624838400000,
    77722.19768553136
  ],
  [
    1624924800000,
    89133.01911687232
  ],
  [
    1625011200000,
    91169.6197271711
  ],
  [
    1625097600000,
    95174.90807042358
  ],
  [
    1625184000000,
    85786.92879311582
  ],
  [
    1625270400000,
    94078.23304670678
  ],
  [
    1625356800000,
    109200.34614199951
  ],
  [
    1625443200000,
    144336.98281794586
  ],
  [
    1625529600000,
    118311.45194535857
  ],
  [
    1625616000000,
    144800.83450106846
  ],
  [
    1625702400000,
    106897.22382623103
  ],
  [
    1625788800000,
    128743.13177016507
  ],
  [
    1625875200000,
    146206.93558819426
  ],
  [
    1625961600000,
    177947.46950357407
  ],
  [
    1626048000000,
    171724.66651745976
  ],
  [
    1626134400000,
    197536.45823659108
  ],
  [
    1626220800000,
    148525.85621891663
  ],
  [
    1626307200000,
    153285.1311206559
  ],
  [
    1626393600000,
    159159.9874490314
  ],
  [
    1626480000000,
    144348.66453969688
  ],
  [
    1626566400000,
    140595.26501309688
  ],
  [
    1626652800000,
    174603.89287932802
  ],
  [
    1626739200000,
    148566.12490472556
  ],
  [
    1626825600000,
    140479.90943541558
  ],
  [
    1626912000000,
    155812.18619332658
  ],
  [
    1626998400000,
    139586.60047625363
  ],
  [
    1627084800000,
    156440.6372260197
  ],
  [
    1627171200000,
    169030.52366344142
  ],
  [
    1627257600000,
    165513.90451349554
  ],
  [
    1627344000000,
    181828.72033826125
  ],
  [
    1627430400000,
    252950.99328912707
  ],
  [
    1627516800000,
    447771.4380079353
  ],
  [
    1627603200000,
    1232542.8114755226
  ],
  [
    1627689600000,
    1171424.7015791074
  ],
  [
    1627776000000,
    1267346.6424023635
  ],
  [
    1627862400000,
    1257434.87438794
  ],
  [
    1627948800000,
    1278419.8899342858
  ],
  [
    1628035200000,
    1212613.158977325
  ],
  [
    1628121600000,
    1401854.5949608095
  ],
  [
    1628208000000,
    1313308.8501357508
  ],
  [
    1628294400000,
    1425812.9847640975
  ],
  [
    1628380800000,
    1512950.0516086488
  ],
  [
    1628467200000,
    1510736.1417705007
  ],
  [
    1628553600000,
    1265289.7520769117
  ],
  [
    1628640000000,
    593223.8890410152
  ],
  [
    1628726400000,
    643950.9233768495
  ],
  [
    1628812800000,
    173955.36461343872
  ],
  [
    1628899200000,
    780248.678388396
  ],
  [
    1628985600000,
    592737.0377728533
  ],
  [
    1629072000000,
    646101.7765125982
  ],
  [
    1629158400000,
    622003.4635796923
  ],
  [
    1629244800000,
    325106.5181890262
  ],
  [
    1629331200000,
    24938.58717342196
  ],
  [
    1629417600000,
    86154.97671658576
  ],
  [
    1629504000000,
    612913.6860260007
  ],
  [
    1629590400000,
    733695.4529120136
  ],
  [
    1629676800000,
    645943.0191545271
  ],
  [
    1629763200000,
    758084.0398221923
  ],
  [
    1629849600000,
    589558.9101588628
  ],
  [
    1629936000000,
    639543.286389432
  ],
  [
    1630022400000,
    612672.7410330513
  ],
  [
    1630108800000,
    652980.4908624043
  ],
  [
    1630195200000,
    593971.7315420839
  ],
  [
    1630281600000,
    15609.887894234305
  ],
  [
    1630368000000,
    34561.78335806429
  ],
  [
    1630454400000,
    2697.293900692357
  ],
  [
    1630540800000,
    13979.902637907213
  ],
  [
    1630627200000,
    27544.14412737746
  ]
]