[
  [
    1605744000000,
    0
  ],
  [
    1605830400000,
    0
  ],
  [
    1605916800000,
    0
  ],
  [
    1606003200000,
    0
  ],
  [
    1606089600000,
    0
  ],
  [
    1606176000000,
    0
  ],
  [
    1606262400000,
    0
  ],
  [
    1606348800000,
    951210.1798576214
  ],
  [
    1606435200000,
    874791.3321880022
  ],
  [
    1606521600000,
    725453.7785813643
  ],
  [
    1606608000000,
    914156.2197395482
  ],
  [
    1606694400000,
    1020379.470760723
  ],
  [
    1606780800000,
    954658.0026325941
  ],
  [
    1606867200000,
    848550.2962593614
  ],
  [
    1606953600000,
    826750.5849889001
  ],
  [
    1607040000000,
    1167334.9452526183
  ],
  [
    1607126400000,
    1403379.8435405993
  ],
  [
    1607212800000,
    1399404.1726505798
  ],
  [
    1607299200000,
    2242108.451204111
  ],
  [
    1607385600000,
    2370909.6017588894
  ],
  [
    1607472000000,
    2196236.317386837
  ],
  [
    1607558400000,
    2148451.077142547
  ],
  [
    1607644800000,
    1836367.0189590307
  ],
  [
    1607731200000,
    1799352.0693354232
  ],
  [
    1607817600000,
    1766182.9655689173
  ],
  [
    1607904000000,
    1713188.151848084
  ],
  [
    1607990400000,
    1595351.084667869
  ],
  [
    1608076800000,
    1726923.1384309987
  ],
  [
    1608163200000,
    1851521.4000239654
  ],
  [
    1608249600000,
    1707504.7824865368
  ],
  [
    1608336000000,
    1288576.1833319166
  ],
  [
    1608422400000,
    1256128.7796247678
  ],
  [
    1608508800000,
    1098450.2802280493
  ],
  [
    1608595200000,
    1027095.5626116627
  ],
  [
    1608681600000,
    1041587.6758699875
  ],
  [
    1608768000000,
    981237.8581692462
  ],
  [
    1608854400000,
    895151.4811693853
  ],
  [
    1608940800000,
    913725.6075000871
  ],
  [
    1609027200000,
    1006069.3143510285
  ],
  [
    1609113600000,
    1086965.5698909024
  ],
  [
    1609200000000,
    1163609.2754311166
  ],
  [
    1609286400000,
    1160973.9655770913
  ],
  [
    1609372800000,
    1171317.8104059019
  ],
  [
    1609459200000,
    1137549.055915921
  ],
  [
    1609545600000,
    1144051.4424083843
  ],
  [
    1609632000000,
    1092672.1180041581
  ],
  [
    1609718400000,
    1695357.3775229095
  ],
  [
    1609804800000,
    1792389.7504716981
  ],
  [
    1609891200000,
    1726337.861829642
  ],
  [
    1609977600000,
    1895382.0114098901
  ],
  [
    1610064000000,
    1886393.1562416733
  ],
  [
    1610150400000,
    1778722.0013746119
  ],
  [
    1610236800000,
    1843142.5312272508
  ],
  [
    1610323200000,
    1666184.1742730932
  ],
  [
    1610409600000,
    1288178.104219934
  ],
  [
    1610496000000,
    1487404.422307091
  ],
  [
    1610582400000,
    1532162.800060085
  ],
  [
    1610668800000,
    1545244.2148387218
  ],
  [
    1610755200000,
    1507938.7281369222
  ],
  [
    1610841600000,
    1649930.4923097696
  ],
  [
    1610928000000,
    1602733.8844273372
  ],
  [
    1611014400000,
    1587607.6648722817
  ],
  [
    1611100800000,
    2111210.24019208
  ],
  [
    1611187200000,
    1978610.1397356088
  ],
  [
    1611273600000,
    1635747.3574747837
  ],
  [
    1611360000000,
    1678823.95719957
  ],
  [
    1611446400000,
    1702331.797205834
  ],
  [
    1611532800000,
    1842439.7346177797
  ],
  [
    1611619200000,
    1907453.060023533
  ],
  [
    1611705600000,
    1731156.0390792212
  ],
  [
    1611792000000,
    1649583.8530932292
  ],
  [
    1611878400000,
    2151153.753646645
  ],
  [
    1611964800000,
    2002605.979370459
  ],
  [
    1612051200000,
    1836625.4850039156
  ],
  [
    1612137600000,
    1705972.724483382
  ],
  [
    1612224000000,
    1740399.2805865116
  ],
  [
    1612310400000,
    2272691.9489168064
  ],
  [
    1612396800000,
    2321234.6976358434
  ],
  [
    1612483200000,
    2307637.3975868924
  ],
  [
    1612569600000,
    2495872.2528692116
  ],
  [
    1612656000000,
    2504629.793367033
  ],
  [
    1612742400000,
    2250080.1284354124
  ],
  [
    1612828800000,
    2324817.636914566
  ],
  [
    1612915200000,
    2330893.1555401315
  ],
  [
    1613001600000,
    2274026.63219139
  ],
  [
    1613088000000,
    2378877.3497227454
  ],
  [
    1613174400000,
    2513823.3630715064
  ],
  [
    1613260800000,
    2507149.2732851477
  ],
  [
    1613347200000,
    2706730.4439273104
  ],
  [
    1613433600000,
    2682365.143398812
  ],
  [
    1613520000000,
    2603952.5842421628
  ],
  [
    1613606400000,
    2750405.839112332
  ],
  [
    1613692800000,
    3378006.304751664
  ],
  [
    1613779200000,
    3380592.688149596
  ],
  [
    1613865600000,
    3509131.494423553
  ],
  [
    1613952000000,
    3419434.284733454
  ],
  [
    1614038400000,
    2896107.435874304
  ],
  [
    1614124800000,
    2577797.681094116
  ],
  [
    1614211200000,
    2862389.121960809
  ],
  [
    1614297600000,
    2313979.175006707
  ],
  [
    1614384000000,
    2218218.7089479086
  ],
  [
    1614470400000,
    2141292.477054059
  ],
  [
    1614556800000,
    1651172.8358746967
  ],
  [
    1614643200000,
    1812717.9208885827
  ],
  [
    1614729600000,
    1791680.5102673287
  ],
  [
    1614816000000,
    1906642.0146277458
  ],
  [
    1614902400000,
    1825899.4691788673
  ],
  [
    1614988800000,
    2046588.3334422181
  ],
  [
    1615075200000,
    2234933.436870909
  ],
  [
    1615161600000,
    2232575.5319934445
  ],
  [
    1615248000000,
    2315535.0859265416
  ],
  [
    1615334400000,
    2013106.506272677
  ],
  [
    1615420800000,
    2011420.411118506
  ],
  [
    1615507200000,
    1997622.3694270642
  ],
  [
    1615593600000,
    2139724.9350649035
  ],
  [
    1615680000000,
    2284900.695528377
  ],
  [
    1615766400000,
    2161182.1004414107
  ],
  [
    1615852800000,
    1756796.1150271252
  ],
  [
    1615939200000,
    1767288.866995487
  ],
  [
    1616025600000,
    1833773.4839350018
  ],
  [
    1616112000000,
    1886440.84312808
  ],
  [
    1616198400000,
    1933013.8726591223
  ],
  [
    1616284800000,
    1793854.4538823848
  ],
  [
    1616371200000,
    1758738.2870873308
  ],
  [
    1616457600000,
    1690548.7064173538
  ],
  [
    1616544000000,
    1659337.6625830662
  ],
  [
    1616630400000,
    1533527.5820485565
  ],
  [
    1616716800000,
    1603970.309024368
  ],
  [
    1616803200000,
    1610606.1202715626
  ],
  [
    1616889600000,
    1873668.4568666772
  ],
  [
    1616976000000,
    2458668.1781768366
  ],
  [
    1617062400000,
    2650351.8895862536
  ],
  [
    1617148800000,
    2098976.016171538
  ],
  [
    1617235200000,
    2089098.5004111682
  ],
  [
    1617321600000,
    1784719.16092156
  ],
  [
    1617408000000,
    3487755.349987756
  ],
  [
    1617494400000,
    3331212.4219448566
  ],
  [
    1617580800000,
    3494740.5493535553
  ],
  [
    1617667200000,
    3423614.767832187
  ],
  [
    1617753600000,
    3317769.795525321
  ],
  [
    1617840000000,
    3133923.0061300495
  ],
  [
    1617926400000,
    3297140.9242755864
  ],
  [
    1618012800000,
    2234366.3467225255
  ],
  [
    1618099200000,
    2214738.3137126327
  ],
  [
    1618185600000,
    2263751.5157813327
  ],
  [
    1618272000000,
    2243437.0085429237
  ],
  [
    1618358400000,
    2395537.3491342594
  ],
  [
    1618444800000,
    2490984.756347575
  ],
  [
    1618531200000,
    2551002.0698287315
  ],
  [
    1618617600000,
    2456577.841760114
  ],
  [
    1618704000000,
    2497497.4482238116
  ],
  [
    1618790400000,
    2159996.8909422937
  ],
  [
    1618876800000,
    2121398.8017065674
  ],
  [
    1618963200000,
    2180909.5515462616
  ],
  [
    1619049600000,
    2421106.970986871
  ],
  [
    1619136000000,
    2607097.929871474
  ],
  [
    1619222400000,
    2257090.511026878
  ],
  [
    1619308800000,
    2248208.3588637374
  ],
  [
    1619395200000,
    2227122.5677778325
  ],
  [
    1619481600000,
    2491391.4575179033
  ],
  [
    1619568000000,
    2678510.0969972108
  ],
  [
    1619654400000,
    2838034.56413522
  ],
  [
    1619740800000,
    2803897.0732034696
  ],
  [
    1619827200000,
    2822793.341226306
  ],
  [
    1619913600000,
    2966138.9839609726
  ],
  [
    1620000000000,
    2936008.885719328
  ],
  [
    1620086400000,
    3260002.858097348
  ],
  [
    1620172800000,
    3294076.454166955
  ],
  [
    1620259200000,
    3283658.538429646
  ],
  [
    1620345600000,
    3386144.051545436
  ],
  [
    1620432000000,
    3374536.370040754
  ],
  [
    1620518400000,
    3385165.429315243
  ],
  [
    1620604800000,
    3626379.0025053327
  ],
  [
    1620691200000,
    3768645.1729465257
  ],
  [
    1620777600000,
    3799797.590969612
  ],
  [
    1620864000000,
    3079597.2523393417
  ],
  [
    1620950400000,
    3079597.2523393417
  ],
  [
    1621036800000,
    3664277.454742556
  ],
  [
    1621123200000,
    3353653.224131287
  ],
  [
    1621209600000,
    3245877.6452030144
  ],
  [
    1621296000000,
    3280268.0384473484
  ],
  [
    1621382400000,
    2669446.4807855906
  ],
  [
    1621468800000,
    1828495.6763086524
  ],
  [
    1621555200000,
    2190626.379232684
  ],
  [
    1621641600000,
    2126960.3143687337
  ],
  [
    1621728000000,
    1657551.583810831
  ],
  [
    1621814400000,
    1490360.664288502
  ],
  [
    1621900800000,
    1941037.2764549684
  ],
  [
    1621987200000,
    1893015.2615984662
  ],
  [
    1622073600000,
    1778142.5057339456
  ],
  [
    1622160000000,
    1842556.7635601817
  ],
  [
    1622246400000,
    1535460.015866699
  ],
  [
    1622332800000,
    1439703.8686737472
  ],
  [
    1622419200000,
    1536008.352513118
  ],
  [
    1622505600000,
    1816274.5651000133
  ],
  [
    1622592000000,
    1972890.3431663504
  ],
  [
    1622678400000,
    2650342.212838863
  ],
  [
    1622764800000,
    2392514.795208705
  ],
  [
    1622851200000,
    2178734.228908952
  ],
  [
    1622937600000,
    2211049.2296299227
  ],
  [
    1623024000000,
    2204452.8675563447
  ],
  [
    1623110400000,
    2250039.475676973
  ],
  [
    1623196800000,
    2058808.9483809918
  ],
  [
    1623283200000,
    2051393.5590970963
  ],
  [
    1623369600000,
    1903351.9540244695
  ],
  [
    1623456000000,
    1792606.2100055933
  ],
  [
    1623542400000,
    1783091.1461156802
  ],
  [
    1623628800000,
    1793987.3556794394
  ],
  [
    1623715200000,
    1875497.514602552
  ],
  [
    1623801600000,
    1994957.850795378
  ],
  [
    1623888000000,
    1985716.909875344
  ],
  [
    1623974400000,
    1880969.8373877376
  ],
  [
    1624060800000,
    1605502.5264315205
  ],
  [
    1624147200000,
    1374285.2002062737
  ],
  [
    1624233600000,
    1278835.3881220948
  ],
  [
    1624320000000,
    1192248.9981419202
  ],
  [
    1624406400000,
    1193415.56750272
  ],
  [
    1624492800000,
    1362685.5131308485
  ],
  [
    1624579200000,
    1330436.9816352709
  ],
  [
    1624665600000,
    1235801.9369300122
  ],
  [
    1624752000000,
    1213749.325467447
  ],
  [
    1624838400000,
    1226164.204280914
  ],
  [
    1624924800000,
    1306595.968232258
  ],
  [
    1625011200000,
    1403215.7541931868
  ],
  [
    1625097600000,
    1390618.4161981905
  ],
  [
    1625184000000,
    1341444.9367843776
  ],
  [
    1625270400000,
    1341444.9367843776
  ],
  [
    1625356800000,
    1405369.8154624286
  ],
  [
    1625443200000,
    1471243.5178931376
  ],
  [
    1625529600000,
    1624601.120590848
  ],
  [
    1625616000000,
    1682152.444912995
  ],
  [
    1625702400000,
    1639160.1433133888
  ],
  [
    1625788800000,
    1487191.548147562
  ],
  [
    1625875200000,
    1469452.933961076
  ],
  [
    1625961600000,
    1449353.0715814035
  ],
  [
    1626048000000,
    1447440.3306967376
  ],
  [
    1626134400000,
    1415084.9179968468
  ],
  [
    1626220800000,
    1424957.404918012
  ],
  [
    1626307200000,
    1307260.409805743
  ],
  [
    1626393600000,
    1315281.1154614342
  ],
  [
    1626480000000,
    1278599.6362575334
  ],
  [
    1626566400000,
    1266385.0157771655
  ],
  [
    1626652800000,
    1258619.7091268748
  ],
  [
    1626739200000,
    1186990.2233248227
  ],
  [
    1626825600000,
    1237099.4919848533
  ],
  [
    1626912000000,
    1279353.458172088
  ],
  [
    1626998400000,
    1340589.7649995678
  ],
  [
    1627084800000,
    1316032.6695000585
  ],
  [
    1627171200000,
    1419985.490305735
  ],
  [
    1627257600000,
    1429490.1128765761
  ],
  [
    1627344000000,
    1504394.5782012637
  ],
  [
    1627430400000,
    1394736.9034008668
  ],
  [
    1627516800000,
    1451356.5677898123
  ],
  [
    1627603200000,
    1467033.5007380133
  ],
  [
    1627689600000,
    1467033.5007380133
  ],
  [
    1627776000000,
    1415020.6199947775
  ],
  [
    1627862400000,
    1427560.979628493
  ],
  [
    1627948800000,
    1463046.5939102292
  ],
  [
    1628035200000,
    1387426.9611510313
  ],
  [
    1628121600000,
    1387426.9611510313
  ],
  [
    1628208000000,
    1400953.6065964862
  ],
  [
    1628294400000,
    1427345.5588964222
  ],
  [
    1628380800000,
    1427345.5588964222
  ],
  [
    1628467200000,
    1599216.849372356
  ],
  [
    1628553600000,
    1765283.9389473586
  ],
  [
    1628640000000,
    1785451.5473536993
  ],
  [
    1628726400000,
    1508601.6790275245
  ],
  [
    1628812800000,
    1411084.8753960787
  ],
  [
    1628899200000,
    1487647.6732950397
  ],
  [
    1628985600000,
    1529197.3154712922
  ],
  [
    1629072000000,
    1478627.1572947383
  ],
  [
    1629158400000,
    1503759.6542101235
  ],
  [
    1629244800000,
    1457372.2796378282
  ],
  [
    1629331200000,
    1388346.196029735
  ],
  [
    1629417600000,
    1338988.8133569139
  ],
  [
    1629504000000,
    1444877.3639085982
  ],
  [
    1629590400000,
    1434637.310247864
  ],
  [
    1629676800000,
    1892257.3082440856
  ],
  [
    1629763200000,
    2188688.194843726
  ],
  [
    1629849600000,
    2198234.296104267
  ],
  [
    1629936000000,
    1914170.5768816117
  ],
  [
    1630022400000,
    1927165.813645235
  ],
  [
    1630108800000,
    1894841.390513767
  ],
  [
    1630195200000,
    1883425.6535206933
  ],
  [
    1630281600000,
    1865722.195281861
  ],
  [
    1630368000000,
    1846090.150537198
  ],
  [
    1630454400000,
    1812419.383938504
  ],
  [
    1630540800000,
    2003721.5359138125
  ],
  [
    1630627200000,
    2020676.5133711656
  ]
]