[
  [
    1504483200000,
    526
  ],
  [
    1504569600000,
    526
  ],
  [
    1504656000000,
    526
  ],
  [
    1504828800000,
    544
  ],
  [
    1504915200000,
    676
  ],
  [
    1505001600000,
    777
  ],
  [
    1505088000000,
    2699
  ],
  [
    1505174400000,
    678
  ],
  [
    1505260800000,
    504
  ],
  [
    1505347200000,
    510
  ],
  [
    1505433600000,
    500
  ],
  [
    1505520000000,
    83.3638
  ],
  [
    1505606400000,
    36.2672
  ],
  [
    1505692800000,
    223.031
  ],
  [
    1505779200000,
    1421.46
  ],
  [
    1505865600000,
    1398
  ],
  [
    1505952000000,
    430.9
  ],
  [
    1506038400000,
    73.1395
  ],
  [
    1506124800000,
    158.228
  ],
  [
    1506211200000,
    40.929
  ],
  [
    1506297600000,
    3.09667
  ],
  [
    1506384000000,
    256.85
  ],
  [
    1506470400000,
    451.634
  ],
  [
    1506556800000,
    823.737
  ],
  [
    1506643200000,
    625.323
  ],
  [
    1506729600000,
    2112.93
  ],
  [
    1506816000000,
    1520.94
  ],
  [
    1506902400000,
    1881.21
  ],
  [
    1506988800000,
    1787.21
  ],
  [
    1507075200000,
    1453.31
  ],
  [
    1507161600000,
    1732.3
  ],
  [
    1507248000000,
    219.011
  ],
  [
    1507334400000,
    407.453
  ],
  [
    1507420800000,
    1095.99
  ],
  [
    1507507200000,
    805.156
  ],
  [
    1507593600000,
    640.376
  ],
  [
    1507680000000,
    106.113
  ],
  [
    1507766400000,
    324.738
  ],
  [
    1507852800000,
    645.415
  ],
  [
    1507939200000,
    2296.2
  ],
  [
    1508025600000,
    1464.69
  ],
  [
    1508112000000,
    356.159
  ],
  [
    1508198400000,
    1547.4
  ],
  [
    1508284800000,
    337.986
  ],
  [
    1508371200000,
    1318.59
  ],
  [
    1508457600000,
    762.543
  ],
  [
    1508544000000,
    1178.02
  ],
  [
    1508630400000,
    806.496
  ],
  [
    1508716800000,
    1330
  ],
  [
    1508803200000,
    1556.62
  ],
  [
    1508889600000,
    801.462
  ],
  [
    1508976000000,
    214.563
  ],
  [
    1509062400000,
    1721.72
  ],
  [
    1509148800000,
    746.592
  ],
  [
    1509235200000,
    459.259
  ],
  [
    1509321600000,
    4492.72
  ],
  [
    1509408000000,
    849.227
  ],
  [
    1509494400000,
    1069.28
  ],
  [
    1509580800000,
    644.458
  ],
  [
    1509667200000,
    578.006
  ],
  [
    1509753600000,
    195.542
  ],
  [
    1509840000000,
    771.536
  ],
  [
    1509926400000,
    349.907
  ],
  [
    1510012800000,
    287.054
  ],
  [
    1510099200000,
    278.428
  ],
  [
    1510185600000,
    80.4312
  ],
  [
    1510272000000,
    728.974
  ],
  [
    1510358400000,
    28.6097
  ],
  [
    1510444800000,
    144.094
  ],
  [
    1510531200000,
    556.875
  ],
  [
    1510617600000,
    220.36
  ],
  [
    1510704000000,
    38.6816
  ],
  [
    1510790400000,
    232.142
  ],
  [
    1510876800000,
    165.707
  ],
  [
    1510963200000,
    62.8505
  ],
  [
    1511049600000,
    199.231
  ],
  [
    1511136000000,
    246.068
  ],
  [
    1511222400000,
    579.281
  ],
  [
    1511308800000,
    243.084
  ],
  [
    1511395200000,
    394.48
  ],
  [
    1511481600000,
    4.74574
  ],
  [
    1511568000000,
    557.362
  ],
  [
    1511654400000,
    870.705
  ],
  [
    1511740800000,
    56.24
  ],
  [
    1511827200000,
    169.323
  ],
  [
    1511913600000,
    212.298
  ],
  [
    1512000000000,
    160.548
  ],
  [
    1512086400000,
    179.756
  ],
  [
    1512172800000,
    56.5418
  ],
  [
    1512259200000,
    24.6106
  ],
  [
    1512345600000,
    52.8826
  ],
  [
    1512432000000,
    77.1349
  ],
  [
    1512518400000,
    70.4752
  ],
  [
    1512604800000,
    637.087
  ],
  [
    1512691200000,
    983.553
  ],
  [
    1512777600000,
    491.186
  ],
  [
    1512864000000,
    1008.26
  ],
  [
    1512950400000,
    160.629
  ],
  [
    1513036800000,
    38.2575
  ],
  [
    1513123200000,
    4825.64
  ],
  [
    1513209600000,
    2827.2
  ],
  [
    1513296000000,
    1162.41
  ],
  [
    1513382400000,
    7194.03
  ],
  [
    1513468800000,
    10847.8
  ],
  [
    1513555200000,
    45943.2
  ],
  [
    1513641600000,
    98600.7
  ],
  [
    1513728000000,
    214788
  ],
  [
    1513814400000,
    173857
  ],
  [
    1513900800000,
    318700
  ],
  [
    1513987200000,
    755420
  ],
  [
    1514073600000,
    404536
  ],
  [
    1514160000000,
    497086
  ],
  [
    1514246400000,
    807066
  ],
  [
    1514332800000,
    798947
  ],
  [
    1514419200000,
    0
  ],
  [
    1514505600000,
    414772
  ],
  [
    1514592000000,
    970410
  ],
  [
    1514678400000,
    4076020
  ],
  [
    1514764800000,
    2730960
  ],
  [
    1514851200000,
    4254260
  ],
  [
    1514937600000,
    9624620
  ],
  [
    1515024000000,
    2449380
  ],
  [
    1515110400000,
    690168
  ],
  [
    1515196800000,
    48386.7
  ],
  [
    1515283200000,
    0
  ],
  [
    1515369600000,
    0
  ],
  [
    1515456000000,
    0
  ],
  [
    1515974400000,
    254666
  ],
  [
    1516060800000,
    334124
  ],
  [
    1516147200000,
    199699
  ],
  [
    1516233600000,
    233756
  ],
  [
    1516320000000,
    239654
  ],
  [
    1516406400000,
    217226
  ],
  [
    1516492800000,
    179255
  ],
  [
    1516579200000,
    242177
  ],
  [
    1516665600000,
    153087
  ],
  [
    1516752000000,
    199503
  ],
  [
    1516838400000,
    132994
  ],
  [
    1516924800000,
    209542
  ],
  [
    1517011200000,
    164488
  ],
  [
    1517097600000,
    143472
  ],
  [
    1517184000000,
    179333
  ],
  [
    1517270704421,
    173687
  ],
  [
    1517356800000,
    109922
  ],
  [
    1517443200000,
    157916
  ],
  [
    1517529600000,
    144847
  ],
  [
    1517616000000,
    138319
  ],
  [
    1517702400000,
    99316.7
  ],
  [
    1517788800000,
    49791.9
  ],
  [
    1517875200000,
    52544.6
  ],
  [
    1517961600000,
    140834
  ],
  [
    1518048303725,
    150400
  ],
  [
    1518134400000,
    54447.2
  ],
  [
    1518220800000,
    54018.8
  ],
  [
    1518307200000,
    120192
  ],
  [
    1518393600000,
    74893.4
  ],
  [
    1518480000000,
    102498
  ],
  [
    1518566400000,
    83724
  ],
  [
    1518652800000,
    108412
  ],
  [
    1518739200000,
    111517
  ],
  [
    1518825600000,
    78980.2
  ],
  [
    1518912000000,
    96669.7
  ],
  [
    1518998400000,
    97113.8
  ],
  [
    1519084800000,
    67652.5
  ],
  [
    1519171200000,
    84077.9
  ],
  [
    1519257600000,
    57144.3
  ],
  [
    1519344000000,
    55516
  ],
  [
    1519430400000,
    71663.6
  ],
  [
    1519516800000,
    155299
  ],
  [
    1519603200000,
    286477
  ],
  [
    1519689600000,
    195760
  ],
  [
    1519776000000,
    253011
  ],
  [
    1519862400000,
    108630
  ],
  [
    1519948800000,
    177461
  ],
  [
    1520035200000,
    120632
  ],
  [
    1520121600000,
    165597
  ],
  [
    1520208000000,
    133990
  ],
  [
    1520294400000,
    131708
  ],
  [
    1520380800000,
    68436.5
  ],
  [
    1520467200000,
    65433.4
  ],
  [
    1520553600000,
    47332
  ],
  [
    1520640000000,
    77039.8
  ],
  [
    1520726400000,
    42804.2
  ],
  [
    1520812800000,
    42152.4
  ],
  [
    1520899200000,
    80062.7
  ],
  [
    1520985600000,
    89757.2
  ],
  [
    1521072000000,
    42642.4
  ],
  [
    1521158400000,
    38331.1
  ],
  [
    1521244800000,
    26567.5
  ],
  [
    1521331200000,
    111703
  ],
  [
    1521417600000,
    75809.7
  ],
  [
    1521504000000,
    244982
  ],
  [
    1521590400000,
    148864
  ],
  [
    1521676800000,
    174587
  ],
  [
    1521763200000,
    196330
  ],
  [
    1521849600000,
    157456
  ],
  [
    1521936000000,
    145744
  ],
  [
    1522022400000,
    83879.5
  ],
  [
    1522108800000,
    120845
  ],
  [
    1522195200000,
    276767
  ],
  [
    1522281600000,
    140286
  ],
  [
    1522368000000,
    143390
  ],
  [
    1522454400000,
    173992
  ],
  [
    1522540800000,
    64023.3
  ],
  [
    1522627200000,
    51024.6
  ],
  [
    1522713600000,
    78451.7
  ],
  [
    1522800000000,
    83559
  ],
  [
    1522886400000,
    94546
  ],
  [
    1522972800000,
    107159
  ],
  [
    1523059200000,
    458475
  ],
  [
    1523145600000,
    323565
  ],
  [
    1523232000000,
    151511
  ],
  [
    1523318400000,
    101971
  ],
  [
    1523404800000,
    166265
  ],
  [
    1523491200000,
    109528.04155641464
  ],
  [
    1523577600000,
    156159.6825961653
  ],
  [
    1523664000000,
    108854.92609855317
  ],
  [
    1523750400000,
    354199.61082779616
  ],
  [
    1523836800000,
    291669.0997184364
  ],
  [
    1523923200000,
    185830.57307585885
  ],
  [
    1524009600000,
    209383.39647520118
  ],
  [
    1524096000000,
    748992.8305070566
  ],
  [
    1524182400000,
    1850173.9032607765
  ],
  [
    1524268800000,
    1516456.5672505891
  ],
  [
    1524355200000,
    914041.8438935591
  ],
  [
    1524441600000,
    681212.8080386401
  ],
  [
    1524528000000,
    592605.8758645428
  ],
  [
    1524614400000,
    709211.120846924
  ],
  [
    1524700800000,
    511953.72812629706
  ],
  [
    1524787200000,
    206167.36874474766
  ],
  [
    1524873600000,
    482493.77584453835
  ],
  [
    1524960000000,
    331151.67388426996
  ],
  [
    1525046400000,
    246889.34566285883
  ],
  [
    1525132800000,
    380958.292436592
  ],
  [
    1525219200000,
    289646.30051715835
  ],
  [
    1525305600000,
    234736.54725094777
  ],
  [
    1525392000000,
    37242.96430570455
  ],
  [
    1525478400000,
    237917.3531424213
  ],
  [
    1525564800000,
    302465.5529756352
  ],
  [
    1525651200000,
    403040.31042622525
  ],
  [
    1525737600000,
    448136.6177266083
  ],
  [
    1525824000000,
    464615.06760214147
  ],
  [
    1525910400000,
    1049128.5550087306
  ],
  [
    1525996800000,
    2143099.238745459
  ],
  [
    1526083200000,
    1087289.542589865
  ],
  [
    1526169600000,
    639571.8737987101
  ],
  [
    1526256000000,
    585842.7419339177
  ],
  [
    1526342400000,
    925095.6757863682
  ],
  [
    1526428800000,
    396509.90989398735
  ],
  [
    1526515200000,
    423801.623378572
  ],
  [
    1526601600000,
    295523.0242888316
  ],
  [
    1526688000000,
    447355.11258338176
  ],
  [
    1526774400000,
    326349.452962547
  ],
  [
    1526860800000,
    365563.3063347254
  ],
  [
    1526947200000,
    609636.7664324846
  ],
  [
    1527033600000,
    490619.0450567364
  ],
  [
    1527120000000,
    314789.923387733
  ],
  [
    1527206400000,
    183951.6155651208
  ],
  [
    1527292800000,
    150896.91020323196
  ],
  [
    1527379200000,
    67604.55584068222
  ],
  [
    1527465600000,
    151555.97852301545
  ],
  [
    1527552000000,
    116712.65393324675
  ],
  [
    1527638400000,
    126714.01292959823
  ],
  [
    1527724800000,
    92341.79967079067
  ],
  [
    1527811200000,
    177992.3908157642
  ],
  [
    1527897600000,
    190084.85931386496
  ],
  [
    1527984000000,
    102764.02857063196
  ],
  [
    1528070400000,
    117510.07953086469
  ],
  [
    1528156800000,
    119409.80336793784
  ],
  [
    1528243200000,
    112351.95175529196
  ],
  [
    1528329600000,
    88573.01592750415
  ],
  [
    1528416000000,
    96000.56098615818
  ],
  [
    1528502400000,
    201705.09977327433
  ],
  [
    1528588800000,
    140550.7597741893
  ],
  [
    1528675200000,
    208804.6914820041
  ],
  [
    1528761600000,
    115171.57915634051
  ],
  [
    1528848000000,
    127418.14585873297
  ],
  [
    1528934400000,
    156896.18757515072
  ],
  [
    1529020800000,
    231812.5776821657
  ],
  [
    1529107200000,
    106465.83443802918
  ],
  [
    1529193600000,
    60683.26440857803
  ],
  [
    1529280000000,
    37520.85980300923
  ],
  [
    1529366400000,
    59394.023930362295
  ],
  [
    1529452800000,
    178701.35859563763
  ],
  [
    1529539200000,
    115100.45497505658
  ],
  [
    1529625600000,
    139350.827967981
  ],
  [
    1529712000000,
    118949.53974980085
  ],
  [
    1529798400000,
    39217.63933446549
  ],
  [
    1529884800000,
    98816.8868495483
  ],
  [
    1529971200000,
    350266.4704964495
  ],
  [
    1530057600000,
    184252.42666680462
  ],
  [
    1530144000000,
    203067.16307777466
  ],
  [
    1530230400000,
    565164.4230549822
  ],
  [
    1530316800000,
    204059.7244510219
  ],
  [
    1530403200000,
    298977.4240183974
  ],
  [
    1530489600000,
    129188.29999301977
  ],
  [
    1530576000000,
    97083.58834182717
  ],
  [
    1530662400000,
    110418.4253156078
  ],
  [
    1530748800000,
    76340.29475928884
  ],
  [
    1530835200000,
    107509.9105042415
  ],
  [
    1530921600000,
    91054.8420487762
  ],
  [
    1531008000000,
    157591.94064621194
  ],
  [
    1531094400000,
    166195.15539277377
  ],
  [
    1531180800000,
    307395.4814234632
  ],
  [
    1531267200000,
    146679.22341922118
  ],
  [
    1531353600000,
    54058.402584972224
  ],
  [
    1531440000000,
    96301.01988944344
  ],
  [
    1531526400000,
    82813.07481371154
  ],
  [
    1531612800000,
    140461.9945895905
  ],
  [
    1531699200000,
    281655.5501969346
  ],
  [
    1531785600000,
    205307.81320878648
  ],
  [
    1531872000000,
    142552.47227018574
  ],
  [
    1531958400000,
    134918.60072162718
  ],
  [
    1532044800000,
    103931.25659321054
  ],
  [
    1532131200000,
    52783.42007976463
  ],
  [
    1532217600000,
    34967.73291753791
  ],
  [
    1532304000000,
    70516.91405969438
  ],
  [
    1532390400000,
    95766.2158054321
  ],
  [
    1532476800000,
    86136.30660123102
  ],
  [
    1532563200000,
    63559.82970229386
  ],
  [
    1532649600000,
    516747.02013161866
  ],
  [
    1532736000000,
    175855.77994584016
  ],
  [
    1532822400000,
    91008.75947691059
  ],
  [
    1532908800000,
    50442.10020242247
  ],
  [
    1532995200000,
    121117.3976438967
  ],
  [
    1533081600000,
    62837.71848068937
  ],
  [
    1533168000000,
    74076.98869504375
  ],
  [
    1533254400000,
    195220.4381394477
  ],
  [
    1533340800000,
    34612.7619103584
  ],
  [
    1533427200000,
    42619.27834475484
  ],
  [
    1533513600000,
    26962.454766324343
  ],
  [
    1533600000000,
    209112.41205036905
  ],
  [
    1533686400000,
    172859.2896060877
  ],
  [
    1533772800000,
    130418.2017753194
  ],
  [
    1533859200000,
    44426.521975978
  ],
  [
    1533945600000,
    37462.683133981845
  ],
  [
    1534032000000,
    33903.86378324717
  ],
  [
    1534118400000,
    17747.142482319796
  ],
  [
    1534204800000,
    15491.290434358469
  ],
  [
    1534291200000,
    178010.79209757035
  ],
  [
    1534377600000,
    92043.33468448125
  ],
  [
    1534464000000,
    42189.77666812117
  ],
  [
    1534550400000,
    25485.536992308884
  ],
  [
    1534636800000,
    21526.901370682754
  ],
  [
    1534723200000,
    13550.0301552783
  ],
  [
    1534809600000,
    44201.93127240385
  ],
  [
    1534896000000,
    41717.124591373504
  ],
  [
    1534982400000,
    121983.64480870274
  ],
  [
    1535068800000,
    49350.6312252185
  ],
  [
    1535155200000,
    53431.793159378016
  ],
  [
    1535241600000,
    46146.212893308555
  ],
  [
    1535328000000,
    45412.65643734597
  ],
  [
    1535414400000,
    43601.304736028505
  ],
  [
    1535500800000,
    53533.34615003585
  ],
  [
    1535587200000,
    39388.385154784126
  ],
  [
    1535673600000,
    35129.20986895157
  ],
  [
    1535760000000,
    134886.12831544963
  ],
  [
    1535846400000,
    101987.42056797566
  ],
  [
    1535932800000,
    52798.4496282465
  ],
  [
    1536019200000,
    37606.150541753
  ],
  [
    1536105600000,
    45481.97546014736
  ],
  [
    1536192000000,
    27812.119778772998
  ],
  [
    1536278400000,
    38205.67033095034
  ],
  [
    1536364800000,
    35624.944521430814
  ],
  [
    1536451200000,
    23215.376864428617
  ],
  [
    1536537600000,
    38083.52796271839
  ],
  [
    1536624000000,
    26039.36541382601
  ],
  [
    1536710400000,
    41965.481854632344
  ],
  [
    1536796800000,
    78586.64382886319
  ],
  [
    1536883200000,
    156043.7928856309
  ],
  [
    1536969600000,
    93949.86594804197
  ],
  [
    1537056000000,
    51056.014426674716
  ],
  [
    1537142400000,
    40788.24760624043
  ],
  [
    1537228800000,
    77159.36172580878
  ],
  [
    1537315200000,
    71012.98793139991
  ],
  [
    1537401600000,
    24785.175598781392
  ],
  [
    1537488000000,
    36891.09047181628
  ],
  [
    1537574400000,
    56380.78955104742
  ],
  [
    1537660800000,
    38866.77600226415
  ],
  [
    1537747200000,
    31980.699623836757
  ],
  [
    1537833600000,
    43150.06824254963
  ],
  [
    1537920000000,
    41974.206665086196
  ],
  [
    1538006400000,
    33837.75426088104
  ],
  [
    1538092800000,
    36767.51083974594
  ],
  [
    1538179200000,
    29820.142719472122
  ],
  [
    1538265600000,
    26831.27428322623
  ],
  [
    1538352000000,
    25017.809876574673
  ],
  [
    1538438400000,
    105560.14734815039
  ],
  [
    1538524800000,
    58404.60101833431
  ],
  [
    1538611200000,
    35881.85317771805
  ],
  [
    1538697600000,
    29316.385301018116
  ],
  [
    1538784000000,
    107943.12997318934
  ],
  [
    1538870400000,
    51411.07472260565
  ],
  [
    1538956800000,
    40649.77134759441
  ],
  [
    1539043200000,
    31188.75164372013
  ],
  [
    1539129600000,
    14546.170799531235
  ],
  [
    1539216000000,
    23560.427391886737
  ],
  [
    1539302400000,
    33736.643389293335
  ],
  [
    1539388800000,
    32735.51723728151
  ],
  [
    1539475200000,
    15601.898601526123
  ],
  [
    1539561600000,
    13743.474932414694
  ],
  [
    1539648000000,
    14571.134894262053
  ],
  [
    1539734400000,
    16058.629850282214
  ],
  [
    1539820800000,
    28296.472710935697
  ],
  [
    1539907200000,
    89998.7015093079
  ],
  [
    1539993600000,
    50697.78594338883
  ],
  [
    1540080000000,
    31509.43911873526
  ],
  [
    1540166400000,
    23881.774109817037
  ],
  [
    1540252800000,
    8038.678672086518
  ],
  [
    1540339200000,
    64927.22883406694
  ],
  [
    1540425600000,
    56309.773957975725
  ],
  [
    1540512000000,
    55478.164935044035
  ],
  [
    1540598400000,
    54438.964175226385
  ],
  [
    1540684800000,
    59051.12944773152
  ],
  [
    1540771200000,
    56085.10354323045
  ],
  [
    1540857600000,
    75633.93363548689
  ],
  [
    1540944000000,
    82326.83721448826
  ],
  [
    1541030400000,
    101630.90227610081
  ],
  [
    1541116800000,
    74309.60198649632
  ],
  [
    1541203200000,
    72491.59253572051
  ],
  [
    1541289600000,
    56383.609991535304
  ],
  [
    1541376000000,
    69261.86099300215
  ],
  [
    1541462400000,
    57281.313668392504
  ],
  [
    1541548800000,
    29442.96470852578
  ],
  [
    1541635200000,
    60161.94283468932
  ],
  [
    1541721600000,
    69511.99539209194
  ],
  [
    1541808000000,
    51255.23829215684
  ],
  [
    1541894400000,
    32281.95720731991
  ],
  [
    1541980800000,
    3833.611859710296
  ],
  [
    1542067200000,
    40202.56697786504
  ],
  [
    1542153600000,
    20196.828284235584
  ],
  [
    1542240000000,
    36269.561731563015
  ],
  [
    1542326400000,
    33912.496717099595
  ],
  [
    1542412800000,
    34405.5338513373
  ],
  [
    1542499200000,
    33148.213299020535
  ],
  [
    1542585600000,
    41424.96027991338
  ],
  [
    1542672000000,
    40909.82329549093
  ],
  [
    1542758400000,
    23685.408349561796
  ],
  [
    1542844800000,
    18932.534286004306
  ],
  [
    1542931200000,
    17676.066113737474
  ],
  [
    1543017600000,
    15827.956492445004
  ],
  [
    1543104000000,
    15077.03950474736
  ],
  [
    1543190400000,
    3848.1578396754803
  ],
  [
    1543276800000,
    21309.094475086597
  ],
  [
    1543363200000,
    17271.751057885944
  ],
  [
    1543449600000,
    45526.30114509646
  ],
  [
    1543536000000,
    19865.28754263865
  ],
  [
    1543622400000,
    16758.092081388702
  ],
  [
    1543708800000,
    14979.788439457718
  ],
  [
    1543795200000,
    22332.78448300575
  ],
  [
    1543881600000,
    18356.170636276835
  ],
  [
    1543968000000,
    20682.67888190562
  ],
  [
    1544054400000,
    27339.290884732658
  ],
  [
    1544140800000,
    15842.815778756505
  ],
  [
    1544227200000,
    15300.501700572077
  ],
  [
    1544313600000,
    36940.33207378277
  ],
  [
    1544400000000,
    73338.87161828998
  ],
  [
    1544486400000,
    102594.64530150997
  ],
  [
    1544572800000,
    87778.77188186721
  ],
  [
    1544659200000,
    81881.20082485837
  ],
  [
    1544745600000,
    84943.59591433215
  ],
  [
    1544832000000,
    64512.277907491116
  ],
  [
    1544918400000,
    50550.8442977759
  ],
  [
    1545004800000,
    71154.71922627409
  ],
  [
    1545091200000,
    71939.71048104364
  ],
  [
    1545177600000,
    79394.71333804345
  ],
  [
    1545264000000,
    79651.56102322083
  ],
  [
    1545350400000,
    47697.00929417659
  ],
  [
    1545436800000,
    65382.814846016074
  ],
  [
    1545523200000,
    79236.23679190227
  ],
  [
    1545609600000,
    52191.648882597176
  ],
  [
    1545696000000,
    33670.74452945869
  ],
  [
    1545782400000,
    38518.04051580647
  ],
  [
    1545868800000,
    45287.88071770889
  ],
  [
    1545955200000,
    37184.72040291299
  ],
  [
    1546041600000,
    43800.40873397809
  ],
  [
    1546128000000,
    52337.74516687309
  ],
  [
    1546214400000,
    43245.470142547674
  ],
  [
    1546300800000,
    43447.265794200306
  ],
  [
    1546387200000,
    37654.04482539405
  ],
  [
    1546473600000,
    53741.449675151845
  ],
  [
    1546560000000,
    46245.1343515666
  ],
  [
    1546646400000,
    34964.061479365126
  ],
  [
    1546732800000,
    48299.92065398894
  ],
  [
    1546819200000,
    32407.19799056033
  ],
  [
    1546905600000,
    48754.36031834495
  ],
  [
    1546992000000,
    32191.89454632679
  ],
  [
    1547078400000,
    56414.38622564891
  ],
  [
    1547164800000,
    31050.567896746543
  ],
  [
    1547251200000,
    35222.27472583794
  ],
  [
    1547337600000,
    30784.181769867824
  ],
  [
    1547424000000,
    37757.58996580094
  ],
  [
    1547510400000,
    22444.802014081466
  ],
  [
    1547596800000,
    31602.507585718733
  ],
  [
    1547683200000,
    27236.007383165237
  ],
  [
    1547769600000,
    28106.428608318467
  ],
  [
    1547856000000,
    17562.857048748498
  ],
  [
    1547942400000,
    36666.848918836455
  ],
  [
    1548028800000,
    37351.113205504895
  ],
  [
    1548115200000,
    32599.556628152604
  ],
  [
    1548201600000,
    31017.38788903885
  ],
  [
    1548288000000,
    35651.90362722855
  ],
  [
    1548374400000,
    34362.75561240495
  ],
  [
    1548460800000,
    30217.430521839105
  ],
  [
    1548547200000,
    31223.560503636185
  ],
  [
    1548633600000,
    29512.906375529365
  ],
  [
    1548720000000,
    30327.973773453527
  ],
  [
    1548806400000,
    36044.85868698671
  ],
  [
    1548892800000,
    31042.375215620676
  ],
  [
    1548979200000,
    23817.198279596018
  ],
  [
    1549065600000,
    37107.77158325487
  ],
  [
    1549152000000,
    40498.7707173518
  ],
  [
    1549238400000,
    30465.3332001576
  ],
  [
    1549324800000,
    31585.205794672664
  ],
  [
    1549411200000,
    40610.1243770697
  ],
  [
    1549497600000,
    37630.80947231834
  ],
  [
    1549584000000,
    39309.740881019
  ],
  [
    1549670400000,
    35871.613192018725
  ],
  [
    1549756800000,
    33661.78504922301
  ],
  [
    1549843200000,
    27283.947055947574
  ],
  [
    1549929600000,
    34837.86201993191
  ],
  [
    1550016000000,
    36908.128127167554
  ],
  [
    1550102400000,
    32224.415988262153
  ],
  [
    1550188800000,
    33615.0370577985
  ],
  [
    1550275200000,
    35140.75730173661
  ],
  [
    1550361600000,
    39424.859455718244
  ],
  [
    1550448000000,
    39214.9721168045
  ],
  [
    1550534400000,
    43858.24173929201
  ],
  [
    1550620800000,
    37503.0769401954
  ],
  [
    1550707200000,
    34169.836670557735
  ],
  [
    1550793600000,
    34492.289062089294
  ],
  [
    1550880000000,
    41488.18659134949
  ],
  [
    1550966400000,
    40255.69759094347
  ],
  [
    1551052800000,
    41615.912256563024
  ],
  [
    1551139200000,
    37707.87270590176
  ],
  [
    1551225600000,
    31396.71230611663
  ],
  [
    1551312000000,
    29357.75275912301
  ],
  [
    1551398400000,
    33078.380300312434
  ],
  [
    1551484800000,
    29168.599045809035
  ],
  [
    1551571200000,
    34361.41833508203
  ],
  [
    1551657600000,
    32971.142003276414
  ],
  [
    1551744000000,
    28702.987051845386
  ],
  [
    1551830400000,
    18649.241303727184
  ],
  [
    1551916800000,
    35067.70292549886
  ],
  [
    1552003200000,
    18882.128967357887
  ],
  [
    1552089600000,
    18309.184746800685
  ],
  [
    1552176000000,
    17890.642470590625
  ],
  [
    1552262400000,
    24196.525514649387
  ],
  [
    1552348800000,
    17763.456491715337
  ],
  [
    1552435200000,
    16061.934001168771
  ],
  [
    1552521600000,
    20251.633460184134
  ],
  [
    1552608000000,
    18469.208320790964
  ],
  [
    1552694400000,
    10841.942810730785
  ],
  [
    1552780800000,
    4986.362443275749
  ],
  [
    1552867200000,
    27756.497155205783
  ],
  [
    1552953600000,
    36269.891078937166
  ],
  [
    1553040000000,
    38104.37522754569
  ],
  [
    1553126400000,
    41171.029424631386
  ],
  [
    1553212800000,
    56859.050587998616
  ],
  [
    1553299200000,
    26383.794158359346
  ],
  [
    1553385600000,
    78983.63137697063
  ],
  [
    1553472000000,
    20379.29511739499
  ],
  [
    1553558400000,
    26103.45141765836
  ],
  [
    1553644800000,
    23534.811171864752
  ],
  [
    1553731200000,
    13279.187877325425
  ],
  [
    1553817600000,
    23164.083402625252
  ],
  [
    1553904000000,
    24259.811310851288
  ],
  [
    1553990400000,
    19904.43996852764
  ],
  [
    1554076800000,
    27282.260357098763
  ],
  [
    1554163200000,
    29852.149974453463
  ],
  [
    1554249600000,
    28036.600266230398
  ],
  [
    1554336000000,
    38433.262915008374
  ],
  [
    1554422400000,
    32812.186716531716
  ],
  [
    1554508800000,
    29656.21480292338
  ],
  [
    1554595200000,
    26765.50610135405
  ],
  [
    1554681600000,
    27553.600796271145
  ],
  [
    1554768000000,
    25465.509635783408
  ],
  [
    1554854400000,
    25734.645900053394
  ],
  [
    1554940800000,
    30211.208212210215
  ],
  [
    1555027200000,
    27138.089800976864
  ],
  [
    1555113600000,
    28075.88184376611
  ],
  [
    1555200000000,
    32490.451488608105
  ],
  [
    1555286400000,
    29167.876615751156
  ],
  [
    1555372800000,
    6993.033510475947
  ],
  [
    1555459200000,
    20544.82954143747
  ],
  [
    1555545600000,
    31905.85903201548
  ],
  [
    1555632000000,
    30498.040662085452
  ],
  [
    1555718400000,
    27464.421687475984
  ],
  [
    1555804800000,
    22039.41158872251
  ],
  [
    1555891200000,
    22032.57678438751
  ],
  [
    1555977600000,
    18027.73966218879
  ],
  [
    1556064000000,
    24545.331987899906
  ],
  [
    1556150400000,
    20667.467163832614
  ],
  [
    1556236800000,
    28207.674847653037
  ],
  [
    1556323200000,
    32228.877985629355
  ],
  [
    1556409600000,
    7953.010560449241
  ],
  [
    1556496000000,
    21104.260567948426
  ],
  [
    1556582400000,
    15257.018737461947
  ],
  [
    1556668800000,
    17529.979953446673
  ],
  [
    1556755200000,
    13256.431618328059
  ],
  [
    1556841600000,
    22244.16330677762
  ],
  [
    1556928000000,
    29473.346120608698
  ],
  [
    1557014400000,
    21073.582545485962
  ],
  [
    1557100800000,
    25129.45207500537
  ],
  [
    1557187200000,
    21557.543651691973
  ],
  [
    1557273600000,
    22918.92057351932
  ],
  [
    1557360000000,
    34567.21085410647
  ],
  [
    1557446400000,
    30056.757804479057
  ],
  [
    1557532800000,
    11563.843335462927
  ],
  [
    1557619200000,
    25960.04662920631
  ],
  [
    1557705600000,
    15426.935519245351
  ],
  [
    1557792000000,
    17401.915117335375
  ],
  [
    1557878400000,
    13755.515025750612
  ],
  [
    1557964800000,
    61315.63560284576
  ],
  [
    1558051200000,
    63802.716826291355
  ],
  [
    1558137600000,
    30419.304837086987
  ],
  [
    1558224000000,
    26450.631840469934
  ],
  [
    1558310400000,
    29521.82806977236
  ],
  [
    1558396800000,
    56852.28704073264
  ],
  [
    1558483200000,
    39905.640416058326
  ],
  [
    1558569600000,
    39121.21274354515
  ],
  [
    1558656000000,
    33420.09135796748
  ],
  [
    1558742400000,
    56910.234891865875
  ],
  [
    1558828800000,
    41996.94636760408
  ],
  [
    1558915200000,
    46585.12788015721
  ],
  [
    1559001600000,
    47717.47679207482
  ],
  [
    1559088000000,
    39787.834891027036
  ],
  [
    1559174400000,
    58012.22694224217
  ],
  [
    1559260800000,
    48718.14335748215
  ],
  [
    1559347200000,
    33122.456905768384
  ],
  [
    1559433600000,
    51255.20045203144
  ],
  [
    1559520000000,
    41470.90240815374
  ],
  [
    1559606400000,
    31156.769897982693
  ],
  [
    1559692800000,
    10337.930291440147
  ],
  [
    1559779200000,
    4427.410145729467
  ],
  [
    1559865600000,
    3308.574205562528
  ],
  [
    1559952000000,
    26295.308421070764
  ],
  [
    1560038400000,
    31181.6560884932
  ],
  [
    1560124800000,
    4404.4793343394185
  ],
  [
    1560211200000,
    9557.975619915831
  ],
  [
    1560297600000,
    12692.09480523409
  ],
  [
    1560384000000,
    26908.60593378537
  ],
  [
    1560470400000,
    33682.047322613624
  ],
  [
    1560556800000,
    22638.466094510983
  ],
  [
    1560643200000,
    28850.16699323123
  ],
  [
    1560729600000,
    20966.530469067115
  ],
  [
    1560816000000,
    23234.567760232072
  ],
  [
    1560902400000,
    24731.485433377315
  ],
  [
    1560988800000,
    31961.033124417787
  ],
  [
    1561075200000,
    35504.928933359115
  ],
  [
    1561161600000,
    32286.070138809297
  ],
  [
    1561248000000,
    27810.76809876527
  ],
  [
    1561334400000,
    21864.066704552908
  ],
  [
    1561420800000,
    21420.312295593736
  ],
  [
    1561507200000,
    30689.766243386308
  ],
  [
    1561593600000,
    26998.969043427154
  ],
  [
    1561680000000,
    22061.773169532702
  ],
  [
    1561766400000,
    19663.70706731764
  ],
  [
    1561852800000,
    481.2860859709507
  ],
  [
    1561939200000,
    87.4694105584161
  ],
  [
    1562025600000,
    520.631931830144
  ],
  [
    1562112000000,
    3322.5041644014104
  ],
  [
    1562198400000,
    1105.8863599014467
  ],
  [
    1562284800000,
    5358.740852825303
  ],
  [
    1562371200000,
    2024.2810013867527
  ],
  [
    1562457600000,
    9007.931770028154
  ],
  [
    1562544000000,
    120.5668749010856
  ],
  [
    1562630400000,
    26680.731819013603
  ],
  [
    1562716800000,
    26359.390889742044
  ],
  [
    1562803200000,
    3271.585831721666
  ],
  [
    1562889600000,
    3065.3946500657366
  ],
  [
    1562976000000,
    4572.805507995696
  ],
  [
    1563062400000,
    4919.1600767139125
  ],
  [
    1563148800000,
    12960.393581008684
  ],
  [
    1563235200000,
    14370.803838772837
  ],
  [
    1563321600000,
    7438.488892203848
  ],
  [
    1563408000000,
    5972.497496596779
  ],
  [
    1563494400000,
    2398.4639169702577
  ],
  [
    1563580800000,
    110.0521801725454
  ],
  [
    1563667200000,
    3500.5520845632886
  ],
  [
    1563753600000,
    12757.32365601146
  ],
  [
    1563840000000,
    5688.548724718648
  ],
  [
    1563926400000,
    8831.044068850853
  ],
  [
    1564012800000,
    28629.718073836695
  ],
  [
    1564099200000,
    2139.471203883189
  ],
  [
    1564185600000,
    13127.799537132869
  ],
  [
    1564272000000,
    262.53519432790733
  ],
  [
    1564358400000,
    74.72407297726514
  ],
  [
    1564444800000,
    6482.844497695329
  ],
  [
    1564531200000,
    162.39219435176986
  ],
  [
    1564617600000,
    1094.0755746132736
  ],
  [
    1564704000000,
    734.500804267629
  ],
  [
    1564790400000,
    364.6169412236358
  ],
  [
    1564876800000,
    10.92869669673711
  ],
  [
    1564963200000,
    40.80730712202477
  ],
  [
    1565049600000,
    6912.437133378897
  ],
  [
    1565136000000,
    1184.5857632119767
  ],
  [
    1565222400000,
    230.0971320030709
  ],
  [
    1565308800000,
    0.11519005977195662
  ],
  [
    1565395200000,
    13.541139308314074
  ],
  [
    1565481600000,
    2.79642012961741
  ],
  [
    1565568000000,
    61.85353054940001
  ],
  [
    1565654400000,
    201.6372104549125
  ],
  [
    1565740800000,
    4673.349301762548
  ],
  [
    1565827200000,
    8796.45629857247
  ],
  [
    1565913600000,
    3272.8455586771165
  ],
  [
    1566000000000,
    1370.014872130104
  ],
  [
    1566086400000,
    214.27403450727928
  ],
  [
    1566172800000,
    4115.233705536511
  ],
  [
    1566259200000,
    43.4098145637516
  ],
  [
    1566345600000,
    2269.4695532774304
  ],
  [
    1566432000000,
    5569.136177428409
  ],
  [
    1566518400000,
    1938.1472096439356
  ],
  [
    1566604800000,
    1953.7664771614236
  ],
  [
    1566691200000,
    52.38366465038226
  ],
  [
    1566777600000,
    765.5293734044959
  ],
  [
    1566864000000,
    1864.094580079538
  ],
  [
    1566950400000,
    0.014074416232792349
  ],
  [
    1567036800000,
    0.0279492588199028
  ],
  [
    1567123200000,
    19.054313859641173
  ],
  [
    1567209600000,
    3477.3700102295056
  ],
  [
    1567296000000,
    16.143655168827625
  ],
  [
    1567382400000,
    682.6307696791273
  ],
  [
    1567468800000,
    1148.792317582495
  ],
  [
    1567555200000,
    91.61733577888073
  ],
  [
    1567641600000,
    4622.959801742323
  ],
  [
    1567728000000,
    1307.770411466256
  ],
  [
    1567814400000,
    470.06011673209224
  ],
  [
    1567900800000,
    58.18824810141595
  ],
  [
    1567987200000,
    196.0497578764196
  ],
  [
    1568073600000,
    5275.343146989137
  ],
  [
    1568160000000,
    0.015012888096161045
  ],
  [
    1568246400000,
    0.029608992654188652
  ],
  [
    1568332800000,
    0.02961197789877782
  ],
  [
    1568419200000,
    0.000009178629935477215
  ],
  [
    1568505600000,
    0.014822631942405708
  ],
  [
    1568592000000,
    0.02963074261540755
  ],
  [
    1568678400000,
    0.029656645689136424
  ],
  [
    1568764800000,
    1191.3417061705238
  ],
  [
    1568851200000,
    6748.777118164655
  ],
  [
    1568937600000,
    0.5278306201325869
  ],
  [
    1569024000000,
    57.44033038683021
  ],
  [
    1569110400000,
    8.341976057133447
  ],
  [
    1569196800000,
    92.68181342303363
  ],
  [
    1569283200000,
    58.47583457978023
  ],
  [
    1569369600000,
    554.8617207071288
  ],
  [
    1569456000000,
    2398.1183154251025
  ],
  [
    1569542400000,
    7.02226192218769
  ],
  [
    1569628800000,
    859.7197462385001
  ],
  [
    1569715200000,
    27.719673502276528
  ],
  [
    1569801600000,
    0.7374468537841508
  ],
  [
    1569888000000,
    0
  ],
  [
    1569974400000,
    2304.499274163238
  ],
  [
    1570060800000,
    2304.499274163238
  ],
  [
    1570147200000,
    4.004872206165182
  ],
  [
    1570233600000,
    4.004872206165182
  ],
  [
    1570320000000,
    218.69506879662492
  ],
  [
    1570406400000,
    0.039742521652657056
  ],
  [
    1570492800000,
    1175.9883142750011
  ],
  [
    1570579200000,
    1306.263531321477
  ],
  [
    1570665600000,
    24.516978387159345
  ],
  [
    1570752000000,
    0
  ],
  [
    1570838400000,
    12.920615679280413
  ],
  [
    1570924800000,
    17.170307049397472
  ],
  [
    1571011200000,
    0
  ],
  [
    1571097600000,
    11.477969552890224
  ],
  [
    1571184000000,
    37.012366318012226
  ],
  [
    1571270400000,
    17.412668011145012
  ],
  [
    1571356800000,
    244.21878147628553
  ],
  [
    1571443200000,
    135.11947700923557
  ],
  [
    1571529600000,
    106.27854759041614
  ],
  [
    1571616000000,
    0.048494938532565604
  ],
  [
    1571702400000,
    133.82760682800833
  ],
  [
    1571788800000,
    23.970964233804228
  ],
  [
    1571875200000,
    553.7552215410117
  ],
  [
    1571961600000,
    207.24272024770588
  ],
  [
    1572048000000,
    0
  ],
  [
    1572134400000,
    247.53344986602596
  ],
  [
    1572220800000,
    400.9927540509525
  ],
  [
    1572307200000,
    0
  ],
  [
    1572393600000,
    1314.9152948425146
  ],
  [
    1572480000000,
    5.38282579483914
  ],
  [
    1572566400000,
    0.20908376548256113
  ],
  [
    1572652800000,
    0.018243829936977637
  ],
  [
    1572739200000,
    76.61712887283873
  ],
  [
    1572825600000,
    23.76893973241976
  ],
  [
    1572912000000,
    0
  ],
  [
    1572998400000,
    5.4198732586697975
  ],
  [
    1573084800000,
    0.9024755273954231
  ],
  [
    1573171200000,
    0.003278220266008198
  ],
  [
    1573257600000,
    54.93129124782234
  ],
  [
    1573344000000,
    90.95404531119686
  ],
  [
    1573430400000,
    0.22804293804974787
  ],
  [
    1573516800000,
    494.56974237710125
  ],
  [
    1573603200000,
    260.8561508220163
  ],
  [
    1573689600000,
    24.947259531896364
  ],
  [
    1573776000000,
    51.99858055643814
  ],
  [
    1573862400000,
    998.6485737751962
  ],
  [
    1573948800000,
    31.815575662781605
  ],
  [
    1574035200000,
    1993.9779046250399
  ],
  [
    1574121600000,
    87.17269959042436
  ],
  [
    1574208000000,
    423.6859284991478
  ],
  [
    1574294400000,
    153.541974445751
  ],
  [
    1574380800000,
    2.477566193012933
  ],
  [
    1574467200000,
    164.49202784707842
  ],
  [
    1574553600000,
    269.8715807336145
  ],
  [
    1574640000000,
    173.7144225996703
  ],
  [
    1574726400000,
    1.2866311925390501
  ],
  [
    1574812800000,
    16.38219921782139
  ],
  [
    1574899200000,
    318.03867253875603
  ],
  [
    1574985600000,
    44.37545037056897
  ],
  [
    1575072000000,
    6.834199546950104
  ],
  [
    1575158400000,
    741.244194448173
  ],
  [
    1575244800000,
    3011.073349696159
  ],
  [
    1575331200000,
    2304.3287218599116
  ],
  [
    1575417600000,
    1541.433454035295
  ],
  [
    1575504000000,
    868.6692308272297
  ],
  [
    1575590400000,
    226.04293707916324
  ],
  [
    1575676800000,
    386.63463179279023
  ],
  [
    1575763200000,
    231.7025191962977
  ],
  [
    1575849600000,
    257.5897973372993
  ],
  [
    1575936000000,
    8.03382977948157
  ],
  [
    1576022400000,
    598.1335695006482
  ],
  [
    1576108800000,
    89.14690210779953
  ],
  [
    1576195200000,
    40.645779801031324
  ],
  [
    1576281600000,
    2521.1742194008343
  ],
  [
    1576368000000,
    3501.701073290728
  ],
  [
    1576454400000,
    1509.801167881406
  ],
  [
    1576540800000,
    1574.4017978430443
  ],
  [
    1576627200000,
    807.9443190605145
  ],
  [
    1576713600000,
    1211.225135394945
  ],
  [
    1576800000000,
    1044.556314700799
  ],
  [
    1576886400000,
    730.7288533149515
  ],
  [
    1576972800000,
    0.5602107818371761
  ],
  [
    1577059200000,
    226.54281037635252
  ],
  [
    1577145600000,
    2332.3472702967742
  ],
  [
    1577232000000,
    15.217244818212055
  ],
  [
    1577318400000,
    650.0105477467014
  ],
  [
    1577404800000,
    1879.5420570963556
  ],
  [
    1577491200000,
    3214.3919864242944
  ],
  [
    1577577600000,
    1187.7546688320056
  ],
  [
    1577664000000,
    1365.7531243003752
  ],
  [
    1577750400000,
    1697.747568765833
  ],
  [
    1577836800000,
    1191.0501367817508
  ],
  [
    1577923200000,
    379.01463512847977
  ],
  [
    1578009600000,
    1170.6094616955115
  ],
  [
    1578096000000,
    2488.837009567199
  ],
  [
    1578182400000,
    5254.314706216143
  ],
  [
    1578268800000,
    2046.1879252230876
  ],
  [
    1578355200000,
    1509.1686208188858
  ],
  [
    1578441600000,
    1508.6127647291207
  ],
  [
    1578528000000,
    6415.23232541983
  ],
  [
    1578614400000,
    1438.1573624735336
  ],
  [
    1578700800000,
    1482.3638866265685
  ],
  [
    1578787200000,
    3110.179882735277
  ],
  [
    1578873600000,
    3318.058030743114
  ],
  [
    1578960000000,
    5526.898552409266
  ],
  [
    1579046400000,
    1039.6518879863997
  ],
  [
    1579132800000,
    2302.6616288686464
  ],
  [
    1579219200000,
    1009.7490830122995
  ],
  [
    1579305600000,
    79.1636841584298
  ],
  [
    1579392000000,
    1529.061011146651
  ],
  [
    1579478400000,
    285.6019619165052
  ],
  [
    1579564800000,
    13749.177226759184
  ],
  [
    1579651200000,
    49664.40409215905
  ],
  [
    1579737600000,
    4489.037414668197
  ],
  [
    1579824000000,
    851.4110621749475
  ],
  [
    1579910400000,
    1491.773814376422
  ],
  [
    1579996800000,
    34916.06414497241
  ],
  [
    1580083200000,
    22395.078333920803
  ],
  [
    1580169600000,
    9680.63989791273
  ],
  [
    1580256000000,
    6656.2508482122175
  ],
  [
    1580342400000,
    1300.0808169363952
  ],
  [
    1580428800000,
    1053.6310430686294
  ],
  [
    1580515200000,
    2266.05445490416
  ],
  [
    1580601600000,
    9126.661632293168
  ],
  [
    1580688000000,
    11065.198282132316
  ],
  [
    1580774400000,
    5890.6536594730105
  ],
  [
    1580860800000,
    1055.056168174007
  ],
  [
    1580947200000,
    5537.983609589014
  ],
  [
    1581033600000,
    357.12853421301253
  ],
  [
    1581120000000,
    3242.4352429539817
  ],
  [
    1581206400000,
    1666.3920305827498
  ],
  [
    1581292800000,
    1232.935654208683
  ],
  [
    1581379200000,
    758.2869882761939
  ],
  [
    1581465600000,
    1530.6035233312468
  ],
  [
    1581552000000,
    30359.336084369574
  ],
  [
    1581638400000,
    9217.243098793973
  ],
  [
    1581724800000,
    5884.009077563178
  ],
  [
    1581811200000,
    3243.9872471419817
  ],
  [
    1581897600000,
    2195.3838657257274
  ],
  [
    1581984000000,
    17809.522684008112
  ],
  [
    1582070400000,
    4109.697011200422
  ],
  [
    1582156800000,
    3865.0424176699503
  ],
  [
    1582243200000,
    1663.8289867949838
  ],
  [
    1582329600000,
    5169.563687318886
  ],
  [
    1582416000000,
    4771.4486769179875
  ],
  [
    1582502400000,
    6216.8598354385185
  ],
  [
    1582588800000,
    2163.567989338305
  ],
  [
    1582675200000,
    3596.112055429054
  ],
  [
    1582761600000,
    2825.8416691411235
  ],
  [
    1582848000000,
    4847.355198618371
  ],
  [
    1582934400000,
    2735.4916455964535
  ],
  [
    1583020800000,
    2283.324233203992
  ],
  [
    1583107200000,
    2651.3382585828494
  ],
  [
    1583193600000,
    1424.5318926549394
  ],
  [
    1583280000000,
    3479.7920609764906
  ],
  [
    1583366400000,
    1478.5389986620057
  ],
  [
    1583452800000,
    1018.0009918594883
  ],
  [
    1583539200000,
    8896.244549008767
  ],
  [
    1583625600000,
    5102.488590529534
  ],
  [
    1583712000000,
    7073.539325231886
  ],
  [
    1583798400000,
    3334.855852982666
  ],
  [
    1583884800000,
    3972.0343804711606
  ],
  [
    1583971200000,
    2975.237867418781
  ],
  [
    1584057600000,
    9046.823848880353
  ],
  [
    1584144000000,
    4653.329773618853
  ],
  [
    1584230400000,
    2866.5543459243604
  ],
  [
    1584316800000,
    915.4939953811887
  ],
  [
    1584403200000,
    5312.067886980566
  ],
  [
    1584489600000,
    823.3298801375972
  ],
  [
    1584576000000,
    1793.5121591908028
  ],
  [
    1584662400000,
    2168.902553481902
  ],
  [
    1584748800000,
    1321.2232124301604
  ],
  [
    1584835200000,
    2843.742751825279
  ],
  [
    1584921600000,
    2119.844339623552
  ],
  [
    1585008000000,
    597.9214037106102
  ],
  [
    1585094400000,
    1217.2664103794366
  ],
  [
    1585180800000,
    10.091899596202943
  ],
  [
    1585267200000,
    1588.5272741445995
  ],
  [
    1585353600000,
    2344.1464721861444
  ],
  [
    1585440000000,
    4670.127198327963
  ],
  [
    1585526400000,
    1379.2629223362528
  ],
  [
    1585612800000,
    538.7257825554748
  ],
  [
    1585699200000,
    2689.2797053048525
  ],
  [
    1585785600000,
    1332.235277974892
  ],
  [
    1585872000000,
    3863.569461079835
  ],
  [
    1585958400000,
    321.4170213719016
  ],
  [
    1586044800000,
    80.62299028271597
  ],
  [
    1586131200000,
    4784.3002311480805
  ],
  [
    1586217600000,
    3439.4399406098873
  ],
  [
    1586304000000,
    3086.7843052159164
  ],
  [
    1586390400000,
    5504.502020181921
  ],
  [
    1586476800000,
    10274.864124659322
  ],
  [
    1586563200000,
    4508.641528792756
  ],
  [
    1586649600000,
    1676.3612649111678
  ],
  [
    1586736000000,
    1007.4131085268422
  ],
  [
    1586822400000,
    5141.73615256799
  ],
  [
    1586908800000,
    6406.259714650564
  ],
  [
    1586995200000,
    2433.402821327045
  ],
  [
    1587081600000,
    4384.434617218909
  ],
  [
    1587168000000,
    30.7108563211899
  ],
  [
    1587254400000,
    3212.570176868921
  ],
  [
    1587340800000,
    2139.3139777717947
  ],
  [
    1587427200000,
    12444.968700454077
  ],
  [
    1587513600000,
    22143.40301589713
  ],
  [
    1587600000000,
    14996.942751373184
  ],
  [
    1587686400000,
    7662.685381274178
  ],
  [
    1587772800000,
    1686.2824214125199
  ],
  [
    1587859200000,
    703.4624905255885
  ],
  [
    1587945600000,
    2266.321940317229
  ],
  [
    1588032000000,
    1721.0232606857162
  ],
  [
    1588118400000,
    9814.953901056468
  ],
  [
    1588204800000,
    2365.8857983316534
  ],
  [
    1588291200000,
    4965.566740250555
  ],
  [
    1588377600000,
    5483.0809796359445
  ],
  [
    1588464000000,
    6894.38285945224
  ],
  [
    1588550400000,
    1502.3250024473716
  ],
  [
    1588636800000,
    6796.769961518446
  ],
  [
    1588723200000,
    2237.356504128516
  ],
  [
    1588809600000,
    3913.3230209503163
  ],
  [
    1588896000000,
    2295.5837848028605
  ],
  [
    1588982400000,
    2815.824808752536
  ],
  [
    1589068800000,
    3800.959195024506
  ],
  [
    1589155200000,
    1475.6470749254481
  ],
  [
    1589241600000,
    2798.226488770492
  ],
  [
    1589328000000,
    11219.160345219563
  ],
  [
    1589414400000,
    2140.28734360677
  ],
  [
    1589500800000,
    2329.1747038011863
  ],
  [
    1589587200000,
    1690.021920355291
  ],
  [
    1589673600000,
    1035.118667384782
  ],
  [
    1589760000000,
    1999.7857692597486
  ],
  [
    1589846400000,
    9456.147279718394
  ],
  [
    1589932800000,
    12857.974043170247
  ],
  [
    1590019200000,
    949.0196355878115
  ],
  [
    1590105600000,
    1087.8041872608937
  ],
  [
    1590192000000,
    2207.2226535711475
  ],
  [
    1590278400000,
    2252.316886895327
  ],
  [
    1590364800000,
    5508.997511832152
  ],
  [
    1590451200000,
    5762.531604772322
  ],
  [
    1590537600000,
    8131.519480855173
  ],
  [
    1590624000000,
    6188.7142947404445
  ],
  [
    1590710400000,
    11455.404073152578
  ],
  [
    1590796800000,
    18154.243482763293
  ],
  [
    1590883200000,
    6777.789698861956
  ],
  [
    1590969600000,
    11500.925949769216
  ],
  [
    1591056000000,
    21774.34139776152
  ],
  [
    1591142400000,
    14897.444553441155
  ],
  [
    1591228800000,
    50783.490548651454
  ],
  [
    1591315200000,
    9509.88820334121
  ],
  [
    1591401600000,
    40567.1790845433
  ],
  [
    1591488000000,
    43892.593696449985
  ],
  [
    1591574400000,
    72458.32323428495
  ],
  [
    1591660800000,
    24369.317892287407
  ],
  [
    1591747200000,
    15187.28781814807
  ],
  [
    1591833600000,
    18674.139221617388
  ],
  [
    1591920000000,
    16765.533482176674
  ],
  [
    1592006400000,
    10084.545686170879
  ],
  [
    1592092800000,
    2924.65696244517
  ],
  [
    1592179200000,
    10586.712015033803
  ],
  [
    1592265600000,
    12916.1729336248
  ],
  [
    1592352000000,
    8348.482821692574
  ],
  [
    1592438400000,
    5788.0395219042875
  ],
  [
    1592524800000,
    10286.921511655619
  ],
  [
    1592611200000,
    4932.390605895454
  ],
  [
    1592697600000,
    8073.891070129059
  ],
  [
    1592784000000,
    11623.967074588647
  ],
  [
    1592870400000,
    14667.424890383774
  ],
  [
    1592956800000,
    11251.332435808317
  ],
  [
    1593043200000,
    24980.68303730933
  ],
  [
    1593129600000,
    15816.881692010884
  ],
  [
    1593216000000,
    4903.408045015006
  ],
  [
    1593302400000,
    4674.747170226148
  ],
  [
    1593388800000,
    11522.304529312598
  ],
  [
    1593475200000,
    7189.119409275053
  ],
  [
    1593561600000,
    4601.503186439829
  ],
  [
    1593648000000,
    12361.08430487563
  ],
  [
    1593734400000,
    2269.826260254688
  ],
  [
    1593820800000,
    5076.021188853733
  ],
  [
    1593907200000,
    13860.679999433365
  ],
  [
    1593993600000,
    7138.782431972861
  ],
  [
    1594080000000,
    21446.12050270058
  ],
  [
    1594166400000,
    12335.311756936037
  ],
  [
    1594252800000,
    8053.957944605245
  ],
  [
    1594339200000,
    2846.680350229188
  ],
  [
    1594425600000,
    2599.1381583174166
  ],
  [
    1594512000000,
    5083.666423971288
  ],
  [
    1594598400000,
    14205.077297220267
  ],
  [
    1594684800000,
    667.8331208253597
  ],
  [
    1594771200000,
    1902.532546782756
  ],
  [
    1594857600000,
    8849.34387721148
  ],
  [
    1594944000000,
    7625.658972004384
  ],
  [
    1595030400000,
    4295.1953701932025
  ],
  [
    1595116800000,
    2274.991093920515
  ],
  [
    1595203200000,
    3476.6402994719792
  ],
  [
    1595289600000,
    11251.175701253827
  ],
  [
    1595376000000,
    3155.748520365063
  ],
  [
    1595462400000,
    6718.902120745841
  ],
  [
    1595548800000,
    4103.194891778438
  ],
  [
    1595635200000,
    35044.997221906124
  ],
  [
    1595721600000,
    21740.49951978364
  ],
  [
    1595808000000,
    2934.130421242787
  ],
  [
    1595894400000,
    21038.926254937098
  ],
  [
    1595980800000,
    42124.9036375027
  ],
  [
    1596067200000,
    18521.154943138143
  ],
  [
    1596153600000,
    13264.855852210096
  ],
  [
    1596240000000,
    18299.924806500287
  ],
  [
    1596326400000,
    16047.100695467092
  ],
  [
    1596412800000,
    17164.30057588334
  ],
  [
    1596499200000,
    17899.23649853787
  ],
  [
    1596585600000,
    34828.10642120724
  ],
  [
    1596672000000,
    25732.260031300044
  ],
  [
    1596758400000,
    25973.627691956473
  ],
  [
    1596844800000,
    38100.224828212406
  ],
  [
    1596931200000,
    65045.3352037869
  ],
  [
    1597017600000,
    30460.960733738764
  ],
  [
    1597104000000,
    50668.215600947085
  ],
  [
    1597190400000,
    41964.37379187825
  ],
  [
    1597276800000,
    66069.27709104565
  ],
  [
    1597363200000,
    47484.60012460302
  ],
  [
    1597449600000,
    48754.871517452186
  ],
  [
    1597536000000,
    39996.28210224322
  ],
  [
    1597622400000,
    48215.10621531568
  ],
  [
    1597708800000,
    55278.94952353743
  ],
  [
    1597795200000,
    44627.30464337816
  ],
  [
    1597881600000,
    43438.66309500072
  ],
  [
    1597968000000,
    41323.76423803508
  ],
  [
    1598054400000,
    58337.26539999291
  ],
  [
    1598140800000,
    59697.960100082484
  ],
  [
    1598227200000,
    64051.906723416796
  ],
  [
    1598313600000,
    57108.05549048982
  ],
  [
    1598400000000,
    31287.997766868135
  ],
  [
    1598486400000,
    70459.556010745
  ],
  [
    1598572800000,
    59341.05073335714
  ],
  [
    1598659200000,
    70375.90224448375
  ],
  [
    1598745600000,
    82566.7162350653
  ],
  [
    1598832000000,
    83271.76333046892
  ],
  [
    1598918400000,
    88005.80011669158
  ],
  [
    1599004800000,
    67047.24612377265
  ],
  [
    1599091200000,
    72620.76573279429
  ],
  [
    1599177600000,
    19078.970553887193
  ],
  [
    1599264000000,
    14278.915285320032
  ],
  [
    1599350400000,
    17155.447933085165
  ],
  [
    1599436800000,
    13496.891569276484
  ],
  [
    1599523200000,
    12035.02664120889
  ],
  [
    1599609600000,
    7878.817615739711
  ],
  [
    1599696000000,
    5833.492191957419
  ],
  [
    1599782400000,
    3287.1420420894656
  ],
  [
    1599868800000,
    12936.512989283192
  ],
  [
    1599955200000,
    2044.8043267186085
  ],
  [
    1600041600000,
    20507.05724555722
  ],
  [
    1600128000000,
    4562.200698516093
  ],
  [
    1600214400000,
    5405.736305929582
  ],
  [
    1600300800000,
    7266.1819088486745
  ],
  [
    1600387200000,
    6799.469378488297
  ],
  [
    1600473600000,
    3040.462176489945
  ],
  [
    1600560000000,
    2014.0754214361655
  ],
  [
    1600646400000,
    10709.675657618545
  ],
  [
    1600732800000,
    4963.8955271964105
  ],
  [
    1600819200000,
    5188.27451722949
  ],
  [
    1600905600000,
    12492.981752419311
  ],
  [
    1600992000000,
    3561.3328240540786
  ],
  [
    1601078400000,
    3577.83175627008
  ],
  [
    1601164800000,
    7170.173629005115
  ],
  [
    1601251200000,
    399.19492024335074
  ],
  [
    1601337600000,
    221.79931372013613
  ],
  [
    1601424000000,
    514.0288062513775
  ],
  [
    1601510400000,
    721.1874773906183
  ],
  [
    1601596800000,
    169.99801620229474
  ],
  [
    1601683200000,
    10654.007977036757
  ],
  [
    1601769600000,
    9856.258036257095
  ],
  [
    1601856000000,
    1066.213917030205
  ],
  [
    1601942400000,
    2099.1354597739805
  ],
  [
    1602028800000,
    7995.480276120406
  ],
  [
    1602115200000,
    8801.580759462202
  ],
  [
    1602201600000,
    2131.1252129413556
  ],
  [
    1602288000000,
    2538.8393191206587
  ],
  [
    1602374400000,
    2928.5111881445428
  ],
  [
    1602460800000,
    715.269121056657
  ],
  [
    1602547200000,
    6674.877116799259
  ],
  [
    1602633600000,
    1003.0944484512102
  ],
  [
    1602720000000,
    21.809084738687645
  ],
  [
    1602806400000,
    120.45000369018334
  ],
  [
    1602892800000,
    3408.4327329887356
  ],
  [
    1602979200000,
    16437.34746158425
  ],
  [
    1603065600000,
    6493.482369767303
  ],
  [
    1603152000000,
    650.4639889964456
  ],
  [
    1603238400000,
    1778.1466394306733
  ],
  [
    1603324800000,
    4811.118704987605
  ],
  [
    1603411200000,
    1162.655372094088
  ],
  [
    1603497600000,
    301.7836611195418
  ],
  [
    1603584000000,
    2108.267654572598
  ],
  [
    1603670400000,
    1661.2327491963533
  ],
  [
    1603756800000,
    1793.405209148159
  ],
  [
    1603843200000,
    2844.125860618548
  ],
  [
    1603929600000,
    2472.4883343986335
  ],
  [
    1604016000000,
    7774.493228805212
  ],
  [
    1604102400000,
    6141.380753692592
  ],
  [
    1604188800000,
    876.25155064283
  ],
  [
    1604275200000,
    678.397651776272
  ],
  [
    1604361600000,
    1292.9836514786189
  ],
  [
    1604448000000,
    5978.067589101764
  ],
  [
    1604534400000,
    2982.4498386804144
  ],
  [
    1604620800000,
    17543.702035890175
  ],
  [
    1604707200000,
    10686.818149296752
  ],
  [
    1604793600000,
    6343.006079485171
  ],
  [
    1604880000000,
    6890.8592482896665
  ],
  [
    1604966400000,
    6259.788534454202
  ],
  [
    1605052800000,
    1799.525202927858
  ],
  [
    1605139200000,
    12060.587539451206
  ],
  [
    1605225600000,
    16116.850014603811
  ],
  [
    1605312000000,
    8960.84893421373
  ],
  [
    1605398400000,
    5733.301216563123
  ],
  [
    1605484800000,
    6381.367529979151
  ],
  [
    1605571200000,
    1057.264398380898
  ],
  [
    1605657600000,
    73208.54440429763
  ],
  [
    1605744000000,
    4652.157214117433
  ],
  [
    1605830400000,
    1888.1903455816612
  ],
  [
    1605916800000,
    1380.7725449127042
  ],
  [
    1606003200000,
    10585.579858546414
  ],
  [
    1606089600000,
    10341.387456543507
  ],
  [
    1606176000000,
    19077.344581935355
  ],
  [
    1606262400000,
    5936.657857553216
  ],
  [
    1606348800000,
    15975.386947713434
  ],
  [
    1606435200000,
    98993.75798592217
  ],
  [
    1606521600000,
    19249.24637601509
  ],
  [
    1606608000000,
    25175.240943846366
  ],
  [
    1606694400000,
    17428.34916147636
  ],
  [
    1606780800000,
    11786.23552361043
  ],
  [
    1606867200000,
    6778.341969091726
  ],
  [
    1606953600000,
    7563.7049674633745
  ],
  [
    1607040000000,
    11108.35250647634
  ],
  [
    1607126400000,
    1765.2874075183795
  ],
  [
    1607212800000,
    1563.5442214402601
  ],
  [
    1607299200000,
    1148.8605530888365
  ],
  [
    1607385600000,
    3377.727167163402
  ],
  [
    1607472000000,
    706.291895260369
  ],
  [
    1607558400000,
    233.7037788331072
  ],
  [
    1607644800000,
    5168.223956517608
  ],
  [
    1607731200000,
    174.1366122230745
  ],
  [
    1607817600000,
    890.682845202545
  ],
  [
    1607904000000,
    1078.69529906443
  ],
  [
    1607990400000,
    1004.8216450928115
  ],
  [
    1608076800000,
    1936.3452957427075
  ],
  [
    1608163200000,
    909.5641703548882
  ],
  [
    1608249600000,
    4389.885612276744
  ],
  [
    1608336000000,
    1703.7687593380406
  ],
  [
    1608422400000,
    681.99753721184
  ],
  [
    1608508800000,
    2185.4364571350798
  ],
  [
    1608595200000,
    1120.0165976517767
  ],
  [
    1608681600000,
    7252.292678383122
  ],
  [
    1608768000000,
    761.4160175843381
  ],
  [
    1608854400000,
    1782.7848288630432
  ],
  [
    1608940800000,
    638.8930626782666
  ],
  [
    1609027200000,
    696.5629806956246
  ],
  [
    1609113600000,
    603.7829724103607
  ],
  [
    1609200000000,
    2351.2527024306255
  ],
  [
    1609286400000,
    880.8683433990818
  ],
  [
    1609372800000,
    2557.1566813444874
  ],
  [
    1609459200000,
    2189.701264232892
  ],
  [
    1609545600000,
    381.4810710606131
  ],
  [
    1609632000000,
    2283.251860227934
  ],
  [
    1609718400000,
    971.417768484468
  ],
  [
    1609804800000,
    2055.1414046385253
  ],
  [
    1609891200000,
    4318.958303980313
  ],
  [
    1609977600000,
    707.4907149141583
  ],
  [
    1610064000000,
    1355.2883368357232
  ],
  [
    1610150400000,
    2047.7803893330142
  ],
  [
    1610236800000,
    2056.0893172922165
  ],
  [
    1610323200000,
    1271.4797546065831
  ],
  [
    1610409600000,
    1696.9786846017635
  ],
  [
    1610496000000,
    3153.65657735922
  ],
  [
    1610582400000,
    5635.4293918841995
  ],
  [
    1610668800000,
    5795.944786247994
  ],
  [
    1610755200000,
    751.4144699955759
  ],
  [
    1610841600000,
    606.9439156795833
  ],
  [
    1610928000000,
    988.5699464237387
  ],
  [
    1611014400000,
    3898.232576118105
  ],
  [
    1611100800000,
    893.3299976922768
  ],
  [
    1611187200000,
    2310.5084708089084
  ],
  [
    1611273600000,
    1182.4214034937131
  ],
  [
    1611360000000,
    1780.1293352173786
  ],
  [
    1611446400000,
    341.8711983961245
  ],
  [
    1611532800000,
    2123.942611674199
  ],
  [
    1611619200000,
    220.48650133106673
  ],
  [
    1611705600000,
    483.4000667205184
  ],
  [
    1611792000000,
    646.5061342910046
  ],
  [
    1611878400000,
    1041.1602682519629
  ],
  [
    1611964800000,
    592.0808878751275
  ],
  [
    1612051200000,
    4443.9510290939015
  ],
  [
    1612137600000,
    1863.4436885483133
  ],
  [
    1612224000000,
    715.6088555588703
  ],
  [
    1612310400000,
    891.6369485137058
  ],
  [
    1612396800000,
    2699.8945695868124
  ],
  [
    1612483200000,
    2645.2885736175995
  ],
  [
    1612569600000,
    2402.2485032761465
  ],
  [
    1612656000000,
    1791.4830537317885
  ],
  [
    1612742400000,
    2097.2122665398297
  ],
  [
    1612828800000,
    4657.570373407357
  ],
  [
    1612915200000,
    3017.0087600485676
  ],
  [
    1613001600000,
    1711.5452688759292
  ],
  [
    1613088000000,
    1512.2852622298199
  ],
  [
    1613174400000,
    2105.5996233063506
  ],
  [
    1613260800000,
    1779.6261079399671
  ],
  [
    1613347200000,
    8015.9265913031795
  ],
  [
    1613433600000,
    5218.494127840505
  ],
  [
    1613520000000,
    2922.0734306766685
  ],
  [
    1613606400000,
    3698.7963935839684
  ],
  [
    1613692800000,
    1439.6215271589017
  ],
  [
    1613779200000,
    1321.4329361912849
  ],
  [
    1613865600000,
    950.0037370409726
  ],
  [
    1613952000000,
    1061.0146693255515
  ],
  [
    1614038400000,
    803.0960534164637
  ],
  [
    1614124800000,
    791.3456202439095
  ],
  [
    1614211200000,
    2500.4015656983825
  ],
  [
    1614297600000,
    123.75853607300529
  ],
  [
    1614384000000,
    1415.5301745750087
  ],
  [
    1614470400000,
    7.427810176861934
  ],
  [
    1614556800000,
    60.52245069757266
  ],
  [
    1614643200000,
    1176.4286211298274
  ],
  [
    1614729600000,
    1156.5014674879885
  ],
  [
    1614816000000,
    363.65120892831413
  ],
  [
    1614902400000,
    990.0111006059725
  ],
  [
    1614988800000,
    99.79195398451634
  ],
  [
    1615075200000,
    269.73282442135724
  ],
  [
    1615161600000,
    120.10101105505592
  ],
  [
    1615248000000,
    189.76011807783473
  ],
  [
    1615334400000,
    481.1368807798756
  ],
  [
    1615420800000,
    656.1198111152996
  ],
  [
    1615507200000,
    4068.1008381082283
  ],
  [
    1615593600000,
    215.79350177712317
  ],
  [
    1615680000000,
    708.2030755154711
  ],
  [
    1615766400000,
    4022.873052296255
  ],
  [
    1615852800000,
    439.41058544204833
  ],
  [
    1615939200000,
    475.8797162560274
  ],
  [
    1616025600000,
    532.19642721435
  ],
  [
    1616112000000,
    349.7212687602144
  ],
  [
    1616198400000,
    324.1130069227448
  ],
  [
    1616284800000,
    188.11408281713727
  ],
  [
    1616371200000,
    31.461719229826294
  ],
  [
    1616457600000,
    33.62028229349153
  ],
  [
    1616544000000,
    212.5186271997203
  ],
  [
    1616630400000,
    220.69913754759108
  ],
  [
    1616716800000,
    304.2239831034428
  ],
  [
    1616803200000,
    91.84661963390248
  ],
  [
    1616889600000,
    770.376985860931
  ],
  [
    1616976000000,
    232.99228936475936
  ],
  [
    1617062400000,
    1001.5041636731772
  ],
  [
    1617148800000,
    509.1011002500053
  ],
  [
    1617235200000,
    330.76947931854573
  ],
  [
    1617321600000,
    143.2126230061403
  ],
  [
    1617408000000,
    272.21847545360856
  ],
  [
    1617494400000,
    4.168723848130958
  ],
  [
    1617580800000,
    285.98321743399157
  ],
  [
    1617667200000,
    1101.7876032669753
  ],
  [
    1617753600000,
    1196.8828883064793
  ],
  [
    1617840000000,
    424.25362859875173
  ],
  [
    1617926400000,
    197.28870053207612
  ],
  [
    1618012800000,
    3606.2508561181808
  ],
  [
    1618099200000,
    882.3304736570445
  ],
  [
    1618185600000,
    265.9639421146446
  ],
  [
    1618272000000,
    2766.798570793086
  ],
  [
    1618358400000,
    1566.938630391829
  ],
  [
    1618444800000,
    1353.6451868680017
  ],
  [
    1618531200000,
    1506.7680270453848
  ],
  [
    1618617600000,
    1978.0435672539973
  ],
  [
    1618704000000,
    3419.1578674992816
  ],
  [
    1618790400000,
    1172.6658313444686
  ],
  [
    1618876800000,
    257.116694622113
  ],
  [
    1618963200000,
    43.985589305987844
  ],
  [
    1619049600000,
    382.36804172097106
  ],
  [
    1619136000000,
    318.4936104446893
  ],
  [
    1619222400000,
    1273.2346641028862
  ],
  [
    1619308800000,
    596.1574194455172
  ],
  [
    1619395200000,
    1003.1255707988638
  ],
  [
    1619481600000,
    542.875205923564
  ],
  [
    1619568000000,
    3734.2301414679428
  ],
  [
    1619654400000,
    1446.1744948620178
  ],
  [
    1619740800000,
    2283.292586677329
  ],
  [
    1619827200000,
    3590.8798192072177
  ],
  [
    1619913600000,
    1065.0708679298446
  ],
  [
    1620000000000,
    671.0963546986283
  ],
  [
    1620086400000,
    1004.6728107524399
  ],
  [
    1620172800000,
    548.0317376803375
  ],
  [
    1620259200000,
    1444.609299579449
  ],
  [
    1620345600000,
    1186.5267679098738
  ],
  [
    1620432000000,
    1115.9347805857212
  ],
  [
    1620518400000,
    926.6253101313172
  ],
  [
    1620604800000,
    4.523961191026682
  ],
  [
    1620691200000,
    364.4499547631116
  ],
  [
    1620777600000,
    200.87083096443774
  ],
  [
    1620864000000,
    212.77395419119517
  ],
  [
    1620950400000,
    1038.940324711055
  ],
  [
    1621036800000,
    299.26284567162463
  ],
  [
    1621123200000,
    229.2001418901328
  ],
  [
    1621209600000,
    592.954432060854
  ],
  [
    1621296000000,
    13.335809199443405
  ],
  [
    1621382400000,
    113.55798380229457
  ],
  [
    1621468800000,
    336.4892067424663
  ],
  [
    1621555200000,
    131.11079305046474
  ],
  [
    1621641600000,
    43.627459105610306
  ],
  [
    1621728000000,
    126.94506613753185
  ],
  [
    1621814400000,
    19.779990270897652
  ],
  [
    1621900800000,
    255.21647072375146
  ],
  [
    1621987200000,
    27.85870414806031
  ],
  [
    1622073600000,
    122.23060960229216
  ],
  [
    1622160000000,
    289.65767384485827
  ],
  [
    1622246400000,
    729.1718788594471
  ],
  [
    1622332800000,
    19.028831871062494
  ],
  [
    1622419200000,
    88.95222682635871
  ],
  [
    1622505600000,
    22.91943433231449
  ],
  [
    1622592000000,
    14.429307239684974
  ],
  [
    1622678400000,
    87.57520996752444
  ],
  [
    1622764800000,
    1193.4507947293573
  ],
  [
    1622851200000,
    805.4584514754947
  ],
  [
    1622937600000,
    1816.2856801736873
  ],
  [
    1623024000000,
    183.61254470194214
  ],
  [
    1623110400000,
    263.9609471578021
  ],
  [
    1623196800000,
    561.3254290272484
  ],
  [
    1623283200000,
    30.214051198212964
  ],
  [
    1623369600000,
    134.30571681142376
  ],
  [
    1623456000000,
    19.634957240648557
  ],
  [
    1623542400000,
    394.45397928118865
  ],
  [
    1623628800000,
    93.44232249210752
  ],
  [
    1623715200000,
    115.73188359144201
  ],
  [
    1623801600000,
    69.48330108454772
  ],
  [
    1623888000000,
    24.991535573164743
  ],
  [
    1623974400000,
    176.56795777565623
  ],
  [
    1624060800000,
    22.299783338405966
  ],
  [
    1624147200000,
    3.291280632384434
  ],
  [
    1624233600000,
    1.000461376624193
  ],
  [
    1624320000000,
    5.321835081574177
  ],
  [
    1624406400000,
    83.9560906179552
  ],
  [
    1624492800000,
    32.92107961122655
  ],
  [
    1624579200000,
    3.1316852565903597
  ],
  [
    1624665600000,
    359.71112198096733
  ],
  [
    1624752000000,
    960.0559477776195
  ],
  [
    1624838400000,
    28.00139920317186
  ],
  [
    1624924800000,
    5.496035658301783
  ],
  [
    1625011200000,
    42.08218211613977
  ],
  [
    1625097600000,
    109.88682239515296
  ],
  [
    1625184000000,
    42.840241876983946
  ],
  [
    1625270400000,
    316.6515745530911
  ],
  [
    1625356800000,
    0.17496365704889746
  ],
  [
    1625443200000,
    1.7795173388615033
  ],
  [
    1625529600000,
    6.619538692058801
  ],
  [
    1625616000000,
    213.09867968023661
  ],
  [
    1625702400000,
    18.01194560031041
  ],
  [
    1625788800000,
    204.31010938538574
  ],
  [
    1625875200000,
    34.93468138025916
  ],
  [
    1625961600000,
    31.80985359409079
  ],
  [
    1626048000000,
    8.854808268561797
  ],
  [
    1626134400000,
    110.25842912985578
  ],
  [
    1626220800000,
    185.95567251056244
  ],
  [
    1626307200000,
    3.608903352431315
  ],
  [
    1626393600000,
    25.01279319235148
  ],
  [
    1626480000000,
    1.6747479986103657
  ],
  [
    1626566400000,
    24.809262630676926
  ],
  [
    1626652800000,
    0.06008072973797729
  ],
  [
    1626739200000,
    213.01691568229887
  ],
  [
    1626825600000,
    0.06572660377648243
  ],
  [
    1626912000000,
    0.01462741136448657
  ],
  [
    1626998400000,
    0.021494955798460426
  ],
  [
    1627084800000,
    17.946072332164228
  ],
  [
    1627171200000,
    24.12592117111805
  ],
  [
    1627257600000,
    0.04173526828414044
  ],
  [
    1627344000000,
    17.551524356721604
  ],
  [
    1627430400000,
    77.99621212673149
  ],
  [
    1627516800000,
    100.16966364750594
  ],
  [
    1627603200000,
    29.171404613134772
  ],
  [
    1627689600000,
    5.151325239245852
  ],
  [
    1627776000000,
    453.0636376560172
  ],
  [
    1627862400000,
    61.12474856037445
  ],
  [
    1627948800000,
    148.75722538483015
  ],
  [
    1628035200000,
    12.565040773004087
  ],
  [
    1628121600000,
    10.95043391809604
  ],
  [
    1628208000000,
    15.829172663991569
  ],
  [
    1628294400000,
    176.7672851199825
  ],
  [
    1628380800000,
    73.38325545044202
  ],
  [
    1628467200000,
    266.7318483310611
  ],
  [
    1628553600000,
    75.4096889318026
  ],
  [
    1628640000000,
    79.69413281963305
  ],
  [
    1628726400000,
    253.0377408121062
  ],
  [
    1628812800000,
    122.35930445900838
  ],
  [
    1628899200000,
    94.00069435158878
  ],
  [
    1628985600000,
    462.215765246506
  ],
  [
    1629072000000,
    280.5119386193782
  ],
  [
    1629158400000,
    132.9521196302194
  ],
  [
    1629244800000,
    35.76641990899028
  ],
  [
    1629331200000,
    31.195979170650062
  ],
  [
    1629417600000,
    8.729284470151395
  ],
  [
    1629504000000,
    49.23642637099423
  ],
  [
    1629590400000,
    383.52908831524877
  ],
  [
    1629676800000,
    98.73774986037013
  ],
  [
    1629763200000,
    1271.4768266943622
  ],
  [
    1629849600000,
    27.96183309834835
  ],
  [
    1629936000000,
    3.499156429876181
  ],
  [
    1630022400000,
    5.159771199090874
  ],
  [
    1630108800000,
    15.200090872835025
  ],
  [
    1630195200000,
    111.81788492425801
  ],
  [
    1630281600000,
    122.87941426118428
  ],
  [
    1630368000000,
    15.940749331331201
  ],
  [
    1630454400000,
    174.50063699555312
  ],
  [
    1630540800000,
    242.4458378035356
  ],
  [
    1630627200000,
    63.17022485623697
  ]
]