[
  [
    1621987200000,
    0.0003035058086968406
  ],
  [
    1622073600000,
    0.0003035058086968406
  ],
  [
    1622160000000,
    0.00021800745432791705
  ],
  [
    1622246400000,
    0.0001149566877698107
  ],
  [
    1622332800000,
    0.00011154407300296564
  ],
  [
    1622419200000,
    0.00011048765389648283
  ],
  [
    1622505600000,
    0.00011230390949091811
  ],
  [
    1622592000000,
    0.0001075321835740294
  ],
  [
    1622678400000,
    0.00011734300464710512
  ],
  [
    1622764800000,
    0.0001174272477961379
  ],
  [
    1622851200000,
    0.00011160221205289759
  ],
  [
    1622937600000,
    0.00010477343737061823
  ],
  [
    1623024000000,
    0.00010044441768400186
  ],
  [
    1623110400000,
    0.00008641897658370348
  ],
  [
    1623196800000,
    0.00008428278625701962
  ],
  [
    1623283200000,
    0.00008612151157234556
  ],
  [
    1623369600000,
    0.00007988851386769121
  ],
  [
    1623456000000,
    0.00007123867032348381
  ],
  [
    1623542400000,
    0.00007281733082915956
  ],
  [
    1623628800000,
    0.0000726696832539199
  ],
  [
    1623715200000,
    0.00007356520560423191
  ],
  [
    1623801600000,
    0.00007007438071150524
  ],
  [
    1623888000000,
    0.00006688491979906293
  ],
  [
    1623974400000,
    0.00006420277053229211
  ],
  [
    1624060800000,
    0.0000597845547563727
  ],
  [
    1624147200000,
    0.00005910087714370669
  ],
  [
    1624233600000,
    0.00006298513162129811
  ],
  [
    1624320000000,
    0.00005346614807633536
  ],
  [
    1624406400000,
    0.00006397224949996252
  ],
  [
    1624492800000,
    0.00006397224949996252
  ],
  [
    1624579200000,
    0.00006557289031280788
  ],
  [
    1624665600000,
    0.00005892779594977608
  ],
  [
    1624752000000,
    0.00005704635291035626
  ],
  [
    1624838400000,
    0.00006254932108989645
  ],
  [
    1624924800000,
    0.00006743591164094651
  ],
  [
    1625011200000,
    0.00006842281245505269
  ],
  [
    1625097600000,
    0.00007661403617756409
  ],
  [
    1625184000000,
    0.00006869933589002378
  ],
  [
    1625270400000,
    0.00006814188918692289
  ],
  [
    1625356800000,
    0.00005195497080010433
  ],
  [
    1625443200000,
    0.00005296883615929915
  ],
  [
    1625529600000,
    0.00005074400289158801
  ],
  [
    1625616000000,
    0.0000522388992630764
  ],
  [
    1625702400000,
    0.00005299658952784716
  ],
  [
    1625788800000,
    0.00004841450740702509
  ],
  [
    1625961600000,
    0.00004843390925162861
  ],
  [
    1626048000000,
    0.00004843390925162861
  ],
  [
    1626134400000,
    0.000047677245309529855
  ],
  [
    1626220800000,
    0.000045422784016701766
  ],
  [
    1626307200000,
    0.000045422784016701766
  ],
  [
    1626393600000,
    0.000044594561564348096
  ],
  [
    1626480000000,
    0.000044594561564348096
  ],
  [
    1626566400000,
    0.00004103756423011249
  ],
  [
    1626652800000,
    0.000039700616430546645
  ],
  [
    1626739200000,
    0.000039700616430546645
  ],
  [
    1626825600000,
    0.00003854267474531044
  ],
  [
    1626912000000,
    0.000039890507326169314
  ],
  [
    1626998400000,
    0.000039890507326169314
  ],
  [
    1627084800000,
    0.000040132174314812945
  ],
  [
    1627689600000,
    0.000049014128304184296
  ],
  [
    1627776000000,
    0.000049014128304184296
  ],
  [
    1628294400000,
    0.000060548785202251015
  ],
  [
    1628380800000,
    0.000060548785202251015
  ],
  [
    1628553600000,
    0.00006206104875946989
  ],
  [
    1628640000000,
    0.00006206104875946989
  ],
  [
    1629590400000,
    0.00006209930443633582
  ],
  [
    1629676800000,
    0.00006209930443633582
  ],
  [
    1630540800000,
    0.00006209930443633582
  ],
  [
    1630627200000,
    0.00006209930443633582
  ]
]