[
  [
    1620000000000,
    1224725.1990410732
  ],
  [
    1620086400000,
    1224725.1990410732
  ],
  [
    1620172800000,
    1363721.3647586189
  ],
  [
    1620259200000,
    1478923.718593055
  ],
  [
    1620345600000,
    1116863.222420804
  ],
  [
    1620432000000,
    1280285.1807763248
  ],
  [
    1620518400000,
    1188770.2903283888
  ],
  [
    1620604800000,
    1542680.4846000406
  ],
  [
    1620691200000,
    1731136.8438968123
  ],
  [
    1620777600000,
    1681244.0537022941
  ],
  [
    1620864000000,
    1746426.0926868306
  ],
  [
    1620950400000,
    2141460.398267491
  ],
  [
    1621036800000,
    2937975.826344633
  ],
  [
    1621123200000,
    2948025.3064362835
  ],
  [
    1621209600000,
    2596351.5712530147
  ],
  [
    1621296000000,
    2568066.4250333034
  ],
  [
    1621382400000,
    2664918.154148202
  ],
  [
    1621468800000,
    2281425.76394059
  ],
  [
    1621555200000,
    2058860.220398445
  ],
  [
    1621641600000,
    1929902.0504590268
  ],
  [
    1621728000000,
    1772623.5528898628
  ],
  [
    1621814400000,
    983296.4975149811
  ],
  [
    1621900800000,
    939106.7954181997
  ],
  [
    1621987200000,
    644225.8632255947
  ],
  [
    1622073600000,
    968756.0644915708
  ],
  [
    1622160000000,
    695932.3806828496
  ],
  [
    1622246400000,
    3787990.5076896786
  ],
  [
    1622332800000,
    4094691.848770778
  ],
  [
    1622419200000,
    3474824.7000431116
  ],
  [
    1622505600000,
    3310259.2047774
  ],
  [
    1622592000000,
    2431046.9074275456
  ],
  [
    1622678400000,
    3656276.185271829
  ],
  [
    1622764800000,
    2399706.1628666874
  ],
  [
    1622851200000,
    2137446.634760744
  ],
  [
    1622937600000,
    2093712.2880499223
  ],
  [
    1623024000000,
    2232279.4803314838
  ],
  [
    1623110400000,
    2133425.792344421
  ],
  [
    1623196800000,
    2222840.880674236
  ],
  [
    1623283200000,
    2243621.0223438805
  ],
  [
    1623369600000,
    2222481.1200419897
  ],
  [
    1623456000000,
    2054636.8227435835
  ],
  [
    1623542400000,
    2368997.5513921236
  ],
  [
    1623628800000,
    2353603.701916688
  ],
  [
    1623715200000,
    2271500.9457936557
  ],
  [
    1623801600000,
    1732229.7062053732
  ],
  [
    1623888000000,
    1339917.698332564
  ],
  [
    1623974400000,
    880034.1876365985
  ],
  [
    1624060800000,
    803819.9310155468
  ],
  [
    1624147200000,
    756003.8920018892
  ],
  [
    1624233600000,
    1164736.9732971403
  ],
  [
    1624320000000,
    1204374.2686997654
  ],
  [
    1624406400000,
    570709.388327028
  ],
  [
    1624492800000,
    717815.1640042395
  ],
  [
    1624579200000,
    815643.3154971444
  ],
  [
    1624665600000,
    543210.6309761036
  ],
  [
    1624752000000,
    462005.18083858397
  ],
  [
    1624838400000,
    649071.7289543676
  ],
  [
    1624924800000,
    709467.7639921678
  ],
  [
    1625011200000,
    828137.7456760114
  ],
  [
    1625097600000,
    1018455.6325763685
  ],
  [
    1625184000000,
    774553.3178789094
  ],
  [
    1625270400000,
    763278.1410644597
  ],
  [
    1625356800000,
    734524.4588619868
  ],
  [
    1625443200000,
    788802.0635696602
  ],
  [
    1625529600000,
    865263.7290515077
  ],
  [
    1625616000000,
    911689.4580921358
  ],
  [
    1625702400000,
    858590.3394775267
  ],
  [
    1625788800000,
    1579608.39566204
  ],
  [
    1625875200000,
    1191072.3409178036
  ],
  [
    1625961600000,
    1093948.766010444
  ],
  [
    1626048000000,
    896934.2772174098
  ],
  [
    1626134400000,
    1022197.1526281274
  ],
  [
    1626220800000,
    1148529.8724491275
  ],
  [
    1626307200000,
    704752.5793388468
  ],
  [
    1626393600000,
    671299.8487938574
  ],
  [
    1626480000000,
    686498.7550436665
  ],
  [
    1626566400000,
    596975.4422949285
  ],
  [
    1626652800000,
    614354.7790042603
  ],
  [
    1626739200000,
    1001723.2157837782
  ],
  [
    1626825600000,
    832132.6475926752
  ],
  [
    1626912000000,
    653004.4256233701
  ],
  [
    1626998400000,
    863555.0448113141
  ],
  [
    1627084800000,
    1016371.1861923727
  ],
  [
    1627171200000,
    1051894.9088100677
  ],
  [
    1627257600000,
    757626.465514665
  ],
  [
    1627344000000,
    416311.888511615
  ],
  [
    1627430400000,
    599337.086584491
  ],
  [
    1627516800000,
    592132.07691308
  ],
  [
    1627603200000,
    1562921.183632759
  ],
  [
    1627689600000,
    1637434.957425036
  ],
  [
    1627776000000,
    2454890.4587337007
  ],
  [
    1627862400000,
    1853753.410120281
  ],
  [
    1627948800000,
    1808097.7131709985
  ],
  [
    1628035200000,
    1343067.9461236387
  ],
  [
    1628121600000,
    1445707.642509432
  ],
  [
    1628208000000,
    1850015.6475562097
  ],
  [
    1628294400000,
    4498822.486031953
  ],
  [
    1628380800000,
    3225605.269812593
  ],
  [
    1628467200000,
    5506461.502875905
  ],
  [
    1628553600000,
    5518553.063246694
  ],
  [
    1628640000000,
    11831166.647571815
  ],
  [
    1628726400000,
    4468058.394736407
  ],
  [
    1628812800000,
    2179803.175614583
  ],
  [
    1628899200000,
    2282539.714706396
  ],
  [
    1628985600000,
    2449797.6202989914
  ],
  [
    1629072000000,
    3381994.3052183073
  ],
  [
    1629158400000,
    2049913.1504984947
  ],
  [
    1629244800000,
    2324837.918601769
  ],
  [
    1629331200000,
    2699494.3210609956
  ],
  [
    1629417600000,
    334212.889679186
  ],
  [
    1629504000000,
    1531603.1889088782
  ],
  [
    1629590400000,
    1787460.7858476685
  ],
  [
    1629676800000,
    1376781.9757496095
  ],
  [
    1629763200000,
    2240595.8852814185
  ],
  [
    1629849600000,
    2953036.726239091
  ],
  [
    1629936000000,
    2047467.3396052965
  ],
  [
    1630022400000,
    1817024.1875168884
  ],
  [
    1630108800000,
    3198741.849620489
  ],
  [
    1630195200000,
    1539154.8214612924
  ],
  [
    1630281600000,
    2047162.5954933527
  ],
  [
    1630368000000,
    1729990.7109632203
  ],
  [
    1630454400000,
    1635635.8970144847
  ],
  [
    1630540800000,
    2101791.565087616
  ],
  [
    1630627200000,
    2270121.185114332
  ]
]