[
  [
    1581033600000,
    2248.968504085443
  ],
  [
    1581120000000,
    232.67188724056535
  ],
  [
    1581206400000,
    119.33
  ],
  [
    1581292800000,
    1769.5345335387885
  ],
  [
    1581379200000,
    401.4075269820037
  ],
  [
    1581465600000,
    387.986313
  ],
  [
    1581552000000,
    452.83555320948744
  ],
  [
    1581638400000,
    32.52611443029836
  ],
  [
    1581811200000,
    52.84
  ],
  [
    1581897600000,
    1029.2123348841678
  ],
  [
    1581984000000,
    729.144344365416
  ],
  [
    1582070400000,
    56.01692892083053
  ],
  [
    1582156800000,
    55.73617573608381
  ],
  [
    1582329600000,
    3051.592581548698
  ],
  [
    1582416000000,
    288.2334582933612
  ],
  [
    1582502400000,
    1006.7071835296387
  ],
  [
    1582588800000,
    6516.28127572154
  ],
  [
    1582675200000,
    126.69
  ],
  [
    1582761600000,
    859.6366142131227
  ],
  [
    1582848000000,
    941.176873684634
  ],
  [
    1582934400000,
    13.3058016771389
  ],
  [
    1583020800000,
    31.728979338137705
  ],
  [
    1583107200000,
    2.086906334829937
  ],
  [
    1583193600000,
    219.286977175625
  ],
  [
    1583280000000,
    651.9648145050184
  ],
  [
    1583366400000,
    4066.8214974620573
  ],
  [
    1583452800000,
    354.383617391455
  ],
  [
    1583539200000,
    233.1948150603552
  ],
  [
    1583625600000,
    37.2129818233348
  ],
  [
    1583712000000,
    374.77124155679326
  ],
  [
    1583798400000,
    19.312543593161678
  ],
  [
    1583884800000,
    19.239808284934348
  ],
  [
    1584057600000,
    1003.6385867314625
  ],
  [
    1584144000000,
    5046.865312193843
  ],
  [
    1584230400000,
    1029.0888846038688
  ],
  [
    1584316800000,
    89.42906817868837
  ],
  [
    1584403200000,
    627.4339012164048
  ],
  [
    1584489600000,
    1742.5900223058286
  ],
  [
    1584576000000,
    3124.457615830718
  ],
  [
    1584662400000,
    25.505770203669837
  ],
  [
    1584748800000,
    11.807791020079048
  ],
  [
    1585008000000,
    219.711807699436
  ],
  [
    1585094400000,
    45.42525
  ],
  [
    1585180800000,
    45.09613468401347
  ],
  [
    1585440000000,
    129.51240284721277
  ],
  [
    1585526400000,
    128.43381444550644
  ],
  [
    1585612800000,
    99.90974145331246
  ],
  [
    1585699200000,
    183.12352331569943
  ],
  [
    1585785600000,
    38.17694057731995
  ],
  [
    1585872000000,
    916.5975
  ],
  [
    1585958400000,
    9.39261943980349
  ],
  [
    1586044800000,
    575.1999242762895
  ],
  [
    1586131200000,
    50.80058620592122
  ],
  [
    1586217600000,
    41.05440476832465
  ],
  [
    1586304000000,
    491.4750876334149
  ],
  [
    1586390400000,
    708.23025
  ],
  [
    1586476800000,
    704.519195018817
  ],
  [
    1586563200000,
    1291.2127646890046
  ],
  [
    1586649600000,
    1084.5651011622472
  ],
  [
    1586736000000,
    393.83545702969514
  ],
  [
    1586822400000,
    160.61293299328145
  ],
  [
    1586908800000,
    158.65532752383413
  ],
  [
    1586995200000,
    1.8364952677619228
  ],
  [
    1587081600000,
    208.2475595461838
  ],
  [
    1587168000000,
    207.33079586871776
  ],
  [
    1587254400000,
    93.0850707687675
  ],
  [
    1587340800000,
    89.63507927995337
  ],
  [
    1587600000000,
    109.57
  ],
  [
    1587686400000,
    1107.7364843502403
  ],
  [
    1587772800000,
    1119.107069760118
  ],
  [
    1587859200000,
    5.831
  ],
  [
    1587945600000,
    83.61232812711373
  ],
  [
    1588032000000,
    8.76655789908283
  ],
  [
    1588204800000,
    252.03845702995412
  ],
  [
    1588291200000,
    262.22593652454475
  ],
  [
    1588377600000,
    18.75959139775638
  ],
  [
    1588464000000,
    18.84983862007314
  ],
  [
    1589673600000,
    229.8465
  ],
  [
    1589760000000,
    232.7325
  ],
  [
    1589932800000,
    239.4139303142328
  ],
  [
    1590019200000,
    239.7
  ],
  [
    1590105600000,
    227.98
  ],
  [
    1590192000000,
    344.6236171613604
  ],
  [
    1590278400000,
    344.7848312880988
  ],
  [
    1590364800000,
    38.37192775996021
  ],
  [
    1590537600000,
    45.14870554301068
  ],
  [
    1590624000000,
    45.621673801991086
  ],
  [
    1590710400000,
    41.21025471605455
  ],
  [
    1590796800000,
    1389.0265999140759
  ],
  [
    1590883200000,
    1427.2234561868313
  ],
  [
    1590969600000,
    56.48998570318481
  ],
  [
    1591228800000,
    3002.281037007653
  ],
  [
    1591315200000,
    6003.119024471561
  ],
  [
    1591401600000,
    2926.983112898427
  ],
  [
    1592697600000,
    254.80635158761356
  ],
  [
    1592784000000,
    254.80635158761356
  ],
  [
    1592870400000,
    262.18541697367505
  ],
  [
    1592956800000,
    644.6317702850455
  ],
  [
    1593043200000,
    644.6317702850455
  ],
  [
    1593129600000,
    631.9065
  ],
  [
    1593216000000,
    1283.4044256119125
  ],
  [
    1593302400000,
    198.31745978984029
  ],
  [
    1593388800000,
    197.463678018667
  ],
  [
    1593907200000,
    49.57345979950482
  ],
  [
    1593993600000,
    49.57345979950482
  ],
  [
    1594080000000,
    49.60327225136416
  ],
  [
    1594166400000,
    137.7401883982102
  ],
  [
    1594252800000,
    137.7401883982102
  ],
  [
    1594339200000,
    133.8471587438525
  ],
  [
    1594857600000,
    206.70085364151714
  ],
  [
    1594944000000,
    206.70085364151714
  ],
  [
    1595030400000,
    25.340700262359924
  ],
  [
    1595116800000,
    107.12906369038507
  ],
  [
    1595203200000,
    106.3714630086248
  ],
  [
    1595462400000,
    6149.490455947923
  ],
  [
    1595548800000,
    6149.490455947923
  ],
  [
    1595635200000,
    6098.581887788464
  ],
  [
    1595721600000,
    173.3729141067396
  ],
  [
    1595808000000,
    173.3729141067396
  ],
  [
    1595894400000,
    3590.2
  ],
  [
    1595980800000,
    253.71018611407837
  ],
  [
    1596067200000,
    258.65904434490733
  ],
  [
    1596240000000,
    1271.6971917073074
  ],
  [
    1596326400000,
    1271.6971917073074
  ],
  [
    1596412800000,
    108.05641250807878
  ],
  [
    1596585600000,
    120.06468597591433
  ],
  [
    1596672000000,
    120.06468597591433
  ],
  [
    1596758400000,
    28.56738065035582
  ],
  [
    1596844800000,
    4297.133295156123
  ],
  [
    1596931200000,
    4297.133295156123
  ],
  [
    1597017600000,
    212.09545492086232
  ],
  [
    1597104000000,
    215.22697118664823
  ],
  [
    1597190400000,
    295.4269417273171
  ],
  [
    1597276800000,
    297.6749129367424
  ],
  [
    1597622400000,
    78.82308538461957
  ],
  [
    1597708800000,
    78.82308538461957
  ],
  [
    1597795200000,
    78.51455207981851
  ],
  [
    1600646400000,
    3267.687469011169
  ],
  [
    1600732800000,
    3267.687469011169
  ],
  [
    1600819200000,
    3252.8722893572335
  ],
  [
    1601596800000,
    35.82658086251202
  ],
  [
    1601683200000,
    35.82658086251202
  ],
  [
    1601769600000,
    35.9980123204463
  ],
  [
    1601856000000,
    35.90646695417132
  ],
  [
    1602979200000,
    57.66814976836411
  ],
  [
    1603065600000,
    57.66814976836411
  ],
  [
    1603152000000,
    57.139345482425135
  ],
  [
    1603411200000,
    21.49025351967593
  ],
  [
    1603497600000,
    21.49025351967593
  ],
  [
    1603584000000,
    214.61033481317585
  ],
  [
    1603670400000,
    212.58571876209618
  ],
  [
    1604880000000,
    98.92499587590792
  ],
  [
    1604966400000,
    98.92499587590792
  ],
  [
    1605052800000,
    234.43759097413184
  ],
  [
    1605139200000,
    239.97018190808592
  ],
  [
    1605657600000,
    144.615498397675
  ],
  [
    1605744000000,
    144.615498397675
  ],
  [
    1605830400000,
    142.93375939034206
  ],
  [
    1606003200000,
    444.58483223692235
  ],
  [
    1606089600000,
    444.58483223692235
  ],
  [
    1606176000000,
    472.3093142891154
  ],
  [
    1606694400000,
    1226.8591396431905
  ],
  [
    1606780800000,
    1226.8591396431905
  ],
  [
    1606867200000,
    1188.4308162079935
  ],
  [
    1606953600000,
    298.8319603587508
  ],
  [
    1607040000000,
    21.275014985062096
  ],
  [
    1607126400000,
    20.381422906934617
  ],
  [
    1608336000000,
    139.76512799163805
  ],
  [
    1608422400000,
    139.76512799163805
  ],
  [
    1608508800000,
    134.35187955611661
  ],
  [
    1608595200000,
    134.68705824137166
  ],
  [
    1609027200000,
    1086.6637390399312
  ],
  [
    1609113600000,
    1086.6637390399312
  ],
  [
    1609200000000,
    1111.2476084832215
  ],
  [
    1609286400000,
    37.54965934137549
  ],
  [
    1609372800000,
    38.02342876851658
  ],
  [
    1609804800000,
    544.2595533708297
  ],
  [
    1609891200000,
    544.2595533708297
  ],
  [
    1609977600000,
    1903.19932
  ],
  [
    1610064000000,
    1961.420271731511
  ],
  [
    1610150400000,
    8123.487888792486
  ],
  [
    1610236800000,
    8123.487888792486
  ],
  [
    1610323200000,
    6065.20058115737
  ],
  [
    1610582400000,
    12520.095448835644
  ],
  [
    1610668800000,
    12520.095448835644
  ],
  [
    1610755200000,
    308.8181330966513
  ],
  [
    1610928000000,
    12286.301511117392
  ],
  [
    1611014400000,
    12286.301511117392
  ],
  [
    1611100800000,
    1917.7900903180857
  ],
  [
    1611187200000,
    501.65176180938016
  ],
  [
    1611273600000,
    10140.65325
  ],
  [
    1611360000000,
    10140.65325
  ],
  [
    1611446400000,
    10038.090524832358
  ],
  [
    1611705600000,
    105.40974598139155
  ],
  [
    1611792000000,
    105.40974598139155
  ],
  [
    1611878400000,
    107.6735944146552
  ],
  [
    1611964800000,
    6470.371921890594
  ],
  [
    1612051200000,
    6245.843330942004
  ],
  [
    1612483200000,
    1682.5702938677878
  ],
  [
    1612569600000,
    1682.5702938677878
  ],
  [
    1612656000000,
    1634.2202657262326
  ],
  [
    1613088000000,
    894.4181870734649
  ],
  [
    1613174400000,
    894.4181870734649
  ],
  [
    1613260800000,
    885.5095630894534
  ],
  [
    1615161600000,
    411.3599424264393
  ],
  [
    1615248000000,
    411.3599424264393
  ],
  [
    1615334400000,
    410.8889140773053
  ],
  [
    1616457600000,
    4689.581252803149
  ],
  [
    1616544000000,
    4689.581252803149
  ],
  [
    1616630400000,
    4648.434934147357
  ],
  [
    1616803200000,
    1472.4021272226203
  ],
  [
    1616889600000,
    1472.4021272226203
  ],
  [
    1616976000000,
    1470.7106563496534
  ],
  [
    1617321600000,
    4164.193782438628
  ],
  [
    1617408000000,
    4164.193782438628
  ],
  [
    1617494400000,
    4091.9432200083374
  ],
  [
    1618099200000,
    5564.028469447213
  ],
  [
    1618185600000,
    5564.028469447213
  ],
  [
    1618272000000,
    5676.2507039506445
  ],
  [
    1619049600000,
    1941.0419498987126
  ],
  [
    1619136000000,
    1941.0419498987126
  ],
  [
    1619222400000,
    1160.2476023319484
  ],
  [
    1619308800000,
    1109.4253683171812
  ],
  [
    1619395200000,
    5786.622342290891
  ],
  [
    1619481600000,
    40660.63861545765
  ],
  [
    1619568000000,
    8651.997184446429
  ],
  [
    1619654400000,
    8734.203046327864
  ],
  [
    1620172800000,
    2746.17834189617
  ],
  [
    1620259200000,
    2746.17834189617
  ],
  [
    1620345600000,
    2690.9135579758677
  ],
  [
    1621209600000,
    855.3954811540432
  ],
  [
    1621296000000,
    855.3954811540432
  ],
  [
    1621382400000,
    889.1057931011984
  ],
  [
    1622332800000,
    1243.671
  ],
  [
    1622419200000,
    1243.671
  ],
  [
    1622505600000,
    1296.049004674777
  ],
  [
    1622764800000,
    1159.4412504769227
  ],
  [
    1622851200000,
    1159.4412504769227
  ],
  [
    1622937600000,
    196.41917925354
  ],
  [
    1623024000000,
    201.1470969503685
  ],
  [
    1623110400000,
    206.97631361612915
  ],
  [
    1623456000000,
    4238.472231215756
  ],
  [
    1623542400000,
    4238.472231215756
  ],
  [
    1623628800000,
    4464.395701532965
  ],
  [
    1623715200000,
    4550.80993554674
  ],
  [
    1625184000000,
    1121.47425
  ],
  [
    1625270400000,
    1121.47425
  ],
  [
    1625356800000,
    1144.1345167877735
  ],
  [
    1627776000000,
    1328.64225
  ],
  [
    1627862400000,
    1328.64225
  ],
  [
    1627948800000,
    1360.9998985296263
  ],
  [
    1628035200000,
    1348.9070944219463
  ]
]