[
  [
    1622160000000,
    32772.979958333366
  ],
  [
    1622246400000,
    32772.979958333366
  ],
  [
    1622332800000,
    6753.664078388439
  ],
  [
    1622419200000,
    11571.983604206358
  ],
  [
    1622505600000,
    8161.177110946158
  ],
  [
    1622592000000,
    7269.901362632712
  ],
  [
    1622678400000,
    9036.598485835775
  ],
  [
    1622764800000,
    18531.656063279188
  ],
  [
    1622851200000,
    6330.453403473935
  ],
  [
    1622937600000,
    4505.223084633479
  ],
  [
    1623024000000,
    1693.9799099765023
  ],
  [
    1623110400000,
    962.5473098890668
  ],
  [
    1623196800000,
    960.5606081917144
  ],
  [
    1623283200000,
    1184.7674556642417
  ],
  [
    1623369600000,
    857.8207243317875
  ],
  [
    1623456000000,
    1165.1071354899336
  ],
  [
    1623542400000,
    3173.272066823525
  ],
  [
    1623628800000,
    725.7823464234134
  ],
  [
    1623715200000,
    1377.8297510826683
  ],
  [
    1623801600000,
    391.56398388275574
  ],
  [
    1623888000000,
    487.5867576857808
  ],
  [
    1623974400000,
    6372.5789131949805
  ],
  [
    1624060800000,
    637.4071078359696
  ],
  [
    1624147200000,
    6337.186751278561
  ],
  [
    1624233600000,
    81.81713130019868
  ],
  [
    1624320000000,
    209.9590228697276
  ],
  [
    1624406400000,
    245.35530397219932
  ],
  [
    1624492800000,
    152.45627001448523
  ],
  [
    1624579200000,
    68.1369439180687
  ],
  [
    1624665600000,
    50.29683324338362
  ],
  [
    1624752000000,
    11.096252526095562
  ],
  [
    1624838400000,
    26.859398816062416
  ],
  [
    1624924800000,
    74.04348523590406
  ],
  [
    1625011200000,
    87.97621481710122
  ],
  [
    1625097600000,
    370.2432535484254
  ],
  [
    1625184000000,
    311.5126354778957
  ],
  [
    1625270400000,
    56.87370626008728
  ],
  [
    1625356800000,
    7.475318340563746
  ],
  [
    1625443200000,
    18.28025295759257
  ],
  [
    1625529600000,
    120.88482193875271
  ],
  [
    1625616000000,
    29.131795127490744
  ],
  [
    1625702400000,
    242.41341922294666
  ],
  [
    1625788800000,
    9.850016521382589
  ],
  [
    1625875200000,
    418.28385829776767
  ],
  [
    1625961600000,
    105.2591282178221
  ],
  [
    1626048000000,
    52.451483072170504
  ],
  [
    1626134400000,
    238.00819673519857
  ],
  [
    1626220800000,
    290.8351705477016
  ],
  [
    1626307200000,
    44.15314173200651
  ],
  [
    1626393600000,
    115.23839357885156
  ],
  [
    1626480000000,
    4.1417869059690835
  ],
  [
    1626566400000,
    174.39120520344886
  ],
  [
    1626652800000,
    36.5629478361395
  ],
  [
    1626739200000,
    182.00535659162432
  ],
  [
    1626825600000,
    449.6184219464683
  ],
  [
    1626912000000,
    477.2765640396634
  ],
  [
    1626998400000,
    498.7847688417526
  ],
  [
    1627084800000,
    138.44008857811087
  ],
  [
    1627171200000,
    22.255547592234933
  ],
  [
    1627257600000,
    16.69139010749239
  ],
  [
    1627344000000,
    1.5088456161720951
  ],
  [
    1627430400000,
    22.636931349571373
  ],
  [
    1627516800000,
    313.71045103537324
  ],
  [
    1627603200000,
    187.90476751575727
  ],
  [
    1627689600000,
    144.21951418726934
  ],
  [
    1627776000000,
    107.21603203030223
  ],
  [
    1627862400000,
    157.1937769010983
  ],
  [
    1627948800000,
    662.7361093260581
  ],
  [
    1628035200000,
    2.484853374060517
  ],
  [
    1628121600000,
    7.213907509828393
  ],
  [
    1628208000000,
    2.007788196603753
  ],
  [
    1628294400000,
    5.678691433752494
  ],
  [
    1628380800000,
    652.5312089457454
  ],
  [
    1628467200000,
    657.4114088501493
  ],
  [
    1628553600000,
    390.2616674846325
  ],
  [
    1628640000000,
    390.2616674846325
  ],
  [
    1628726400000,
    51.29505559475353
  ],
  [
    1628812800000,
    48.00106656543556
  ],
  [
    1628899200000,
    344.5307510282136
  ],
  [
    1628985600000,
    92.07069976690575
  ],
  [
    1629072000000,
    92.23613247324855
  ],
  [
    1629158400000,
    58.15842689953607
  ],
  [
    1629244800000,
    25.00884951953462
  ],
  [
    1629331200000,
    25.335985077654136
  ],
  [
    1629417600000,
    916.8418382564863
  ],
  [
    1629504000000,
    916.8418382564863
  ],
  [
    1629590400000,
    71.54218896094991
  ],
  [
    1629676800000,
    1082.9674362732846
  ],
  [
    1629763200000,
    1002.703774238756
  ],
  [
    1629849600000,
    106.25632988330793
  ],
  [
    1629936000000,
    728.7945313771188
  ],
  [
    1630022400000,
    996.4519045404378
  ],
  [
    1630108800000,
    1535.858956585661
  ],
  [
    1630195200000,
    64.24224094462633
  ],
  [
    1630281600000,
    45.340794034487935
  ],
  [
    1630368000000,
    5.146557876089538
  ],
  [
    1630454400000,
    5.480018394065614
  ],
  [
    1630540800000,
    201.6364879006922
  ],
  [
    1630627200000,
    13.925216963801747
  ]
]