[
  [
    1533081600000,
    0.012045442847924633
  ],
  [
    1533168000000,
    0.011528804376180481
  ],
  [
    1533254400000,
    0.011215672852079656
  ],
  [
    1533340800000,
    0.014284771458751407
  ],
  [
    1533427200000,
    0.011105905944537201
  ],
  [
    1533513600000,
    0.01041577936950814
  ],
  [
    1533600000000,
    0.011386798678533164
  ],
  [
    1533686400000,
    0.010710689569696218
  ],
  [
    1533772800000,
    0.01002843980401858
  ],
  [
    1533859200000,
    0.010275597993424115
  ],
  [
    1533945600000,
    0.008442335516401596
  ],
  [
    1534032000000,
    0.007838814069674332
  ],
  [
    1534118400000,
    0.007778107098797188
  ],
  [
    1534204800000,
    0.006881336881870394
  ],
  [
    1534291200000,
    0.006828833313808193
  ],
  [
    1534377600000,
    0.006875571639748404
  ],
  [
    1534464000000,
    0.00605799130239429
  ],
  [
    1534550400000,
    0.0060928025095319215
  ],
  [
    1534636800000,
    0.0060928025095319215
  ],
  [
    1534723200000,
    0.007513808624812722
  ],
  [
    1534809600000,
    0.006877353748136279
  ],
  [
    1534896000000,
    0.006851247690224856
  ],
  [
    1534982400000,
    0.007314390918650282
  ],
  [
    1535068800000,
    0.007048264969016666
  ],
  [
    1535155200000,
    0.006938921713829741
  ],
  [
    1535241600000,
    0.007022655570748948
  ],
  [
    1535328000000,
    0.006838125041554537
  ],
  [
    1535414400000,
    0.007220812472131024
  ],
  [
    1535500800000,
    0.00749437877477961
  ],
  [
    1535587200000,
    0.008129694947221386
  ],
  [
    1535673600000,
    0.00997609354091997
  ],
  [
    1535760000000,
    0.007464885765103693
  ],
  [
    1535846400000,
    0.007018033686541022
  ],
  [
    1535932800000,
    0.0074933812066721025
  ],
  [
    1536019200000,
    0.0077953383909349
  ],
  [
    1536105600000,
    0.0077953383909349
  ],
  [
    1536192000000,
    0.0077953383909349
  ],
  [
    1536278400000,
    0.0077953383909349
  ],
  [
    1536364800000,
    0.0077953383909349
  ],
  [
    1536451200000,
    0.003933612285903904
  ],
  [
    1536537600000,
    0.004045348391939489
  ],
  [
    1536624000000,
    0.004045348391939489
  ],
  [
    1536710400000,
    0.004045348391939489
  ],
  [
    1536796800000,
    0.004045348391939489
  ],
  [
    1536883200000,
    0.004045348391939489
  ],
  [
    1536969600000,
    0.004045348391939489
  ],
  [
    1537056000000,
    0.004045348391939489
  ],
  [
    1537142400000,
    0.004045348391939489
  ],
  [
    1537228800000,
    0.004045348391939489
  ],
  [
    1537315200000,
    0.004045348391939489
  ],
  [
    1537401600000,
    0.004045348391939489
  ],
  [
    1537488000000,
    0.004045348391939489
  ],
  [
    1537574400000,
    0.004045348391939489
  ],
  [
    1537660800000,
    0.004045348391939489
  ],
  [
    1537747200000,
    0.004045348391939489
  ],
  [
    1537833600000,
    0.004045348391939489
  ],
  [
    1537920000000,
    0.004045348391939489
  ],
  [
    1538006400000,
    0.004045348391939489
  ],
  [
    1538092800000,
    0.004045348391939489
  ],
  [
    1538179200000,
    0.004045348391939489
  ],
  [
    1538265600000,
    0.005558824278779787
  ],
  [
    1538352000000,
    0.005623357515018211
  ],
  [
    1538438400000,
    0.005623357515018211
  ],
  [
    1538524800000,
    0.005623357515018211
  ],
  [
    1538611200000,
    0.012129997146787185
  ],
  [
    1538697600000,
    0.012149754931252183
  ],
  [
    1538784000000,
    0.012149754931252183
  ],
  [
    1538870400000,
    0.012149754931252183
  ],
  [
    1538956800000,
    0.012149754931252183
  ],
  [
    1539043200000,
    0.006883644695379368
  ],
  [
    1539129600000,
    0.006841861606315468
  ],
  [
    1539216000000,
    0.006841861606315468
  ],
  [
    1539302400000,
    0.006841861606315468
  ],
  [
    1539388800000,
    0.006841861606315468
  ],
  [
    1539475200000,
    0.006841861606315468
  ],
  [
    1539561600000,
    0.006841861606315468
  ],
  [
    1540512000000,
    0.006841861606315468
  ],
  [
    1540857600000,
    0.00237688820628521
  ],
  [
    1540944000000,
    0.0023840231565480175
  ],
  [
    1541030400000,
    0.0023840231565480175
  ],
  [
    1543363200000,
    0.0015892099086584912
  ],
  [
    1543449600000,
    0.0015892099086584912
  ],
  [
    1544400000000,
    0.0011527337012473928
  ],
  [
    1544486400000,
    0.00047809340146437907
  ],
  [
    1544572800000,
    0.00047809340146437907
  ],
  [
    1546300800000,
    0.004043207600461365
  ],
  [
    1546387200000,
    0.004023805375791533
  ],
  [
    1548633600000,
    0.0017220466540444632
  ],
  [
    1548720000000,
    0.0016350453604477239
  ],
  [
    1549065600000,
    0.0016221506382014914
  ],
  [
    1549152000000,
    0.0016201707635556575
  ],
  [
    1549238400000,
    0.0016201707635556575
  ],
  [
    1559001600000,
    0.0016201707635556575
  ],
  [
    1559088000000,
    0.0016201707635556575
  ],
  [
    1559174400000,
    0.0016201707635556575
  ],
  [
    1559260800000,
    0.0016201707635556575
  ],
  [
    1559347200000,
    0.0016201707635556575
  ],
  [
    1559433600000,
    0.0016201707635556575
  ],
  [
    1559520000000,
    0.0016201707635556575
  ],
  [
    1559606400000,
    0.0016201707635556575
  ],
  [
    1559692800000,
    0.0016201707635556575
  ],
  [
    1559779200000,
    0.0016201707635556575
  ],
  [
    1559865600000,
    0.0016201707635556575
  ],
  [
    1559952000000,
    0.0016201707635556575
  ],
  [
    1560038400000,
    0.0016201707635556575
  ],
  [
    1560124800000,
    0.0016201707635556575
  ],
  [
    1560211200000,
    0.0016201707635556575
  ],
  [
    1560297600000,
    0.0016201707635556575
  ],
  [
    1560384000000,
    0.0016201707635556575
  ],
  [
    1560470400000,
    0.0016201707635556575
  ],
  [
    1560556800000,
    0.0016201707635556575
  ],
  [
    1560643200000,
    0.0016201707635556575
  ],
  [
    1560729600000,
    0.0016201707635556575
  ],
  [
    1560816000000,
    0.0016201707635556575
  ],
  [
    1560902400000,
    0.0016201707635556575
  ],
  [
    1560988800000,
    0.0016201707635556575
  ],
  [
    1561075200000,
    0.0016201707635556575
  ],
  [
    1561161600000,
    0.0016201707635556575
  ],
  [
    1561248000000,
    0.0016201707635556575
  ],
  [
    1561334400000,
    0.0016201707635556575
  ],
  [
    1561420800000,
    0.0016201707635556575
  ],
  [
    1561507200000,
    0.0016201707635556575
  ],
  [
    1561593600000,
    0.0016201707635556575
  ],
  [
    1561680000000,
    0.0016201707635556575
  ],
  [
    1561766400000,
    0.0016201707635556575
  ],
  [
    1561852800000,
    0.0016201707635556575
  ],
  [
    1561939200000,
    0.0016201707635556575
  ],
  [
    1562025600000,
    0.0016201707635556575
  ],
  [
    1562112000000,
    0.0016201707635556575
  ],
  [
    1562198400000,
    0.0016201707635556575
  ],
  [
    1562284800000,
    0.0016201707635556575
  ],
  [
    1562371200000,
    0.0016201707635556575
  ],
  [
    1562457600000,
    0.0016201707635556575
  ],
  [
    1562544000000,
    0.0016201707635556575
  ],
  [
    1562630400000,
    0.0016201707635556575
  ],
  [
    1562716800000,
    0.0016201707635556575
  ],
  [
    1562803200000,
    0.0016201707635556575
  ],
  [
    1562889600000,
    0.0016201707635556575
  ],
  [
    1562976000000,
    0.0016201707635556575
  ],
  [
    1563062400000,
    0.0016201707635556575
  ],
  [
    1563148800000,
    0.0016201707635556575
  ],
  [
    1563235200000,
    0.0016201707635556575
  ],
  [
    1563321600000,
    0.0016201707635556575
  ],
  [
    1563408000000,
    0.0016201707635556575
  ],
  [
    1563494400000,
    0.0016201707635556575
  ],
  [
    1563580800000,
    0.0016201707635556575
  ],
  [
    1563667200000,
    0.0016201707635556575
  ],
  [
    1563753600000,
    0.0016201707635556575
  ],
  [
    1563840000000,
    0.0016201707635556575
  ],
  [
    1563926400000,
    0.0016201707635556575
  ],
  [
    1564012800000,
    0.0016201707635556575
  ],
  [
    1564099200000,
    0.0016201707635556575
  ],
  [
    1564790400000,
    0.0016201707635556575
  ],
  [
    1565049600000,
    0.0016201707635556575
  ],
  [
    1565568000000,
    0.0016201707635556575
  ],
  [
    1565740800000,
    0.0016201707635556575
  ],
  [
    1565827200000,
    0.0016201707635556575
  ],
  [
    1566259200000,
    0.0016201707635556575
  ],
  [
    1566518400000,
    0.003989549198812369
  ],
  [
    1566604800000,
    0.0042176519034315355
  ],
  [
    1566691200000,
    0.0038686718827702863
  ],
  [
    1566777600000,
    0.003750152758071948
  ],
  [
    1566864000000,
    0.003694110923489407
  ],
  [
    1566950400000,
    0.004085252926823623
  ],
  [
    1567036800000,
    0.0036182863611383424
  ],
  [
    1567123200000,
    0.0037720322043936026
  ],
  [
    1567209600000,
    0.003596867832879808
  ],
  [
    1567296000000,
    0.003644173150480835
  ],
  [
    1567382400000,
    0.003747617784401039
  ],
  [
    1567468800000,
    0.004817897623654285
  ],
  [
    1567555200000,
    0.00458890463588548
  ],
  [
    1567641600000,
    0.004325690129089207
  ],
  [
    1567728000000,
    0.004136553419489411
  ],
  [
    1567814400000,
    0.004193181778550725
  ],
  [
    1567900800000,
    0.00447153193630332
  ],
  [
    1567987200000,
    0.004449315578822092
  ],
  [
    1568073600000,
    0.004323458442199591
  ],
  [
    1568160000000,
    0.0042379261085034444
  ],
  [
    1568246400000,
    0.003824809640814159
  ],
  [
    1568332800000,
    0.004182852582967571
  ],
  [
    1568419200000,
    0.004182877756332681
  ],
  [
    1568505600000,
    0.004022694247860193
  ],
  [
    1568592000000,
    0.004359831072242468
  ],
  [
    1568678400000,
    0.003877725447057827
  ],
  [
    1568764800000,
    0.004126047696268239
  ],
  [
    1568851200000,
    0.0038096166224950143
  ],
  [
    1568937600000,
    0.004673534298106825
  ],
  [
    1569024000000,
    0.004599796912032141
  ],
  [
    1569110400000,
    0.004567616432119414
  ],
  [
    1569196800000,
    0.0044088022215332725
  ],
  [
    1569283200000,
    0.004052769956407079
  ],
  [
    1569369600000,
    0.003572334275982067
  ],
  [
    1569456000000,
    0.003371532000911007
  ],
  [
    1569542400000,
    0.0031499162819290465
  ],
  [
    1569628800000,
    0.00318546931019215
  ],
  [
    1569715200000,
    0.0031864015851273313
  ],
  [
    1569801600000,
    0.003214382927384231
  ],
  [
    1569888000000,
    0.003378080429119415
  ],
  [
    1569974400000,
    0.003212692536565106
  ],
  [
    1570060800000,
    0.003212692536565106
  ],
  [
    1570147200000,
    0.0027802497175658135
  ],
  [
    1570233600000,
    0.002788934970789554
  ],
  [
    1570320000000,
    0.002832916436606654
  ],
  [
    1570406400000,
    0.0025707892592216606
  ],
  [
    1570492800000,
    0.002716415274334606
  ],
  [
    1570579200000,
    0.0027944395853568647
  ],
  [
    1570665600000,
    0.0030576987927878126
  ],
  [
    1570752000000,
    0.0031571742582612826
  ],
  [
    1570838400000,
    0.0030758497406086346
  ],
  [
    1570924800000,
    0.002869537405964585
  ],
  [
    1571011200000,
    0.0030384088418555786
  ],
  [
    1571097600000,
    0.0029579603434290846
  ],
  [
    1571184000000,
    0.0029181054717208137
  ],
  [
    1571270400000,
    0.002734191337583542
  ],
  [
    1571356800000,
    0.0027682029235598067
  ],
  [
    1571443200000,
    0.002678954159784547
  ],
  [
    1571529600000,
    0.0027230014631809065
  ],
  [
    1571616000000,
    0.0026723779091865833
  ],
  [
    1571702400000,
    0.0026806660158779387
  ],
  [
    1571788800000,
    0.0026057061552050747
  ],
  [
    1571875200000,
    0.002131020650621814
  ],
  [
    1571961600000,
    0.002044430058146749
  ],
  [
    1572048000000,
    0.0021911769038302237
  ],
  [
    1572134400000,
    0.002200946966802354
  ],
  [
    1572220800000,
    0.001810681420083321
  ],
  [
    1572307200000,
    0.0014228339286814567
  ],
  [
    1572393600000,
    0.0016062670540857508
  ],
  [
    1572480000000,
    0.0014415625625073694
  ],
  [
    1572566400000,
    0.001349701775705853
  ],
  [
    1572652800000,
    0.0013284562273301263
  ],
  [
    1572739200000,
    0.0014720007664155781
  ],
  [
    1572825600000,
    0.001441962537928167
  ],
  [
    1572912000000,
    0.0014353003793572542
  ],
  [
    1572998400000,
    0.0015791000829627094
  ],
  [
    1573084800000,
    0.0014816758395401215
  ],
  [
    1573171200000,
    0.0014482453972639677
  ],
  [
    1573257600000,
    0.0012991738835814236
  ],
  [
    1573344000000,
    0.0012361411366146077
  ],
  [
    1573430400000,
    0.0013764087202354966
  ],
  [
    1573516800000,
    0.0012718588597490405
  ],
  [
    1573603200000,
    0.0012866894304125638
  ],
  [
    1573689600000,
    0.0013353660487546793
  ],
  [
    1573776000000,
    0.0014984341309345422
  ],
  [
    1573862400000,
    0.001348525418974104
  ],
  [
    1573948800000,
    0.0013983325859643109
  ],
  [
    1574035200000,
    0.001436265143021589
  ],
  [
    1574121600000,
    0.001397205562450444
  ],
  [
    1574208000000,
    0.0013351989095103435
  ],
  [
    1574294400000,
    0.0013725290219205593
  ],
  [
    1574380800000,
    0.0012942265828375843
  ],
  [
    1574467200000,
    0.00116521311116093
  ],
  [
    1574553600000,
    0.0011836365623277502
  ],
  [
    1574640000000,
    0.0011139228732039885
  ],
  [
    1574726400000,
    0.0014614488020839953
  ],
  [
    1574812800000,
    0.0012228675055514923
  ],
  [
    1574899200000,
    0.0012267227250296157
  ],
  [
    1574985600000,
    0.0011870980494283422
  ],
  [
    1575072000000,
    0.0014668955615320166
  ],
  [
    1575158400000,
    0.0015168348222928617
  ],
  [
    1575244800000,
    0.0014398468651509162
  ],
  [
    1575331200000,
    0.0013957207015523035
  ],
  [
    1575417600000,
    0.0013402176145557436
  ],
  [
    1575504000000,
    0.0012810489053699306
  ],
  [
    1575590400000,
    0.001286148424859042
  ],
  [
    1575676800000,
    0.0013250084433883722
  ],
  [
    1575763200000,
    0.0013397859455512601
  ],
  [
    1575849600000,
    0.0013326984455051963
  ],
  [
    1575936000000,
    0.0013102943986863266
  ],
  [
    1576022400000,
    0.0012762807520779232
  ],
  [
    1576108800000,
    0.0013865094864175694
  ],
  [
    1576195200000,
    0.0014918228762868459
  ],
  [
    1576281600000,
    0.001501416381344153
  ],
  [
    1576368000000,
    0.0014746216969452712
  ],
  [
    1576454400000,
    0.0014783556888697555
  ],
  [
    1576540800000,
    0.0013661128498455063
  ],
  [
    1576627200000,
    0.0012335980704558098
  ],
  [
    1576713600000,
    0.0012465367667954081
  ],
  [
    1576800000000,
    0.0012741984269858321
  ],
  [
    1576886400000,
    0.001241680492238652
  ],
  [
    1576972800000,
    0.0012284668699146831
  ],
  [
    1577059200000,
    0.0011497634964612684
  ],
  [
    1577145600000,
    0.0011223598397664776
  ],
  [
    1577232000000,
    0.0011096132342852518
  ],
  [
    1577318400000,
    0.0011045773687637828
  ],
  [
    1577404800000,
    0.001091118147923164
  ],
  [
    1577491200000,
    0.0010621816836802022
  ],
  [
    1577577600000,
    0.0010957442979837152
  ],
  [
    1577664000000,
    0.0011774298988513428
  ],
  [
    1577750400000,
    0.0015897084629737611
  ],
  [
    1577836800000,
    0.0016910684731539388
  ],
  [
    1577923200000,
    0.0016008337091388812
  ],
  [
    1578009600000,
    0.0016350821031270518
  ],
  [
    1578096000000,
    0.0019070816593968459
  ],
  [
    1578182400000,
    0.0020418480578376706
  ],
  [
    1578268800000,
    0.0018539314403364445
  ],
  [
    1578355200000,
    0.0020632155156544586
  ],
  [
    1578441600000,
    0.002199683188021715
  ],
  [
    1578528000000,
    0.002092645763502337
  ],
  [
    1578614400000,
    0.003384861668975472
  ],
  [
    1578700800000,
    0.0033166406508414858
  ],
  [
    1578787200000,
    0.003170229338247765
  ],
  [
    1578873600000,
    0.002843830248235237
  ],
  [
    1578960000000,
    0.003253560441344548
  ],
  [
    1579046400000,
    0.0034860387551071477
  ],
  [
    1579132800000,
    0.0029846406043255148
  ],
  [
    1579219200000,
    0.0027705185515584287
  ],
  [
    1579305600000,
    0.0027936236786724167
  ],
  [
    1579392000000,
    0.0038092061401474872
  ],
  [
    1579478400000,
    0.004402454804961479
  ],
  [
    1579564800000,
    0.004473496830048311
  ],
  [
    1579651200000,
    0.00368934696465528
  ],
  [
    1579737600000,
    0.003353135244428889
  ],
  [
    1579824000000,
    0.0029663541393144927
  ],
  [
    1579910400000,
    0.0030874726413906727
  ],
  [
    1579996800000,
    0.0033716959418771926
  ],
  [
    1580083200000,
    0.0033160596529451755
  ],
  [
    1580169600000,
    0.0033804254289700113
  ],
  [
    1580256000000,
    0.003424734632385733
  ],
  [
    1580342400000,
    0.0032859041312358023
  ],
  [
    1580428800000,
    0.0034338189085784663
  ],
  [
    1580515200000,
    0.0033525970382101066
  ],
  [
    1580601600000,
    0.003099553647117438
  ],
  [
    1580688000000,
    0.0030088423664503088
  ],
  [
    1580774400000,
    0.002942535579500279
  ],
  [
    1580860800000,
    0.0026845899990192187
  ],
  [
    1580947200000,
    0.0028635005898445544
  ],
  [
    1581033600000,
    0.002557081140594032
  ],
  [
    1581120000000,
    0.0027614507189629963
  ],
  [
    1581206400000,
    0.002697953313532777
  ],
  [
    1581292800000,
    0.002744975244066858
  ],
  [
    1581379200000,
    0.0029382881993414572
  ],
  [
    1581465600000,
    0.0031901722952547584
  ],
  [
    1581552000000,
    0.003028690217321132
  ],
  [
    1581638400000,
    0.0031228909207547213
  ],
  [
    1581724800000,
    0.002980550504131174
  ],
  [
    1581811200000,
    0.0028267704614736433
  ],
  [
    1581897600000,
    0.002902166005460217
  ],
  [
    1581984000000,
    0.00266192044436557
  ],
  [
    1582070400000,
    0.0028470910442652342
  ],
  [
    1582156800000,
    0.0026252384541791225
  ],
  [
    1582243200000,
    0.0025723894843427348
  ],
  [
    1582329600000,
    0.0022649271247195254
  ],
  [
    1582416000000,
    0.0023597209429554494
  ],
  [
    1582502400000,
    0.002361241249058243
  ],
  [
    1582588800000,
    0.003391114142135803
  ],
  [
    1582675200000,
    0.0026339427210587247
  ],
  [
    1582761600000,
    0.0021243483386714905
  ],
  [
    1582848000000,
    0.0020045949137543584
  ],
  [
    1582934400000,
    0.0022112542484178307
  ],
  [
    1583020800000,
    0.0020298029555873565
  ],
  [
    1583107200000,
    0.002033239025535612
  ],
  [
    1583193600000,
    0.002094605629736844
  ],
  [
    1583280000000,
    0.002079281559665621
  ],
  [
    1583366400000,
    0.0021651791023837076
  ],
  [
    1583452800000,
    0.0023502564233113307
  ],
  [
    1583539200000,
    0.002418563112307418
  ],
  [
    1583625600000,
    0.0022947788089108362
  ],
  [
    1583712000000,
    0.0020136805863479055
  ],
  [
    1583798400000,
    0.002032873316903344
  ],
  [
    1583884800000,
    0.002104185005730162
  ],
  [
    1583971200000,
    0.002108296027388635
  ],
  [
    1584057600000,
    0.0013125011662815486
  ],
  [
    1584144000000,
    0.0012967043619223112
  ],
  [
    1584230400000,
    0.001202945565697092
  ],
  [
    1584316800000,
    0.0012257894012060757
  ],
  [
    1584403200000,
    0.0010720147856374189
  ],
  [
    1584489600000,
    0.0011314838931386594
  ],
  [
    1584576000000,
    0.0011204181308842338
  ],
  [
    1584662400000,
    0.0012848319419203904
  ],
  [
    1584748800000,
    0.0015350033516222988
  ],
  [
    1584835200000,
    0.0016326244140596575
  ],
  [
    1584921600000,
    0.0012843516544487929
  ],
  [
    1585008000000,
    0.0016423401088208854
  ],
  [
    1585094400000,
    0.0015803434242716685
  ],
  [
    1585180800000,
    0.0014836994972855105
  ],
  [
    1585267200000,
    0.0016867603843352516
  ],
  [
    1585353600000,
    0.0015792580870587567
  ],
  [
    1585440000000,
    0.0016598376967984956
  ],
  [
    1585526400000,
    0.001547281536577427
  ],
  [
    1585612800000,
    0.0014998831578557424
  ],
  [
    1585699200000,
    0.0015331482348424858
  ],
  [
    1585785600000,
    0.001598107443825327
  ],
  [
    1585872000000,
    0.0016121576201159438
  ],
  [
    1585958400000,
    0.0016525948659377682
  ],
  [
    1586044800000,
    0.0016792112358333473
  ],
  [
    1586131200000,
    0.0015773897450871422
  ],
  [
    1586217600000,
    0.0016004079974887636
  ],
  [
    1586304000000,
    0.0014763492552374575
  ],
  [
    1586390400000,
    0.0015049826606361898
  ],
  [
    1586476800000,
    0.0014150732637851788
  ],
  [
    1586563200000,
    0.0013455728218021643
  ],
  [
    1586649600000,
    0.0013654830909865564
  ],
  [
    1586736000000,
    0.0014906799801977743
  ],
  [
    1586822400000,
    0.0014702228326502168
  ],
  [
    1586908800000,
    0.0015545897339150387
  ],
  [
    1586995200000,
    0.0014648713786741313
  ],
  [
    1587081600000,
    0.0016453357898116227
  ],
  [
    1587168000000,
    0.0016315330798495225
  ],
  [
    1587254400000,
    0.0023182108033791065
  ],
  [
    1587340800000,
    0.0020689932348632936
  ],
  [
    1587427200000,
    0.0019344620353498895
  ],
  [
    1587513600000,
    0.0023426032467627083
  ],
  [
    1587600000000,
    0.0023205500286265224
  ],
  [
    1587686400000,
    0.0024241742223930973
  ],
  [
    1587772800000,
    0.0024481835915333983
  ],
  [
    1587859200000,
    0.002546125976935866
  ],
  [
    1587945600000,
    0.0026297418302581475
  ],
  [
    1588032000000,
    0.0024931521956330044
  ],
  [
    1588118400000,
    0.002467695570602501
  ],
  [
    1588204800000,
    0.002649890522061049
  ],
  [
    1588291200000,
    0.002584391838700911
  ],
  [
    1588377600000,
    0.0026079666892856877
  ],
  [
    1588464000000,
    0.0026738241047427
  ],
  [
    1588550400000,
    0.0027611974213269104
  ],
  [
    1588636800000,
    0.0025315187259845216
  ],
  [
    1588723200000,
    0.00232168336020271
  ],
  [
    1588809600000,
    0.001983467735586107
  ],
  [
    1588896000000,
    0.00211348895854496
  ],
  [
    1588982400000,
    0.0019979912801123306
  ],
  [
    1589068800000,
    0.001814481003964142
  ],
  [
    1589155200000,
    0.0015238169183330525
  ],
  [
    1589241600000,
    0.0014945239313072817
  ],
  [
    1589328000000,
    0.0015491705334277777
  ],
  [
    1589414400000,
    0.0016394727539807482
  ],
  [
    1589500800000,
    0.001671809294271129
  ],
  [
    1589587200000,
    0.0015182007163311877
  ],
  [
    1589673600000,
    0.0017933704934883499
  ],
  [
    1589760000000,
    0.002353509859497914
  ],
  [
    1589846400000,
    0.002432061091221993
  ],
  [
    1589932800000,
    0.0024598328069884738
  ],
  [
    1590019200000,
    0.0022905749891122167
  ],
  [
    1590105600000,
    0.0021881486120692807
  ],
  [
    1590192000000,
    0.0019646669688036804
  ],
  [
    1590278400000,
    0.0019511468370055356
  ],
  [
    1590364800000,
    0.0018953165648148537
  ],
  [
    1590451200000,
    0.0018463365030561669
  ],
  [
    1590537600000,
    0.0019671715789803586
  ],
  [
    1590624000000,
    0.0019967157124396707
  ],
  [
    1590710400000,
    0.002067474746563138
  ],
  [
    1590796800000,
    0.002012256561968648
  ],
  [
    1590883200000,
    0.002057997140350676
  ],
  [
    1590969600000,
    0.0022464249223499186
  ],
  [
    1591056000000,
    0.0022809208000712524
  ],
  [
    1591142400000,
    0.002172345442862352
  ],
  [
    1591228800000,
    0.0022651036979942306
  ],
  [
    1591315200000,
    0.002141550376386542
  ],
  [
    1591401600000,
    0.002118800307886734
  ],
  [
    1591488000000,
    0.0021091158097946696
  ],
  [
    1591574400000,
    0.002151102040144495
  ],
  [
    1591660800000,
    0.0022425396287044696
  ],
  [
    1591747200000,
    0.0022257751629418923
  ],
  [
    1591833600000,
    0.002174049005046135
  ],
  [
    1591920000000,
    0.0021013663373652736
  ],
  [
    1592006400000,
    0.0021684828950650037
  ],
  [
    1592092800000,
    0.002148295327325555
  ],
  [
    1592179200000,
    0.0019962290283890727
  ],
  [
    1592265600000,
    0.001996592774160549
  ],
  [
    1592352000000,
    0.0020190734946407374
  ],
  [
    1592438400000,
    0.002023614388382947
  ],
  [
    1592524800000,
    0.002014994692358713
  ],
  [
    1592611200000,
    0.0019928785943626555
  ],
  [
    1592697600000,
    0.0019917028807842465
  ],
  [
    1592784000000,
    0.0020417864937071774
  ],
  [
    1592870400000,
    0.004120657895087016
  ],
  [
    1592956800000,
    0.0029081100998772052
  ],
  [
    1593043200000,
    0.0025000154969693072
  ],
  [
    1593129600000,
    0.0026736733046386994
  ],
  [
    1593216000000,
    0.002315543540051298
  ],
  [
    1593302400000,
    0.0021156946581442136
  ],
  [
    1593388800000,
    0.0020583741434571537
  ],
  [
    1593475200000,
    0.002024793022542425
  ],
  [
    1593561600000,
    0.00198568353006705
  ],
  [
    1593648000000,
    0.0019687622064426162
  ],
  [
    1593734400000,
    0.0018987640510260472
  ],
  [
    1593820800000,
    0.0026598344100418067
  ],
  [
    1593907200000,
    0.003002298655348241
  ],
  [
    1593993600000,
    0.0025305017010096614
  ],
  [
    1594080000000,
    0.00271840319121324
  ],
  [
    1594166400000,
    0.002560875686456088
  ],
  [
    1594252800000,
    0.002340385880762344
  ],
  [
    1594339200000,
    0.002106763852977169
  ],
  [
    1594425600000,
    0.002283111227656537
  ],
  [
    1594512000000,
    0.002243902656030254
  ],
  [
    1594598400000,
    0.0022054928178454267
  ],
  [
    1594684800000,
    0.0021702434138507177
  ],
  [
    1594771200000,
    0.0020813963052994807
  ],
  [
    1594857600000,
    0.001913617574106603
  ],
  [
    1594944000000,
    0.002078544528573282
  ],
  [
    1595030400000,
    0.00227759468566774
  ],
  [
    1595116800000,
    0.0022164279451494964
  ],
  [
    1595203200000,
    0.0021815175438494173
  ],
  [
    1595289600000,
    0.0023171730938714875
  ],
  [
    1595376000000,
    0.0022810791584695162
  ],
  [
    1595462400000,
    0.0025088502871353524
  ],
  [
    1595548800000,
    0.0025858056643883708
  ],
  [
    1595635200000,
    0.002533454146015876
  ],
  [
    1595721600000,
    0.002401596642754011
  ],
  [
    1595808000000,
    0.0023858149860965425
  ],
  [
    1595894400000,
    0.0024959178042137766
  ],
  [
    1595980800000,
    0.002280537664197151
  ],
  [
    1596067200000,
    0.0022225996645274682
  ],
  [
    1596153600000,
    0.005736560812681441
  ],
  [
    1596240000000,
    0.003349230125822932
  ],
  [
    1596326400000,
    0.0035051840664873306
  ],
  [
    1596412800000,
    0.0028198704420862013
  ],
  [
    1596499200000,
    0.0028499236693548097
  ],
  [
    1596585600000,
    0.0026421789240112284
  ],
  [
    1596672000000,
    0.003271266107224676
  ],
  [
    1596758400000,
    0.0028115035001635563
  ],
  [
    1596844800000,
    0.0029947406691416237
  ],
  [
    1596931200000,
    0.003129262596730029
  ],
  [
    1597017600000,
    0.0035395359400605107
  ],
  [
    1597104000000,
    0.0038973627916873677
  ],
  [
    1597190400000,
    0.003318594524353574
  ],
  [
    1597276800000,
    0.003148383821334867
  ],
  [
    1597363200000,
    0.0030397411007569717
  ],
  [
    1597449600000,
    0.0033864552529823543
  ],
  [
    1597536000000,
    0.003542133175931488
  ],
  [
    1597622400000,
    0.0034224156302275215
  ],
  [
    1597708800000,
    0.003333649197928294
  ],
  [
    1597795200000,
    0.0033258416247171864
  ],
  [
    1597881600000,
    0.0030935198896208252
  ],
  [
    1597968000000,
    0.0030483547709499997
  ],
  [
    1598054400000,
    0.0029341851117333484
  ],
  [
    1598140800000,
    0.003101264622960387
  ],
  [
    1598227200000,
    0.0029921608375439394
  ],
  [
    1598313600000,
    0.0029766430777548947
  ],
  [
    1598400000000,
    0.00286598857468441
  ],
  [
    1598486400000,
    0.003063296685306513
  ],
  [
    1598572800000,
    0.0030689193240516837
  ],
  [
    1598659200000,
    0.003092426043890338
  ],
  [
    1598745600000,
    0.0030769993812692774
  ],
  [
    1598832000000,
    0.0031906207211874755
  ],
  [
    1598918400000,
    0.00319146551051321
  ],
  [
    1599004800000,
    0.003112450543563489
  ],
  [
    1599091200000,
    0.002918683416051445
  ],
  [
    1599177600000,
    0.0025919725579302997
  ],
  [
    1599264000000,
    0.002683318193581898
  ],
  [
    1599350400000,
    0.0026328854108119675
  ],
  [
    1599436800000,
    0.0025819278227557072
  ],
  [
    1599523200000,
    0.0027173680474521823
  ],
  [
    1599609600000,
    0.00253774500884852
  ],
  [
    1599696000000,
    0.0026280033652393165
  ],
  [
    1599782400000,
    0.0026514528393805545
  ],
  [
    1599868800000,
    0.00269254739209561
  ],
  [
    1599955200000,
    0.00264228836062162
  ],
  [
    1600041600000,
    0.0026863657313688227
  ],
  [
    1600128000000,
    0.0027082644483086993
  ],
  [
    1600214400000,
    0.0027408726689031075
  ],
  [
    1600300800000,
    0.002739824371567096
  ],
  [
    1600387200000,
    0.0028046730495389924
  ],
  [
    1600473600000,
    0.002742549508585759
  ],
  [
    1600560000000,
    0.002773459308898056
  ],
  [
    1600646400000,
    0.002774534561632074
  ],
  [
    1600732800000,
    0.002647785398825917
  ],
  [
    1600819200000,
    0.0027247922136962805
  ],
  [
    1600905600000,
    0.002540372794378882
  ],
  [
    1600992000000,
    0.002710416930462837
  ],
  [
    1601078400000,
    0.0027058836888911803
  ],
  [
    1601164800000,
    0.0027263091114719997
  ],
  [
    1601251200000,
    0.002669814749814433
  ],
  [
    1601337600000,
    0.002605674136972543
  ],
  [
    1601424000000,
    0.0026601918059471212
  ],
  [
    1601510400000,
    0.002686187991759641
  ],
  [
    1601596800000,
    0.0026587522058052157
  ],
  [
    1601683200000,
    0.002642524634121325
  ],
  [
    1601769600000,
    0.002535150958438128
  ],
  [
    1601856000000,
    0.002510840782892711
  ],
  [
    1601942400000,
    0.0022814803069709697
  ],
  [
    1602028800000,
    0.002073467760426451
  ],
  [
    1602115200000,
    0.002025724747142505
  ],
  [
    1602201600000,
    0.002061418918980052
  ],
  [
    1602288000000,
    0.0021181552664208754
  ],
  [
    1602374400000,
    0.002196403819633502
  ],
  [
    1602460800000,
    0.002196209693568409
  ],
  [
    1602547200000,
    0.002265641695340273
  ],
  [
    1602633600000,
    0.002222025914787768
  ],
  [
    1602720000000,
    0.00226578219599871
  ],
  [
    1602806400000,
    0.002188457136258655
  ],
  [
    1602892800000,
    0.002236419518433725
  ],
  [
    1602979200000,
    0.0022320630822912414
  ],
  [
    1603065600000,
    0.0022447090918992453
  ],
  [
    1603152000000,
    0.0023089054711825405
  ],
  [
    1603238400000,
    0.002216656042532576
  ],
  [
    1603324800000,
    0.002110571390340925
  ],
  [
    1603411200000,
    0.002123038674226734
  ],
  [
    1603497600000,
    0.0020806043857332914
  ],
  [
    1603584000000,
    0.0021100419702012514
  ],
  [
    1603670400000,
    0.0020665962901267767
  ],
  [
    1603756800000,
    0.0018296836595291385
  ],
  [
    1603843200000,
    0.0016571285554771737
  ],
  [
    1603929600000,
    0.0016580309491657785
  ],
  [
    1604016000000,
    0.001646201858832354
  ],
  [
    1604102400000,
    0.0016430849314764122
  ],
  [
    1604188800000,
    0.001609236015409396
  ],
  [
    1604275200000,
    0.0015822504423361132
  ],
  [
    1604361600000,
    0.0015447815187501416
  ],
  [
    1604448000000,
    0.001543870578530118
  ],
  [
    1604534400000,
    0.001614347726458817
  ],
  [
    1604620800000,
    0.00163807239460091
  ],
  [
    1604707200000,
    0.0015774283674885893
  ],
  [
    1604793600000,
    0.0015219193920296035
  ],
  [
    1604880000000,
    0.001229976817384654
  ],
  [
    1604966400000,
    0.0014957532619588678
  ],
  [
    1605052800000,
    0.001469949526792288
  ],
  [
    1605139200000,
    0.0014083405716318602
  ],
  [
    1605225600000,
    0.0014491366437771253
  ],
  [
    1605312000000,
    0.0015669955137709436
  ],
  [
    1605398400000,
    0.001601955256894382
  ],
  [
    1605484800000,
    0.0016146914439218545
  ],
  [
    1605571200000,
    0.0018333831112079025
  ],
  [
    1605657600000,
    0.0018402928816807218
  ],
  [
    1605744000000,
    0.002292818057862548
  ],
  [
    1605830400000,
    0.0021050222884311715
  ],
  [
    1605916800000,
    0.0023858111452810613
  ],
  [
    1606003200000,
    0.0025666669048752485
  ],
  [
    1606089600000,
    0.0022124210271737854
  ],
  [
    1606176000000,
    0.002601009043673124
  ],
  [
    1606262400000,
    0.002219331063321544
  ],
  [
    1606348800000,
    0.0018458767585672956
  ],
  [
    1606435200000,
    0.001644022983281767
  ],
  [
    1606521600000,
    0.0017502469188170665
  ],
  [
    1606608000000,
    0.0018086183155735212
  ],
  [
    1606694400000,
    0.0018122097817425784
  ],
  [
    1606780800000,
    0.001980408829449766
  ],
  [
    1606867200000,
    0.00194701983727256
  ],
  [
    1606953600000,
    0.0019641780898571252
  ],
  [
    1607040000000,
    0.0019406747636574954
  ],
  [
    1607126400000,
    0.0017036789382994565
  ],
  [
    1607212800000,
    0.002063344595343057
  ],
  [
    1607299200000,
    0.001987319767595995
  ],
  [
    1607385600000,
    0.0019753897538753325
  ],
  [
    1607472000000,
    0.0018299163268975986
  ],
  [
    1607558400000,
    0.0018322067959119616
  ],
  [
    1607644800000,
    0.0018777402818994072
  ],
  [
    1607731200000,
    0.0017539560914725271
  ],
  [
    1607817600000,
    0.002035110954780474
  ],
  [
    1607904000000,
    0.0021197902442989117
  ],
  [
    1607990400000,
    0.0020903752582186992
  ],
  [
    1608076800000,
    0.00210919051792898
  ],
  [
    1608163200000,
    0.0022643702880833314
  ],
  [
    1608249600000,
    0.002265411270853619
  ],
  [
    1608336000000,
    0.0021317292655101045
  ],
  [
    1608422400000,
    0.0021898195937025554
  ],
  [
    1608508800000,
    0.002562538046697509
  ],
  [
    1608595200000,
    0.0023759572735491947
  ],
  [
    1608681600000,
    0.002282296752960802
  ],
  [
    1608768000000,
    0.0019931066866032726
  ],
  [
    1608854400000,
    0.001610353424823966
  ],
  [
    1608940800000,
    0.001559404508576533
  ],
  [
    1609027200000,
    0.0014592009810978752
  ],
  [
    1609113600000,
    0.0015164913942509088
  ],
  [
    1609200000000,
    0.001497637650231553
  ],
  [
    1609286400000,
    0.0014072047842778788
  ],
  [
    1609372800000,
    0.001397596380413992
  ],
  [
    1609459200000,
    0.0015956681479654608
  ],
  [
    1609545600000,
    0.001926665163642018
  ],
  [
    1609632000000,
    0.0019478996027713679
  ],
  [
    1609718400000,
    0.0020092498571552897
  ],
  [
    1609804800000,
    0.0018240289621280288
  ],
  [
    1609891200000,
    0.0019192822741898779
  ],
  [
    1609977600000,
    0.002104302156382487
  ],
  [
    1610064000000,
    0.0020504147990363206
  ],
  [
    1610150400000,
    0.0019083274194481995
  ],
  [
    1610236800000,
    0.0020657678035509025
  ],
  [
    1610323200000,
    0.001970700264155449
  ],
  [
    1610409600000,
    0.0016469462420240818
  ],
  [
    1610496000000,
    0.0015315737175939648
  ],
  [
    1610582400000,
    0.001630532104278471
  ],
  [
    1610668800000,
    0.0017124184520884724
  ],
  [
    1610755200000,
    0.0015256044852186743
  ],
  [
    1610841600000,
    0.0015927595707651385
  ],
  [
    1610928000000,
    0.002150504599787174
  ],
  [
    1611014400000,
    0.00204111166705433
  ],
  [
    1611100800000,
    0.0019858734875464325
  ],
  [
    1611187200000,
    0.001995582316816778
  ],
  [
    1611273600000,
    0.001669423903927011
  ],
  [
    1611360000000,
    0.0016921542628176229
  ],
  [
    1611446400000,
    0.0015566362116768494
  ],
  [
    1611532800000,
    0.001664034021431367
  ],
  [
    1611619200000,
    0.0014454109598583558
  ],
  [
    1611705600000,
    0.0013755198981979708
  ],
  [
    1611792000000,
    0.001000564492503761
  ],
  [
    1611878400000,
    0.0021078913686388007
  ],
  [
    1611964800000,
    0.0021067363399589517
  ],
  [
    1612051200000,
    0.0019830734602624502
  ],
  [
    1612137600000,
    0.0014857370423763323
  ],
  [
    1612224000000,
    0.0015207267509041286
  ],
  [
    1612310400000,
    0.0016489870267923446
  ],
  [
    1612396800000,
    0.001678406085678
  ],
  [
    1612483200000,
    0.006959017033915585
  ],
  [
    1612569600000,
    0.011744435083245247
  ],
  [
    1612656000000,
    0.008517029567805054
  ],
  [
    1612742400000,
    0.006869401527258097
  ],
  [
    1612828800000,
    0.006646294644507226
  ],
  [
    1612915200000,
    0.0067768585569053606
  ],
  [
    1613001600000,
    0.006146253266918787
  ],
  [
    1613088000000,
    0.007113183041584449
  ],
  [
    1613174400000,
    0.007816286477939777
  ],
  [
    1613260800000,
    0.0094607461037433
  ],
  [
    1613347200000,
    0.013088904127851372
  ],
  [
    1613433600000,
    0.015697484345747987
  ],
  [
    1613520000000,
    0.014763379389598676
  ],
  [
    1613606400000,
    0.010319541645314019
  ],
  [
    1613692800000,
    0.014927199020218582
  ],
  [
    1613779200000,
    0.01776335542591709
  ],
  [
    1613865600000,
    0.02067159311333584
  ],
  [
    1613952000000,
    0.02776608850217292
  ],
  [
    1614038400000,
    0.02241003114120536
  ],
  [
    1614124800000,
    0.020152496977149822
  ],
  [
    1614211200000,
    0.020101205551226405
  ],
  [
    1614297600000,
    0.02379643535568061
  ],
  [
    1614384000000,
    0.021865869533619242
  ],
  [
    1614470400000,
    0.02046506841225418
  ],
  [
    1614556800000,
    0.016699060410841415
  ],
  [
    1614643200000,
    0.017041728917762795
  ],
  [
    1614729600000,
    0.012799094927691301
  ],
  [
    1614816000000,
    0.01152339653439177
  ],
  [
    1614902400000,
    0.01019332506836049
  ],
  [
    1614988800000,
    0.011415810955526328
  ],
  [
    1615075200000,
    0.019319749543051535
  ],
  [
    1615161600000,
    0.023351948165381265
  ],
  [
    1615248000000,
    0.029487205748428617
  ],
  [
    1615334400000,
    0.02294511457917293
  ],
  [
    1615420800000,
    0.02288869340462094
  ],
  [
    1615507200000,
    0.02211941879328827
  ],
  [
    1615593600000,
    0.02017280012516916
  ],
  [
    1615680000000,
    0.018977251138930163
  ],
  [
    1615766400000,
    0.021336393802267217
  ],
  [
    1615852800000,
    0.017593771919587657
  ],
  [
    1615939200000,
    0.019730211293190317
  ],
  [
    1616025600000,
    0.023142885225872382
  ],
  [
    1616112000000,
    0.021720846545333204
  ],
  [
    1616198400000,
    0.02125447755448721
  ],
  [
    1616284800000,
    0.01844764353308736
  ],
  [
    1616371200000,
    0.015609935299333898
  ],
  [
    1616457600000,
    0.015226357210210012
  ],
  [
    1616544000000,
    0.014415901659944873
  ],
  [
    1616630400000,
    0.012153272134565882
  ],
  [
    1616716800000,
    0.01312015564795804
  ],
  [
    1616803200000,
    0.013338166227781178
  ],
  [
    1616889600000,
    0.01512169633545377
  ],
  [
    1616976000000,
    0.012553187274786042
  ],
  [
    1617062400000,
    0.014947840536505823
  ],
  [
    1617148800000,
    0.014242449627157995
  ],
  [
    1617235200000,
    0.013919407557347338
  ],
  [
    1617321600000,
    0.014584666227369198
  ],
  [
    1617408000000,
    0.016024738903300827
  ],
  [
    1617494400000,
    0.01662002578472572
  ],
  [
    1617580800000,
    0.02207913944716454
  ],
  [
    1617667200000,
    0.02994083526715782
  ],
  [
    1617753600000,
    0.023173573529989652
  ],
  [
    1617840000000,
    0.020516641210591144
  ],
  [
    1617926400000,
    0.021693513665817656
  ],
  [
    1618012800000,
    0.026834641948619696
  ],
  [
    1618099200000,
    0.037051193733798456
  ],
  [
    1618185600000,
    0.09228601376577236
  ],
  [
    1618272000000,
    0.08183586121013044
  ],
  [
    1618358400000,
    0.06022982470396606
  ],
  [
    1618444800000,
    0.05314438419215475
  ],
  [
    1618531200000,
    0.06766151266526561
  ],
  [
    1618617600000,
    0.05010248030716174
  ],
  [
    1618704000000,
    0.045387002078269054
  ],
  [
    1618790400000,
    0.037895489736302836
  ],
  [
    1618876800000,
    0.035578093114334595
  ],
  [
    1618963200000,
    0.030575835159766415
  ],
  [
    1619049600000,
    0.035667959624349065
  ],
  [
    1619136000000,
    0.029964528408940795
  ],
  [
    1619222400000,
    0.029872876400397146
  ],
  [
    1619308800000,
    0.030682021902800484
  ],
  [
    1619395200000,
    0.026807377590816483
  ],
  [
    1619481600000,
    0.03580828702297032
  ],
  [
    1619568000000,
    0.045337280568201244
  ],
  [
    1619654400000,
    0.04473705232535945
  ],
  [
    1619740800000,
    0.040181434523163265
  ],
  [
    1619827200000,
    0.043266009804729
  ],
  [
    1619913600000,
    0.05049349668019446
  ],
  [
    1620000000000,
    0.046180255113241836
  ],
  [
    1620086400000,
    0.052316898123365936
  ],
  [
    1620172800000,
    0.04955380555675735
  ],
  [
    1620259200000,
    0.05559532664859602
  ],
  [
    1620345600000,
    0.049068634148045874
  ],
  [
    1620432000000,
    0.053308625812521986
  ],
  [
    1620518400000,
    0.055302516427362544
  ],
  [
    1620604800000,
    0.05218807062467259
  ],
  [
    1620691200000,
    0.06178753898293527
  ],
  [
    1620777600000,
    0.08018153182966678
  ],
  [
    1620864000000,
    0.105130056657332
  ],
  [
    1620950400000,
    0.09479593663315505
  ],
  [
    1621036800000,
    0.10144163645864517
  ],
  [
    1621123200000,
    0.08309627869437305
  ],
  [
    1621209600000,
    0.10151747149980445
  ],
  [
    1621296000000,
    0.12416232504290574
  ],
  [
    1621382400000,
    0.1320111507006828
  ],
  [
    1621468800000,
    0.0865064404047361
  ],
  [
    1621555200000,
    0.09996055961707342
  ],
  [
    1621641600000,
    0.08558873063441896
  ],
  [
    1621728000000,
    0.0698546333481979
  ],
  [
    1621814400000,
    0.05266059018299026
  ],
  [
    1621900800000,
    0.06558935725306338
  ],
  [
    1621987200000,
    0.07620667281650674
  ],
  [
    1622073600000,
    0.0798499221952552
  ],
  [
    1622160000000,
    0.0701939663192295
  ],
  [
    1622246400000,
    0.05085586347430311
  ],
  [
    1622332800000,
    0.04632563214299768
  ],
  [
    1622419200000,
    0.05481169456065384
  ],
  [
    1622505600000,
    0.055787968688355415
  ],
  [
    1622592000000,
    0.06113248843202801
  ],
  [
    1622678400000,
    0.06992651885272437
  ],
  [
    1622764800000,
    0.07084331051433565
  ],
  [
    1622851200000,
    0.061082726912239815
  ],
  [
    1622937600000,
    0.052470145110953444
  ],
  [
    1623024000000,
    0.05389941348704334
  ],
  [
    1623110400000,
    0.048013075231819205
  ],
  [
    1623196800000,
    0.048290451093840864
  ],
  [
    1623283200000,
    0.05596933584162777
  ],
  [
    1623369600000,
    0.052331484196515586
  ],
  [
    1623456000000,
    0.05119683663543844
  ],
  [
    1623542400000,
    0.05191631293021814
  ],
  [
    1623628800000,
    0.05425692491491731
  ],
  [
    1623715200000,
    0.05869097961883353
  ],
  [
    1623801600000,
    0.05257996092793986
  ],
  [
    1623888000000,
    0.04745388913668184
  ],
  [
    1623974400000,
    0.04249942505058883
  ],
  [
    1624060800000,
    0.03866113843930683
  ],
  [
    1624147200000,
    0.03904009037141662
  ],
  [
    1624233600000,
    0.03579414304967903
  ],
  [
    1624320000000,
    0.026038465106428873
  ],
  [
    1624406400000,
    0.025019392606546394
  ],
  [
    1624492800000,
    0.028301462553502403
  ],
  [
    1624579200000,
    0.029156103719800555
  ],
  [
    1624665600000,
    0.03469088500635354
  ],
  [
    1624752000000,
    0.03221369533641269
  ],
  [
    1624838400000,
    0.0417835063839452
  ],
  [
    1624924800000,
    0.04165980530927972
  ],
  [
    1625011200000,
    0.04541271362671449
  ],
  [
    1625097600000,
    0.04195880036218566
  ],
  [
    1625184000000,
    0.03827301434449176
  ],
  [
    1625270400000,
    0.03496032594840363
  ],
  [
    1625356800000,
    0.037932159444944505
  ],
  [
    1625443200000,
    0.03859307744793681
  ],
  [
    1625529600000,
    0.0378003068857826
  ],
  [
    1625616000000,
    0.03802272867390229
  ],
  [
    1625702400000,
    0.03817081570562811
  ],
  [
    1625788800000,
    0.03549384177676857
  ],
  [
    1625875200000,
    0.03960604986234264
  ],
  [
    1625961600000,
    0.03785941969083337
  ],
  [
    1626048000000,
    0.0374121456955066
  ],
  [
    1626134400000,
    0.036337395862369615
  ],
  [
    1626220800000,
    0.0358286268238016
  ],
  [
    1626307200000,
    0.035889705145792594
  ],
  [
    1626393600000,
    0.03264062811686251
  ],
  [
    1626480000000,
    0.030116165640767932
  ],
  [
    1626566400000,
    0.029012063013099422
  ],
  [
    1626652800000,
    0.02837334681963452
  ],
  [
    1626739200000,
    0.02604237301055521
  ],
  [
    1626825600000,
    0.023341331449976292
  ],
  [
    1626912000000,
    0.026359664519395188
  ],
  [
    1626998400000,
    0.026389460948410923
  ],
  [
    1627084800000,
    0.025949165391890277
  ],
  [
    1627171200000,
    0.025963455897771357
  ],
  [
    1627257600000,
    0.028280162206713682
  ],
  [
    1627344000000,
    0.031559238263392866
  ],
  [
    1627430400000,
    0.03479639982149365
  ],
  [
    1627516800000,
    0.03374631137850762
  ],
  [
    1627603200000,
    0.032565225030374394
  ],
  [
    1627689600000,
    0.034598172618705236
  ],
  [
    1627776000000,
    0.03477406573681228
  ],
  [
    1627862400000,
    0.03546389622172612
  ],
  [
    1627948800000,
    0.03450850363408517
  ],
  [
    1628035200000,
    0.030988181105421606
  ],
  [
    1628121600000,
    0.03132762016909839
  ],
  [
    1628208000000,
    0.03161565302309529
  ],
  [
    1628294400000,
    0.03331686006568408
  ],
  [
    1628380800000,
    0.036920687148443626
  ],
  [
    1628467200000,
    0.032684798343212786
  ],
  [
    1628553600000,
    0.033297465629200294
  ],
  [
    1628640000000,
    0.03516223748442143
  ],
  [
    1628726400000,
    0.05071126062217192
  ],
  [
    1628812800000,
    0.055494971533903155
  ],
  [
    1628899200000,
    0.06382908313250292
  ],
  [
    1628985600000,
    0.06257571205525403
  ],
  [
    1629072000000,
    0.05929742882677077
  ],
  [
    1629158400000,
    0.05531069274874858
  ],
  [
    1629244800000,
    0.05191823839169642
  ],
  [
    1629331200000,
    0.04967365590716861
  ],
  [
    1629417600000,
    0.04921187739219315
  ],
  [
    1629504000000,
    0.05306251360042291
  ],
  [
    1629590400000,
    0.05705851212186611
  ],
  [
    1629676800000,
    0.05413076882218571
  ],
  [
    1629763200000,
    0.05342235390570451
  ],
  [
    1629849600000,
    0.04782874434371468
  ],
  [
    1629936000000,
    0.05048427565097793
  ],
  [
    1630022400000,
    0.04549645807920616
  ],
  [
    1630108800000,
    0.05108389843707187
  ],
  [
    1630195200000,
    0.04806475375056657
  ],
  [
    1630281600000,
    0.04978067696285133
  ],
  [
    1630368000000,
    0.05148843208976199
  ],
  [
    1630454400000,
    0.05099182482857585
  ],
  [
    1630540800000,
    0.05933903145210596
  ],
  [
    1630627200000,
    0.051897941693072484
  ]
]