[
  [
    1522972800000,
    0.017984602317662083
  ],
  [
    1523059200000,
    0.016024970942620852
  ],
  [
    1523145600000,
    0.014854738026313263
  ],
  [
    1523232000000,
    0.01634839669359492
  ],
  [
    1523318400000,
    0.018091591108112523
  ],
  [
    1523404800000,
    0.019434703752026387
  ],
  [
    1523491200000,
    0.017827371130192858
  ],
  [
    1523577600000,
    0.017777485260090018
  ],
  [
    1523664000000,
    0.019134629867902396
  ],
  [
    1523750400000,
    0.0190501663154046
  ],
  [
    1523836800000,
    0.020831602256207615
  ],
  [
    1523923200000,
    0.020160469183542095
  ],
  [
    1524009600000,
    0.019534319499906614
  ],
  [
    1524096000000,
    0.020815409420376872
  ],
  [
    1524182400000,
    0.021079708216460474
  ],
  [
    1524268800000,
    0.02230667141553929
  ],
  [
    1524355200000,
    0.02232760356945867
  ],
  [
    1524441600000,
    0.02427051454961274
  ],
  [
    1524528000000,
    0.025492896234948367
  ],
  [
    1524614400000,
    0.026771591623965068
  ],
  [
    1524700800000,
    0.021630402042296184
  ],
  [
    1524787200000,
    0.024136957979804377
  ],
  [
    1524873600000,
    0.022745435756052715
  ],
  [
    1524960000000,
    0.023753686162191465
  ],
  [
    1525046400000,
    0.024496088116460406
  ],
  [
    1525132800000,
    0.021828398767654474
  ],
  [
    1525219200000,
    0.022015780246885597
  ],
  [
    1525305600000,
    0.02240391310093375
  ],
  [
    1525392000000,
    0.024944837242613156
  ],
  [
    1525478400000,
    0.025975372827120632
  ],
  [
    1525564800000,
    0.026644721747244873
  ],
  [
    1525651200000,
    0.030575862247582623
  ],
  [
    1525737600000,
    0.02972714540880515
  ],
  [
    1525824000000,
    0.02915315464526624
  ],
  [
    1525910400000,
    0.028981835903421387
  ],
  [
    1525996800000,
    0.027159751106197054
  ],
  [
    1526083200000,
    0.024703765023249783
  ],
  [
    1526169600000,
    0.024906622334930087
  ],
  [
    1526256000000,
    0.025555631797084706
  ],
  [
    1526342400000,
    0.02471782743120735
  ],
  [
    1526428800000,
    0.032048045742045214
  ],
  [
    1526515200000,
    0.02889558627256431
  ],
  [
    1526601600000,
    0.03344029978363202
  ],
  [
    1526688000000,
    0.027493474234980313
  ],
  [
    1526774400000,
    0.027096991033191915
  ],
  [
    1526860800000,
    0.025995686649468296
  ],
  [
    1526947200000,
    0.023333374171319827
  ],
  [
    1527033600000,
    0.020379288305745206
  ],
  [
    1527120000000,
    0.018660336219408307
  ],
  [
    1527206400000,
    0.01939565867477214
  ],
  [
    1527292800000,
    0.020235855236385884
  ],
  [
    1527379200000,
    0.01927098876988894
  ],
  [
    1527465600000,
    0.01881506684417404
  ],
  [
    1527552000000,
    0.01786746032406434
  ],
  [
    1527638400000,
    0.019892291640976948
  ],
  [
    1527724800000,
    0.01909757813244047
  ],
  [
    1527811200000,
    0.018444267284414423
  ],
  [
    1527897600000,
    0.019554411758259033
  ],
  [
    1527984000000,
    0.019768452938294524
  ],
  [
    1528070400000,
    0.020395151108841818
  ],
  [
    1528156800000,
    0.018358011882699497
  ],
  [
    1528243200000,
    0.02201113831189642
  ],
  [
    1528329600000,
    0.021360855969687727
  ],
  [
    1528416000000,
    0.020914505453326095
  ],
  [
    1528502400000,
    0.020962317783225493
  ],
  [
    1528588800000,
    0.020140030804030304
  ],
  [
    1528675200000,
    0.01766184217373079
  ],
  [
    1528761600000,
    0.017712436182127363
  ],
  [
    1528848000000,
    0.016476624903753723
  ],
  [
    1528934400000,
    0.01582855339392978
  ],
  [
    1529020800000,
    0.016914874491712365
  ],
  [
    1529107200000,
    0.016385531902859234
  ],
  [
    1529193600000,
    0.016555529306214494
  ],
  [
    1529280000000,
    0.016911603833952453
  ],
  [
    1529366400000,
    0.01837684435126052
  ],
  [
    1529452800000,
    0.019676616095728575
  ],
  [
    1529539200000,
    0.019007037540943055
  ],
  [
    1529625600000,
    0.01855930147399419
  ],
  [
    1529712000000,
    0.016525099883561843
  ],
  [
    1529798400000,
    0.015586514813899034
  ],
  [
    1529884800000,
    0.014627921956579151
  ],
  [
    1529971200000,
    0.01486736225340783
  ],
  [
    1530057600000,
    0.014138187304723574
  ],
  [
    1530144000000,
    0.013883354421510494
  ],
  [
    1530230400000,
    0.013690962133425875
  ],
  [
    1530316800000,
    0.013644886714236222
  ],
  [
    1530403200000,
    0.022064922791550368
  ],
  [
    1530489600000,
    0.013487570646961749
  ],
  [
    1530576000000,
    0.01460419012306206
  ],
  [
    1530662400000,
    0.014307029419832236
  ],
  [
    1530748800000,
    0.014297452352008593
  ],
  [
    1530835200000,
    0.014136710355644996
  ],
  [
    1530921600000,
    0.014046168074950948
  ],
  [
    1531008000000,
    0.014066805405600638
  ],
  [
    1531094400000,
    0.01344428073271833
  ],
  [
    1531180800000,
    0.013394187849252382
  ],
  [
    1531267200000,
    0.012168753628561856
  ],
  [
    1531353600000,
    0.013040084372347367
  ],
  [
    1531440000000,
    0.011340749619037728
  ],
  [
    1531526400000,
    0.011496212057431355
  ],
  [
    1531612800000,
    0.011962966735619614
  ],
  [
    1531699200000,
    0.009300584549830355
  ],
  [
    1531785600000,
    0.011905795127247461
  ],
  [
    1531872000000,
    0.012522301171338061
  ],
  [
    1531958400000,
    0.010346987505284046
  ],
  [
    1532044800000,
    0.011138103789216928
  ],
  [
    1532131200000,
    0.011356978159966983
  ],
  [
    1532217600000,
    0.011818722656557519
  ],
  [
    1532304000000,
    0.01001003260847807
  ],
  [
    1532390400000,
    0.00998627641214009
  ],
  [
    1532476800000,
    0.012876525346332213
  ],
  [
    1532563200000,
    0.011107535032084764
  ],
  [
    1532649600000,
    0.01152718601655982
  ],
  [
    1532736000000,
    0.01165797115271016
  ],
  [
    1532822400000,
    0.008780641581560309
  ],
  [
    1532908800000,
    0.0077295569605342895
  ],
  [
    1532995200000,
    0.010371929107479623
  ],
  [
    1533081600000,
    0.010255372821835099
  ],
  [
    1533168000000,
    0.008778531124898698
  ],
  [
    1533254400000,
    0.010527717292932396
  ],
  [
    1533340800000,
    0.009791802203121511
  ],
  [
    1533427200000,
    0.008864590108036651
  ],
  [
    1533513600000,
    0.008142304352019118
  ],
  [
    1533600000000,
    0.008665926564552591
  ],
  [
    1533686400000,
    0.00892480420538453
  ],
  [
    1533772800000,
    0.007877407072873929
  ],
  [
    1533859200000,
    0.007376343336389811
  ],
  [
    1533945600000,
    0.007984073405564262
  ],
  [
    1534032000000,
    0.007615018443685568
  ],
  [
    1534118400000,
    0.007517109438025722
  ],
  [
    1534204800000,
    0.0061845584934089185
  ],
  [
    1534291200000,
    0.005732295844918377
  ],
  [
    1534377600000,
    0.005881866376659613
  ],
  [
    1534464000000,
    0.005604743157147972
  ],
  [
    1534550400000,
    0.0061899572664037205
  ],
  [
    1534636800000,
    0.005730202707220596
  ],
  [
    1534723200000,
    0.006102563209255079
  ],
  [
    1534809600000,
    0.005535583087123418
  ],
  [
    1534896000000,
    0.005468583543337424
  ],
  [
    1534982400000,
    0.005212602726482061
  ],
  [
    1535068800000,
    0.005017288574257794
  ],
  [
    1535155200000,
    0.0054337055252242075
  ],
  [
    1535241600000,
    0.005516252767715712
  ],
  [
    1535328000000,
    0.004989890100284657
  ],
  [
    1535414400000,
    0.0055798077724235826
  ],
  [
    1535500800000,
    0.005244935203854413
  ],
  [
    1535587200000,
    0.005170179492386445
  ],
  [
    1535673600000,
    0.0052670824455824765
  ],
  [
    1535760000000,
    0.00560254633634436
  ],
  [
    1535846400000,
    0.005790712072098034
  ],
  [
    1535932800000,
    0.005794417058132082
  ],
  [
    1536019200000,
    0.0059762224240987654
  ],
  [
    1536105600000,
    0.005943084439598411
  ],
  [
    1536192000000,
    0.00459792910484306
  ],
  [
    1536278400000,
    0.0047503207900588115
  ],
  [
    1536364800000,
    0.004458379457162587
  ],
  [
    1536451200000,
    0.0036733852128745486
  ],
  [
    1536537600000,
    0.004035005856881248
  ],
  [
    1536624000000,
    0.0032083361590595078
  ],
  [
    1536710400000,
    0.0036551963837253257
  ],
  [
    1536796800000,
    0.003520052442673352
  ],
  [
    1536883200000,
    0.004035938927198093
  ],
  [
    1536969600000,
    0.0037789390588554538
  ],
  [
    1537056000000,
    0.004123809303133326
  ],
  [
    1537142400000,
    0.004188324469748694
  ],
  [
    1537228800000,
    0.0036263067990132763
  ],
  [
    1537315200000,
    0.00406966185899192
  ],
  [
    1537401600000,
    0.004211246160375918
  ],
  [
    1537488000000,
    0.004229961332754523
  ],
  [
    1537574400000,
    0.004685931917039911
  ],
  [
    1537660800000,
    0.0045273590614944206
  ],
  [
    1537747200000,
    0.004881491905488551
  ],
  [
    1537833600000,
    0.0047667965469360375
  ],
  [
    1537920000000,
    0.00433010520860306
  ],
  [
    1538006400000,
    0.005186367916795815
  ],
  [
    1538092800000,
    0.0042090005046058945
  ],
  [
    1538179200000,
    0.004124571786238417
  ],
  [
    1538265600000,
    0.0047068274546151236
  ],
  [
    1538352000000,
    0.004578963566091995
  ],
  [
    1538438400000,
    0.0041144530553308125
  ],
  [
    1538524800000,
    0.00442033554257001
  ],
  [
    1538611200000,
    0.004348171101411133
  ],
  [
    1538697600000,
    0.004556836789904433
  ],
  [
    1538784000000,
    0.00554347183123196
  ],
  [
    1538870400000,
    0.006115489348238378
  ],
  [
    1538956800000,
    0.004964551522912716
  ],
  [
    1539043200000,
    0.005747273002622721
  ],
  [
    1539129600000,
    0.005557946115995744
  ],
  [
    1539216000000,
    0.0057118579319119095
  ],
  [
    1539302400000,
    0.004657389934772599
  ],
  [
    1539388800000,
    0.0045361369794332685
  ],
  [
    1539475200000,
    0.004070220728639557
  ],
  [
    1539561600000,
    0.0041521377383238935
  ],
  [
    1539648000000,
    0.0057450465359989
  ],
  [
    1539734400000,
    0.006554659760058499
  ],
  [
    1539820800000,
    0.005064063578485999
  ],
  [
    1539907200000,
    0.004172724694755532
  ],
  [
    1539993600000,
    0.004099248534393416
  ],
  [
    1540080000000,
    0.00430690605292009
  ],
  [
    1540166400000,
    0.004382562281488079
  ],
  [
    1540252800000,
    0.0038895394427186547
  ],
  [
    1540339200000,
    0.003297576378881863
  ],
  [
    1540425600000,
    0.003905148857704485
  ],
  [
    1540512000000,
    0.003741853270230866
  ],
  [
    1540598400000,
    0.0043262810497974365
  ],
  [
    1540684800000,
    0.004308027158146524
  ],
  [
    1540771200000,
    0.003946276438858562
  ],
  [
    1540857600000,
    0.0038741057632205055
  ],
  [
    1540944000000,
    0.004055711912880585
  ],
  [
    1541030400000,
    0.003898379209426318
  ],
  [
    1541116800000,
    0.003985853865616918
  ],
  [
    1541203200000,
    0.004353798754368501
  ],
  [
    1541289600000,
    0.0038819917896600747
  ],
  [
    1541376000000,
    0.0039025821386936763
  ],
  [
    1541462400000,
    0.003377214798116219
  ],
  [
    1541548800000,
    0.003729665670065015
  ],
  [
    1541635200000,
    0.004133853643971835
  ],
  [
    1541721600000,
    0.004089810743614171
  ],
  [
    1541808000000,
    0.004011743648844449
  ],
  [
    1541894400000,
    0.00404641716820272
  ],
  [
    1541980800000,
    0.0036583514187311394
  ],
  [
    1542067200000,
    0.0031772184263334914
  ],
  [
    1542153600000,
    0.003067591538970578
  ],
  [
    1542240000000,
    0.0032448685302955984
  ],
  [
    1542326400000,
    0.0030233751165634933
  ],
  [
    1542412800000,
    0.0031672856639514287
  ],
  [
    1542499200000,
    0.0027307566919416745
  ],
  [
    1542585600000,
    0.002723411118619307
  ],
  [
    1542672000000,
    0.002769470169521588
  ],
  [
    1542758400000,
    0.0021312967308580294
  ],
  [
    1542844800000,
    0.0020932754704358963
  ],
  [
    1542931200000,
    0.002342551262187744
  ],
  [
    1543017600000,
    0.0023758492179644717
  ],
  [
    1543104000000,
    0.0022570504020960557
  ],
  [
    1543190400000,
    0.0020957756770435204
  ],
  [
    1543276800000,
    0.0017971586883002788
  ],
  [
    1543363200000,
    0.002085606681798184
  ],
  [
    1543449600000,
    0.0021915051091453415
  ],
  [
    1543536000000,
    0.0022799733848638745
  ],
  [
    1543622400000,
    0.0022337774420976312
  ],
  [
    1543708800000,
    0.0022260736525149642
  ],
  [
    1543795200000,
    0.002173119294078827
  ],
  [
    1543881600000,
    0.002332825285136853
  ],
  [
    1543968000000,
    0.002525007881768043
  ],
  [
    1544054400000,
    0.00208940090787468
  ],
  [
    1544140800000,
    0.0018999956608813213
  ],
  [
    1544227200000,
    0.0020585865693761593
  ],
  [
    1544313600000,
    0.002106821290449188
  ],
  [
    1544400000000,
    0.0017617235894281458
  ],
  [
    1544486400000,
    0.0017112011996939084
  ],
  [
    1544572800000,
    0.0017193088436393898
  ],
  [
    1544659200000,
    0.0017211581721320486
  ],
  [
    1544745600000,
    0.0016854647483228367
  ],
  [
    1544832000000,
    0.0017995904114216314
  ],
  [
    1544918400000,
    0.0016727454465834588
  ],
  [
    1545004800000,
    0.0016417620474510435
  ],
  [
    1545091200000,
    0.0018579639458777167
  ],
  [
    1545177600000,
    0.0020431794931419335
  ],
  [
    1545264000000,
    0.0020902604028872228
  ],
  [
    1545350400000,
    0.0023192610549573433
  ],
  [
    1545436800000,
    0.002127454622923884
  ],
  [
    1545523200000,
    0.0022719625585834206
  ],
  [
    1545609600000,
    0.0024776473483938627
  ],
  [
    1545696000000,
    0.002638890249789166
  ],
  [
    1545782400000,
    0.0025395910664830234
  ],
  [
    1545868800000,
    0.0024656584750547433
  ],
  [
    1545955200000,
    0.0022193553120133337
  ],
  [
    1546041600000,
    0.002684837049686282
  ],
  [
    1546128000000,
    0.002810602107066441
  ],
  [
    1546214400000,
    0.002573509489417809
  ],
  [
    1546300800000,
    0.002425604493877158
  ],
  [
    1546387200000,
    0.0029329096579429705
  ],
  [
    1546473600000,
    0.002640368364628665
  ],
  [
    1546560000000,
    0.00270107271563738
  ],
  [
    1546646400000,
    0.0029592258577352372
  ],
  [
    1546732800000,
    0.0033280816821584735
  ],
  [
    1546819200000,
    0.0033857633041704006
  ],
  [
    1546905600000,
    0.0038993530827468484
  ],
  [
    1546992000000,
    0.0035771759885744056
  ],
  [
    1547078400000,
    0.0034307675854055343
  ],
  [
    1547164800000,
    0.0030383852834103366
  ],
  [
    1547251200000,
    0.0029715099889417334
  ],
  [
    1547337600000,
    0.0030043750425220507
  ],
  [
    1547424000000,
    0.0028710141943856494
  ],
  [
    1547510400000,
    0.0031350871050331254
  ],
  [
    1547596800000,
    0.0030936247399079345
  ],
  [
    1547683200000,
    0.0028701003409295446
  ],
  [
    1547769600000,
    0.0030129929973916943
  ],
  [
    1547856000000,
    0.002982990023427676
  ],
  [
    1547942400000,
    0.0031381602415128064
  ],
  [
    1548028800000,
    0.0029161997601664575
  ],
  [
    1548115200000,
    0.0030077398730828796
  ],
  [
    1548201600000,
    0.0030553352532742225
  ],
  [
    1548288000000,
    0.0030989278926154746
  ],
  [
    1548374400000,
    0.003216361495601124
  ],
  [
    1548460800000,
    0.0032212746916138253
  ],
  [
    1548547200000,
    0.003138660971844394
  ],
  [
    1548633600000,
    0.0031263020602911406
  ],
  [
    1548720000000,
    0.00309224829726151
  ],
  [
    1548806400000,
    0.003084357161644785
  ],
  [
    1548892800000,
    0.0033152766085549823
  ],
  [
    1548979200000,
    0.003352956742141784
  ],
  [
    1549065600000,
    0.003339711294960187
  ],
  [
    1549152000000,
    0.0035073596830477445
  ],
  [
    1549238400000,
    0.0034105426960546
  ],
  [
    1549324800000,
    0.003994109790636151
  ],
  [
    1549411200000,
    0.0035883642024084443
  ],
  [
    1549497600000,
    0.003371329064783288
  ],
  [
    1549584000000,
    0.003466520239233803
  ],
  [
    1549670400000,
    0.0043961768930742585
  ],
  [
    1549756800000,
    0.004156670043198436
  ],
  [
    1549843200000,
    0.004562790878190226
  ],
  [
    1549929600000,
    0.004689552950970967
  ],
  [
    1550016000000,
    0.004377328509592274
  ],
  [
    1550102400000,
    0.0040290221642640175
  ],
  [
    1550188800000,
    0.004562855656552623
  ],
  [
    1550275200000,
    0.004602213913775317
  ],
  [
    1550361600000,
    0.003939840017050906
  ],
  [
    1550448000000,
    0.003676540831731053
  ],
  [
    1550534400000,
    0.00448656037958868
  ],
  [
    1550620800000,
    0.004590390305528168
  ],
  [
    1550707200000,
    0.004651776820814667
  ],
  [
    1550793600000,
    0.004050301669437682
  ],
  [
    1550880000000,
    0.004367624410096928
  ],
  [
    1550966400000,
    0.004573497100694379
  ],
  [
    1551052800000,
    0.003788537037845929
  ],
  [
    1551139200000,
    0.003840504079403488
  ],
  [
    1551225600000,
    0.003878459865307009
  ],
  [
    1551312000000,
    0.003539340163441874
  ],
  [
    1551398400000,
    0.003708846511802257
  ],
  [
    1551484800000,
    0.0038108757534728154
  ],
  [
    1551571200000,
    0.0036718870780890625
  ],
  [
    1551657600000,
    0.0036058502696151642
  ],
  [
    1551744000000,
    0.0034195784490345174
  ],
  [
    1551830400000,
    0.0036605332798987956
  ],
  [
    1551916800000,
    0.003493550771910049
  ],
  [
    1552003200000,
    0.0035673733528954
  ],
  [
    1552089600000,
    0.0034962116140064415
  ],
  [
    1552176000000,
    0.003465813079307141
  ],
  [
    1552262400000,
    0.003348713707325363
  ],
  [
    1552348800000,
    0.0033610727488876755
  ],
  [
    1552435200000,
    0.003473482084702059
  ],
  [
    1552521600000,
    0.0030701732541576193
  ],
  [
    1552608000000,
    0.003172492580210224
  ],
  [
    1552694400000,
    0.0031112140342625587
  ],
  [
    1552780800000,
    0.0031386690839283046
  ],
  [
    1552867200000,
    0.0032674215016553795
  ],
  [
    1552953600000,
    0.0031513478737142243
  ],
  [
    1553040000000,
    0.0031157366165259367
  ],
  [
    1553126400000,
    0.0034245705713844402
  ],
  [
    1553212800000,
    0.0033175171285160367
  ],
  [
    1553299200000,
    0.003392190555989517
  ],
  [
    1553385600000,
    0.0032282238805422655
  ],
  [
    1553472000000,
    0.0034012443172213433
  ],
  [
    1553558400000,
    0.003117604990230011
  ],
  [
    1553644800000,
    0.002948056975543005
  ],
  [
    1553731200000,
    0.0032533654418772148
  ],
  [
    1553817600000,
    0.003086614254710848
  ],
  [
    1553904000000,
    0.0030885662032565098
  ],
  [
    1553990400000,
    0.003065383822031029
  ],
  [
    1554076800000,
    0.00309023722024432
  ],
  [
    1554163200000,
    0.0030407374271814937
  ],
  [
    1554249600000,
    0.0035259616675770906
  ],
  [
    1554336000000,
    0.003408606063633001
  ],
  [
    1554422400000,
    0.003749592002325936
  ],
  [
    1554508800000,
    0.0035662770442008527
  ],
  [
    1554595200000,
    0.003248459744132142
  ],
  [
    1554681600000,
    0.003606624839011933
  ],
  [
    1554768000000,
    0.003413156764966595
  ],
  [
    1554854400000,
    0.0034759772965864562
  ],
  [
    1554940800000,
    0.003378128595845087
  ],
  [
    1555027200000,
    0.003472857235276229
  ],
  [
    1555113600000,
    0.0033368351460516376
  ],
  [
    1555200000000,
    0.003346884071162347
  ],
  [
    1555286400000,
    0.003492179933386031
  ],
  [
    1555372800000,
    0.0032525541647885465
  ],
  [
    1555459200000,
    0.003255181012762219
  ],
  [
    1555545600000,
    0.0034155061198807317
  ],
  [
    1555632000000,
    0.003526269164080648
  ],
  [
    1555718400000,
    0.003683528327079259
  ],
  [
    1555804800000,
    0.0037533919138925103
  ],
  [
    1555891200000,
    0.003474518559127157
  ],
  [
    1555977600000,
    0.003381873546461123
  ],
  [
    1556064000000,
    0.003625530473282602
  ],
  [
    1556150400000,
    0.0033481756156939265
  ],
  [
    1556236800000,
    0.003260095351150963
  ],
  [
    1556323200000,
    0.002991718510837256
  ],
  [
    1556409600000,
    0.003076142364818486
  ],
  [
    1556496000000,
    0.0029425538242945
  ],
  [
    1556582400000,
    0.0028759096076348147
  ],
  [
    1556668800000,
    0.00289553973832695
  ],
  [
    1556755200000,
    0.002711941020290283
  ],
  [
    1556841600000,
    0.0030603673961005036
  ],
  [
    1556928000000,
    0.003014637530310014
  ],
  [
    1557014400000,
    0.002887547628058495
  ],
  [
    1557100800000,
    0.00291469603695847
  ],
  [
    1557187200000,
    0.0030641183335684634
  ],
  [
    1557273600000,
    0.0032158314691866988
  ],
  [
    1557360000000,
    0.003393505707305135
  ],
  [
    1557446400000,
    0.003571170823782144
  ],
  [
    1557532800000,
    0.0032928164923286
  ],
  [
    1557619200000,
    0.0038677006389627767
  ],
  [
    1557705600000,
    0.003323941886519562
  ],
  [
    1557792000000,
    0.003576913671445067
  ],
  [
    1557878400000,
    0.0037156986659347938
  ],
  [
    1557964800000,
    0.0041513653953155665
  ],
  [
    1558051200000,
    0.003931694402630077
  ],
  [
    1558137600000,
    0.0035828347406855494
  ],
  [
    1558224000000,
    0.003130408471034912
  ],
  [
    1558310400000,
    0.0037478283550698927
  ],
  [
    1558396800000,
    0.003223680810093882
  ],
  [
    1558483200000,
    0.0030111331011427817
  ],
  [
    1558569600000,
    0.0030756861248117003
  ],
  [
    1558656000000,
    0.0034275411039716135
  ],
  [
    1558742400000,
    0.004443724808379945
  ],
  [
    1558828800000,
    0.003670281185468982
  ],
  [
    1558915200000,
    0.003725364352940449
  ],
  [
    1559001600000,
    0.004354692705768487
  ],
  [
    1559088000000,
    0.004011866935643435
  ],
  [
    1559174400000,
    0.004254856630158068
  ],
  [
    1559260800000,
    0.0035201924476621358
  ],
  [
    1559347200000,
    0.00409628800772952
  ],
  [
    1559433600000,
    0.004156971241930655
  ],
  [
    1559520000000,
    0.003647525670770408
  ],
  [
    1559606400000,
    0.003634320557996695
  ],
  [
    1559692800000,
    0.0035259235904756573
  ],
  [
    1559779200000,
    0.003692692698093549
  ],
  [
    1559865600000,
    0.003371158269393166
  ],
  [
    1559952000000,
    0.003758085681911503
  ],
  [
    1560038400000,
    0.003503240724947755
  ],
  [
    1560124800000,
    0.003047154624057355
  ],
  [
    1560211200000,
    0.0032668807189484617
  ],
  [
    1560297600000,
    0.003189290890014338
  ],
  [
    1560384000000,
    0.003506917370486504
  ],
  [
    1560470400000,
    0.0028946531310836644
  ],
  [
    1560556800000,
    0.0032439354153103437
  ],
  [
    1560643200000,
    0.0036243997231736585
  ],
  [
    1560729600000,
    0.0033223022602890356
  ],
  [
    1560816000000,
    0.003741310505313132
  ],
  [
    1560902400000,
    0.003282662529769855
  ],
  [
    1560988800000,
    0.003397398396440225
  ],
  [
    1561075200000,
    0.003840274741826625
  ],
  [
    1561161600000,
    0.004153316515142659
  ],
  [
    1561248000000,
    0.004011130767443284
  ],
  [
    1561334400000,
    0.004217069628329091
  ],
  [
    1561420800000,
    0.0045938044660108635
  ],
  [
    1561507200000,
    0.004660872587453227
  ],
  [
    1561593600000,
    0.004039088402651794
  ],
  [
    1561680000000,
    0.003866746595592166
  ],
  [
    1561766400000,
    0.004259780071245124
  ],
  [
    1561852800000,
    0.004376493675898681
  ],
  [
    1561939200000,
    0.00379026281175381
  ],
  [
    1562025600000,
    0.004198993260506205
  ],
  [
    1562112000000,
    0.0045770962544576495
  ],
  [
    1562198400000,
    0.004939645880304395
  ],
  [
    1562284800000,
    0.004079474337736141
  ],
  [
    1562371200000,
    0.0050491324086288985
  ],
  [
    1562457600000,
    0.0044349793543975264
  ],
  [
    1562544000000,
    0.004657672356228324
  ],
  [
    1562630400000,
    0.004232994396642108
  ],
  [
    1562716800000,
    0.0037855084552243312
  ],
  [
    1562803200000,
    0.0035120803242942
  ],
  [
    1562889600000,
    0.0036391170980637245
  ],
  [
    1562976000000,
    0.0031434871204112855
  ],
  [
    1563062400000,
    0.002561012229052681
  ],
  [
    1563148800000,
    0.0024075014964223497
  ],
  [
    1563235200000,
    0.002423025582321058
  ],
  [
    1563321600000,
    0.0018924288295388962
  ],
  [
    1563408000000,
    0.002144190427998356
  ],
  [
    1563494400000,
    0.002188074198864949
  ],
  [
    1563580800000,
    0.002162568215622198
  ],
  [
    1563667200000,
    0.002209640525277189
  ],
  [
    1563753600000,
    0.002218578772915056
  ],
  [
    1563840000000,
    0.002137017471807469
  ],
  [
    1563926400000,
    0.0020328547230905963
  ],
  [
    1564012800000,
    0.002107240696715449
  ],
  [
    1564099200000,
    0.0020993209525510073
  ],
  [
    1564185600000,
    0.0021737861118933306
  ],
  [
    1564272000000,
    0.0020093854714221247
  ],
  [
    1564358400000,
    0.0019859809601529997
  ],
  [
    1564444800000,
    0.0019703877458049804
  ],
  [
    1564531200000,
    0.001929145986742922
  ],
  [
    1564617600000,
    0.002121694280219733
  ],
  [
    1564704000000,
    0.0021517983756420157
  ],
  [
    1564790400000,
    0.002116474877538049
  ],
  [
    1564876800000,
    0.0021002179576067636
  ],
  [
    1564963200000,
    0.002016067245787081
  ],
  [
    1565049600000,
    0.0022328278302964377
  ],
  [
    1565136000000,
    0.002091753921389775
  ],
  [
    1565222400000,
    0.002079413413676901
  ],
  [
    1565308800000,
    0.001959625706679089
  ],
  [
    1565395200000,
    0.0020348850858676365
  ],
  [
    1565481600000,
    0.0017715665667446868
  ],
  [
    1565568000000,
    0.002068433542451144
  ],
  [
    1565654400000,
    0.0019218265482356435
  ],
  [
    1565740800000,
    0.001802216469555024
  ],
  [
    1565827200000,
    0.001734636945091573
  ],
  [
    1565913600000,
    0.0016158076384129299
  ],
  [
    1566000000000,
    0.0016646745686611651
  ],
  [
    1566086400000,
    0.0017622809982654752
  ],
  [
    1566172800000,
    0.0017947366540031148
  ],
  [
    1566259200000,
    0.0019208292223357934
  ],
  [
    1566345600000,
    0.0018906461617460334
  ],
  [
    1566432000000,
    0.001499535275103374
  ],
  [
    1566518400000,
    0.0015709382010257512
  ],
  [
    1566604800000,
    0.0016904395351445705
  ],
  [
    1566691200000,
    0.0016213158995669434
  ],
  [
    1566777600000,
    0.0015629663130562036
  ],
  [
    1566864000000,
    0.0015854905968354567
  ],
  [
    1566950400000,
    0.0015379020149474604
  ],
  [
    1567036800000,
    0.0015890029029361791
  ],
  [
    1567123200000,
    0.001610047135862351
  ],
  [
    1567209600000,
    0.0014592383357980142
  ],
  [
    1567296000000,
    0.0015953124775178785
  ],
  [
    1567382400000,
    0.0014692928690455275
  ],
  [
    1567468800000,
    0.0014684108753801025
  ],
  [
    1567555200000,
    0.0015433501985844932
  ],
  [
    1567641600000,
    0.0014791010315970419
  ],
  [
    1567728000000,
    0.00156489828029807
  ],
  [
    1567814400000,
    0.0020960430751222493
  ],
  [
    1567900800000,
    0.0020452079985849984
  ],
  [
    1567987200000,
    0.0024102583646870876
  ],
  [
    1568073600000,
    0.0023098351055390568
  ],
  [
    1568160000000,
    0.002475374502366983
  ],
  [
    1568246400000,
    0.00216199880561546
  ],
  [
    1568332800000,
    0.0022669811698956795
  ],
  [
    1568419200000,
    0.002716247937782398
  ],
  [
    1568505600000,
    0.002322841929034581
  ],
  [
    1568592000000,
    0.002817293532733857
  ],
  [
    1568678400000,
    0.0030085142609391755
  ],
  [
    1568764800000,
    0.0032338913318467094
  ],
  [
    1568851200000,
    0.00278463037351431
  ],
  [
    1568937600000,
    0.0035950985051795294
  ],
  [
    1569024000000,
    0.003149689331301504
  ],
  [
    1569110400000,
    0.0036536572859802293
  ],
  [
    1569196800000,
    0.0029829526189209562
  ],
  [
    1569283200000,
    0.0033195502268755935
  ],
  [
    1569369600000,
    0.0027063773205168442
  ],
  [
    1569456000000,
    0.0031378060205324563
  ],
  [
    1569542400000,
    0.002628712404164785
  ],
  [
    1569628800000,
    0.0030889097346687403
  ],
  [
    1569715200000,
    0.0030300080679158737
  ],
  [
    1569801600000,
    0.0030339143322636155
  ],
  [
    1569888000000,
    0.002697694560238866
  ],
  [
    1569974400000,
    0.0024525032916742524
  ],
  [
    1570060800000,
    0.0024525032916742524
  ],
  [
    1570147200000,
    0.002925003928309535
  ],
  [
    1570233600000,
    0.002910441800970112
  ],
  [
    1570320000000,
    0.0024683929906694577
  ],
  [
    1570406400000,
    0.002666656274164262
  ],
  [
    1570492800000,
    0.002696233238493744
  ],
  [
    1570579200000,
    0.0025417513803267376
  ],
  [
    1570665600000,
    0.002730435626511136
  ],
  [
    1570752000000,
    0.002590126101666781
  ],
  [
    1570838400000,
    0.002419232535657538
  ],
  [
    1570924800000,
    0.0025503349894118754
  ],
  [
    1571011200000,
    0.0023990225447314546
  ],
  [
    1571097600000,
    0.002583008282234798
  ],
  [
    1571184000000,
    0.003098656899081972
  ],
  [
    1571270400000,
    0.002836565456325517
  ],
  [
    1571356800000,
    0.002643971179231608
  ],
  [
    1571443200000,
    0.002645102463875206
  ],
  [
    1571529600000,
    0.0029208478615679796
  ],
  [
    1571616000000,
    0.0027972347716429076
  ],
  [
    1571702400000,
    0.002756622118892174
  ],
  [
    1571788800000,
    0.0027635972922005207
  ],
  [
    1571875200000,
    0.0024192635257924023
  ],
  [
    1571961600000,
    0.002396849377595229
  ],
  [
    1572048000000,
    0.0025247325319832565
  ],
  [
    1572134400000,
    0.002350364693592882
  ],
  [
    1572220800000,
    0.0018752042297779793
  ],
  [
    1572307200000,
    0.0026651260862605706
  ],
  [
    1572393600000,
    0.002298851250753366
  ],
  [
    1572480000000,
    0.0028514829668190712
  ],
  [
    1572566400000,
    0.002712017979899877
  ],
  [
    1572652800000,
    0.0027057153104057177
  ],
  [
    1572739200000,
    0.002393393704191799
  ],
  [
    1572825600000,
    0.0023736557826100025
  ],
  [
    1572912000000,
    0.0024786295874824555
  ],
  [
    1572998400000,
    0.0025755325264133866
  ],
  [
    1573084800000,
    0.0024714785716663996
  ],
  [
    1573171200000,
    0.0022945317904285354
  ],
  [
    1573257600000,
    0.0023316627844939116
  ],
  [
    1573344000000,
    0.002498244304783779
  ],
  [
    1573430400000,
    0.00235118940346394
  ],
  [
    1573516800000,
    0.0017406547539464145
  ],
  [
    1573603200000,
    0.0023265742120254563
  ],
  [
    1573689600000,
    0.002117668095554875
  ],
  [
    1573776000000,
    0.0022297851853624404
  ],
  [
    1573862400000,
    0.0019335695235605786
  ],
  [
    1573948800000,
    0.0019857620143527424
  ],
  [
    1574035200000,
    0.0016077578366650517
  ],
  [
    1574121600000,
    0.0018273427985420515
  ],
  [
    1574208000000,
    0.002363118388409565
  ],
  [
    1574294400000,
    0.00347492205780079
  ],
  [
    1574380800000,
    0.0024414281054109177
  ],
  [
    1574467200000,
    0.0027313622519406985
  ],
  [
    1574553600000,
    0.0030106759896450517
  ],
  [
    1574640000000,
    0.0024364558540550772
  ],
  [
    1574726400000,
    0.0024615022514162936
  ],
  [
    1574812800000,
    0.0024731503243360774
  ],
  [
    1574899200000,
    0.0029643372735523817
  ],
  [
    1574985600000,
    0.003312771974876283
  ],
  [
    1575072000000,
    0.002444287491971024
  ],
  [
    1575158400000,
    0.0027628704199155426
  ],
  [
    1575244800000,
    0.0025104694691613846
  ],
  [
    1575331200000,
    0.002485486535079216
  ],
  [
    1575417600000,
    0.002554164229156381
  ],
  [
    1575504000000,
    0.0022061299872709436
  ],
  [
    1575590400000,
    0.002049417791639663
  ],
  [
    1575676800000,
    0.0024405841334704734
  ],
  [
    1575763200000,
    0.002467753203120135
  ],
  [
    1575849600000,
    0.0026348631336124253
  ],
  [
    1575936000000,
    0.0027759748545699335
  ],
  [
    1576022400000,
    0.0025326014454093333
  ],
  [
    1576108800000,
    0.0024228064691573605
  ],
  [
    1576195200000,
    0.002098834461072648
  ],
  [
    1576281600000,
    0.0022000057215538042
  ],
  [
    1576368000000,
    0.0019490645587612154
  ],
  [
    1576454400000,
    0.0018623168623356963
  ],
  [
    1576540800000,
    0.0017613104715267353
  ],
  [
    1576627200000,
    0.001909282625936187
  ],
  [
    1576713600000,
    0.0018953199059211759
  ],
  [
    1576800000000,
    0.00182364481262462
  ],
  [
    1576886400000,
    0.001944073603534931
  ],
  [
    1576972800000,
    0.0018123864151634989
  ],
  [
    1577059200000,
    0.002039727268057639
  ],
  [
    1577145600000,
    0.001952657273251135
  ],
  [
    1577232000000,
    0.002117068126085429
  ],
  [
    1577318400000,
    0.0019049172288049397
  ],
  [
    1577404800000,
    0.001860814176136992
  ],
  [
    1577491200000,
    0.001964085538868946
  ],
  [
    1577577600000,
    0.0018835142126076424
  ],
  [
    1577664000000,
    0.0022537022795848624
  ],
  [
    1577750400000,
    0.0019613218557581434
  ],
  [
    1577836800000,
    0.0018738273087537055
  ],
  [
    1577923200000,
    0.0018798512499243237
  ],
  [
    1578009600000,
    0.0019223297621216429
  ],
  [
    1578096000000,
    0.002049961942104806
  ],
  [
    1578182400000,
    0.0018377957174146894
  ],
  [
    1578268800000,
    0.001873310838728131
  ],
  [
    1578355200000,
    0.0020096785574600074
  ],
  [
    1578441600000,
    0.0023026312423719856
  ],
  [
    1578528000000,
    0.0020775304314353867
  ],
  [
    1578614400000,
    0.0023733660777045455
  ],
  [
    1578700800000,
    0.0023520281969434493
  ],
  [
    1578787200000,
    0.002226380206815757
  ],
  [
    1578873600000,
    0.002092430510003504
  ],
  [
    1578960000000,
    0.002279162594315437
  ],
  [
    1579046400000,
    0.002471646298482082
  ],
  [
    1579132800000,
    0.0025482892520409034
  ],
  [
    1579219200000,
    0.0022824613663614485
  ],
  [
    1579305600000,
    0.0026714065639448234
  ],
  [
    1579392000000,
    0.002628693661100629
  ],
  [
    1579478400000,
    0.0025520734871395186
  ],
  [
    1579564800000,
    0.0026162442105109093
  ],
  [
    1579651200000,
    0.002530321171336291
  ],
  [
    1579737600000,
    0.002331421987722879
  ],
  [
    1579824000000,
    0.0023303104636704795
  ],
  [
    1579910400000,
    0.002201139184661225
  ],
  [
    1579996800000,
    0.00235736772366487
  ],
  [
    1580083200000,
    0.0029005712011057924
  ],
  [
    1580169600000,
    0.0023564279784657016
  ],
  [
    1580256000000,
    0.0023824788118700464
  ],
  [
    1580342400000,
    0.002366585504493884
  ],
  [
    1580428800000,
    0.0019920725150021977
  ],
  [
    1580515200000,
    0.002074822210957447
  ],
  [
    1580601600000,
    0.002384992926078288
  ],
  [
    1580688000000,
    0.0021768678331519414
  ],
  [
    1580774400000,
    0.002123432458649635
  ],
  [
    1580860800000,
    0.001878344282357476
  ],
  [
    1580947200000,
    0.0020463758014924384
  ],
  [
    1581033600000,
    0.0018090991550679435
  ],
  [
    1581120000000,
    0.0019325471326021853
  ],
  [
    1581206400000,
    0.002213856372158673
  ],
  [
    1581292800000,
    0.002162739652563593
  ],
  [
    1581379200000,
    0.0020478671474332645
  ],
  [
    1581465600000,
    0.001982625841794394
  ],
  [
    1581552000000,
    0.0018064369216893117
  ],
  [
    1581638400000,
    0.0019938025929693293
  ],
  [
    1581724800000,
    0.0018756295573580891
  ],
  [
    1581811200000,
    0.0017892485665374084
  ],
  [
    1581897600000,
    0.0017100396982712134
  ],
  [
    1581984000000,
    0.0016271064542596001
  ],
  [
    1582070400000,
    0.0017414739723508274
  ],
  [
    1582156800000,
    0.001831228911746409
  ],
  [
    1582243200000,
    0.002521557293447862
  ],
  [
    1582329600000,
    0.0025039104861501412
  ],
  [
    1582416000000,
    0.0019466287259640872
  ],
  [
    1582502400000,
    0.0024507868437367484
  ],
  [
    1582588800000,
    0.0019930662646945657
  ],
  [
    1582675200000,
    0.0020892800327064935
  ],
  [
    1582761600000,
    0.0018993469566587723
  ],
  [
    1582848000000,
    0.0018073033864001843
  ],
  [
    1582934400000,
    0.001904423056755085
  ],
  [
    1583020800000,
    0.0018855995534219467
  ],
  [
    1583107200000,
    0.0017525988793319308
  ],
  [
    1583193600000,
    0.002003942430063568
  ],
  [
    1583280000000,
    0.001971013961701126
  ],
  [
    1583366400000,
    0.001978680998749079
  ],
  [
    1583452800000,
    0.0018469700681468504
  ],
  [
    1583539200000,
    0.0019477730192298504
  ],
  [
    1583625600000,
    0.0019655983874524853
  ],
  [
    1583712000000,
    0.0012635471910148108
  ],
  [
    1583798400000,
    0.0012602165510890646
  ],
  [
    1583884800000,
    0.0012696057395490184
  ],
  [
    1583971200000,
    0.001464485913135168
  ],
  [
    1584057600000,
    0.0007255187440229111
  ],
  [
    1584144000000,
    0.0008917784172868124
  ],
  [
    1584230400000,
    0.0007778512461671427
  ],
  [
    1584316800000,
    0.0007987945396130622
  ],
  [
    1584403200000,
    0.0007771280096044043
  ],
  [
    1584489600000,
    0.000884938785221076
  ],
  [
    1584576000000,
    0.0007771833403604782
  ],
  [
    1584662400000,
    0.0009584945541297457
  ],
  [
    1584748800000,
    0.000968474111250833
  ],
  [
    1584835200000,
    0.0009558935955974298
  ],
  [
    1584921600000,
    0.000924751992012192
  ],
  [
    1585008000000,
    0.0008529689038543065
  ],
  [
    1585094400000,
    0.000717096511430576
  ],
  [
    1585180800000,
    0.0009369710538020951
  ],
  [
    1585267200000,
    0.0008825377835303163
  ],
  [
    1585353600000,
    0.0006904175935160909
  ],
  [
    1585440000000,
    0.0006814473467572691
  ],
  [
    1585526400000,
    0.0006920329891791937
  ],
  [
    1585612800000,
    0.0006686209988436124
  ],
  [
    1585699200000,
    0.0007552887258229643
  ],
  [
    1585785600000,
    0.0005547745159362218
  ],
  [
    1585872000000,
    0.0007725943334174806
  ],
  [
    1585958400000,
    0.0007600189484114513
  ],
  [
    1586044800000,
    0.0006579330576859698
  ],
  [
    1586131200000,
    0.0007272783923979475
  ],
  [
    1586217600000,
    0.0008438142105000664
  ],
  [
    1586304000000,
    0.000765473732842965
  ],
  [
    1586390400000,
    0.0008545140347445513
  ],
  [
    1586476800000,
    0.001166414239870351
  ],
  [
    1586563200000,
    0.0010630241511214976
  ],
  [
    1586649600000,
    0.0010412258748782011
  ],
  [
    1586736000000,
    0.0011083828242221087
  ],
  [
    1586822400000,
    0.0011380330235778123
  ],
  [
    1586908800000,
    0.0011142303803661484
  ],
  [
    1586995200000,
    0.0008760916562605796
  ],
  [
    1587081600000,
    0.001223170196403734
  ],
  [
    1587168000000,
    0.0010616052813226385
  ],
  [
    1587254400000,
    0.0011573770312673186
  ],
  [
    1587340800000,
    0.0011109980031335635
  ],
  [
    1587427200000,
    0.001111027049482847
  ],
  [
    1587513600000,
    0.0010187969349430047
  ],
  [
    1587600000000,
    0.001155418713645715
  ],
  [
    1587686400000,
    0.0011246669885110882
  ],
  [
    1587772800000,
    0.0012879199382224559
  ],
  [
    1587859200000,
    0.0012667874698119373
  ],
  [
    1587945600000,
    0.001281121975689125
  ],
  [
    1588032000000,
    0.0012636610883454786
  ],
  [
    1588118400000,
    0.001289720765739379
  ],
  [
    1588204800000,
    0.0013720289826547173
  ],
  [
    1588291200000,
    0.0012777430903756625
  ],
  [
    1588377600000,
    0.0009100526766425807
  ],
  [
    1588464000000,
    0.000943843724167287
  ],
  [
    1588550400000,
    0.0008442049756053405
  ],
  [
    1588636800000,
    0.0010164370300160188
  ],
  [
    1588723200000,
    0.0011050347327841378
  ],
  [
    1588809600000,
    0.0007971056640519123
  ],
  [
    1588896000000,
    0.0009283590488324143
  ],
  [
    1588982400000,
    0.0009381608152032938
  ],
  [
    1589068800000,
    0.000986984731909799
  ],
  [
    1589155200000,
    0.0008931613735006703
  ],
  [
    1589241600000,
    0.0008660728847268806
  ],
  [
    1589328000000,
    0.0009947466671674193
  ],
  [
    1589414400000,
    0.000752921808313771
  ],
  [
    1589500800000,
    0.0007411637092026404
  ],
  [
    1589587200000,
    0.0006899706749026005
  ],
  [
    1589673600000,
    0.0007707767510556992
  ],
  [
    1589760000000,
    0.0008029765252655431
  ],
  [
    1589846400000,
    0.0008267736524466858
  ],
  [
    1589932800000,
    0.0008470128074705108
  ],
  [
    1590019200000,
    0.0007919451001795548
  ],
  [
    1590105600000,
    0.0008476088132630921
  ],
  [
    1590192000000,
    0.0009333395941995351
  ],
  [
    1590278400000,
    0.000780215263475249
  ],
  [
    1590364800000,
    0.0006646543490028153
  ],
  [
    1590451200000,
    0.0006683973432236135
  ],
  [
    1590537600000,
    0.000440340944102308
  ],
  [
    1590624000000,
    0.00048020634481647795
  ],
  [
    1590710400000,
    0.000629772240177273
  ],
  [
    1590796800000,
    0.0006136187476478832
  ],
  [
    1590883200000,
    0.0007431630790637959
  ],
  [
    1590969600000,
    0.0007169934185087724
  ],
  [
    1591056000000,
    0.0007725267170951584
  ],
  [
    1591142400000,
    0.0007037993696831329
  ],
  [
    1591228800000,
    0.0006938313466326852
  ],
  [
    1591315200000,
    0.0007131649557278784
  ],
  [
    1591401600000,
    0.0007135196662607476
  ],
  [
    1591488000000,
    0.0006545200032596067
  ],
  [
    1591574400000,
    0.0005854889202783637
  ],
  [
    1591660800000,
    0.0005906265889720185
  ],
  [
    1591747200000,
    0.0006010913269754219
  ],
  [
    1591833600000,
    0.000607717512519177
  ],
  [
    1591920000000,
    0.0005533848019548811
  ],
  [
    1592006400000,
    0.0005744082088504376
  ],
  [
    1592092800000,
    0.0005718152720790584
  ],
  [
    1592179200000,
    0.0005579459848265581
  ],
  [
    1592265600000,
    0.000551484663465026
  ],
  [
    1592352000000,
    0.0005498748476870176
  ],
  [
    1592438400000,
    0.0005448412938612696
  ],
  [
    1592524800000,
    0.0005029507637154295
  ],
  [
    1592611200000,
    0.0004747995585217906
  ],
  [
    1592697600000,
    0.00045048687180533164
  ],
  [
    1592784000000,
    0.000466794122664539
  ],
  [
    1592870400000,
    0.00043112659726971117
  ],
  [
    1592956800000,
    0.00044088845216161404
  ],
  [
    1593043200000,
    0.00047718819785655045
  ],
  [
    1593129600000,
    0.00041423583877201207
  ],
  [
    1593216000000,
    0.0004414862162183087
  ],
  [
    1593302400000,
    0.0004331187261656232
  ],
  [
    1593388800000,
    0.0004452719040362113
  ],
  [
    1593475200000,
    0.0004315213647523506
  ],
  [
    1593561600000,
    0.0004264521027754579
  ],
  [
    1593648000000,
    0.00043452316366053063
  ],
  [
    1593734400000,
    0.0004191515954350489
  ],
  [
    1593820800000,
    0.00040944896838856587
  ],
  [
    1593907200000,
    0.0004232611855449615
  ],
  [
    1593993600000,
    0.0004319521181933394
  ],
  [
    1594080000000,
    0.00046297749311926254
  ],
  [
    1594166400000,
    0.0004603388032274866
  ],
  [
    1594252800000,
    0.0005977368080585193
  ],
  [
    1594339200000,
    0.0004825055529308924
  ],
  [
    1594425600000,
    0.00048273734110666376
  ],
  [
    1594512000000,
    0.00047459986345034
  ],
  [
    1594598400000,
    0.00047547396464591243
  ],
  [
    1594684800000,
    0.0004781941036923217
  ],
  [
    1594771200000,
    0.0004755201391999655
  ],
  [
    1594857600000,
    0.0004716852585404702
  ],
  [
    1594944000000,
    0.0004359611986151048
  ],
  [
    1595030400000,
    0.00046028884427338487
  ],
  [
    1595116800000,
    0.00046613491759127303
  ],
  [
    1595203200000,
    0.00047510883939516554
  ],
  [
    1595289600000,
    0.0004334960472493916
  ],
  [
    1595376000000,
    0.0005424578342082629
  ],
  [
    1595462400000,
    0.0004845176129494892
  ],
  [
    1595548800000,
    0.0005327512629362887
  ],
  [
    1595635200000,
    0.0005370934802557478
  ],
  [
    1595721600000,
    0.0005887882454916336
  ],
  [
    1595808000000,
    0.0005805051791604494
  ],
  [
    1595894400000,
    0.000609821127396608
  ],
  [
    1595980800000,
    0.0005752133090524734
  ],
  [
    1596067200000,
    0.0005866537296579508
  ],
  [
    1596153600000,
    0.0005671742967276683
  ],
  [
    1596240000000,
    0.0005818045988313405
  ],
  [
    1596326400000,
    0.000599127485065538
  ],
  [
    1596412800000,
    0.0005356511214850766
  ],
  [
    1596499200000,
    0.0005642996309188419
  ],
  [
    1596585600000,
    0.0005002394533921597
  ],
  [
    1596672000000,
    0.0005297001343344908
  ],
  [
    1596758400000,
    0.0006948753920588127
  ],
  [
    1596844800000,
    0.0006175441155376831
  ],
  [
    1596931200000,
    0.0005943561146449034
  ],
  [
    1597017600000,
    0.0005673465216064205
  ],
  [
    1597104000000,
    0.0006583999114804694
  ],
  [
    1597190400000,
    0.0006490280815711188
  ],
  [
    1597276800000,
    0.0007127793858287308
  ],
  [
    1597363200000,
    0.0007926035711837107
  ],
  [
    1597449600000,
    0.0008095005811166102
  ],
  [
    1597536000000,
    0.0007522132399301393
  ],
  [
    1597622400000,
    0.0007696384552409842
  ],
  [
    1597708800000,
    0.0006679520101079542
  ],
  [
    1597795200000,
    0.0006603773960338973
  ],
  [
    1597881600000,
    0.0006157913646441852
  ],
  [
    1597968000000,
    0.0007029171576436421
  ],
  [
    1598054400000,
    0.0006540425029902785
  ],
  [
    1598140800000,
    0.0006762997203809272
  ],
  [
    1598227200000,
    0.0006502474758998911
  ],
  [
    1598313600000,
    0.0007010610218287074
  ],
  [
    1598400000000,
    0.000708314957366879
  ],
  [
    1598486400000,
    0.0006009732198648254
  ],
  [
    1598572800000,
    0.0006736066544345979
  ],
  [
    1598659200000,
    0.0006957085816608286
  ],
  [
    1598745600000,
    0.000755734992677507
  ],
  [
    1598832000000,
    0.0008729246568928985
  ],
  [
    1598918400000,
    0.0008677323827312087
  ],
  [
    1599004800000,
    0.001001619781626691
  ],
  [
    1599091200000,
    0.0007767452331103194
  ],
  [
    1599177600000,
    0.000612381881419379
  ],
  [
    1599264000000,
    0.0006604462284350625
  ],
  [
    1599350400000,
    0.0006225750147023259
  ],
  [
    1599436800000,
    0.0006521126417117824
  ],
  [
    1599523200000,
    0.0006374405818549176
  ],
  [
    1599609600000,
    0.000612018929343665
  ],
  [
    1599696000000,
    0.0005169380123844446
  ],
  [
    1599782400000,
    0.00047800800362407905
  ],
  [
    1599868800000,
    0.0005462040047484575
  ],
  [
    1599955200000,
    0.0005541154376625299
  ],
  [
    1600041600000,
    0.0005772952961701309
  ],
  [
    1600128000000,
    0.000605719628533928
  ],
  [
    1600214400000,
    0.000590992864530995
  ],
  [
    1600300800000,
    0.0006038534451236876
  ],
  [
    1600387200000,
    0.0006496283248402552
  ],
  [
    1600473600000,
    0.0006655143978158517
  ],
  [
    1600560000000,
    0.0006861294353780638
  ],
  [
    1600646400000,
    0.0006690137119652305
  ],
  [
    1600732800000,
    0.0005672620665277026
  ],
  [
    1600819200000,
    0.0005472177184683243
  ],
  [
    1600905600000,
    0.0006042374846718068
  ],
  [
    1600992000000,
    0.0005143337045154956
  ],
  [
    1601078400000,
    0.00045783184591922585
  ],
  [
    1601164800000,
    0.0006065441930959943
  ],
  [
    1601251200000,
    0.0005351455196068238
  ],
  [
    1601337600000,
    0.0006334065599113473
  ],
  [
    1601424000000,
    0.000528662285326625
  ],
  [
    1601510400000,
    0.0006218138859606775
  ],
  [
    1601596800000,
    0.0005852051070623612
  ],
  [
    1601683200000,
    0.0005815695927916982
  ],
  [
    1601769600000,
    0.0006108502100742304
  ],
  [
    1601856000000,
    0.0005989712064640377
  ],
  [
    1601942400000,
    0.0005767544400158139
  ],
  [
    1602028800000,
    0.0004321810456806565
  ],
  [
    1602115200000,
    0.0004133920130213936
  ],
  [
    1602201600000,
    0.000509036951062848
  ],
  [
    1602288000000,
    0.0005008403886313839
  ],
  [
    1602374400000,
    0.0005253674221854671
  ],
  [
    1602460800000,
    0.000523930678238825
  ],
  [
    1602547200000,
    0.0005577652973526755
  ],
  [
    1602633600000,
    0.0005495357169200755
  ],
  [
    1602720000000,
    0.0005575654006307929
  ],
  [
    1602806400000,
    0.0005390035923962824
  ],
  [
    1602892800000,
    0.0005269672886246846
  ],
  [
    1602979200000,
    0.0005155373901474987
  ],
  [
    1603065600000,
    0.0005399533931792247
  ],
  [
    1603152000000,
    0.0005576342802775866
  ],
  [
    1603238400000,
    0.0005374856303545129
  ],
  [
    1603324800000,
    0.0005576237535208691
  ],
  [
    1603411200000,
    0.0005833185104485311
  ],
  [
    1603497600000,
    0.0005070448524404098
  ],
  [
    1603584000000,
    0.00041888508158270844
  ],
  [
    1603670400000,
    0.0005322405862371657
  ],
  [
    1603756800000,
    0.000425536290358256
  ],
  [
    1603843200000,
    0.00043510557657785255
  ],
  [
    1603929600000,
    0.0003943102819385644
  ],
  [
    1604016000000,
    0.000445275291102963
  ],
  [
    1604102400000,
    0.0005060619589058419
  ],
  [
    1604188800000,
    0.00044638597459781
  ],
  [
    1604275200000,
    0.0004256859698862416
  ],
  [
    1604361600000,
    0.0004329542878898041
  ],
  [
    1604448000000,
    0.0004454406088319224
  ],
  [
    1604534400000,
    0.0004977160842509449
  ],
  [
    1604620800000,
    0.000539777040040677
  ],
  [
    1604707200000,
    0.0005285245721428609
  ],
  [
    1604793600000,
    0.0004919769798504219
  ],
  [
    1604880000000,
    0.0005137429455590696
  ],
  [
    1604966400000,
    0.0005072473552217028
  ],
  [
    1605052800000,
    0.0004918294142766818
  ],
  [
    1605139200000,
    0.0005572861298754146
  ],
  [
    1605225600000,
    0.0005999018011862021
  ],
  [
    1605312000000,
    0.0006135436857275522
  ],
  [
    1605398400000,
    0.0005978570045536178
  ],
  [
    1605484800000,
    0.0005833634188208661
  ],
  [
    1605571200000,
    0.0005608012326689372
  ],
  [
    1605657600000,
    0.0006411524953814795
  ],
  [
    1605744000000,
    0.0006911829155267357
  ],
  [
    1605830400000,
    0.0006980455887448701
  ],
  [
    1605916800000,
    0.0006865532556481032
  ],
  [
    1606003200000,
    0.0005190293746344891
  ],
  [
    1606089600000,
    0.0005482673090509129
  ],
  [
    1606176000000,
    0.00046818221485598867
  ],
  [
    1606262400000,
    0.0007274429370162773
  ],
  [
    1606348800000,
    0.0008507795667040821
  ],
  [
    1606435200000,
    0.0007216180678761936
  ],
  [
    1606521600000,
    0.0005844879184667063
  ],
  [
    1606608000000,
    0.000586431437647304
  ],
  [
    1606694400000,
    0.0006243119404109077
  ],
  [
    1606780800000,
    0.0005844363058040039
  ],
  [
    1606867200000,
    0.001028932576995249
  ],
  [
    1606953600000,
    0.0009493268435740491
  ],
  [
    1607040000000,
    0.0011322235464430114
  ],
  [
    1607126400000,
    0.0009098010744940077
  ],
  [
    1607212800000,
    0.0010529219671121652
  ],
  [
    1607299200000,
    0.001076670701717171
  ],
  [
    1607385600000,
    0.0009832420590593037
  ],
  [
    1607472000000,
    0.0009950138589988713
  ],
  [
    1607558400000,
    0.0010837300654742367
  ],
  [
    1607644800000,
    0.0010336458327563857
  ],
  [
    1607731200000,
    0.000990990444667252
  ],
  [
    1607817600000,
    0.0010117680540825784
  ],
  [
    1607904000000,
    0.0010686935242022052
  ],
  [
    1607990400000,
    0.0009777038815982214
  ],
  [
    1608076800000,
    0.0009636050401151792
  ],
  [
    1608163200000,
    0.00146553811672969
  ],
  [
    1608249600000,
    0.0014934281404188497
  ],
  [
    1608336000000,
    0.0015611594775927602
  ],
  [
    1608422400000,
    0.0021879723924833555
  ],
  [
    1608508800000,
    0.0020638874141209957
  ],
  [
    1608595200000,
    0.0016693900317798086
  ],
  [
    1608681600000,
    0.0019027362818357038
  ],
  [
    1608768000000,
    0.001671600738507754
  ],
  [
    1608854400000,
    0.0015498088956696623
  ],
  [
    1608940800000,
    0.0016239291620482041
  ],
  [
    1609027200000,
    0.0015231761404733766
  ],
  [
    1609113600000,
    0.001679985216049494
  ],
  [
    1609200000000,
    0.001884654471210333
  ],
  [
    1609286400000,
    0.0013383712190307817
  ],
  [
    1609372800000,
    0.0015441949197261657
  ],
  [
    1609459200000,
    0.0013040172085398145
  ],
  [
    1609545600000,
    0.001406990340838457
  ],
  [
    1609632000000,
    0.001541834374291422
  ],
  [
    1609718400000,
    0.0019311831782602585
  ],
  [
    1609804800000,
    0.0018182857020620548
  ],
  [
    1609891200000,
    0.0016478277891814317
  ],
  [
    1609977600000,
    0.0018193850790133457
  ],
  [
    1610064000000,
    0.0019109488778310429
  ],
  [
    1610150400000,
    0.0025617691876908045
  ],
  [
    1610236800000,
    0.0018503215121990736
  ],
  [
    1610323200000,
    0.0015443159979595987
  ],
  [
    1610409600000,
    0.0014764112466424735
  ],
  [
    1610496000000,
    0.0014993609424248338
  ],
  [
    1610582400000,
    0.0018481052328298685
  ],
  [
    1610668800000,
    0.0019495712132516828
  ],
  [
    1610755200000,
    0.0019291111140541238
  ],
  [
    1610841600000,
    0.0016613620485032609
  ],
  [
    1610928000000,
    0.0015347795376914
  ],
  [
    1611014400000,
    0.0018342411302932524
  ],
  [
    1611100800000,
    0.0018125528233417924
  ],
  [
    1611187200000,
    0.0014842667714168084
  ],
  [
    1611273600000,
    0.00175172566808079
  ],
  [
    1611360000000,
    0.0014308051364481924
  ],
  [
    1611446400000,
    0.0013764517521782354
  ],
  [
    1611532800000,
    0.0014258906160284953
  ],
  [
    1611619200000,
    0.0014879762771547096
  ],
  [
    1611705600000,
    0.001615376275218507
  ],
  [
    1611792000000,
    0.0014774678374996483
  ],
  [
    1611878400000,
    0.0013345318046256475
  ],
  [
    1611964800000,
    0.0015712714835859438
  ],
  [
    1612051200000,
    0.0015123188524488688
  ],
  [
    1612137600000,
    0.001226351252209039
  ],
  [
    1612224000000,
    0.0016486211326721054
  ],
  [
    1612310400000,
    0.001066782795729527
  ],
  [
    1612396800000,
    0.0018157020064743467
  ],
  [
    1612483200000,
    0.0011203985610485781
  ],
  [
    1612569600000,
    0.0018731783869827476
  ],
  [
    1612656000000,
    0.0013150730274757057
  ],
  [
    1612742400000,
    0.0015268832139450157
  ],
  [
    1612828800000,
    0.0011675482289688318
  ],
  [
    1612915200000,
    0.0022701388345795757
  ],
  [
    1613001600000,
    0.0015769879713843369
  ],
  [
    1613088000000,
    0.0015697413819237113
  ],
  [
    1613174400000,
    0.0024974799187617368
  ],
  [
    1613260800000,
    0.0019087272537085932
  ],
  [
    1613347200000,
    0.0017750899390635872
  ],
  [
    1613433600000,
    0.001690147172738983
  ],
  [
    1613520000000,
    0.001476874244304679
  ],
  [
    1613606400000,
    0.0015483481209595273
  ],
  [
    1613692800000,
    0.0015606664132190588
  ],
  [
    1613779200000,
    0.001459338947292614
  ],
  [
    1613865600000,
    0.0014888694733176113
  ],
  [
    1613952000000,
    0.0014506667328388191
  ],
  [
    1614038400000,
    0.0013290431335564433
  ],
  [
    1614124800000,
    0.0013133899099468892
  ],
  [
    1614211200000,
    0.001408467428559028
  ],
  [
    1614297600000,
    0.0011246551364847575
  ],
  [
    1614384000000,
    0.0010636332043109677
  ],
  [
    1614470400000,
    0.0013819042478411493
  ],
  [
    1614556800000,
    0.0013532403830372186
  ],
  [
    1614643200000,
    0.0012452106111225216
  ],
  [
    1614729600000,
    0.001175517281940926
  ],
  [
    1614816000000,
    0.0014218202915199326
  ],
  [
    1614902400000,
    0.0013540004917421203
  ],
  [
    1614988800000,
    0.0012319611920175908
  ],
  [
    1615075200000,
    0.0017223185893649176
  ],
  [
    1615161600000,
    0.001696511644842625
  ],
  [
    1615248000000,
    0.0018408570282268538
  ],
  [
    1615334400000,
    0.0010876016369545253
  ],
  [
    1615420800000,
    0.001882351311668481
  ],
  [
    1615507200000,
    0.0020353996419458635
  ],
  [
    1615593600000,
    0.002048753959264056
  ],
  [
    1615680000000,
    0.0014738718927552541
  ],
  [
    1615766400000,
    0.001545946060541204
  ],
  [
    1615852800000,
    0.0019070456691089787
  ],
  [
    1615939200000,
    0.0014572610386964844
  ],
  [
    1616025600000,
    0.001695998922901929
  ],
  [
    1616112000000,
    0.0013961339405192989
  ],
  [
    1616198400000,
    0.00185452454000863
  ],
  [
    1616284800000,
    0.0017609973538683665
  ],
  [
    1616371200000,
    0.0014249562909817851
  ],
  [
    1616457600000,
    0.0015508380543846102
  ],
  [
    1616544000000,
    0.0014154238273252683
  ],
  [
    1616630400000,
    0.001197699807678363
  ],
  [
    1616716800000,
    0.0015578704505213674
  ],
  [
    1616803200000,
    0.0015445508503897822
  ],
  [
    1616889600000,
    0.001681636200389605
  ],
  [
    1616976000000,
    0.0014342267212378815
  ],
  [
    1617062400000,
    0.0017780641961447502
  ],
  [
    1617148800000,
    0.0017888383653452925
  ],
  [
    1617235200000,
    0.002150040491776303
  ],
  [
    1617321600000,
    0.0015384630596398392
  ],
  [
    1617408000000,
    0.0020162406030359045
  ],
  [
    1617494400000,
    0.00228329135073956
  ],
  [
    1617580800000,
    0.0020713349729330807
  ],
  [
    1617667200000,
    0.002423636524869371
  ],
  [
    1617753600000,
    0.002983138763088816
  ],
  [
    1617840000000,
    0.003256362591065101
  ],
  [
    1617926400000,
    0.002143333115010696
  ],
  [
    1618012800000,
    0.0030454004002089686
  ],
  [
    1618099200000,
    0.0033256768146804876
  ],
  [
    1618185600000,
    0.0033080828839689423
  ],
  [
    1618272000000,
    0.0028266696144241747
  ],
  [
    1618358400000,
    0.0035876912929898377
  ],
  [
    1618444800000,
    0.00297208887400972
  ],
  [
    1618531200000,
    0.003258452918333522
  ],
  [
    1618617600000,
    0.0030556855544034015
  ],
  [
    1618704000000,
    0.002732375560548537
  ],
  [
    1618790400000,
    0.0030263663956474275
  ],
  [
    1618876800000,
    0.00234414611520975
  ],
  [
    1618963200000,
    0.0026273405339219905
  ],
  [
    1619049600000,
    0.002541956325208245
  ],
  [
    1619136000000,
    0.002521058065528254
  ],
  [
    1619222400000,
    0.0029224017996025606
  ],
  [
    1619308800000,
    0.003340301635278619
  ],
  [
    1619395200000,
    0.003021656891164619
  ],
  [
    1619481600000,
    0.002936525926806108
  ],
  [
    1619568000000,
    0.0030468639775951723
  ],
  [
    1619654400000,
    0.003127667971917595
  ],
  [
    1619740800000,
    0.0031331541292654898
  ],
  [
    1619827200000,
    0.003608994370157806
  ],
  [
    1619913600000,
    0.004448705638540859
  ],
  [
    1620000000000,
    0.003823062326287972
  ],
  [
    1620086400000,
    0.0035762947278955804
  ],
  [
    1620172800000,
    0.0031017733179221924
  ],
  [
    1620259200000,
    0.0033627881029365714
  ],
  [
    1620345600000,
    0.0032184739564695393
  ],
  [
    1620432000000,
    0.0038347179246897836
  ],
  [
    1620518400000,
    0.0036026153244348184
  ],
  [
    1620604800000,
    0.003942472732697152
  ],
  [
    1620691200000,
    0.0033802892489206244
  ],
  [
    1620777600000,
    0.003517357862582896
  ],
  [
    1620864000000,
    0.004044632796083789
  ],
  [
    1620950400000,
    0.002501330953061569
  ],
  [
    1621036800000,
    0.002316588836181458
  ],
  [
    1621123200000,
    0.0023221343719005867
  ],
  [
    1621209600000,
    0.0031834932021661843
  ],
  [
    1621296000000,
    0.003115031250455215
  ],
  [
    1621382400000,
    0.003167641058011005
  ],
  [
    1621468800000,
    0.002529588720395257
  ],
  [
    1621555200000,
    0.0028747504653142083
  ],
  [
    1621641600000,
    0.002736352919924235
  ],
  [
    1621728000000,
    0.0024033626727781266
  ],
  [
    1621814400000,
    0.0022941138101107658
  ],
  [
    1621900800000,
    0.002626755135083719
  ],
  [
    1621987200000,
    0.0030413265318212476
  ],
  [
    1622073600000,
    0.0031875525893343168
  ],
  [
    1622160000000,
    0.0017487055438781655
  ],
  [
    1622246400000,
    0.00212979255942944
  ],
  [
    1622332800000,
    0.0015036916501829224
  ],
  [
    1622419200000,
    0.0013488730495382908
  ],
  [
    1622505600000,
    0.0017344920173691634
  ],
  [
    1622592000000,
    0.0018869244245881638
  ],
  [
    1622678400000,
    0.0016298726621871895
  ],
  [
    1622764800000,
    0.0023990384688808266
  ],
  [
    1622851200000,
    0.001844582740552202
  ],
  [
    1622937600000,
    0.0016393658548436636
  ],
  [
    1623024000000,
    0.0020500773786934563
  ],
  [
    1623110400000,
    0.001828612975677554
  ],
  [
    1623196800000,
    0.0018938231987203989
  ],
  [
    1623283200000,
    0.0017500747552439324
  ],
  [
    1623369600000,
    0.0015753074005360175
  ],
  [
    1623456000000,
    0.0016575341673489587
  ],
  [
    1623542400000,
    0.0015492006691149639
  ],
  [
    1623628800000,
    0.0017518291731012632
  ],
  [
    1623715200000,
    0.0015722479377635976
  ],
  [
    1623801600000,
    0.0018928644972089858
  ],
  [
    1623888000000,
    0.0014688120641654031
  ],
  [
    1623974400000,
    0.0017250524895072847
  ],
  [
    1624060800000,
    0.001602878925485229
  ],
  [
    1624147200000,
    0.0015315375534927615
  ],
  [
    1624233600000,
    0.0015849382815740613
  ],
  [
    1624320000000,
    0.0014837846057145546
  ],
  [
    1624406400000,
    0.0016523248327590266
  ],
  [
    1624492800000,
    0.001584767838504598
  ],
  [
    1624579200000,
    0.0015720056928122763
  ],
  [
    1624665600000,
    0.001570780529313881
  ],
  [
    1624752000000,
    0.001523877030139387
  ],
  [
    1624838400000,
    0.001911398245110318
  ],
  [
    1624924800000,
    0.0016399074451724492
  ],
  [
    1625011200000,
    0.0018341455213762487
  ],
  [
    1625097600000,
    0.0019556041805801555
  ],
  [
    1625184000000,
    0.0017086964852359948
  ],
  [
    1625270400000,
    0.0018353981451250507
  ],
  [
    1625356800000,
    0.0018330076934640921
  ],
  [
    1625443200000,
    0.001981302080586753
  ],
  [
    1625529600000,
    0.0018019474408172195
  ],
  [
    1625616000000,
    0.0019883962732690327
  ],
  [
    1625702400000,
    0.001838995041560795
  ],
  [
    1625788800000,
    0.0017009335131299677
  ],
  [
    1625875200000,
    0.0018598141465414884
  ],
  [
    1625961600000,
    0.0018884936079116093
  ],
  [
    1626048000000,
    0.001898815352520044
  ],
  [
    1626134400000,
    0.0016686998110370585
  ],
  [
    1626220800000,
    0.0016339667157635068
  ],
  [
    1626307200000,
    0.0017582895248410204
  ],
  [
    1626393600000,
    0.0016001721099988412
  ],
  [
    1626480000000,
    0.0015373481275831314
  ],
  [
    1626566400000,
    0.0015769922399967804
  ],
  [
    1626652800000,
    0.001690839847813183
  ],
  [
    1626739200000,
    0.001515415540527291
  ],
  [
    1626825600000,
    0.0015564558051672725
  ],
  [
    1626912000000,
    0.0013822431018056403
  ],
  [
    1626998400000,
    0.0011723597181804834
  ],
  [
    1627084800000,
    0.0011577787546811758
  ],
  [
    1627171200000,
    0.0015047212142079646
  ],
  [
    1627257600000,
    0.0013580245007240224
  ],
  [
    1627344000000,
    0.0016013291791545257
  ],
  [
    1627430400000,
    0.0013782756411324273
  ],
  [
    1627516800000,
    0.0014084346164459614
  ],
  [
    1627603200000,
    0.001453977158279554
  ],
  [
    1627689600000,
    0.001470724491572725
  ],
  [
    1627776000000,
    0.0017173245774786887
  ],
  [
    1627862400000,
    0.0017613476057874717
  ],
  [
    1627948800000,
    0.001469753191547185
  ],
  [
    1628035200000,
    0.0005290532915273379
  ],
  [
    1628121600000,
    0.0010457487868942026
  ],
  [
    1628208000000,
    0.001348004358439533
  ],
  [
    1628294400000,
    0.0011609321540473178
  ],
  [
    1628380800000,
    0.0014573530797291072
  ],
  [
    1628467200000,
    0.0015283636694583154
  ],
  [
    1628553600000,
    0.0010048351621365873
  ],
  [
    1628640000000,
    0.0010386219132231755
  ],
  [
    1628726400000,
    0.0012809701642576585
  ],
  [
    1628812800000,
    0.0012693949591998936
  ],
  [
    1628899200000,
    0.0011579220845167593
  ],
  [
    1628985600000,
    0.001373933201428686
  ],
  [
    1629072000000,
    0.0011926853203765443
  ],
  [
    1629158400000,
    0.00097760890643859
  ],
  [
    1629244800000,
    0.0009823133258613148
  ],
  [
    1629331200000,
    0.0009851189213204651
  ],
  [
    1629417600000,
    0.0011615150911362037
  ],
  [
    1629504000000,
    0.0012256991611521175
  ],
  [
    1629590400000,
    0.0010345359533051603
  ],
  [
    1629676800000,
    0.001188863184394474
  ],
  [
    1629763200000,
    0.0010680810606004578
  ],
  [
    1629849600000,
    0.001220793997531578
  ],
  [
    1629936000000,
    0.0010944572234697664
  ],
  [
    1630022400000,
    0.0011257184804051889
  ],
  [
    1630108800000,
    0.0011758469751497159
  ],
  [
    1630195200000,
    0.0011674095295907119
  ],
  [
    1630281600000,
    0.0010031547696298412
  ],
  [
    1630368000000,
    0.0010030791816790599
  ],
  [
    1630454400000,
    0.0008563414538611505
  ],
  [
    1630540800000,
    0.0011317768148155357
  ],
  [
    1630627200000,
    0.00125436226698919
  ]
]