[
  [
    1553644800000,
    6953.490510980896
  ],
  [
    1553731200000,
    936.7019352604327
  ],
  [
    1553817600000,
    1404.5027484482935
  ],
  [
    1553904000000,
    278.83853300595894
  ],
  [
    1553990400000,
    151.99245879090853
  ],
  [
    1554076800000,
    2689.256071970195
  ],
  [
    1554163200000,
    3202.38297071589
  ],
  [
    1554249600000,
    2654.6625465362627
  ],
  [
    1554336000000,
    2801.9317041443946
  ],
  [
    1554422400000,
    687.1782350337618
  ],
  [
    1554508800000,
    3407.333666919583
  ],
  [
    1554595200000,
    3268.3343524901115
  ],
  [
    1554681600000,
    3080.257169327577
  ],
  [
    1554768000000,
    860.915013698228
  ],
  [
    1554854400000,
    781.557436995583
  ],
  [
    1554940800000,
    1386.7059962253234
  ],
  [
    1555027200000,
    1692.1602041489448
  ],
  [
    1555113600000,
    584.9720765189276
  ],
  [
    1555200000000,
    587.1206678615265
  ],
  [
    1555286400000,
    1946.3134660259052
  ],
  [
    1555372800000,
    2595.8165662276515
  ],
  [
    1555459200000,
    369.5752794172083
  ],
  [
    1555545600000,
    1714.2800433756456
  ],
  [
    1555632000000,
    1384.1288270886455
  ],
  [
    1555718400000,
    1093.3185540125
  ],
  [
    1555804800000,
    332.49187732140393
  ],
  [
    1555891200000,
    562.0829193598826
  ],
  [
    1555977600000,
    498.40280978889336
  ],
  [
    1556064000000,
    495.1093151017264
  ],
  [
    1556150400000,
    332.02246833701986
  ],
  [
    1556236800000,
    33.49063258478045
  ],
  [
    1556323200000,
    193.33405598321292
  ],
  [
    1556409600000,
    687.8613855127601
  ],
  [
    1556496000000,
    335.1648740331162
  ],
  [
    1556582400000,
    387.0176371159993
  ],
  [
    1556668800000,
    66.44664890141243
  ],
  [
    1556755200000,
    198.02839490994506
  ],
  [
    1556841600000,
    202.33817710516323
  ],
  [
    1556928000000,
    8078.819675539622
  ],
  [
    1557014400000,
    2575.0805257869174
  ],
  [
    1557100800000,
    432.2165361772961
  ],
  [
    1557187200000,
    1447.103904307888
  ],
  [
    1557273600000,
    159.80552552837804
  ],
  [
    1557360000000,
    209.79868168998217
  ],
  [
    1557446400000,
    676.6617211143281
  ],
  [
    1557532800000,
    868.7522971260204
  ],
  [
    1557619200000,
    376.2918299767057
  ],
  [
    1557705600000,
    0
  ],
  [
    1557792000000,
    726.8049173533087
  ],
  [
    1557878400000,
    304.39625936988574
  ],
  [
    1557964800000,
    432.027869110545
  ],
  [
    1558051200000,
    402.98364609742765
  ],
  [
    1558137600000,
    55.324529380741055
  ],
  [
    1558224000000,
    341.81946093761195
  ],
  [
    1558310400000,
    255.20748073476136
  ],
  [
    1558396800000,
    191.4572361442724
  ],
  [
    1558483200000,
    96.4135922842872
  ],
  [
    1558569600000,
    213.1338798492521
  ],
  [
    1558656000000,
    192.35944905454218
  ],
  [
    1558742400000,
    416.88411986554894
  ],
  [
    1558828800000,
    112.15410134131318
  ],
  [
    1558915200000,
    62.591147037978125
  ],
  [
    1559001600000,
    199.82084603693826
  ],
  [
    1559088000000,
    72.6426302768148
  ],
  [
    1559174400000,
    135.84273287223613
  ],
  [
    1559260800000,
    44.144409888162734
  ],
  [
    1559347200000,
    3.1623767552059983
  ],
  [
    1559433600000,
    72.28884311696248
  ],
  [
    1559520000000,
    450.0778312703127
  ],
  [
    1559606400000,
    54.38637108737172
  ],
  [
    1559692800000,
    131.44725562233813
  ],
  [
    1559779200000,
    97.07772416920464
  ],
  [
    1559865600000,
    652.7853502058192
  ],
  [
    1559952000000,
    283.3663140679767
  ],
  [
    1560038400000,
    108.4098741007263
  ],
  [
    1560124800000,
    145.17445602052044
  ],
  [
    1560211200000,
    194.266986025586
  ],
  [
    1560297600000,
    0.10819659363733247
  ],
  [
    1560384000000,
    1604.35419188565
  ],
  [
    1560470400000,
    3703.1892699788214
  ],
  [
    1560556800000,
    2147.449093107011
  ],
  [
    1560643200000,
    4149.328124802511
  ],
  [
    1560729600000,
    3060.9851213138777
  ],
  [
    1560816000000,
    717.9012503357225
  ],
  [
    1560902400000,
    652.6816146492803
  ],
  [
    1560988800000,
    632.1782448992678
  ],
  [
    1561075200000,
    56.24337138545671
  ],
  [
    1561161600000,
    675.7830920053352
  ],
  [
    1561248000000,
    113.43020384058275
  ],
  [
    1561334400000,
    142.14169501339575
  ],
  [
    1561420800000,
    319.378897054946
  ],
  [
    1561507200000,
    18776.47067705079
  ],
  [
    1561593600000,
    21698.61750008976
  ],
  [
    1561680000000,
    18463.54374984955
  ],
  [
    1561766400000,
    21414.035997561106
  ],
  [
    1561852800000,
    22691.66638718746
  ],
  [
    1561939200000,
    21644.827038891643
  ],
  [
    1562025600000,
    17846.520932832955
  ],
  [
    1562112000000,
    19014.274200331703
  ],
  [
    1562198400000,
    17396.8343449189
  ],
  [
    1562284800000,
    11103.03932587248
  ],
  [
    1562371200000,
    55.526741248527415
  ],
  [
    1562457600000,
    0
  ],
  [
    1562544000000,
    3.018417505576048
  ],
  [
    1562630400000,
    14487.45391437988
  ],
  [
    1562716800000,
    15312.319107424708
  ],
  [
    1562803200000,
    13960.950945719023
  ],
  [
    1562889600000,
    4305.291301428146
  ],
  [
    1562976000000,
    10141.658929983887
  ],
  [
    1563062400000,
    12603.429772381884
  ],
  [
    1563148800000,
    10228.889585394232
  ],
  [
    1563235200000,
    9115.297837986876
  ],
  [
    1563321600000,
    10552.95537060043
  ],
  [
    1563408000000,
    15003.530704122652
  ],
  [
    1563494400000,
    16793.242119236696
  ],
  [
    1563580800000,
    37329.68913497035
  ],
  [
    1563667200000,
    53920.38110352356
  ],
  [
    1563753600000,
    39559.74993982475
  ],
  [
    1563840000000,
    29683.595626328577
  ],
  [
    1563926400000,
    46396.57411715858
  ],
  [
    1564012800000,
    53821.646569726785
  ],
  [
    1564099200000,
    53165.84879401316
  ],
  [
    1564185600000,
    34169.333165209966
  ],
  [
    1564272000000,
    34109.130508335395
  ],
  [
    1564358400000,
    39607.96147204344
  ],
  [
    1564444800000,
    40850.50443425338
  ],
  [
    1564531200000,
    30032.52073455191
  ],
  [
    1564617600000,
    25353.019759361196
  ],
  [
    1564704000000,
    28964.087438052262
  ],
  [
    1564790400000,
    8680.554837750877
  ],
  [
    1564876800000,
    16778.20929542846
  ],
  [
    1564963200000,
    18038.832528785355
  ],
  [
    1565049600000,
    18611.599818413466
  ],
  [
    1565136000000,
    17168.905426979443
  ],
  [
    1565222400000,
    17430.01347101448
  ],
  [
    1565308800000,
    48204.06804583874
  ],
  [
    1565395200000,
    81431.67072010148
  ],
  [
    1565481600000,
    57211.73398148898
  ],
  [
    1565568000000,
    66802.89612403089
  ],
  [
    1565654400000,
    73121.10058657448
  ],
  [
    1565740800000,
    96.39227922449633
  ],
  [
    1565827200000,
    41575.19057075308
  ],
  [
    1565913600000,
    58656.444397812724
  ],
  [
    1566000000000,
    58280.883889160395
  ],
  [
    1566086400000,
    395.09551363158664
  ],
  [
    1566172800000,
    17.571816276287976
  ],
  [
    1566259200000,
    0
  ],
  [
    1566432000000,
    15.114775951938464
  ],
  [
    1566518400000,
    47407.69986483449
  ],
  [
    1566604800000,
    52833.481823379436
  ],
  [
    1566691200000,
    50076.617963544944
  ],
  [
    1566777600000,
    55382.95931831384
  ],
  [
    1566864000000,
    54568.22171028402
  ],
  [
    1566950400000,
    51304.35864912914
  ],
  [
    1567036800000,
    40211.528062715726
  ],
  [
    1567123200000,
    35484.20826373167
  ],
  [
    1567209600000,
    33965.644637637946
  ],
  [
    1567296000000,
    26685.502024034246
  ],
  [
    1567382400000,
    36607.450607435
  ],
  [
    1567468800000,
    29060.573670323793
  ],
  [
    1567555200000,
    26579.057668507987
  ],
  [
    1567641600000,
    28075.022485222697
  ],
  [
    1567728000000,
    28435.22849257315
  ],
  [
    1567814400000,
    24751.340488203343
  ],
  [
    1567900800000,
    2860.7318526177573
  ],
  [
    1567987200000,
    9046.93906352916
  ],
  [
    1568073600000,
    8523.667808421495
  ],
  [
    1568160000000,
    3414.3226906048717
  ],
  [
    1568246400000,
    6166.93914756804
  ],
  [
    1568332800000,
    8149.281925919021
  ],
  [
    1568419200000,
    7302.864267847263
  ],
  [
    1568505600000,
    8017.573528511517
  ],
  [
    1568592000000,
    7580.6545324237195
  ],
  [
    1568678400000,
    7377.444889159723
  ],
  [
    1568764800000,
    6746.4580121667295
  ],
  [
    1568851200000,
    7901.849433012189
  ],
  [
    1568937600000,
    8202.804853241023
  ],
  [
    1569024000000,
    7291.892453818969
  ],
  [
    1569110400000,
    6387.662813382945
  ],
  [
    1569196800000,
    7257.322719287422
  ],
  [
    1569283200000,
    7360.783466281931
  ],
  [
    1569369600000,
    4841.0047067815285
  ],
  [
    1569456000000,
    4775.582553473715
  ],
  [
    1569542400000,
    4524.855853930972
  ],
  [
    1569628800000,
    2495.51254011224
  ],
  [
    1569715200000,
    5330.615924866815
  ],
  [
    1569801600000,
    5590.6004291294985
  ],
  [
    1569888000000,
    4652.089953915864
  ],
  [
    1569974400000,
    1774.2209703924902
  ],
  [
    1570060800000,
    1654.0893073837055
  ],
  [
    1570147200000,
    5006.301570091456
  ],
  [
    1570233600000,
    5670.798858372302
  ],
  [
    1570320000000,
    5950.382276780436
  ],
  [
    1570406400000,
    5667.5407035813605
  ],
  [
    1570492800000,
    4138.3854644044895
  ],
  [
    1570579200000,
    5106.708658963981
  ],
  [
    1570665600000,
    5012.474902808106
  ],
  [
    1570752000000,
    4591.672369573868
  ],
  [
    1570838400000,
    4417.855909524876
  ],
  [
    1570924800000,
    4431.686440235571
  ],
  [
    1571011200000,
    3785.4649835058517
  ],
  [
    1571097600000,
    4508.89254855118
  ],
  [
    1571184000000,
    13517.664232547966
  ],
  [
    1571270400000,
    16300.87647703447
  ],
  [
    1571356800000,
    12726.070449018776
  ],
  [
    1571443200000,
    9952.987391980982
  ],
  [
    1571529600000,
    16256.623180982016
  ],
  [
    1571616000000,
    18412.48507885131
  ],
  [
    1571702400000,
    16071.972196148268
  ],
  [
    1571788800000,
    20828.338476149882
  ],
  [
    1571875200000,
    16162.849002779358
  ],
  [
    1571961600000,
    5035.535147951528
  ],
  [
    1572048000000,
    3590.5096702723486
  ],
  [
    1572134400000,
    5819.391737022196
  ],
  [
    1572220800000,
    8401.316564019622
  ],
  [
    1572307200000,
    10454.30769305506
  ],
  [
    1572393600000,
    5453.6989756112525
  ],
  [
    1572480000000,
    9575.742786025268
  ],
  [
    1572566400000,
    10256.817555350544
  ],
  [
    1572652800000,
    10531.610305502543
  ],
  [
    1572739200000,
    9980.402761682768
  ],
  [
    1572825600000,
    7720.048740786348
  ],
  [
    1572912000000,
    4221.408770963388
  ],
  [
    1572998400000,
    7656.957366228473
  ],
  [
    1573084800000,
    8623.124437395109
  ],
  [
    1573171200000,
    9571.774140483563
  ],
  [
    1573257600000,
    8393.082091514674
  ],
  [
    1573344000000,
    7525.609178573751
  ],
  [
    1573430400000,
    8949.28395642206
  ],
  [
    1573516800000,
    6177.239346855283
  ],
  [
    1573603200000,
    7228.797524811662
  ],
  [
    1573689600000,
    6759.475467503423
  ],
  [
    1573776000000,
    4100.380282933834
  ],
  [
    1573862400000,
    8016.310636382559
  ],
  [
    1573948800000,
    4130.478267004078
  ],
  [
    1574035200000,
    3455.6997115805566
  ],
  [
    1574121600000,
    6459.464236255186
  ],
  [
    1574208000000,
    11009.652241192
  ],
  [
    1574294400000,
    5847.896271282463
  ],
  [
    1574380800000,
    11147.30425747083
  ],
  [
    1574467200000,
    8623.68655190435
  ],
  [
    1574553600000,
    9164.648546430593
  ],
  [
    1574640000000,
    7756.955722534495
  ],
  [
    1574726400000,
    5155.918516656602
  ],
  [
    1574812800000,
    2315.410620195351
  ],
  [
    1574899200000,
    2655.1743661690025
  ],
  [
    1574985600000,
    2457.4747490286304
  ],
  [
    1575072000000,
    9102.646392338404
  ],
  [
    1575158400000,
    7788.812751270152
  ],
  [
    1575244800000,
    8542.264884665708
  ],
  [
    1575331200000,
    8168.501641461042
  ],
  [
    1575417600000,
    5541.874178823745
  ],
  [
    1575504000000,
    6768.578139831526
  ],
  [
    1575590400000,
    7343.522274175162
  ],
  [
    1575676800000,
    8020.908870277792
  ],
  [
    1575763200000,
    6413.668906070643
  ],
  [
    1575849600000,
    7723.633259046088
  ],
  [
    1575936000000,
    7634.865460522545
  ],
  [
    1576022400000,
    6334.781196658239
  ],
  [
    1576108800000,
    6462.351043658616
  ],
  [
    1576195200000,
    6793.40937716731
  ],
  [
    1576281600000,
    8083.840592568455
  ],
  [
    1576368000000,
    9059.422738283716
  ],
  [
    1576454400000,
    3999.8834151173946
  ],
  [
    1576540800000,
    7544.422871804143
  ],
  [
    1576627200000,
    6824.751182776355
  ],
  [
    1576713600000,
    10627.175159581331
  ],
  [
    1576800000000,
    11725.217968648732
  ],
  [
    1576886400000,
    4478.009730179243
  ],
  [
    1576972800000,
    14353.182051836118
  ],
  [
    1577059200000,
    12794.45239399037
  ],
  [
    1577145600000,
    11950.664387235869
  ],
  [
    1577232000000,
    14637.619292581852
  ],
  [
    1577318400000,
    9290.10284140834
  ],
  [
    1577404800000,
    9786.750436504051
  ],
  [
    1577491200000,
    10110.415914700909
  ],
  [
    1577577600000,
    11675.581403246026
  ],
  [
    1577664000000,
    11415.66135072005
  ],
  [
    1577750400000,
    7889.919371506636
  ],
  [
    1577836800000,
    6080.817753539024
  ],
  [
    1577923200000,
    5424.941483929145
  ],
  [
    1578009600000,
    13598.231396458712
  ],
  [
    1578096000000,
    12981.3302691077
  ],
  [
    1578182400000,
    10884.271947443523
  ],
  [
    1578268800000,
    9377.34533163536
  ],
  [
    1578355200000,
    8820.203865825824
  ],
  [
    1578441600000,
    10287.657906917466
  ],
  [
    1578528000000,
    9480.398568046225
  ],
  [
    1578614400000,
    10252.599944872896
  ],
  [
    1578700800000,
    9207.305580403408
  ],
  [
    1578787200000,
    9033.158981920618
  ],
  [
    1578873600000,
    7090.741291855063
  ],
  [
    1578960000000,
    6951.838198826936
  ],
  [
    1579046400000,
    6869.335936952313
  ],
  [
    1579132800000,
    6194.689188864852
  ],
  [
    1579219200000,
    10407.00941156331
  ],
  [
    1579305600000,
    13316.427281533064
  ],
  [
    1579392000000,
    9975.702136550555
  ],
  [
    1579478400000,
    5570.832696190967
  ],
  [
    1579564800000,
    12855.28127359692
  ],
  [
    1579651200000,
    13986.86913605818
  ],
  [
    1579737600000,
    7996.837189782675
  ],
  [
    1579824000000,
    4397.70610284139
  ],
  [
    1579910400000,
    5311.1943534698785
  ],
  [
    1579996800000,
    3941.0910758650857
  ],
  [
    1580083200000,
    6529.89253433017
  ],
  [
    1580169600000,
    3865.9974150097555
  ],
  [
    1580256000000,
    6967.733052982733
  ],
  [
    1580342400000,
    5333.763397650563
  ],
  [
    1580428800000,
    6982.728519136272
  ],
  [
    1580515200000,
    4913.705690473694
  ],
  [
    1580601600000,
    3965.087181457136
  ],
  [
    1580688000000,
    5600.621473663996
  ],
  [
    1580774400000,
    5900.754448212609
  ],
  [
    1580860800000,
    5228.813146232589
  ],
  [
    1580947200000,
    5118.141042266626
  ],
  [
    1581033600000,
    9023.076911351103
  ],
  [
    1581120000000,
    11021.711168098062
  ],
  [
    1581206400000,
    9136.200508639246
  ],
  [
    1581292800000,
    4121.392504022716
  ],
  [
    1581379200000,
    5455.8515744992
  ],
  [
    1581465600000,
    6392.36152332636
  ],
  [
    1581552000000,
    16733.709429446055
  ],
  [
    1581638400000,
    12044.822599659548
  ],
  [
    1581724800000,
    14834.72035378636
  ],
  [
    1581811200000,
    10613.218690124799
  ],
  [
    1581897600000,
    12115.827879788165
  ],
  [
    1581984000000,
    14286.499599275481
  ],
  [
    1582070400000,
    17195.42772232148
  ],
  [
    1582156800000,
    11679.390538941801
  ],
  [
    1582243200000,
    12519.213431149774
  ],
  [
    1582329600000,
    10707.808980066466
  ],
  [
    1582416000000,
    12856.044923257412
  ],
  [
    1582502400000,
    15931.955141950648
  ],
  [
    1582588800000,
    12141.125063237749
  ],
  [
    1582675200000,
    1951.8935565034371
  ],
  [
    1582761600000,
    991.7952650791373
  ],
  [
    1582848000000,
    1076.0188273061021
  ],
  [
    1582934400000,
    2247.3515069245586
  ],
  [
    1583020800000,
    3388.612249059754
  ],
  [
    1583107200000,
    3718.8815432070355
  ],
  [
    1583193600000,
    2554.3030499587735
  ],
  [
    1583280000000,
    5.212789571706291
  ],
  [
    1583366400000,
    7.255664242452365
  ],
  [
    1583452800000,
    0.16713729698851043
  ],
  [
    1583539200000,
    0.4050940111113032
  ],
  [
    1583712000000,
    1233.5348845534793
  ],
  [
    1583798400000,
    1139.4540704890824
  ],
  [
    1583884800000,
    281.3528460464818
  ],
  [
    1583971200000,
    2546.55641922199
  ],
  [
    1584057600000,
    1865.9810533283382
  ],
  [
    1584144000000,
    2727.2656858944456
  ],
  [
    1584230400000,
    3228.455551559898
  ],
  [
    1584316800000,
    1900.8425576255606
  ],
  [
    1584403200000,
    3174.6219275005888
  ],
  [
    1584489600000,
    4369.900192167495
  ],
  [
    1584576000000,
    4433.061294647432
  ],
  [
    1584662400000,
    3254.359477293577
  ],
  [
    1584748800000,
    1489.4556096949862
  ],
  [
    1584835200000,
    3.084705402345005
  ],
  [
    1585008000000,
    2411.2126214128275
  ],
  [
    1585094400000,
    1595.034093081253
  ],
  [
    1585180800000,
    0.000001597290810932448
  ],
  [
    1585267200000,
    2382.5780147363653
  ],
  [
    1585353600000,
    750.5880555843634
  ],
  [
    1585440000000,
    468.80913479481075
  ],
  [
    1585526400000,
    418.1979985527518
  ],
  [
    1585612800000,
    451.3026189799058
  ],
  [
    1585699200000,
    462.43734216266853
  ],
  [
    1585785600000,
    174.87637133550618
  ],
  [
    1585872000000,
    902.4901192854021
  ],
  [
    1585958400000,
    515.6975760404302
  ],
  [
    1586044800000,
    102.17915993789629
  ],
  [
    1586131200000,
    452.4673811026614
  ],
  [
    1586217600000,
    491.89161683215127
  ],
  [
    1586304000000,
    472.1515269442796
  ],
  [
    1586390400000,
    490.40449488410195
  ],
  [
    1586476800000,
    482.2557493441453
  ],
  [
    1586563200000,
    456.3123185412048
  ],
  [
    1586649600000,
    2038.7799126492205
  ],
  [
    1586736000000,
    5035.339999377545
  ],
  [
    1586822400000,
    921.4490808040076
  ],
  [
    1586908800000,
    0.0037545043270753404
  ],
  [
    1587859200000,
    41.0146452741586
  ],
  [
    1588377600000,
    0.022455606716153802
  ],
  [
    1588809600000,
    2.5837042660354115
  ],
  [
    1588896000000,
    0.0024398201302077756
  ],
  [
    1589155200000,
    0.009096467643177852
  ],
  [
    1589241600000,
    12.43266784515621
  ],
  [
    1590019200000,
    4.427870788456544
  ],
  [
    1590105600000,
    50.10452301275992
  ],
  [
    1590192000000,
    10.841122138288819
  ],
  [
    1590278400000,
    0.09935121078098999
  ],
  [
    1590969600000,
    3.0022286559220306
  ],
  [
    1591228800000,
    9.299789779333556
  ],
  [
    1591488000000,
    0.055520204165786076
  ],
  [
    1591574400000,
    0.055520204165786076
  ],
  [
    1591660800000,
    42.81428594172936
  ],
  [
    1591747200000,
    0.3833710505660991
  ],
  [
    1592092800000,
    0.020623132032574036
  ],
  [
    1592179200000,
    0.020623132032574036
  ],
  [
    1592438400000,
    1.308115420753847
  ],
  [
    1592524800000,
    1.308115420753847
  ],
  [
    1592611200000,
    1.3004845007933747
  ],
  [
    1592697600000,
    27.539319274236483
  ],
  [
    1593734400000,
    7.006564796426037
  ],
  [
    1593820800000,
    7.006564796426037
  ],
  [
    1594080000000,
    6.112747414713621
  ],
  [
    1594166400000,
    6.112747414713621
  ],
  [
    1594252800000,
    7.5692854332430874
  ],
  [
    1595030400000,
    17.910007915228547
  ],
  [
    1595116800000,
    17.910007915228547
  ],
  [
    1595203200000,
    1.7678439679222036
  ],
  [
    1595289600000,
    0.08272659320622108
  ],
  [
    1595376000000,
    0.08272659320622108
  ],
  [
    1595462400000,
    4.199747335088015
  ],
  [
    1595548800000,
    4.199747335088015
  ],
  [
    1595635200000,
    2.774112099531803
  ],
  [
    1595721600000,
    2.774112099531803
  ],
  [
    1595808000000,
    5.46398621472209
  ],
  [
    1595894400000,
    0.184314801195301
  ],
  [
    1596240000000,
    0.11007746719594906
  ],
  [
    1596326400000,
    0.11007746719594906
  ],
  [
    1596585600000,
    1.280519425647896
  ],
  [
    1596672000000,
    1.280519425647896
  ],
  [
    1597276800000,
    1.4860093767963864
  ],
  [
    1597363200000,
    0.001415515371245364
  ],
  [
    1598054400000,
    3.488161662996891
  ],
  [
    1598140800000,
    3.488161662996891
  ],
  [
    1598227200000,
    1.8395022433299688
  ],
  [
    1598745600000,
    0.6950355932039168
  ],
  [
    1598832000000,
    0.6950355932039168
  ],
  [
    1598918400000,
    0.17332621222419806
  ],
  [
    1599004800000,
    0.17261409848778117
  ],
  [
    1599696000000,
    0.004201145522081892
  ],
  [
    1599782400000,
    0.004201145522081892
  ],
  [
    1599868800000,
    0.004195205008119623
  ],
  [
    1600387200000,
    0.3279486702094922
  ],
  [
    1600473600000,
    0.3279486702094922
  ],
  [
    1600560000000,
    0.521830356801818
  ],
  [
    1600646400000,
    0.521830356801818
  ],
  [
    1601856000000,
    2.005310821703577
  ],
  [
    1601942400000,
    2.005310821703577
  ],
  [
    1604620800000,
    0.003095238729238476
  ],
  [
    1604707200000,
    0.003095238729238476
  ],
  [
    1605571200000,
    0.0029689306388857415
  ],
  [
    1605657600000,
    0.0029689306388857415
  ],
  [
    1609200000000,
    3.5914613999541487
  ],
  [
    1609286400000,
    3.5914613999541487
  ],
  [
    1609372800000,
    0.0038415067778703946
  ],
  [
    1609459200000,
    0.00385084420309437
  ],
  [
    1609891200000,
    4.14342563574305
  ],
  [
    1609977600000,
    4.14342563574305
  ],
  [
    1610064000000,
    0.004718066051217617
  ],
  [
    1611705600000,
    0.11702661841308652
  ],
  [
    1611792000000,
    0.11702661841308652
  ],
  [
    1612828800000,
    1.355722883977602
  ],
  [
    1612915200000,
    1.355722883977602
  ],
  [
    1613347200000,
    0.1454282080170591
  ],
  [
    1613433600000,
    0.1454282080170591
  ],
  [
    1614384000000,
    0.09516254038853719
  ],
  [
    1614470400000,
    0.09516254038853719
  ],
  [
    1617321600000,
    5.949877370352451
  ],
  [
    1617408000000,
    5.949877370352451
  ],
  [
    1617494400000,
    0.013950000750070557
  ],
  [
    1617580800000,
    0.013814749124571797
  ],
  [
    1618444800000,
    12.959782519477761
  ],
  [
    1618531200000,
    12.959782519477761
  ],
  [
    1618617600000,
    1.233641443892686
  ],
  [
    1618704000000,
    0.0603728809933399
  ],
  [
    1618790400000,
    0.553316028641586
  ],
  [
    1618876800000,
    2.562488931992866
  ],
  [
    1618963200000,
    0.007000743786202963
  ],
  [
    1619049600000,
    0.006900829421509385
  ],
  [
    1619827200000,
    0.162562219094291
  ],
  [
    1619913600000,
    0.162562219094291
  ],
  [
    1620000000000,
    0.11247993678535297
  ],
  [
    1620086400000,
    0.11247993678535297
  ],
  [
    1621468800000,
    4.01365568865884
  ],
  [
    1621555200000,
    4.01365568865884
  ],
  [
    1621641600000,
    0.6156973253778684
  ],
  [
    1623801600000,
    0.09953389511632056
  ],
  [
    1623888000000,
    0.09953389511632056
  ],
  [
    1624492800000,
    1.1872905070295403
  ],
  [
    1624579200000,
    1.1872905070295403
  ],
  [
    1626566400000,
    16.170436156664724
  ],
  [
    1626652800000,
    16.170436156664724
  ],
  [
    1626739200000,
    2.8677263726784803
  ],
  [
    1626825600000,
    1.3894145551593984
  ],
  [
    1627257600000,
    4.511920027284063
  ],
  [
    1627344000000,
    4.511920027284063
  ],
  [
    1629676800000,
    0.29536551520422677
  ],
  [
    1629763200000,
    0.29536551520422677
  ]
]