[
  [
    1539907200000,
    0.003837996082175909
  ],
  [
    1539993600000,
    0.003890570746832752
  ],
  [
    1540080000000,
    0.00560133713475278
  ],
  [
    1540166400000,
    0.004892695062663155
  ],
  [
    1540252800000,
    0.003957337358203429
  ],
  [
    1540339200000,
    0.003972135461487659
  ],
  [
    1540425600000,
    0.004107030703024385
  ],
  [
    1540512000000,
    0.002811231938045127
  ],
  [
    1540598400000,
    0.004404833284099306
  ],
  [
    1540684800000,
    0.0037994241988336566
  ],
  [
    1540771200000,
    0.005231470233380638
  ],
  [
    1540857600000,
    0.003291069675252515
  ],
  [
    1540944000000,
    0.00399282679098509
  ],
  [
    1541030400000,
    0.00439582876480521
  ],
  [
    1541116800000,
    0.004049491311804982
  ],
  [
    1541203200000,
    0.0035794698092220536
  ],
  [
    1541289600000,
    0.003507750970583826
  ],
  [
    1541376000000,
    0.004989006042744359
  ],
  [
    1541462400000,
    0.004624963643404605
  ],
  [
    1541548800000,
    0.006031790227932098
  ],
  [
    1541635200000,
    0.0051967528982486645
  ],
  [
    1541721600000,
    0.004947623079288578
  ],
  [
    1541808000000,
    0.0060664138028622035
  ],
  [
    1541894400000,
    0.0062567821574422
  ],
  [
    1541980800000,
    0.006324202310079785
  ],
  [
    1542067200000,
    0.004144443570991564
  ],
  [
    1542153600000,
    0.003988416589987946
  ],
  [
    1542240000000,
    0.0034701624028075063
  ],
  [
    1542326400000,
    0.003597303500757648
  ],
  [
    1542412800000,
    0.0034392706215357395
  ],
  [
    1542499200000,
    0.0034833148037164987
  ],
  [
    1542585600000,
    0.003678586620767901
  ],
  [
    1542672000000,
    0.003307774217163397
  ],
  [
    1542758400000,
    0.0035110780264960106
  ],
  [
    1542844800000,
    0.0036422854142632534
  ],
  [
    1542931200000,
    0.0032651130930497606
  ],
  [
    1543017600000,
    0.0033480440836640016
  ],
  [
    1543104000000,
    0.0033683818755900494
  ],
  [
    1543190400000,
    0.003260005743523269
  ],
  [
    1543276800000,
    0.0028769840903342158
  ],
  [
    1543363200000,
    0.0029373342996097695
  ],
  [
    1543449600000,
    0.0032302748755545173
  ],
  [
    1543536000000,
    0.003906471017589353
  ],
  [
    1543622400000,
    0.004367959016968953
  ],
  [
    1543708800000,
    0.004135129959949293
  ],
  [
    1543795200000,
    0.004249763890547227
  ],
  [
    1543881600000,
    0.003535421485192691
  ],
  [
    1543968000000,
    0.00411168485101265
  ],
  [
    1544054400000,
    0.0036992148839269726
  ],
  [
    1544140800000,
    0.002628549605335007
  ],
  [
    1544227200000,
    0.002874833923685351
  ],
  [
    1544313600000,
    0.0024667918400806317
  ],
  [
    1544400000000,
    0.002945719376474876
  ],
  [
    1544486400000,
    0.0024265548037122214
  ],
  [
    1544572800000,
    0.002554772305679138
  ],
  [
    1544659200000,
    0.00247919641898434
  ],
  [
    1544745600000,
    0.002305339709602764
  ],
  [
    1544832000000,
    0.0020842428915641103
  ],
  [
    1544918400000,
    0.0023313616207984098
  ],
  [
    1545004800000,
    0.0022414389338098347
  ],
  [
    1545091200000,
    0.002439213362082704
  ],
  [
    1545177600000,
    0.0035362856972399564
  ],
  [
    1545264000000,
    0.0033372584641720117
  ],
  [
    1545350400000,
    0.003938889541320287
  ],
  [
    1545436800000,
    0.002994838583422819
  ],
  [
    1545523200000,
    0.0033959569599447017
  ],
  [
    1545609600000,
    0.004682247074512114
  ],
  [
    1545696000000,
    0.00401397621905434
  ],
  [
    1545782400000,
    0.0037454439658287644
  ],
  [
    1545868800000,
    0.0038611536423330526
  ],
  [
    1545955200000,
    0.00440654677342473
  ],
  [
    1546041600000,
    0.00499008893071574
  ],
  [
    1546128000000,
    0.004037967381544726
  ],
  [
    1546214400000,
    0.0038976417795660015
  ],
  [
    1546300800000,
    0.0035823478137340724
  ],
  [
    1546387200000,
    0.003690922985858787
  ],
  [
    1546473600000,
    0.003683527607765339
  ],
  [
    1546560000000,
    0.003922943019149701
  ],
  [
    1546646400000,
    0.003905890863818634
  ],
  [
    1546732800000,
    0.003926754367763497
  ],
  [
    1546819200000,
    0.005394051672322926
  ],
  [
    1546905600000,
    0.004806682407278739
  ],
  [
    1546992000000,
    0.00441323062552485
  ],
  [
    1547078400000,
    0.004851135946548865
  ],
  [
    1547164800000,
    0.0038312858021224733
  ],
  [
    1547251200000,
    0.00314546671552966
  ],
  [
    1547337600000,
    0.0037091606449475554
  ],
  [
    1547424000000,
    0.0032511536731644522
  ],
  [
    1547510400000,
    0.003973998028628432
  ],
  [
    1547596800000,
    0.0038867891733113005
  ],
  [
    1547683200000,
    0.003791183299174767
  ],
  [
    1547769600000,
    0.004319722501485912
  ],
  [
    1547856000000,
    0.004259244865730773
  ],
  [
    1547942400000,
    0.0045337946976003966
  ],
  [
    1548028800000,
    0.00415583189135877
  ],
  [
    1548115200000,
    0.004158713252501257
  ],
  [
    1548201600000,
    0.004343460634844942
  ],
  [
    1548288000000,
    0.0034451165432445576
  ],
  [
    1548374400000,
    0.0038638557246944193
  ],
  [
    1548460800000,
    0.004511620544499308
  ],
  [
    1548547200000,
    0.003792186453342615
  ],
  [
    1548633600000,
    0.004332056164279269
  ],
  [
    1548720000000,
    0.0033225298685463675
  ],
  [
    1548806400000,
    0.004155478123116023
  ],
  [
    1548892800000,
    0.0042681464035880905
  ],
  [
    1548979200000,
    0.004248166208463192
  ],
  [
    1549065600000,
    0.005636286995097337
  ],
  [
    1549152000000,
    0.005362650242972926
  ],
  [
    1549238400000,
    0.005563142565066373
  ],
  [
    1549324800000,
    0.005566077703903229
  ],
  [
    1549411200000,
    0.004432245279000357
  ],
  [
    1549497600000,
    0.004332170048968167
  ],
  [
    1549584000000,
    0.0048416517899935035
  ],
  [
    1549670400000,
    0.005286599315281452
  ],
  [
    1549756800000,
    0.005359252198204087
  ],
  [
    1549843200000,
    0.004613664632541082
  ],
  [
    1549929600000,
    0.005809312664793647
  ],
  [
    1550016000000,
    0.005897349877934362
  ],
  [
    1550102400000,
    0.005475680780858953
  ],
  [
    1550188800000,
    0.0036242739105785105
  ],
  [
    1550275200000,
    0.004699717957640831
  ],
  [
    1550361600000,
    0.0039032386962376256
  ],
  [
    1550448000000,
    0.004578386291768879
  ],
  [
    1550534400000,
    0.004636248516094743
  ],
  [
    1550620800000,
    0.005886001307648881
  ],
  [
    1550707200000,
    0.005360641959294378
  ],
  [
    1550793600000,
    0.005847032294990767
  ],
  [
    1550880000000,
    0.003936392504812287
  ],
  [
    1550966400000,
    0.005225719350913657
  ],
  [
    1551052800000,
    0.004232059306285735
  ],
  [
    1551139200000,
    0.0042279836952684455
  ],
  [
    1551225600000,
    0.004168070411495452
  ],
  [
    1551312000000,
    0.005902615846072577
  ],
  [
    1551398400000,
    0.004085002564063698
  ],
  [
    1551484800000,
    0.0027374701380705538
  ],
  [
    1551571200000,
    0.004100841600784076
  ],
  [
    1551657600000,
    0.0033148740359983326
  ],
  [
    1551744000000,
    0.0037491042137199043
  ],
  [
    1551830400000,
    0.005257485034031357
  ],
  [
    1551916800000,
    0.005299126363086607
  ],
  [
    1552003200000,
    0.004183271880121205
  ],
  [
    1552089600000,
    0.0030909310293155386
  ],
  [
    1552176000000,
    0.0036939824472709396
  ],
  [
    1552262400000,
    0.0042410228023258304
  ],
  [
    1552348800000,
    0.003143292753761533
  ],
  [
    1552435200000,
    0.0038205177968694036
  ],
  [
    1552521600000,
    0.003902458323665257
  ],
  [
    1552608000000,
    0.0032922517548299823
  ],
  [
    1552694400000,
    0.004486249948870821
  ],
  [
    1552780800000,
    0.005081060584268558
  ],
  [
    1552867200000,
    0.0045313825807880345
  ],
  [
    1552953600000,
    0.004434073396158997
  ],
  [
    1553040000000,
    0.0032733804399945696
  ],
  [
    1553126400000,
    0.0033146502917475243
  ],
  [
    1553212800000,
    0.0035152572133398084
  ],
  [
    1553299200000,
    0.0034917275331645837
  ],
  [
    1553385600000,
    0.0033824953599730944
  ],
  [
    1553472000000,
    0.004392647996229603
  ],
  [
    1553558400000,
    0.003714060683967252
  ],
  [
    1553644800000,
    0.003586626361156804
  ],
  [
    1553731200000,
    0.003985077633955311
  ],
  [
    1553817600000,
    0.003451083471801577
  ],
  [
    1553904000000,
    0.004716630083867904
  ],
  [
    1553990400000,
    0.003587045371832021
  ],
  [
    1554076800000,
    0.0035545918697628396
  ],
  [
    1554163200000,
    0.0035439605067765956
  ],
  [
    1554249600000,
    0.0035843881530963854
  ],
  [
    1554336000000,
    0.004177312772609607
  ],
  [
    1554422400000,
    0.003542316430275519
  ],
  [
    1554508800000,
    0.002289139840560101
  ],
  [
    1554595200000,
    0.0020065226054958732
  ],
  [
    1554681600000,
    0.0024781639907235915
  ],
  [
    1554768000000,
    0.0027733733204684816
  ],
  [
    1554854400000,
    0.00277140086916174
  ],
  [
    1554940800000,
    0.002759817476526932
  ],
  [
    1555027200000,
    0.002170903633582688
  ],
  [
    1555113600000,
    0.0023105549905036026
  ],
  [
    1555200000000,
    0.0022091398554041804
  ],
  [
    1555286400000,
    0.0020838257328406294
  ],
  [
    1555372800000,
    0.0014861442003564584
  ],
  [
    1555459200000,
    0.001495349717688416
  ],
  [
    1555545600000,
    0.001929381147896868
  ],
  [
    1555632000000,
    0.001621677295038549
  ],
  [
    1555718400000,
    0.0020393615872936702
  ],
  [
    1555804800000,
    0.0026695777134549143
  ],
  [
    1555891200000,
    0.0037479961332472006
  ],
  [
    1555977600000,
    0.002257525436693979
  ],
  [
    1556064000000,
    0.002893464270599428
  ],
  [
    1556150400000,
    0.0025778575089659733
  ],
  [
    1556236800000,
    0.002842628925294385
  ],
  [
    1556323200000,
    0.0020041355846548686
  ],
  [
    1556409600000,
    0.0017191492570658477
  ],
  [
    1556496000000,
    0.0023352896439442195
  ],
  [
    1556582400000,
    0.002167361264786023
  ],
  [
    1556668800000,
    0.0023507324134096727
  ],
  [
    1556755200000,
    0.0015412300568830872
  ],
  [
    1556841600000,
    0.001694843811371913
  ],
  [
    1556928000000,
    0.0016366309208417885
  ],
  [
    1557014400000,
    0.001753284386773542
  ],
  [
    1557100800000,
    0.0015905180390090028
  ],
  [
    1557187200000,
    0.0016505074555702465
  ],
  [
    1557273600000,
    0.0016257907110535897
  ],
  [
    1557360000000,
    0.0017166189750930018
  ],
  [
    1557446400000,
    0.0018106210085526272
  ],
  [
    1557532800000,
    0.00172431923584088
  ],
  [
    1557619200000,
    0.001825550897493408
  ],
  [
    1557705600000,
    0.0015723909830051282
  ],
  [
    1557792000000,
    0.0015056034106367758
  ],
  [
    1557878400000,
    0.0017068706773427028
  ],
  [
    1557964800000,
    0.001741770332857037
  ],
  [
    1558051200000,
    0.0013900130018615635
  ],
  [
    1558137600000,
    0.0016448760696576633
  ],
  [
    1558224000000,
    0.0012922994269642114
  ],
  [
    1558310400000,
    0.002037315332881075
  ],
  [
    1558396800000,
    0.0018655015296672427
  ],
  [
    1558483200000,
    0.0008261710226184163
  ],
  [
    1558569600000,
    0.0016860586359163173
  ],
  [
    1558656000000,
    0.0009039043666842754
  ],
  [
    1558742400000,
    0.0009885519815419196
  ],
  [
    1558828800000,
    0.0014274625636108405
  ],
  [
    1558915200000,
    0.00045711016597503774
  ],
  [
    1559001600000,
    0.002573848086407757
  ],
  [
    1559088000000,
    0.00286263718213933
  ],
  [
    1559174400000,
    0.0011436825165505062
  ],
  [
    1559260800000,
    0.0008295115394587791
  ],
  [
    1559347200000,
    0.00087599915621762
  ],
  [
    1559433600000,
    0.000811811395092671
  ],
  [
    1559520000000,
    0.0007149116106894937
  ],
  [
    1559606400000,
    0.0019553140136825543
  ],
  [
    1559692800000,
    0.0016015813769343981
  ],
  [
    1559779200000,
    0.0008122267383862115
  ],
  [
    1559865600000,
    0.0014123601655267083
  ],
  [
    1559952000000,
    0.001034367822511046
  ],
  [
    1560038400000,
    0.0009227142680485373
  ],
  [
    1560124800000,
    0.0007730935141888283
  ],
  [
    1560211200000,
    0.0006293384774109676
  ],
  [
    1560297600000,
    0.0006136328175692493
  ],
  [
    1560384000000,
    0.0008732314285339291
  ],
  [
    1560470400000,
    0.0006475656602975898
  ],
  [
    1560556800000,
    0.0009042674822813478
  ],
  [
    1560643200000,
    0.0007725263229507968
  ],
  [
    1560729600000,
    0.0009094142367818876
  ],
  [
    1560816000000,
    0.0008738847359438575
  ],
  [
    1560902400000,
    0.0008520020769480391
  ],
  [
    1560988800000,
    0.0008304768694939392
  ],
  [
    1561075200000,
    0.0008517994162019348
  ],
  [
    1561161600000,
    0.0009696748427532188
  ],
  [
    1561248000000,
    0.0010335752772633298
  ],
  [
    1561334400000,
    0.0008426211383647523
  ],
  [
    1561420800000,
    0.0008456768266974108
  ],
  [
    1561507200000,
    0.0008560637520040211
  ],
  [
    1561593600000,
    0.0010154231146315834
  ],
  [
    1561680000000,
    0.0007214893728927865
  ],
  [
    1561766400000,
    0.0007752539953108131
  ],
  [
    1561852800000,
    0.0008411309010068709
  ],
  [
    1561939200000,
    0.0007338366325194835
  ],
  [
    1562025600000,
    0.0024217608730509876
  ],
  [
    1562112000000,
    0.0033384114605665826
  ],
  [
    1562198400000,
    0.0030358683947746476
  ],
  [
    1562284800000,
    0.004830453683659704
  ],
  [
    1562371200000,
    0.004334637790172592
  ],
  [
    1562457600000,
    0.0033858784823790084
  ],
  [
    1562544000000,
    0.0031731315610770755
  ],
  [
    1562630400000,
    0.004696303318210996
  ],
  [
    1562716800000,
    0.004398905752786814
  ],
  [
    1562803200000,
    0.0034847217225915106
  ],
  [
    1562889600000,
    0.0034280712817484254
  ],
  [
    1562976000000,
    0.0030701701436733255
  ],
  [
    1563062400000,
    0.0023964746715678105
  ],
  [
    1563148800000,
    0.002820494308661108
  ],
  [
    1563235200000,
    0.0024848335260485737
  ],
  [
    1563321600000,
    0.0019532507731832983
  ],
  [
    1563408000000,
    0.0020204449207482196
  ],
  [
    1563494400000,
    0.0020371236689915237
  ],
  [
    1563580800000,
    0.002362554285028809
  ],
  [
    1563667200000,
    0.002400993876209538
  ],
  [
    1563753600000,
    0.0026205865147532425
  ],
  [
    1563840000000,
    0.002991139598670222
  ],
  [
    1563926400000,
    0.002679409017471366
  ],
  [
    1564012800000,
    0.0030941862219014027
  ],
  [
    1564099200000,
    0.003145676876181892
  ],
  [
    1564185600000,
    0.0029741428412724978
  ],
  [
    1564272000000,
    0.002809990414601627
  ],
  [
    1564358400000,
    0.002967398068913019
  ],
  [
    1564444800000,
    0.0029465658029610214
  ],
  [
    1564531200000,
    0.0025309603190571952
  ],
  [
    1564617600000,
    0.002026487148521543
  ],
  [
    1564704000000,
    0.0023489708201402727
  ],
  [
    1564790400000,
    0.00204524626600853
  ],
  [
    1564876800000,
    0.0018130390895850113
  ],
  [
    1564963200000,
    0.002141430471560605
  ],
  [
    1565049600000,
    0.0021751155297807315
  ],
  [
    1565136000000,
    0.002341242791036876
  ],
  [
    1565222400000,
    0.0018952243654120843
  ],
  [
    1565308800000,
    0.003244670549793761
  ],
  [
    1565395200000,
    0.0017392133582665326
  ],
  [
    1565481600000,
    0.0027244670437363214
  ],
  [
    1565568000000,
    0.002315987396002915
  ],
  [
    1565654400000,
    0.0019984581933185277
  ],
  [
    1565740800000,
    0.003092848886051117
  ],
  [
    1565827200000,
    0.0021480340815703313
  ],
  [
    1565913600000,
    0.0015012514644068174
  ],
  [
    1566000000000,
    0.0014127854619228521
  ],
  [
    1566086400000,
    0.0016845363956067714
  ],
  [
    1566172800000,
    0.00184152110751673
  ],
  [
    1566259200000,
    0.0016112902933591133
  ],
  [
    1566345600000,
    0.0020425677897104636
  ],
  [
    1566432000000,
    0.0022021001691038596
  ],
  [
    1566518400000,
    0.0020922066292351667
  ],
  [
    1566604800000,
    0.002269008475929976
  ],
  [
    1566691200000,
    0.0017137777300627595
  ],
  [
    1566777600000,
    0.0021633863646198835
  ],
  [
    1566864000000,
    0.002284161932423298
  ],
  [
    1566950400000,
    0.001476393751626396
  ],
  [
    1567036800000,
    0.0024140193239639745
  ],
  [
    1567123200000,
    0.0019601730543953636
  ],
  [
    1567209600000,
    0.00284798327497585
  ],
  [
    1567296000000,
    0.002819487677147673
  ],
  [
    1567382400000,
    0.001411571563774587
  ],
  [
    1567468800000,
    0.002674817397505863
  ],
  [
    1567555200000,
    0.00165185922970507
  ],
  [
    1567641600000,
    0.0019268528875300628
  ],
  [
    1567728000000,
    0.0024781728131525998
  ],
  [
    1567814400000,
    0.0016935977120037112
  ],
  [
    1567900800000,
    0.0020946342361154668
  ],
  [
    1567987200000,
    0.0020131456567646913
  ],
  [
    1568073600000,
    0.002698902114357818
  ],
  [
    1568160000000,
    0.0022349431528653277
  ],
  [
    1568246400000,
    0.0024130294510744535
  ],
  [
    1568332800000,
    0.0027662139275008487
  ],
  [
    1568419200000,
    0.002222700986171583
  ],
  [
    1568505600000,
    0.0028253227960935976
  ],
  [
    1568592000000,
    0.0026907860117254315
  ],
  [
    1568678400000,
    0.00260062822182094
  ],
  [
    1568764800000,
    0.0030132090619464044
  ],
  [
    1568851200000,
    0.0007335499105062982
  ],
  [
    1568937600000,
    0.0014966660368794303
  ],
  [
    1569024000000,
    0.0013330260420228162
  ],
  [
    1569110400000,
    0.0014476774699771545
  ],
  [
    1569196800000,
    0.0008736044295489083
  ],
  [
    1569283200000,
    0.0010704673985381472
  ],
  [
    1569369600000,
    0.0007590026709653774
  ],
  [
    1569456000000,
    0.001023639955540268
  ],
  [
    1569542400000,
    0.0011832055948496165
  ],
  [
    1569628800000,
    0.0012036518043149124
  ],
  [
    1569715200000,
    0.001210518850156977
  ],
  [
    1569801600000,
    0.0012589115746463962
  ],
  [
    1569888000000,
    0.0012877279579582037
  ],
  [
    1569974400000,
    0.0007902905003826726
  ],
  [
    1570060800000,
    0.0007902905003826726
  ],
  [
    1570147200000,
    0.0009090234520367882
  ],
  [
    1570233600000,
    0.0009090234520367882
  ],
  [
    1570320000000,
    0.0008778839015832928
  ],
  [
    1570406400000,
    0.0010245700720010818
  ],
  [
    1570492800000,
    0.0014538122189975211
  ],
  [
    1570579200000,
    0.00138624492382423
  ],
  [
    1570665600000,
    0.001470700724216399
  ],
  [
    1570752000000,
    0.0013060895757236325
  ],
  [
    1570838400000,
    0.0012928967524089327
  ],
  [
    1570924800000,
    0.0012387516038362908
  ],
  [
    1571011200000,
    0.001179051488286637
  ],
  [
    1571097600000,
    0.0013366324827635385
  ],
  [
    1571184000000,
    0.0011938876644539645
  ],
  [
    1571270400000,
    0.0011580014849073652
  ],
  [
    1571356800000,
    0.0011475651159715446
  ],
  [
    1571443200000,
    0.0011434501740991256
  ],
  [
    1571529600000,
    0.0011181166397596129
  ],
  [
    1571616000000,
    0.0008772767366174064
  ],
  [
    1571702400000,
    0.0009307198702086469
  ],
  [
    1571788800000,
    0.0010086894493446864
  ],
  [
    1571875200000,
    0.0009879781384114978
  ],
  [
    1571961600000,
    0.0010565257941578476
  ],
  [
    1572048000000,
    0.001097975346016572
  ],
  [
    1572134400000,
    0.001026123157019637
  ],
  [
    1572220800000,
    0.0010199242087439902
  ],
  [
    1572307200000,
    0.0010692760052974492
  ],
  [
    1572393600000,
    0.0011447520978835606
  ],
  [
    1572480000000,
    0.0010243708571007885
  ],
  [
    1572566400000,
    0.0011837726816506407
  ],
  [
    1572652800000,
    0.0009654952445181685
  ],
  [
    1572739200000,
    0.0010790942958136447
  ],
  [
    1572825600000,
    0.0011211419699606146
  ],
  [
    1572912000000,
    0.001098976159486383
  ],
  [
    1572998400000,
    0.0010611757236077717
  ],
  [
    1573084800000,
    0.0010175997229886265
  ],
  [
    1573171200000,
    0.0010307638397807181
  ],
  [
    1573257600000,
    0.0010624954130280541
  ],
  [
    1573344000000,
    0.0011008452284368116
  ],
  [
    1573430400000,
    0.0010227943462435055
  ],
  [
    1573516800000,
    0.0010764289902571293
  ],
  [
    1573603200000,
    0.0012293348525512671
  ],
  [
    1573689600000,
    0.0010234460287440914
  ],
  [
    1573776000000,
    0.0009990617540425024
  ],
  [
    1573862400000,
    0.0011618699731971065
  ],
  [
    1573948800000,
    0.0010225209802694445
  ],
  [
    1574035200000,
    0.0013449570375329383
  ],
  [
    1574121600000,
    0.0012921658275613767
  ],
  [
    1574208000000,
    0.001087735304260745
  ],
  [
    1574294400000,
    0.0012607388898347922
  ],
  [
    1574380800000,
    0.0009630011328598586
  ],
  [
    1574467200000,
    0.0008354384621722028
  ],
  [
    1574553600000,
    0.0010118958779326572
  ],
  [
    1574640000000,
    0.0009601927719782904
  ],
  [
    1574726400000,
    0.0009050613236612458
  ],
  [
    1574812800000,
    0.0011953873886410237
  ],
  [
    1574899200000,
    0.00098033212415977
  ],
  [
    1574985600000,
    0.001000050086768432
  ],
  [
    1575072000000,
    0.0009570164752873579
  ],
  [
    1575158400000,
    0.001137723108725542
  ],
  [
    1575244800000,
    0.0011182250831884382
  ],
  [
    1575331200000,
    0.0010044184601127224
  ],
  [
    1575417600000,
    0.0010504251087150778
  ],
  [
    1575504000000,
    0.0010532909752501483
  ],
  [
    1575590400000,
    0.000997386983423724
  ],
  [
    1575676800000,
    0.0009851529411199495
  ],
  [
    1575763200000,
    0.0010531435842257373
  ],
  [
    1575849600000,
    0.0010917221846452566
  ],
  [
    1575936000000,
    0.0010264084904975175
  ],
  [
    1576022400000,
    0.0010389647131022978
  ],
  [
    1576108800000,
    0.001050183803594802
  ],
  [
    1576195200000,
    0.0010593434832569348
  ],
  [
    1576281600000,
    0.0010639870070723013
  ],
  [
    1576368000000,
    0.0010626983411599425
  ],
  [
    1576454400000,
    0.0010660477291192757
  ],
  [
    1576540800000,
    0.0009006380472231934
  ],
  [
    1576627200000,
    0.0011767240850994256
  ],
  [
    1576713600000,
    0.0015458968891772632
  ],
  [
    1576800000000,
    0.0013735499062470658
  ],
  [
    1576886400000,
    0.0011852557769486633
  ],
  [
    1576972800000,
    0.0014040870688763808
  ],
  [
    1577059200000,
    0.0015467749585071874
  ],
  [
    1577145600000,
    0.00150996145406708
  ],
  [
    1577232000000,
    0.0011985554669208818
  ],
  [
    1577318400000,
    0.0011052615668114521
  ],
  [
    1577404800000,
    0.0013873523118461235
  ],
  [
    1577491200000,
    0.0010382772014756894
  ],
  [
    1577577600000,
    0.001307778419169975
  ],
  [
    1577664000000,
    0.001465869521617683
  ],
  [
    1577750400000,
    0.0012071765413679883
  ],
  [
    1577836800000,
    0.001446903976582098
  ],
  [
    1577923200000,
    0.0015179640800738565
  ],
  [
    1578009600000,
    0.0013110874788179055
  ],
  [
    1578096000000,
    0.0012029228522197758
  ],
  [
    1578182400000,
    0.001285310589491313
  ],
  [
    1578268800000,
    0.0014012115038171064
  ],
  [
    1578355200000,
    0.001212212179483751
  ],
  [
    1578441600000,
    0.0012485842755234067
  ],
  [
    1578528000000,
    0.0013836001333962275
  ],
  [
    1578614400000,
    0.0011581031099397615
  ],
  [
    1578700800000,
    0.0013526308771177286
  ],
  [
    1578787200000,
    0.001302809351392781
  ],
  [
    1578873600000,
    0.0012991565350440413
  ],
  [
    1578960000000,
    0.0013087777583443456
  ],
  [
    1579046400000,
    0.0014656265006087004
  ],
  [
    1579132800000,
    0.0014487398650835377
  ],
  [
    1579219200000,
    0.0015677324796696283
  ],
  [
    1579305600000,
    0.00157058595107033
  ],
  [
    1579392000000,
    0.0015893557316865824
  ],
  [
    1579478400000,
    0.001541243459956994
  ],
  [
    1579564800000,
    0.0015294941193696452
  ],
  [
    1579651200000,
    0.001444317678194993
  ],
  [
    1579737600000,
    0.001467664498916626
  ],
  [
    1579824000000,
    0.0014363565504417924
  ],
  [
    1579910400000,
    0.001391195811750413
  ],
  [
    1579996800000,
    0.0014571560500063648
  ],
  [
    1580083200000,
    0.0014318470956550592
  ],
  [
    1580169600000,
    0.0014265064905701291
  ],
  [
    1580256000000,
    0.0015545034747457766
  ],
  [
    1580342400000,
    0.0015929751578821938
  ],
  [
    1580428800000,
    0.0016140230113347324
  ],
  [
    1580515200000,
    0.0016831608699433374
  ],
  [
    1580601600000,
    0.0017147938161708428
  ],
  [
    1580688000000,
    0.00168522562803751
  ],
  [
    1580774400000,
    0.0017050586106626625
  ],
  [
    1580860800000,
    0.0017267295871426192
  ],
  [
    1580947200000,
    0.001829360125767465
  ],
  [
    1581033600000,
    0.0018969974504501716
  ],
  [
    1581120000000,
    0.0020372616391270324
  ],
  [
    1581206400000,
    0.0019417090380907424
  ],
  [
    1581292800000,
    0.0020357328991400803
  ],
  [
    1581379200000,
    0.0020347307237611263
  ],
  [
    1581465600000,
    0.002135552540643406
  ],
  [
    1581552000000,
    0.0024262608362881546
  ],
  [
    1581638400000,
    0.0023495576452639004
  ],
  [
    1581724800000,
    0.0025323844993136225
  ],
  [
    1581811200000,
    0.00235287928594105
  ],
  [
    1581897600000,
    0.0018859847565498627
  ],
  [
    1581984000000,
    0.0019324490278761891
  ],
  [
    1582070400000,
    0.0023422785419056013
  ],
  [
    1582156800000,
    0.001954831274147102
  ],
  [
    1582243200000,
    0.001938672062730665
  ],
  [
    1582329600000,
    0.002062970352689912
  ],
  [
    1582416000000,
    0.001832508085353719
  ],
  [
    1582502400000,
    0.0019461369615238631
  ],
  [
    1582588800000,
    0.002038825013275726
  ],
  [
    1582675200000,
    0.0019866581637664822
  ],
  [
    1582761600000,
    0.001683853235743401
  ],
  [
    1582848000000,
    0.001600420416582887
  ],
  [
    1582934400000,
    0.0018286000764297118
  ],
  [
    1583020800000,
    0.001503893781646208
  ],
  [
    1583107200000,
    0.0016194934192900485
  ],
  [
    1583193600000,
    0.0016736649797128391
  ],
  [
    1583280000000,
    0.0015426152887818795
  ],
  [
    1583366400000,
    0.001589949721190169
  ],
  [
    1583452800000,
    0.001757081890082368
  ],
  [
    1583539200000,
    0.00170242100903758
  ],
  [
    1583625600000,
    0.0016884315059985334
  ],
  [
    1583712000000,
    0.0014871996897359984
  ],
  [
    1583798400000,
    0.0014762324576116312
  ],
  [
    1583884800000,
    0.001522401695308307
  ],
  [
    1583971200000,
    0.001109356440130255
  ],
  [
    1584057600000,
    0.0005701918913174116
  ],
  [
    1584144000000,
    0.0007370676849792303
  ],
  [
    1584230400000,
    0.0006420731687650337
  ],
  [
    1584316800000,
    0.0006618459018824374
  ],
  [
    1584403200000,
    0.000668243965433462
  ],
  [
    1584489600000,
    0.000567787428520604
  ],
  [
    1584576000000,
    0.0006120898202749014
  ],
  [
    1584662400000,
    0.0008856262222477704
  ],
  [
    1584748800000,
    0.0007900367258257022
  ],
  [
    1584835200000,
    0.0008540682193343087
  ],
  [
    1584921600000,
    0.0007095260102336739
  ],
  [
    1585008000000,
    0.0007774139792708963
  ],
  [
    1585094400000,
    0.0007954745171511249
  ],
  [
    1585180800000,
    0.0007787369441096675
  ],
  [
    1585267200000,
    0.000820487496227203
  ],
  [
    1585353600000,
    0.0005862986397419846
  ],
  [
    1585440000000,
    0.0006499862576171145
  ],
  [
    1585526400000,
    0.0007078089996953137
  ],
  [
    1585612800000,
    0.0007550050924449064
  ],
  [
    1585699200000,
    0.0007573586894253746
  ],
  [
    1585785600000,
    0.0007763669280682935
  ],
  [
    1585872000000,
    0.0008048793452019236
  ],
  [
    1585958400000,
    0.0008004426093643308
  ],
  [
    1586044800000,
    0.0008230842039310177
  ],
  [
    1586131200000,
    0.0008116120920069795
  ],
  [
    1586217600000,
    0.0009597828738803202
  ],
  [
    1586304000000,
    0.0009319759423972096
  ],
  [
    1586390400000,
    0.0009751931968948714
  ],
  [
    1586476800000,
    0.00097209177378619
  ],
  [
    1586563200000,
    0.0008934131096821514
  ],
  [
    1586649600000,
    0.0008871873450442615
  ],
  [
    1586736000000,
    0.0009191434309435479
  ],
  [
    1586822400000,
    0.0008853293084512306
  ],
  [
    1586908800000,
    0.000785658914757341
  ],
  [
    1586995200000,
    0.0008054395393349854
  ],
  [
    1587081600000,
    0.0009067119975373532
  ],
  [
    1587168000000,
    0.0008368440788610358
  ],
  [
    1587254400000,
    0.001009628903686191
  ],
  [
    1587340800000,
    0.0009490893373603486
  ],
  [
    1587427200000,
    0.0008151461189544471
  ],
  [
    1587513600000,
    0.0009064242762147229
  ],
  [
    1587600000000,
    0.0009554995558546959
  ],
  [
    1587686400000,
    0.0009647122069728145
  ],
  [
    1587772800000,
    0.0009531360744562433
  ],
  [
    1587859200000,
    0.0009632993520023525
  ],
  [
    1587945600000,
    0.0010097976995569378
  ],
  [
    1588032000000,
    0.001005416123007946
  ],
  [
    1588118400000,
    0.0009897222549873123
  ],
  [
    1588204800000,
    0.0010536828289304714
  ],
  [
    1588291200000,
    0.0010479168416714635
  ],
  [
    1588377600000,
    0.0010724377440826524
  ],
  [
    1588464000000,
    0.0010776061259758379
  ],
  [
    1588550400000,
    0.0010589495575748023
  ],
  [
    1588636800000,
    0.0010326300820138405
  ],
  [
    1588723200000,
    0.001021252279640968
  ],
  [
    1588809600000,
    0.001026640659283639
  ],
  [
    1588896000000,
    0.0008152221928295394
  ],
  [
    1588982400000,
    0.0007666235421058326
  ],
  [
    1589068800000,
    0.0007189219126089719
  ],
  [
    1589155200000,
    0.0006767423099741146
  ],
  [
    1589241600000,
    0.0006307975153924763
  ],
  [
    1589328000000,
    0.0006069362562380178
  ],
  [
    1589414400000,
    0.0009617575002678215
  ],
  [
    1589500800000,
    0.0009845672621530402
  ],
  [
    1589587200000,
    0.0009401686690172484
  ],
  [
    1589673600000,
    0.0009746293725164908
  ],
  [
    1589760000000,
    0.0009982694557287752
  ],
  [
    1589846400000,
    0.0010307501144817318
  ],
  [
    1589932800000,
    0.0010339494040769387
  ],
  [
    1590019200000,
    0.0010113317383212154
  ],
  [
    1590105600000,
    0.0009939931860821882
  ],
  [
    1590192000000,
    0.0009388195649943748
  ],
  [
    1590278400000,
    0.000972910909622198
  ],
  [
    1590364800000,
    0.0009313912191042708
  ],
  [
    1590451200000,
    0.0009597654054254402
  ],
  [
    1590537600000,
    0.0009364445895089777
  ],
  [
    1590624000000,
    0.000975025319028358
  ],
  [
    1590710400000,
    0.000998576666138472
  ],
  [
    1590796800000,
    0.0010204754034508505
  ],
  [
    1590883200000,
    0.0010840716826229922
  ],
  [
    1590969600000,
    0.0011021256300039908
  ],
  [
    1591056000000,
    0.0011826454547648186
  ],
  [
    1591142400000,
    0.001032950108664899
  ],
  [
    1591228800000,
    0.001120858511829285
  ],
  [
    1591315200000,
    0.0010981800156170433
  ],
  [
    1591401600000,
    0.0011011538553086936
  ],
  [
    1591488000000,
    0.0010371413440326588
  ],
  [
    1591574400000,
    0.0005162770190974912
  ],
  [
    1591660800000,
    0.00037466471287238794
  ],
  [
    1591747200000,
    0.0005493236999535083
  ],
  [
    1591833600000,
    0.00047694631592130573
  ],
  [
    1591920000000,
    0.0006184364685975668
  ],
  [
    1592006400000,
    0.00046512274056206767
  ],
  [
    1592092800000,
    0.0007123783874859423
  ],
  [
    1592179200000,
    0.00047316681887961273
  ],
  [
    1592265600000,
    0.0006819551661624959
  ],
  [
    1592352000000,
    0.0008343791362272102
  ],
  [
    1592438400000,
    0.0007110023507586142
  ],
  [
    1592524800000,
    0.0006007067830723093
  ],
  [
    1592611200000,
    0.0006742822515648051
  ],
  [
    1592697600000,
    0.0008856678570581841
  ],
  [
    1592784000000,
    0.000553422545969918
  ],
  [
    1592870400000,
    0.0007776488985097815
  ],
  [
    1592956800000,
    0.0006006352188768368
  ],
  [
    1593043200000,
    0.0006295029992209882
  ],
  [
    1593129600000,
    0.0005327715331527398
  ],
  [
    1593216000000,
    0.0008553456920798396
  ],
  [
    1593302400000,
    0.0008732196854652504
  ],
  [
    1593388800000,
    0.00047474385355894343
  ],
  [
    1593475200000,
    0.0005638975831443249
  ],
  [
    1593561600000,
    0.00041567502388278627
  ],
  [
    1593648000000,
    0.0004482216747052957
  ],
  [
    1593734400000,
    0.0004869306047053617
  ],
  [
    1593820800000,
    0.00046098613516939253
  ],
  [
    1593907200000,
    0.0004691421334938055
  ],
  [
    1593993600000,
    0.00048717041026503406
  ],
  [
    1594080000000,
    0.0004888977884938885
  ],
  [
    1594166400000,
    0.0004771301177952646
  ],
  [
    1594252800000,
    0.0005340294595853296
  ],
  [
    1594339200000,
    0.0004961504145701509
  ],
  [
    1594425600000,
    0.00034947532294401167
  ],
  [
    1594512000000,
    0.00035389675646879003
  ],
  [
    1594598400000,
    0.00028658661814571227
  ],
  [
    1594684800000,
    0.00023973928561992223
  ],
  [
    1594771200000,
    0.00022593072783449274
  ],
  [
    1594857600000,
    0.0002072116067236784
  ],
  [
    1594944000000,
    0.00017768200456946367
  ],
  [
    1595030400000,
    0.00018862320081532922
  ],
  [
    1595116800000,
    0.00017231289472514902
  ],
  [
    1595203200000,
    0.0001619602483952356
  ],
  [
    1595289600000,
    0.0001863626025338805
  ],
  [
    1595376000000,
    0.00019081052028819688
  ],
  [
    1595462400000,
    0.00019287846180965988
  ],
  [
    1595548800000,
    0.00014550646912937556
  ],
  [
    1595635200000,
    0.0001648995257733893
  ],
  [
    1595721600000,
    0.000180000262854358
  ],
  [
    1595808000000,
    0.00010911514907857639
  ],
  [
    1595894400000,
    0.00008270430057975106
  ],
  [
    1595980800000,
    0.00018365776527129037
  ],
  [
    1596067200000,
    0.00014285862400143377
  ],
  [
    1596153600000,
    0.0001270354266058564
  ],
  [
    1596240000000,
    0.00013888102640052688
  ],
  [
    1596326400000,
    0.00012394169924030276
  ],
  [
    1596412800000,
    0.00010053866417875783
  ],
  [
    1596499200000,
    0.00011543089485846738
  ],
  [
    1596585600000,
    0.00010548836077370437
  ],
  [
    1596672000000,
    0.00013215570285506686
  ],
  [
    1596758400000,
    0.00009042296847492146
  ],
  [
    1596844800000,
    0.00011377718314232324
  ],
  [
    1596931200000,
    0.00008205247073523952
  ],
  [
    1597017600000,
    0.00009698513558192003
  ],
  [
    1597104000000,
    0.00009506766199271591
  ],
  [
    1597190400000,
    0.0000869562519077773
  ],
  [
    1597276800000,
    0.00015489223698618673
  ],
  [
    1597363200000,
    0.00015829371294659482
  ],
  [
    1597449600000,
    0.00017568909817378296
  ],
  [
    1597536000000,
    0.00020307758538198528
  ],
  [
    1597622400000,
    0.0001557846125872993
  ],
  [
    1597708800000,
    0.00018030984241540284
  ],
  [
    1597795200000,
    0.00014781249376655885
  ],
  [
    1597881600000,
    0.0001790053652169584
  ],
  [
    1597968000000,
    0.00016641521279137276
  ],
  [
    1598054400000,
    0.00017104275584392718
  ],
  [
    1598140800000,
    0.000170360689464721
  ],
  [
    1598227200000,
    0.0001450979581048463
  ],
  [
    1598313600000,
    0.00013034884899002267
  ],
  [
    1598400000000,
    0.00013036652575334253
  ],
  [
    1598486400000,
    0.00013505776338943468
  ],
  [
    1598572800000,
    0.00012607678974770354
  ],
  [
    1598659200000,
    0.000141851109458497
  ],
  [
    1598745600000,
    0.00013998939931641544
  ],
  [
    1598832000000,
    0.0001284528336613042
  ],
  [
    1598918400000,
    0.00011345341219172063
  ],
  [
    1599004800000,
    0.00010604713910859453
  ],
  [
    1599091200000,
    0.00012807825692005964
  ],
  [
    1599177600000,
    0.00013401355593834562
  ],
  [
    1599264000000,
    0.00011267631030236401
  ],
  [
    1599350400000,
    0.00008674448943665342
  ],
  [
    1599436800000,
    0.0000991722233702249
  ],
  [
    1599523200000,
    0.0001301809570759579
  ],
  [
    1599609600000,
    0.00014844591093058875
  ],
  [
    1599696000000,
    0.00015224333401743506
  ],
  [
    1599782400000,
    0.00015858526587954355
  ],
  [
    1599868800000,
    0.00015693812310560028
  ],
  [
    1599955200000,
    0.00015111824915707743
  ],
  [
    1600041600000,
    0.00015000368628316477
  ],
  [
    1600128000000,
    0.00027950817097771406
  ],
  [
    1600214400000,
    0.0003786183113402415
  ],
  [
    1600300800000,
    0.0004452582291213897
  ],
  [
    1600387200000,
    0.00024883737373164027
  ],
  [
    1600473600000,
    0.0005459539300675034
  ],
  [
    1600560000000,
    0.00041979560346635565
  ],
  [
    1600646400000,
    0.00040170978325682977
  ],
  [
    1600732800000,
    0.00036130337619310693
  ],
  [
    1600819200000,
    0.0002644999769953033
  ],
  [
    1600905600000,
    0.00030251983092213953
  ],
  [
    1600992000000,
    0.0002768559078574716
  ],
  [
    1601078400000,
    0.0002808406370695633
  ],
  [
    1601164800000,
    0.00027301903269955145
  ],
  [
    1601251200000,
    0.00029158925912435823
  ],
  [
    1601337600000,
    0.0002727287154554185
  ],
  [
    1601424000000,
    0.00025753821549000147
  ],
  [
    1601510400000,
    0.00011151426989550634
  ],
  [
    1601596800000,
    0.00014422385595253687
  ],
  [
    1601683200000,
    0.00019377668364487286
  ],
  [
    1601769600000,
    0.000173737473456073
  ],
  [
    1601856000000,
    0.0001688988495432145
  ],
  [
    1601942400000,
    0.00015894346982289585
  ],
  [
    1602028800000,
    0.00026192549530822416
  ],
  [
    1602115200000,
    0.00015652377556367444
  ],
  [
    1602201600000,
    0.00028436740243910564
  ],
  [
    1602288000000,
    0.0002531055855570431
  ],
  [
    1602374400000,
    0.00018870678267098636
  ],
  [
    1602460800000,
    0.0001979057143766233
  ],
  [
    1602547200000,
    0.0002838802440322954
  ],
  [
    1602633600000,
    0.00024814997714470394
  ],
  [
    1602720000000,
    0.00019635631288109282
  ],
  [
    1602806400000,
    0.00026827493391067545
  ],
  [
    1602892800000,
    0.00020474252039026349
  ],
  [
    1602979200000,
    0.0002353030284473187
  ],
  [
    1603065600000,
    0.00020666524298583477
  ],
  [
    1603152000000,
    0.00023519268964088689
  ],
  [
    1603238400000,
    0.00019879605506262807
  ],
  [
    1603324800000,
    0.00020375905746073991
  ],
  [
    1603411200000,
    0.00019840964184390764
  ],
  [
    1603497600000,
    0.00020033286040508467
  ],
  [
    1603584000000,
    0.00014396004361019762
  ],
  [
    1603670400000,
    0.00018680268203730567
  ],
  [
    1603756800000,
    0.0001333877773942952
  ],
  [
    1603843200000,
    0.00016970249903740757
  ],
  [
    1603929600000,
    0.000147156206955833
  ],
  [
    1604016000000,
    0.00016191047156635451
  ],
  [
    1604102400000,
    0.0001379748322383386
  ],
  [
    1604188800000,
    0.00014301947037970595
  ],
  [
    1604275200000,
    0.00012218763950438415
  ],
  [
    1604361600000,
    0.00012645897618122535
  ],
  [
    1604448000000,
    0.00013579465739307225
  ],
  [
    1604534400000,
    0.00012442902106273623
  ],
  [
    1604620800000,
    0.00013702027765635989
  ],
  [
    1604707200000,
    0.00015031615587943406
  ],
  [
    1604793600000,
    0.00014013686199265752
  ],
  [
    1604880000000,
    0.00014550965145212526
  ],
  [
    1604966400000,
    0.0001510469705611332
  ],
  [
    1605052800000,
    0.0001488730315056139
  ],
  [
    1605139200000,
    0.00014394049515722897
  ],
  [
    1605225600000,
    0.00014321661256699696
  ],
  [
    1605312000000,
    0.00014779728032147214
  ],
  [
    1605398400000,
    0.00014350540442988315
  ],
  [
    1605484800000,
    0.00013886507831585007
  ],
  [
    1605571200000,
    0.00014157918366888348
  ],
  [
    1605657600000,
    0.00016844967792924945
  ],
  [
    1605744000000,
    0.00014843397787753354
  ],
  [
    1605830400000,
    0.00015188252270321857
  ],
  [
    1605916800000,
    0.0001576690492587884
  ],
  [
    1606003200000,
    0.00016759527690919388
  ],
  [
    1606089600000,
    0.00017869662548945824
  ],
  [
    1606176000000,
    0.00018732225146817156
  ],
  [
    1606262400000,
    0.00018687068879976793
  ],
  [
    1606348800000,
    0.00017659929824989998
  ],
  [
    1606435200000,
    0.00015990720321748257
  ],
  [
    1606521600000,
    0.00016039505728460384
  ],
  [
    1606608000000,
    0.00016861400464808076
  ],
  [
    1606694400000,
    0.00017744720382984594
  ],
  [
    1606780800000,
    0.0001649254475773316
  ],
  [
    1606867200000,
    0.00017092995216657977
  ],
  [
    1606953600000,
    0.00016738621315814947
  ],
  [
    1607040000000,
    0.0001723858846066596
  ],
  [
    1607126400000,
    0.00016007516982384309
  ],
  [
    1607212800000,
    0.000172615365032262
  ],
  [
    1607299200000,
    0.00017445510202459142
  ],
  [
    1607385600000,
    0.00016483178598516575
  ],
  [
    1607472000000,
    0.00016116439826980843
  ],
  [
    1607558400000,
    0.00016708802105823802
  ],
  [
    1607644800000,
    0.00016309146069980779
  ],
  [
    1607731200000,
    0.00015838411409886978
  ],
  [
    1607817600000,
    0.0001650706687098083
  ],
  [
    1607904000000,
    0.00014757513515052336
  ],
  [
    1607990400000,
    0.00012914626979651937
  ],
  [
    1608076800000,
    0.0001587625031443826
  ],
  [
    1608163200000,
    0.00015792882766151002
  ],
  [
    1608249600000,
    0.00018022053380809422
  ],
  [
    1608336000000,
    0.0001889379806639443
  ],
  [
    1608422400000,
    0.00021735813617823212
  ],
  [
    1608508800000,
    0.00021038121064985158
  ],
  [
    1608595200000,
    0.00019048869664617003
  ],
  [
    1608681600000,
    0.0002151777655360713
  ],
  [
    1608768000000,
    0.00015431440726014923
  ],
  [
    1608854400000,
    0.00019670311012061752
  ],
  [
    1608940800000,
    0.0001986310770294408
  ],
  [
    1609027200000,
    0.0002038053914036478
  ],
  [
    1609113600000,
    0.00021729590432869797
  ],
  [
    1609200000000,
    0.0002128591885210233
  ],
  [
    1609286400000,
    0.00023954554131875173
  ],
  [
    1609372800000,
    0.00021770970845276538
  ],
  [
    1609459200000,
    0.0001923621773843776
  ],
  [
    1609545600000,
    0.000152889823303821
  ],
  [
    1609632000000,
    0.00019398309048983478
  ],
  [
    1609718400000,
    0.0001788787505330875
  ],
  [
    1609804800000,
    0.0002830408479647792
  ],
  [
    1609891200000,
    0.0002866382507344811
  ],
  [
    1609977600000,
    0.00021353242876431255
  ],
  [
    1610064000000,
    0.00018818089140292975
  ],
  [
    1610150400000,
    0.00027226944899630265
  ],
  [
    1610236800000,
    0.00020511759380341968
  ],
  [
    1610323200000,
    0.0002670861629249531
  ],
  [
    1610409600000,
    0.00021509666156631357
  ],
  [
    1610496000000,
    0.00014952377258772482
  ],
  [
    1610582400000,
    0.00017872198737438818
  ],
  [
    1610668800000,
    0.00021609740872856177
  ],
  [
    1610755200000,
    0.0002213918218751997
  ],
  [
    1610841600000,
    0.00023364657840594045
  ],
  [
    1610928000000,
    0.00023873634263678478
  ],
  [
    1611014400000,
    0.00020984511533010854
  ],
  [
    1611100800000,
    0.00022691127398571112
  ],
  [
    1611187200000,
    0.0002515909341211395
  ],
  [
    1611273600000,
    0.0003177043096418268
  ],
  [
    1611360000000,
    0.0002259219589401025
  ],
  [
    1611446400000,
    0.0002842959587272912
  ],
  [
    1611532800000,
    0.0003178686948097331
  ],
  [
    1611619200000,
    0.0002522551592989457
  ],
  [
    1611705600000,
    0.00030653998663246956
  ],
  [
    1611792000000,
    0.00032456338678540225
  ],
  [
    1611878400000,
    0.0003316564181023605
  ],
  [
    1611964800000,
    0.00030407705343560927
  ],
  [
    1612051200000,
    0.00026101899248198523
  ],
  [
    1612137600000,
    0.0003382624492161871
  ],
  [
    1612224000000,
    0.00030008538864244246
  ],
  [
    1612310400000,
    0.0003530773906468614
  ],
  [
    1612396800000,
    0.00036025270118042544
  ],
  [
    1612483200000,
    0.00024208805884396023
  ],
  [
    1612569600000,
    0.00032637701273809203
  ],
  [
    1612656000000,
    0.00039398118289028723
  ],
  [
    1612742400000,
    0.00033399122821345384
  ],
  [
    1612828800000,
    0.0002562466757030591
  ],
  [
    1612915200000,
    0.0002815719006060131
  ],
  [
    1613001600000,
    0.0002608071175035225
  ],
  [
    1613088000000,
    0.0002666959576321355
  ],
  [
    1613174400000,
    0.0003120555806926559
  ],
  [
    1613260800000,
    0.0002714626935813581
  ],
  [
    1613347200000,
    0.00027292329016921933
  ],
  [
    1613433600000,
    0.0003063051999131682
  ],
  [
    1613520000000,
    0.00028482328725633967
  ],
  [
    1613606400000,
    0.00020309248977366324
  ],
  [
    1613692800000,
    0.0002704179940034883
  ],
  [
    1613779200000,
    0.0002152871809166682
  ],
  [
    1613865600000,
    0.00035694800514761996
  ],
  [
    1613952000000,
    0.0003722967376498461
  ],
  [
    1614038400000,
    0.0002897633883069342
  ],
  [
    1614124800000,
    0.0002897633883069342
  ],
  [
    1614211200000,
    0.0001980171165959385
  ],
  [
    1614297600000,
    0.0001980171165959385
  ],
  [
    1614384000000,
    0.00017114294861199787
  ],
  [
    1614470400000,
    0.00017559980272093497
  ],
  [
    1614556800000,
    0.00017273190229313162
  ],
  [
    1614643200000,
    0.00024927528771538323
  ],
  [
    1614729600000,
    0.000284822311138304
  ],
  [
    1614816000000,
    0.00022287692652770856
  ],
  [
    1614902400000,
    0.0002771916788919648
  ],
  [
    1614988800000,
    0.00027678363746081445
  ],
  [
    1615075200000,
    0.0003163994453725836
  ],
  [
    1615161600000,
    0.00019033292618728627
  ],
  [
    1615248000000,
    0.000267345457074689
  ],
  [
    1615334400000,
    0.00036627680293766375
  ],
  [
    1615420800000,
    0.0003652256768277623
  ],
  [
    1615507200000,
    0.0003302376079380788
  ],
  [
    1615593600000,
    0.00038807661689099115
  ],
  [
    1615680000000,
    0.00042276697500008456
  ],
  [
    1615766400000,
    0.00033904871285752236
  ],
  [
    1615852800000,
    0.0004128627414369842
  ],
  [
    1615939200000,
    0.00039577382885052444
  ],
  [
    1616025600000,
    0.00040159387681332225
  ],
  [
    1616112000000,
    0.0003232543693211055
  ],
  [
    1616198400000,
    0.00032772306483758423
  ],
  [
    1616284800000,
    0.00034883690517013903
  ],
  [
    1616371200000,
    0.0004163016324680719
  ],
  [
    1616457600000,
    0.00037343745361437014
  ],
  [
    1616544000000,
    0.0003845030806840381
  ],
  [
    1616630400000,
    0.00034908760777393175
  ],
  [
    1616716800000,
    0.00037035248380616744
  ],
  [
    1616803200000,
    0.00032034553629405787
  ],
  [
    1616889600000,
    0.0003624352016973793
  ],
  [
    1616976000000,
    0.0003362497454294619
  ],
  [
    1617062400000,
    0.0003791973927699376
  ],
  [
    1617148800000,
    0.0004227727787176395
  ],
  [
    1617235200000,
    0.00040261179292461105
  ],
  [
    1617321600000,
    0.00045375264707570224
  ],
  [
    1617408000000,
    0.0004926171349039723
  ],
  [
    1617494400000,
    0.00040465879530665524
  ],
  [
    1617580800000,
    0.00043412047253071114
  ],
  [
    1617667200000,
    0.0004207174810663159
  ],
  [
    1617753600000,
    0.00048771130898941223
  ],
  [
    1617840000000,
    0.0004406429682411428
  ],
  [
    1617926400000,
    0.00045720681515688203
  ],
  [
    1618012800000,
    0.000455133901399889
  ],
  [
    1618099200000,
    0.0004447040162952302
  ],
  [
    1618185600000,
    0.00044915628039672123
  ],
  [
    1618272000000,
    0.0004714349883499821
  ],
  [
    1618358400000,
    0.0005050382360494081
  ],
  [
    1618444800000,
    0.0005348208749911639
  ],
  [
    1618531200000,
    0.0005283204173425349
  ],
  [
    1618617600000,
    0.000514248961560717
  ],
  [
    1618704000000,
    0.0005252129977122062
  ],
  [
    1618790400000,
    0.0005380528806073704
  ],
  [
    1618876800000,
    0.00043526722394835284
  ],
  [
    1618963200000,
    0.0006049677399452441
  ],
  [
    1619049600000,
    0.0004508863253381595
  ],
  [
    1619136000000,
    0.0006299533623724557
  ],
  [
    1619222400000,
    0.0004907392671358408
  ],
  [
    1619308800000,
    0.00040604627386984967
  ],
  [
    1619395200000,
    0.0003860881235263109
  ],
  [
    1619481600000,
    0.000452641534734021
  ],
  [
    1619568000000,
    0.0006323933421351454
  ],
  [
    1619654400000,
    0.0004935569045563718
  ],
  [
    1619740800000,
    0.0006348320299190876
  ],
  [
    1619827200000,
    0.00066536261337949
  ],
  [
    1619913600000,
    0.0005882434321770528
  ],
  [
    1620000000000,
    0.0006788122463910704
  ],
  [
    1620086400000,
    0.0005825073049184358
  ],
  [
    1620172800000,
    0.0005311125678508577
  ],
  [
    1620259200000,
    0.0006691239274877254
  ],
  [
    1620345600000,
    0.00038466827114484666
  ],
  [
    1620432000000,
    0.0003812684460971503
  ],
  [
    1620518400000,
    0.0006594962856724694
  ],
  [
    1620604800000,
    0.0005453240804150055
  ],
  [
    1620691200000,
    0.0005248117576648542
  ],
  [
    1620777600000,
    0.0005798859161476621
  ],
  [
    1620864000000,
    0.0006488123762459499
  ],
  [
    1620950400000,
    0.0005553493585236336
  ],
  [
    1621036800000,
    0.0005312919664666744
  ],
  [
    1621123200000,
    0.0004547139266013007
  ],
  [
    1621209600000,
    0.0003546839436646176
  ],
  [
    1621296000000,
    0.00045314099562046437
  ],
  [
    1621382400000,
    0.0005140720288556057
  ],
  [
    1621468800000,
    0.0003241733858247306
  ],
  [
    1621555200000,
    0.00030329059690296705
  ],
  [
    1621641600000,
    0.000334241110165767
  ],
  [
    1621728000000,
    0.0003516366449137662
  ],
  [
    1621814400000,
    0.001093942934278769
  ],
  [
    1621900800000,
    0.001157765277423493
  ],
  [
    1621987200000,
    0.001248388112732772
  ],
  [
    1622073600000,
    0.0016162469955673779
  ],
  [
    1622160000000,
    0.001517737487553378
  ],
  [
    1622246400000,
    0.0011859861128314692
  ],
  [
    1622332800000,
    0.0007531212403010763
  ],
  [
    1622419200000,
    0.0008436820782453378
  ],
  [
    1622505600000,
    0.00098168114089478
  ],
  [
    1622592000000,
    0.0008807169726947892
  ],
  [
    1622678400000,
    0.0009997604955290066
  ],
  [
    1622764800000,
    0.0009741489720887962
  ],
  [
    1622851200000,
    0.0009020157938417545
  ],
  [
    1622937600000,
    0.0009544450733348695
  ],
  [
    1623024000000,
    0.0009987858687223287
  ],
  [
    1623110400000,
    0.0009409215235142894
  ],
  [
    1623196800000,
    0.0009089266732031717
  ],
  [
    1623283200000,
    0.0008629546258352425
  ],
  [
    1623369600000,
    0.0008208363368616712
  ],
  [
    1623456000000,
    0.0008208421446237737
  ],
  [
    1623542400000,
    0.0008930522505745456
  ],
  [
    1623628800000,
    0.0008335278203705341
  ],
  [
    1623715200000,
    0.0008774557365830516
  ],
  [
    1623801600000,
    0.000895870856904952
  ],
  [
    1623888000000,
    0.0008074594817401701
  ],
  [
    1623974400000,
    0.0008081816867648862
  ],
  [
    1624060800000,
    0.0013255475364907898
  ],
  [
    1624147200000,
    0.001140729247352859
  ],
  [
    1624233600000,
    0.0012455476814256944
  ],
  [
    1624320000000,
    0.0011623272431978322
  ],
  [
    1624406400000,
    0.0011968119330450155
  ],
  [
    1624492800000,
    0.0008373381604929269
  ],
  [
    1624579200000,
    0.0009359197724817912
  ],
  [
    1624665600000,
    0.0008699529545138949
  ],
  [
    1624752000000,
    0.0008543424804131341
  ],
  [
    1624838400000,
    0.0009586947865153874
  ],
  [
    1624924800000,
    0.000933803097868541
  ],
  [
    1625011200000,
    0.0010682627103408
  ],
  [
    1625097600000,
    0.000993503490065443
  ],
  [
    1625184000000,
    0.0011090028646639975
  ],
  [
    1625270400000,
    0.0012115484868685277
  ],
  [
    1625356800000,
    0.0012784843018813275
  ],
  [
    1625443200000,
    0.0011638881029838366
  ],
  [
    1625529600000,
    0.0009431434875657211
  ],
  [
    1625616000000,
    0.0010687893498132891
  ],
  [
    1625702400000,
    0.0010868976769934197
  ],
  [
    1625788800000,
    0.000925099239129701
  ],
  [
    1625875200000,
    0.001192122413843538
  ],
  [
    1625961600000,
    0.0008930727125653655
  ],
  [
    1626048000000,
    0.0010528722371686303
  ],
  [
    1626134400000,
    0.0008552529499535554
  ],
  [
    1626220800000,
    0.0008743722259928346
  ],
  [
    1626307200000,
    0.0008199205653383954
  ],
  [
    1626393600000,
    0.0008638015763265195
  ],
  [
    1626480000000,
    0.0006764240683397976
  ],
  [
    1626566400000,
    0.0007990873553865914
  ],
  [
    1626652800000,
    0.000716593964170558
  ],
  [
    1626739200000,
    0.0006573025430419055
  ],
  [
    1626825600000,
    0.0007989635910853026
  ],
  [
    1626912000000,
    0.0006590965591587978
  ],
  [
    1626998400000,
    0.0009682416597523202
  ],
  [
    1627084800000,
    0.0008486663664897661
  ],
  [
    1627171200000,
    0.0008509197790965811
  ],
  [
    1627257600000,
    0.0006988403441238501
  ],
  [
    1627344000000,
    0.0007803633026558918
  ],
  [
    1627430400000,
    0.000940201757799812
  ],
  [
    1627516800000,
    0.0007133351119329831
  ],
  [
    1627603200000,
    0.0010007559549376857
  ],
  [
    1627689600000,
    0.0007553400740543405
  ],
  [
    1627776000000,
    0.0010400143070850004
  ],
  [
    1627862400000,
    0.0008677136844120831
  ],
  [
    1627948800000,
    0.0010527160505737064
  ],
  [
    1628035200000,
    0.0009312094345696081
  ],
  [
    1628121600000,
    0.000987738777407217
  ],
  [
    1628208000000,
    0.0011656449024466885
  ],
  [
    1628294400000,
    0.0008662637341356903
  ],
  [
    1628380800000,
    0.0009011732505000108
  ],
  [
    1628467200000,
    0.0007591939771566246
  ],
  [
    1628553600000,
    0.0011249035707228
  ],
  [
    1628640000000,
    0.000784780473095748
  ],
  [
    1628726400000,
    0.000824918301954064
  ],
  [
    1628812800000,
    0.0008735597804163081
  ],
  [
    1628899200000,
    0.0008220055077040263
  ],
  [
    1628985600000,
    0.001169077375849343
  ],
  [
    1629072000000,
    0.0011854425269793255
  ],
  [
    1629158400000,
    0.001075936948144226
  ],
  [
    1629244800000,
    0.0010299618221983472
  ],
  [
    1629331200000,
    0.0010362437603781804
  ],
  [
    1629417600000,
    0.00099494960182792
  ],
  [
    1629504000000,
    0.0009839213359457025
  ],
  [
    1629590400000,
    0.0010414437713678658
  ],
  [
    1629676800000,
    0.0010394313151423265
  ],
  [
    1629763200000,
    0.001034335472416092
  ],
  [
    1629849600000,
    0.0009001400858501992
  ],
  [
    1629936000000,
    0.0009697454631476947
  ],
  [
    1630022400000,
    0.0008449182863888584
  ],
  [
    1630108800000,
    0.0010767612417443874
  ],
  [
    1630195200000,
    0.0009739499054731251
  ],
  [
    1630281600000,
    0.0010679116237509432
  ],
  [
    1630368000000,
    0.0009759195455386081
  ],
  [
    1630454400000,
    0.0010525543992880259
  ],
  [
    1630540800000,
    0.0010177487507292352
  ],
  [
    1630627200000,
    0.0011377129454734917
  ]
]