[
  [
    1587168000000,
    0
  ],
  [
    1587254400000,
    0
  ],
  [
    1587340800000,
    0
  ],
  [
    1587427200000,
    0
  ],
  [
    1587513600000,
    0
  ],
  [
    1587600000000,
    0
  ],
  [
    1587686400000,
    0
  ],
  [
    1587772800000,
    0
  ],
  [
    1587859200000,
    0
  ],
  [
    1587945600000,
    0
  ],
  [
    1588032000000,
    0
  ],
  [
    1588118400000,
    0
  ],
  [
    1588204800000,
    0
  ],
  [
    1588291200000,
    0
  ],
  [
    1588377600000,
    0
  ],
  [
    1588464000000,
    0
  ],
  [
    1588550400000,
    0
  ],
  [
    1588636800000,
    0
  ],
  [
    1588723200000,
    0
  ],
  [
    1588809600000,
    0
  ],
  [
    1588896000000,
    0
  ],
  [
    1588982400000,
    0
  ],
  [
    1589068800000,
    0
  ],
  [
    1589155200000,
    0
  ],
  [
    1589241600000,
    0
  ],
  [
    1589328000000,
    916370.4777350264
  ],
  [
    1589414400000,
    965696.4038590919
  ],
  [
    1589500800000,
    1027694.9423187608
  ],
  [
    1589587200000,
    1272110.265963135
  ],
  [
    1589673600000,
    1281191.6677921612
  ],
  [
    1589760000000,
    1313900.0141658075
  ],
  [
    1589846400000,
    1334057.7836304284
  ],
  [
    1589932800000,
    1362155.9243055605
  ],
  [
    1590019200000,
    1343150.8256135634
  ],
  [
    1590105600000,
    1291425.4684797267
  ],
  [
    1590192000000,
    1326798.3269597234
  ],
  [
    1590278400000,
    1328218.6381571838
  ],
  [
    1590364800000,
    1448728.0167285423
  ],
  [
    1590451200000,
    1578943.8372238867
  ],
  [
    1590537600000,
    1574357.2540989146
  ],
  [
    1590624000000,
    1637858.8144028692
  ],
  [
    1590710400000,
    1728352.3055771652
  ],
  [
    1590796800000,
    1722833.7107346088
  ],
  [
    1590883200000,
    1752498.1675658885
  ],
  [
    1590969600000,
    1719896.6271381325
  ],
  [
    1591056000000,
    1861348.3294880232
  ],
  [
    1591142400000,
    1750178.5639297306
  ],
  [
    1591228800000,
    1786386.4149399986
  ],
  [
    1591315200000,
    1844523.8977608993
  ],
  [
    1591401600000,
    1764424.9393792918
  ],
  [
    1591488000000,
    1779313.2131798982
  ],
  [
    1591574400000,
    1803421.1655131474
  ],
  [
    1591660800000,
    1810397.0281382261
  ],
  [
    1591747200000,
    1810363.7039969554
  ],
  [
    1591833600000,
    1866729.2643310549
  ],
  [
    1591920000000,
    1758128.661092359
  ],
  [
    1592006400000,
    1799198.1097172075
  ],
  [
    1592092800000,
    1824898.777065069
  ],
  [
    1592179200000,
    1820329.523702345
  ],
  [
    1592265600000,
    1859281.121515638
  ],
  [
    1592352000000,
    1893686.7138197827
  ],
  [
    1592438400000,
    1902976.1328578254
  ],
  [
    1592524800000,
    1907009.6648071848
  ],
  [
    1592611200000,
    1853893.2876991685
  ],
  [
    1592697600000,
    1893674.627451977
  ],
  [
    1592784000000,
    1892385.8310490819
  ],
  [
    1592870400000,
    2037198.6318183115
  ],
  [
    1592956800000,
    2037666.5063576181
  ],
  [
    1593043200000,
    2006686.1718140307
  ],
  [
    1593129600000,
    2009011.2734207248
  ],
  [
    1593216000000,
    2004907.8279820369
  ],
  [
    1593302400000,
    1984121.7634963344
  ],
  [
    1593388800000,
    2019519.7277905932
  ],
  [
    1593475200000,
    2059951.3927198297
  ],
  [
    1593561600000,
    2065664.690335049
  ],
  [
    1593648000000,
    2090286.511918788
  ],
  [
    1593734400000,
    2073317.9435996083
  ],
  [
    1593820800000,
    2079732.280563425
  ],
  [
    1593907200000,
    2111506.5405108654
  ],
  [
    1593993600000,
    2111818.016229901
  ],
  [
    1594080000000,
    1958650.6012525521
  ],
  [
    1594166400000,
    1852676.4781397602
  ],
  [
    1594252800000,
    1924589.1871391903
  ],
  [
    1594339200000,
    1895880.3638396198
  ],
  [
    1594425600000,
    1887307.78742415
  ],
  [
    1594512000000,
    1881885.2272603197
  ],
  [
    1594598400000,
    1936858.975139557
  ],
  [
    1594684800000,
    1936601.8384266463
  ],
  [
    1594771200000,
    2284273.5998084084
  ],
  [
    1594857600000,
    2299039.428336639
  ],
  [
    1594944000000,
    2297586.5274408828
  ],
  [
    1595030400000,
    2311603.7786023607
  ],
  [
    1595116800000,
    2335929.4255589014
  ],
  [
    1595203200000,
    2362507.36785286
  ],
  [
    1595289600000,
    2362488.9583370457
  ],
  [
    1595376000000,
    2439700.509776777
  ],
  [
    1595462400000,
    2488621.5385210356
  ],
  [
    1595548800000,
    2524429.9387719175
  ],
  [
    1595635200000,
    2526738.3346598055
  ],
  [
    1595721600000,
    2580137.454029946
  ],
  [
    1595808000000,
    2664231.794552088
  ],
  [
    1595894400000,
    2988663.3095695763
  ],
  [
    1595980800000,
    2958401.8595777093
  ],
  [
    1596067200000,
    3033256.949904339
  ],
  [
    1596153600000,
    3045105.4881345513
  ],
  [
    1596240000000,
    3129139.0145799434
  ],
  [
    1596326400000,
    3282817.9740550425
  ],
  [
    1596412800000,
    3095294.9120897553
  ],
  [
    1596499200000,
    3162145.159119634
  ],
  [
    1596585600000,
    3163406.0591186173
  ],
  [
    1596672000000,
    3328791.608018384
  ],
  [
    1596758400000,
    3360431.2172833774
  ],
  [
    1596844800000,
    3315581.8829919784
  ],
  [
    1596931200000,
    3384099.3425976885
  ],
  [
    1597017600000,
    3382135.0121490117
  ],
  [
    1597104000000,
    3467873.561697971
  ],
  [
    1597190400000,
    3325247.8803554494
  ],
  [
    1597276800000,
    3418806.4110482964
  ],
  [
    1597363200000,
    3498750.3062410755
  ],
  [
    1597449600000,
    3510970.637750959
  ],
  [
    1597536000000,
    3551758.158513411
  ],
  [
    1597622400000,
    3956186.4284648495
  ],
  [
    1597708800000,
    4136816.90520842
  ],
  [
    1597795200000,
    4059949.3419266874
  ],
  [
    1597881600000,
    3983353.181498336
  ],
  [
    1597968000000,
    4062097.82300171
  ],
  [
    1598054400000,
    3930532.9165003104
  ],
  [
    1598140800000,
    4007018.129751238
  ],
  [
    1598227200000,
    4046409.9198694914
  ],
  [
    1598313600000,
    4103283.6297262707
  ],
  [
    1598400000000,
    3971796.418613499
  ],
  [
    1598486400000,
    4009681.483172999
  ],
  [
    1598572800000,
    3975774.1517395163
  ],
  [
    1598659200000,
    4093334.9948242093
  ],
  [
    1598745600000,
    4065067.493105485
  ],
  [
    1598832000000,
    4160319.3639931725
  ],
  [
    1598918400000,
    4171269.21248495
  ],
  [
    1599004800000,
    4297803.433173552
  ],
  [
    1599091200000,
    4114946.796222754
  ],
  [
    1599177600000,
    3652340.2277271827
  ],
  [
    1599264000000,
    3772162.3525531855
  ],
  [
    1599350400000,
    3673082.2843303587
  ],
  [
    1599436800000,
    3805960.253805185
  ],
  [
    1599523200000,
    3784653.8892119844
  ],
  [
    1599609600000,
    3704154.484109515
  ],
  [
    1599696000000,
    3697919.9566551917
  ],
  [
    1599782400000,
    3883742.5359176598
  ],
  [
    1599868800000,
    3920013.5508522876
  ],
  [
    1599955200000,
    3951516.8123544496
  ],
  [
    1600041600000,
    3927000.748584058
  ],
  [
    1600128000000,
    4071854.2391068684
  ],
  [
    1600214400000,
    4136869.0207897555
  ],
  [
    1600300800000,
    4209004.941516762
  ],
  [
    1600387200000,
    4175045.07547713
  ],
  [
    1600473600000,
    4239879.129892101
  ],
  [
    1600560000000,
    4316316.163185536
  ],
  [
    1600646400000,
    4214227.69670667
  ],
  [
    1600732800000,
    4030870.074305118
  ],
  [
    1600819200000,
    4122676.1576095438
  ],
  [
    1600905600000,
    3968659.784827289
  ],
  [
    1600992000000,
    4229335.763142547
  ],
  [
    1601078400000,
    4145404.8065820443
  ],
  [
    1601164800000,
    4175879.1110553383
  ],
  [
    1601251200000,
    4209306.011144859
  ],
  [
    1601337600000,
    4279912.147103587
  ],
  [
    1601424000000,
    4322016.785867074
  ],
  [
    1601510400000,
    4311335.048376277
  ],
  [
    1601596800000,
    4151883.2946113576
  ],
  [
    1601683200000,
    4083579.7779213563
  ],
  [
    1601769600000,
    4125167.368037758
  ],
  [
    1601856000000,
    4118624.157216067
  ],
  [
    1601942400000,
    4057636.6379924994
  ],
  [
    1602028800000,
    3944326.924107399
  ],
  [
    1602115200000,
    3959950.6726639504
  ],
  [
    1602201600000,
    4079491.3676442755
  ],
  [
    1602288000000,
    4178141.0291163158
  ],
  [
    1602374400000,
    4278295.593871611
  ],
  [
    1602460800000,
    4387104.620309367
  ],
  [
    1602547200000,
    4448485.910495019
  ],
  [
    1602633600000,
    4431509.471193868
  ],
  [
    1602720000000,
    3718370.1726695294
  ],
  [
    1602806400000,
    3786037.5277557927
  ],
  [
    1602892800000,
    3735399.093285588
  ],
  [
    1602979200000,
    3699219.171070747
  ],
  [
    1603065600000,
    3730371.881496001
  ],
  [
    1603152000000,
    3834998.4338010377
  ],
  [
    1603238400000,
    3906374.151545589
  ],
  [
    1603324800000,
    4186470.2814757936
  ],
  [
    1603411200000,
    4173873.7972598975
  ],
  [
    1603497600000,
    4199500.375537331
  ],
  [
    1603584000000,
    4279591.1772247935
  ],
  [
    1603670400000,
    4254128.681800386
  ],
  [
    1603756800000,
    4296374.755913158
  ],
  [
    1603843200000,
    4503448.971226046
  ],
  [
    1603929600000,
    4397505.104939522
  ],
  [
    1604016000000,
    4631763.180018427
  ],
  [
    1604102400000,
    4549291.137588725
  ],
  [
    1604188800000,
    4616816.262072969
  ],
  [
    1604275200000,
    4589816.679719873
  ],
  [
    1604361600000,
    4568892.498619869
  ],
  [
    1604448000000,
    4620148.1555712195
  ],
  [
    1604534400000,
    4657191.0085145105
  ],
  [
    1604620800000,
    5231302.856334803
  ],
  [
    1604707200000,
    5317737.301694528
  ],
  [
    1604793600000,
    5119212.828066192
  ],
  [
    1604880000000,
    5342022.619758063
  ],
  [
    1604966400000,
    5304237.74479935
  ],
  [
    1605052800000,
    5317039.08824354
  ],
  [
    1605139200000,
    5455202.638416391
  ],
  [
    1605225600000,
    5518161.292828887
  ],
  [
    1605312000000,
    5821517.829711852
  ],
  [
    1605398400000,
    5680678.314981947
  ],
  [
    1605484800000,
    5617478.290893213
  ],
  [
    1605571200000,
    6180491.832448198
  ],
  [
    1605657600000,
    6523544.477792632
  ],
  [
    1605744000000,
    6330723.400400454
  ],
  [
    1605830400000,
    6334574.879646411
  ],
  [
    1605916800000,
    6646507.210506558
  ],
  [
    1606003200000,
    6678081.046907644
  ],
  [
    1606089600000,
    6612324.993645008
  ],
  [
    1606176000000,
    6542525.891262297
  ],
  [
    1606262400000,
    6699453.67081646
  ],
  [
    1606348800000,
    6653498.782039471
  ],
  [
    1606435200000,
    6126340.0742942635
  ],
  [
    1606521600000,
    6379481.338747107
  ],
  [
    1606608000000,
    5596779.965022143
  ],
  [
    1606694400000,
    6607120.698029938
  ],
  [
    1606780800000,
    7214218.340933637
  ],
  [
    1606867200000,
    6998117.5998059735
  ],
  [
    1606953600000,
    7008713.636979472
  ],
  [
    1607040000000,
    7200922.935843314
  ],
  [
    1607126400000,
    6920826.013600517
  ],
  [
    1607212800000,
    7098541.848147481
  ],
  [
    1607299200000,
    7111999.057406103
  ],
  [
    1607385600000,
    7083895.328429391
  ],
  [
    1607472000000,
    6796850.23721414
  ],
  [
    1607558400000,
    6877474.746316846
  ],
  [
    1607644800000,
    6803129.007873855
  ],
  [
    1607731200000,
    6737753.86641858
  ],
  [
    1607817600000,
    6674208.660546517
  ],
  [
    1607904000000,
    7158708.940620734
  ],
  [
    1607990400000,
    7230183.514022613
  ],
  [
    1608076800000,
    7299359.037134316
  ],
  [
    1608163200000,
    8044685.899515566
  ],
  [
    1608249600000,
    8484747.058040265
  ],
  [
    1608336000000,
    8645660.379405506
  ],
  [
    1608422400000,
    8973740.009566879
  ],
  [
    1608508800000,
    8859613.675564287
  ],
  [
    1608595200000,
    8693353.52011364
  ],
  [
    1608681600000,
    9040018.96391584
  ],
  [
    1608768000000,
    8890248.08951635
  ],
  [
    1608854400000,
    9113442.187628029
  ],
  [
    1608940800000,
    9015281.092965925
  ],
  [
    1609027200000,
    9889108.829514235
  ],
  [
    1609113600000,
    9447863.628170136
  ],
  [
    1609200000000,
    4346881.195362379
  ],
  [
    1609286400000,
    4433614.180678494
  ],
  [
    1609372800000,
    10816852.420447866
  ],
  [
    1609459200000,
    10875085.850796644
  ],
  [
    1609545600000,
    10947570.949528918
  ],
  [
    1609632000000,
    5659521.486399118
  ],
  [
    1609718400000,
    12764609.078878373
  ],
  [
    1609804800000,
    11895170.206327068
  ],
  [
    1609891200000,
    12893936.97894849
  ],
  [
    1609977600000,
    13681914.898322083
  ],
  [
    1610064000000,
    14715266.647057379
  ],
  [
    1610150400000,
    15315737.860863337
  ],
  [
    1610236800000,
    15267906.341369182
  ],
  [
    1610323200000,
    14586880.890976505
  ],
  [
    1610409600000,
    13304560.7577101
  ],
  [
    1610496000000,
    12790665.115818318
  ],
  [
    1610582400000,
    13858762.131534042
  ],
  [
    1610668800000,
    14494606.73667241
  ],
  [
    1610755200000,
    13694047.122974316
  ],
  [
    1610841600000,
    13103218.895798411
  ],
  [
    1610928000000,
    12904783.592348723
  ],
  [
    1611014400000,
    12813602.165091231
  ],
  [
    1611100800000,
    12532398.268173572
  ],
  [
    1611187200000,
    5645602.39489676
  ],
  [
    1611273600000,
    12858433.967045577
  ],
  [
    1611360000000,
    4010090.6751547577
  ],
  [
    1611446400000,
    3470087.0232269047
  ],
  [
    1611532800000,
    2429680.0186962686
  ],
  [
    1611619200000,
    2239651.2993641435
  ],
  [
    1611705600000,
    2858417.9900887203
  ],
  [
    1611792000000,
    2499379.791468611
  ],
  [
    1611878400000,
    2260810.1870077443
  ],
  [
    1611964800000,
    3198438.0403305325
  ],
  [
    1612051200000,
    3236355.963877717
  ],
  [
    1612137600000,
    3121740.895055797
  ],
  [
    1612224000000,
    3173667.552754416
  ],
  [
    1612310400000,
    3384165.012773183
  ],
  [
    1612396800000,
    1690579.600214767
  ],
  [
    1612483200000,
    1668573.5442579004
  ],
  [
    1612569600000,
    1707198.6400873961
  ],
  [
    1612656000000,
    1740568.1937250206
  ],
  [
    1612742400000,
    1691562.776867898
  ],
  [
    1612828800000,
    2009476.6758527784
  ],
  [
    1612915200000,
    2031700.6385942309
  ],
  [
    1613001600000,
    1979979.55639697
  ],
  [
    1613088000000,
    2094598.3949164057
  ],
  [
    1613174400000,
    2086973.4662104258
  ],
  [
    1613260800000,
    2081694.8120725437
  ],
  [
    1613347200000,
    2149332.730617978
  ],
  [
    1613433600000,
    2135030.7970522437
  ],
  [
    1613520000000,
    2189960.5919664823
  ],
  [
    1613606400000,
    2329480.7122685974
  ],
  [
    1613692800000,
    2313117.76608245
  ],
  [
    1613779200000,
    2506521.86964649
  ],
  [
    1613865600000,
    2512338.171917109
  ],
  [
    1613952000000,
    2601451.630548263
  ],
  [
    1614038400000,
    2412238.073779674
  ],
  [
    1614124800000,
    2314827.0887871054
  ],
  [
    1614211200000,
    3100888.484315915
  ],
  [
    1614297600000,
    3039456.099161043
  ],
  [
    1614384000000,
    2901896.9470258984
  ],
  [
    1614470400000,
    2084835.769329184
  ],
  [
    1614556800000,
    1964778.7961172916
  ],
  [
    1614643200000,
    2251235.8040064466
  ],
  [
    1614729600000,
    939066.3141030872
  ],
  [
    1614816000000,
    1423858.9878096017
  ],
  [
    1614902400000,
    1359940.6046955741
  ],
  [
    1614988800000,
    1376791.4218860902
  ],
  [
    1615075200000,
    1358183.0230911688
  ],
  [
    1615161600000,
    1435222.0990088086
  ],
  [
    1615248000000,
    1468488.6296820452
  ],
  [
    1615334400000,
    1551824.6109156038
  ],
  [
    1615420800000,
    1582743.0384545545
  ],
  [
    1615507200000,
    1656948.5245765625
  ],
  [
    1615593600000,
    1641235.7977447927
  ],
  [
    1615680000000,
    1762486.6658149445
  ],
  [
    1615766400000,
    1730113.5220827798
  ],
  [
    1615852800000,
    1626361.6966804464
  ],
  [
    1615939200000,
    1634738.4407227503
  ],
  [
    1616025600000,
    1661593.8546451882
  ],
  [
    1616112000000,
    1672201.2326640878
  ],
  [
    1616198400000,
    1686674.0166497251
  ],
  [
    1616284800000,
    1694485.2941357824
  ],
  [
    1616371200000,
    1664894.3212105732
  ],
  [
    1616457600000,
    1574211.6377546678
  ],
  [
    1616544000000,
    1573927.397617833
  ],
  [
    1616630400000,
    1521827.78100459
  ],
  [
    1616716800000,
    1524681.3187157454
  ],
  [
    1616803200000,
    1624918.0117877973
  ],
  [
    1616889600000,
    1521256.6013074645
  ],
  [
    1616976000000,
    1319034.531963153
  ],
  [
    1617062400000,
    1580681.7440170879
  ],
  [
    1617148800000,
    1605654.9698045827
  ],
  [
    1617235200000,
    1084756.4676228573
  ],
  [
    1617321600000,
    1616356.982613743
  ],
  [
    1617408000000,
    2427034.2760577495
  ],
  [
    1617494400000,
    2383951.0025132042
  ],
  [
    1617580800000,
    2412201.1449244884
  ],
  [
    1617667200000,
    2444569.6783594587
  ],
  [
    1617753600000,
    1202128.829408388
  ],
  [
    1617840000000,
    1172848.5393186526
  ],
  [
    1617926400000,
    1205480.7936244106
  ],
  [
    1618012800000,
    1211766.330501712
  ],
  [
    1618099200000,
    1242555.0325527084
  ],
  [
    1618185600000,
    1258874.044277271
  ],
  [
    1618272000000,
    1260875.6167549721
  ],
  [
    1618358400000,
    1332177.1975575613
  ],
  [
    1618444800000,
    1275894.0583281547
  ],
  [
    1618531200000,
    1247686.9583907928
  ],
  [
    1618617600000,
    1304018.572589278
  ],
  [
    1618704000000,
    1288146.243035416
  ],
  [
    1618790400000,
    1203576.6257495547
  ],
  [
    1618876800000,
    1197205.169398502
  ],
  [
    1618963200000,
    1208351.1976253001
  ],
  [
    1619049600000,
    1153892.3431964144
  ],
  [
    1619136000000,
    1267758.6463824501
  ],
  [
    1619222400000,
    1102861.9657142528
  ],
  [
    1619308800000,
    1239001.4851977678
  ],
  [
    1619395200000,
    1207412.939365658
  ],
  [
    1619481600000,
    1354495.2355246108
  ],
  [
    1619568000000,
    1364003.1576665207
  ],
  [
    1619654400000,
    1356899.5270963048
  ],
  [
    1619740800000,
    1331163.2245590845
  ],
  [
    1619827200000,
    1427737.7818687037
  ],
  [
    1619913600000,
    1439581.852560554
  ],
  [
    1620000000000,
    1442223.939483439
  ],
  [
    1620086400000,
    1525244.7608471126
  ],
  [
    1620172800000,
    1358701.384783038
  ],
  [
    1620259200000,
    1437351.5056856258
  ],
  [
    1620345600000,
    1424969.5005350125
  ],
  [
    1620432000000,
    1446215.4989497873
  ],
  [
    1620518400000,
    1535848.157117078
  ],
  [
    1620604800000,
    1534890.4228483625
  ],
  [
    1620691200000,
    1427108.5231222322
  ],
  [
    1620777600000,
    1440824.4744002242
  ],
  [
    1620864000000,
    1521312.844519366
  ],
  [
    1620950400000,
    1414413.7759796903
  ],
  [
    1621036800000,
    1450604.8214770255
  ],
  [
    1621123200000,
    1262658.0328399588
  ],
  [
    1621209600000,
    1339977.8019958287
  ],
  [
    1621296000000,
    1255936.805023658
  ],
  [
    1621382400000,
    1375128.96293565
  ],
  [
    1621468800000,
    1230711.306867713
  ],
  [
    1621555200000,
    625405.6618185202
  ],
  [
    1621641600000,
    1092128.4923559555
  ],
  [
    1621728000000,
    1091380.8997200045
  ],
  [
    1621814400000,
    1071756.8362122732
  ],
  [
    1621900800000,
    1209513.2664380649
  ],
  [
    1621987200000,
    1151622.6105120059
  ],
  [
    1622073600000,
    1523127.5093141212
  ],
  [
    1622160000000,
    1377780.5221441765
  ],
  [
    1622246400000,
    1260901.7173072405
  ],
  [
    1622332800000,
    1068853.5364361943
  ],
  [
    1622419200000,
    1083380.1649649744
  ],
  [
    1622505600000,
    1281116.4923370522
  ],
  [
    1622592000000,
    1265962.338423459
  ],
  [
    1622678400000,
    1304443.0005172037
  ],
  [
    1622764800000,
    1357244.9776868434
  ],
  [
    1622851200000,
    1275894.300242047
  ],
  [
    1622937600000,
    1212833.886601173
  ],
  [
    1623024000000,
    1240958.6973456717
  ],
  [
    1623110400000,
    1121180.511209501
  ],
  [
    1623196800000,
    1170029.859410825
  ],
  [
    1623283200000,
    1307364.1041589237
  ],
  [
    1623369600000,
    1292956.778151223
  ],
  [
    1623456000000,
    1313081.7217784582
  ],
  [
    1623542400000,
    1268586.1528071447
  ],
  [
    1623628800000,
    1373338.2397902396
  ],
  [
    1623715200000,
    1441341.4291928872
  ],
  [
    1623801600000,
    1431069.111987437
  ],
  [
    1623888000000,
    1364452.6238065176
  ],
  [
    1623974400000,
    1357335.1750877968
  ],
  [
    1624060800000,
    1268234.8957306873
  ],
  [
    1624147200000,
    1279974.1345349709
  ],
  [
    1624233600000,
    1280115.2215881518
  ],
  [
    1624320000000,
    1135287.0775108158
  ],
  [
    1624406400000,
    1167546.3491581723
  ],
  [
    1624492800000,
    1208485.4830846277
  ],
  [
    1624579200000,
    1050027.0297592557
  ],
  [
    1624665600000,
    1143474.6009114068
  ],
  [
    1624752000000,
    1156302.5384008444
  ],
  [
    1624838400000,
    1253109.0883075413
  ],
  [
    1624924800000,
    1252836.3551668082
  ],
  [
    1625011200000,
    1313625.0399527124
  ],
  [
    1625097600000,
    1265353.4171783158
  ],
  [
    1625184000000,
    1225786.380685465
  ],
  [
    1625270400000,
    1239781.0058057106
  ],
  [
    1625356800000,
    1267029.8246027883
  ],
  [
    1625443200000,
    1295071.4914298034
  ],
  [
    1625529600000,
    1251971.6420237988
  ],
  [
    1625616000000,
    1249363.3446959835
  ],
  [
    1625702400000,
    1253621.9882674618
  ],
  [
    1625788800000,
    1195805.7571484142
  ],
  [
    1625875200000,
    1264755.6249809682
  ],
  [
    1625961600000,
    1257786.8846252367
  ],
  [
    1626048000000,
    1286503.2403150292
  ],
  [
    1626134400000,
    1239447.8891274028
  ],
  [
    1626220800000,
    1222857.0223204363
  ],
  [
    1626307200000,
    1235695.2299421397
  ],
  [
    1626393600000,
    1199804.9696305098
  ],
  [
    1626480000000,
    1198478.740481428
  ],
  [
    1626566400000,
    1194553.8672369907
  ],
  [
    1626652800000,
    1196820.010360261
  ],
  [
    1626739200000,
    1173359.5159528835
  ],
  [
    1626825600000,
    1291436.8726614672
  ],
  [
    1626912000000,
    1191556.3546348943
  ],
  [
    1626998400000,
    1197151.571536564
  ],
  [
    1627084800000,
    1175036.0230619097
  ],
  [
    1627171200000,
    1263374.8776340885
  ],
  [
    1627257600000,
    1302646.352339768
  ],
  [
    1627344000000,
    1414377.4050184549
  ],
  [
    1627430400000,
    1333275.7513332206
  ],
  [
    1627516800000,
    1490367.0852208596
  ],
  [
    1627603200000,
    1487959.5390303656
  ],
  [
    1627689600000,
    1546037.587577572
  ],
  [
    1627776000000,
    1570954.2754072195
  ],
  [
    1627862400000,
    1498745.2208131154
  ],
  [
    1627948800000,
    1376853.0981911276
  ],
  [
    1628035200000,
    1455475.2320049088
  ],
  [
    1628121600000,
    1494989.4858640176
  ],
  [
    1628208000000,
    1433898.6495734802
  ],
  [
    1628294400000,
    1618223.3830520157
  ],
  [
    1628380800000,
    1672943.1840333303
  ],
  [
    1628467200000,
    1687778.6009005366
  ],
  [
    1628553600000,
    1745792.4387806426
  ],
  [
    1628640000000,
    1736115.3984636983
  ],
  [
    1628726400000,
    2291609.3719046866
  ],
  [
    1628812800000,
    2364334.281521738
  ],
  [
    1628899200000,
    2554652.135942757
  ],
  [
    1628985600000,
    2460287.479585247
  ],
  [
    1629072000000,
    2536417.9421919608
  ],
  [
    1629158400000,
    1787006.1279146348
  ],
  [
    1629244800000,
    1882650.2717342614
  ],
  [
    1629331200000,
    1884970.4047611076
  ],
  [
    1629417600000,
    1933796.5929401412
  ],
  [
    1629504000000,
    2062245.5800884028
  ],
  [
    1629590400000,
    2068653.4797457713
  ],
  [
    1629676800000,
    2065388.2672194547
  ],
  [
    1629763200000,
    2080096.4094716876
  ],
  [
    1629849600000,
    2028400.4093811598
  ],
  [
    1629936000000,
    1833440.4300253505
  ],
  [
    1630022400000,
    1864161.742716174
  ],
  [
    1630108800000,
    2102385.5964616453
  ],
  [
    1630195200000,
    2094882.344797364
  ],
  [
    1630281600000,
    2115641.0379427546
  ],
  [
    1630368000000,
    2054595.1029495415
  ],
  [
    1630454400000,
    2037492.908615335
  ],
  [
    1630540800000,
    2101616.0763570247
  ],
  [
    1630627200000,
    2155141.77332842
  ]
]