[
  [
    1608249600000,
    44.99999809535619
  ],
  [
    1608336000000,
    44.99999809535619
  ],
  [
    1608422400000,
    70.36059194384111
  ],
  [
    1608508800000,
    106.69633064941304
  ],
  [
    1608595200000,
    93.05876295162112
  ],
  [
    1608681600000,
    79.75719081277022
  ],
  [
    1608768000000,
    76.10731890164155
  ],
  [
    1608854400000,
    87.61731238337399
  ],
  [
    1608940800000,
    80.07532339734462
  ],
  [
    1609027200000,
    89.19689861799435
  ],
  [
    1609113600000,
    89.49329172561511
  ],
  [
    1609200000000,
    81.27840525554602
  ],
  [
    1609286400000,
    84.05868189383902
  ],
  [
    1609372800000,
    72.53436800162379
  ],
  [
    1609459200000,
    82.09647718686614
  ],
  [
    1609545600000,
    73.01508281489204
  ],
  [
    1609632000000,
    68.81816029629091
  ],
  [
    1609718400000,
    59.8668173216307
  ],
  [
    1609804800000,
    62.51
  ],
  [
    1609891200000,
    65.13116190963255
  ],
  [
    1609977600000,
    75.77430978170206
  ],
  [
    1610064000000,
    77.77889027049228
  ],
  [
    1610150400000,
    87.33715725630442
  ],
  [
    1610236800000,
    100.47554953526704
  ],
  [
    1610323200000,
    123.46081556924435
  ],
  [
    1610409600000,
    99.0970308767173
  ],
  [
    1610496000000,
    81.26186678503679
  ],
  [
    1610582400000,
    91.13308206356812
  ],
  [
    1610668800000,
    86.54268796960933
  ],
  [
    1610755200000,
    90.05903056730698
  ],
  [
    1610841600000,
    88.75386463508279
  ],
  [
    1610928000000,
    88.00364875980905
  ],
  [
    1611014400000,
    82.21020556159932
  ],
  [
    1611100800000,
    93.7467652064319
  ],
  [
    1611187200000,
    94.90602074100563
  ],
  [
    1611273600000,
    82.33969759545124
  ],
  [
    1611360000000,
    88.00909921135909
  ],
  [
    1611446400000,
    89.96330598847038
  ],
  [
    1611532800000,
    88.41021975459651
  ],
  [
    1611619200000,
    85.13460662808477
  ],
  [
    1611705600000,
    81.98941435075922
  ],
  [
    1611792000000,
    76.9155384657335
  ],
  [
    1611878400000,
    76.24791316467298
  ],
  [
    1611964800000,
    86.30093178483999
  ],
  [
    1612051200000,
    75.77448047700352
  ],
  [
    1612137600000,
    73.19476396332924
  ],
  [
    1612224000000,
    76.78496144628451
  ],
  [
    1612310400000,
    76.19353410243696
  ],
  [
    1612396800000,
    78.79124896796138
  ],
  [
    1612483200000,
    83.03894035375552
  ],
  [
    1612569600000,
    85.74000764248821
  ],
  [
    1612656000000,
    75.70349526313643
  ],
  [
    1612742400000,
    80.08243221645921
  ],
  [
    1612828800000,
    68.60337951026943
  ],
  [
    1612915200000,
    100.01522923808268
  ],
  [
    1613001600000,
    89.37446680122986
  ],
  [
    1613088000000,
    97.16262191409851
  ],
  [
    1613174400000,
    94.74210771233595
  ],
  [
    1613260800000,
    100.97721195767342
  ],
  [
    1613347200000,
    108.28479357107804
  ],
  [
    1613433600000,
    117.26749293012125
  ],
  [
    1613520000000,
    116.10222975599845
  ],
  [
    1613606400000,
    117.16277292421444
  ],
  [
    1613692800000,
    108.46515969061555
  ],
  [
    1613779200000,
    115.5162128332359
  ],
  [
    1613865600000,
    118.38672520112969
  ],
  [
    1613952000000,
    117.65994885523665
  ],
  [
    1614038400000,
    116.21972092455088
  ],
  [
    1614124800000,
    101.00775287568709
  ],
  [
    1614211200000,
    123.95725960535125
  ],
  [
    1614297600000,
    151.41613255849433
  ],
  [
    1614384000000,
    159.59899367178352
  ],
  [
    1614470400000,
    133.14604795070545
  ],
  [
    1614556800000,
    131.95571522895312
  ],
  [
    1614643200000,
    132.81048055558787
  ],
  [
    1614729600000,
    140.23177448169372
  ],
  [
    1614816000000,
    154.79943431126347
  ],
  [
    1614902400000,
    127.69829108309422
  ],
  [
    1614988800000,
    150.58660343257847
  ],
  [
    1615075200000,
    132.3908946297138
  ],
  [
    1615161600000,
    150.13895962360618
  ],
  [
    1615248000000,
    190.08083243975213
  ],
  [
    1615334400000,
    238.80112848144086
  ],
  [
    1615420800000,
    241.06839979208624
  ],
  [
    1615507200000,
    250.67668165722137
  ],
  [
    1615593600000,
    336.112012777771
  ],
  [
    1615680000000,
    324.6432609383366
  ],
  [
    1615766400000,
    330.5315097786003
  ],
  [
    1615852800000,
    306.4629092402708
  ],
  [
    1615939200000,
    319.46849766683835
  ],
  [
    1616025600000,
    348.72107366614205
  ],
  [
    1616112000000,
    423.7229673318206
  ],
  [
    1616198400000,
    413.1568491872962
  ],
  [
    1616284800000,
    419.59458884046387
  ],
  [
    1616371200000,
    417.1987593359801
  ],
  [
    1616457600000,
    426.7281956703453
  ],
  [
    1616544000000,
    410.8031195204941
  ],
  [
    1616630400000,
    428.3950430560835
  ],
  [
    1616716800000,
    393.9350420039277
  ],
  [
    1616803200000,
    412.498195718325
  ],
  [
    1616889600000,
    417.7091342386314
  ],
  [
    1616976000000,
    427.31058261088725
  ],
  [
    1617062400000,
    434.91459082852646
  ],
  [
    1617148800000,
    453.62127069011274
  ],
  [
    1617235200000,
    454.7244923797204
  ],
  [
    1617321600000,
    464.9950198288949
  ],
  [
    1617408000000,
    508.87955820304256
  ],
  [
    1617494400000,
    489.14445392345306
  ],
  [
    1617580800000,
    580.1339052622562
  ],
  [
    1617667200000,
    595.098101861151
  ],
  [
    1617753600000,
    553.6887824832459
  ],
  [
    1617840000000,
    526.4704373670305
  ],
  [
    1617926400000,
    527.5518281045017
  ],
  [
    1618012800000,
    537.2647004576258
  ],
  [
    1618099200000,
    509.77623216703284
  ],
  [
    1618185600000,
    497.28426712655903
  ],
  [
    1618272000000,
    469.3870048092261
  ],
  [
    1618358400000,
    478.33146977917306
  ],
  [
    1618444800000,
    415.9108357162749
  ],
  [
    1618531200000,
    446.17092905148536
  ],
  [
    1618617600000,
    450.97239962955075
  ],
  [
    1618704000000,
    413.5146270786821
  ],
  [
    1618790400000,
    377.8603769682474
  ],
  [
    1618876800000,
    324.8187122812902
  ],
  [
    1618963200000,
    340.93120271135837
  ],
  [
    1619049600000,
    303.9210290945933
  ],
  [
    1619136000000,
    283.0632406286102
  ],
  [
    1619222400000,
    270.5898341716531
  ],
  [
    1619308800000,
    243.08098454823775
  ],
  [
    1619395200000,
    227.58975632871395
  ],
  [
    1619481600000,
    262.27999408905487
  ],
  [
    1619568000000,
    350.63989131680245
  ],
  [
    1619654400000,
    325.4118180052965
  ],
  [
    1619740800000,
    327.13725209876014
  ],
  [
    1619827200000,
    336.58796926105316
  ],
  [
    1619913600000,
    327.7317511100715
  ],
  [
    1620000000000,
    311.2494681386952
  ],
  [
    1620086400000,
    310.36383217803825
  ],
  [
    1620172800000,
    265.1242746949859
  ],
  [
    1620259200000,
    257.7367192038591
  ],
  [
    1620345600000,
    304.76036317530634
  ],
  [
    1620432000000,
    297.0733768740248
  ],
  [
    1620518400000,
    304.9142968198691
  ],
  [
    1620604800000,
    322.4282709876507
  ],
  [
    1620691200000,
    276.5626270608882
  ],
  [
    1620777600000,
    345.9347333564548
  ],
  [
    1620864000000,
    283.87304947189614
  ],
  [
    1620950400000,
    276.1907700926777
  ],
  [
    1621036800000,
    295.2002198659674
  ],
  [
    1621123200000,
    265.80624641845145
  ],
  [
    1621209600000,
    269.7927287499027
  ],
  [
    1621296000000,
    239.73592739175996
  ],
  [
    1621382400000,
    250.53713381979017
  ],
  [
    1621468800000,
    159.09367431231172
  ],
  [
    1621555200000,
    178.68007877202825
  ],
  [
    1621641600000,
    127.98353925956572
  ],
  [
    1621728000000,
    117.38028720575163
  ],
  [
    1621814400000,
    102.62883772948453
  ],
  [
    1621900800000,
    132.04948925860438
  ],
  [
    1621987200000,
    127.2675214482489
  ],
  [
    1622073600000,
    151.70121302989745
  ],
  [
    1622160000000,
    156.59717024849192
  ],
  [
    1622246400000,
    146.78364334106325
  ],
  [
    1622332800000,
    136.15000280893872
  ],
  [
    1622419200000,
    144.8200202819237
  ],
  [
    1622505600000,
    152.03451838912108
  ],
  [
    1622592000000,
    151.85664426863895
  ],
  [
    1622678400000,
    160.10917037907575
  ],
  [
    1622764800000,
    176.98695203122108
  ],
  [
    1622851200000,
    156.0654186224835
  ],
  [
    1622937600000,
    147.7267251130351
  ],
  [
    1623024000000,
    153.0637661856848
  ],
  [
    1623110400000,
    129.05123063801273
  ],
  [
    1623196800000,
    130.79041578125555
  ],
  [
    1623283200000,
    140.8937565245755
  ],
  [
    1623369600000,
    128.646528637375
  ],
  [
    1623456000000,
    119.38872208231152
  ],
  [
    1623542400000,
    119.09696130609048
  ],
  [
    1623628800000,
    126.37054863304684
  ],
  [
    1623715200000,
    128.63253135476106
  ],
  [
    1623801600000,
    127.68229202939818
  ],
  [
    1623888000000,
    121.09007317001334
  ],
  [
    1623974400000,
    119.72323724947289
  ],
  [
    1624060800000,
    107.77342765527374
  ],
  [
    1624147200000,
    105.28604256669317
  ],
  [
    1624233600000,
    106.54419885193158
  ],
  [
    1624320000000,
    84.59910415223993
  ],
  [
    1624406400000,
    75.01745442749306
  ],
  [
    1624492800000,
    82.2261322186915
  ],
  [
    1624579200000,
    90.46502761099273
  ],
  [
    1624665600000,
    81.30078502431829
  ],
  [
    1624752000000,
    72.93576617854237
  ],
  [
    1624838400000,
    81.06628386772445
  ],
  [
    1624924800000,
    89.71994474832154
  ],
  [
    1625011200000,
    98.02277527992939
  ],
  [
    1625097600000,
    97.56191797018926
  ],
  [
    1625184000000,
    93.09239546329282
  ],
  [
    1625270400000,
    88.18698817866955
  ],
  [
    1625356800000,
    88.20368412328061
  ],
  [
    1625443200000,
    90.98224153986423
  ],
  [
    1625529600000,
    86.51372988083901
  ],
  [
    1625616000000,
    88.73683932855262
  ],
  [
    1625702400000,
    90.08952695335896
  ],
  [
    1625788800000,
    81.09842928069205
  ],
  [
    1625875200000,
    82.2070166555933
  ],
  [
    1625961600000,
    79.2453201870882
  ],
  [
    1626048000000,
    78.82953360118985
  ],
  [
    1626134400000,
    76.24562420814617
  ],
  [
    1626220800000,
    73.65182237229575
  ],
  [
    1626307200000,
    74.43381905285064
  ],
  [
    1626393600000,
    71.66015533150595
  ],
  [
    1626480000000,
    61.99770083778147
  ],
  [
    1626566400000,
    64.09714947807706
  ],
  [
    1626652800000,
    64.85842376902507
  ],
  [
    1626739200000,
    59.73942492255306
  ],
  [
    1626825600000,
    54.528740665337565
  ],
  [
    1626912000000,
    60.35861393528872
  ],
  [
    1626998400000,
    68.94531737140011
  ],
  [
    1627084800000,
    68.80255919778348
  ],
  [
    1627171200000,
    79.11681817758817
  ],
  [
    1627257600000,
    94.36904760347504
  ],
  [
    1627344000000,
    98.93555271563167
  ],
  [
    1627430400000,
    99.57343729648021
  ],
  [
    1627516800000,
    102.29189505849682
  ],
  [
    1627603200000,
    111.37096932219626
  ],
  [
    1627689600000,
    116.15162941630938
  ],
  [
    1627776000000,
    121.17468265192012
  ],
  [
    1627862400000,
    115.61227604709656
  ],
  [
    1627948800000,
    117.7281781839027
  ],
  [
    1628035200000,
    116.341889788011
  ],
  [
    1628121600000,
    116.84116192952605
  ],
  [
    1628208000000,
    122.86417391888125
  ],
  [
    1628294400000,
    132.72234309154786
  ],
  [
    1628380800000,
    139.94327762193288
  ],
  [
    1628467200000,
    139.0103509388512
  ],
  [
    1628553600000,
    151.366598760002
  ],
  [
    1628640000000,
    160.25737216668944
  ],
  [
    1628726400000,
    170.42206277608952
  ],
  [
    1628812800000,
    152.82115357610502
  ],
  [
    1628899200000,
    169.43156694586503
  ],
  [
    1628985600000,
    165.90613084381351
  ],
  [
    1629072000000,
    163.6471210869471
  ],
  [
    1629158400000,
    159.32785030717287
  ],
  [
    1629244800000,
    145.25835784986572
  ],
  [
    1629331200000,
    137.52708958707927
  ],
  [
    1629417600000,
    144.12645056631308
  ],
  [
    1629504000000,
    153.70956343512196
  ],
  [
    1629590400000,
    152.073947693015
  ],
  [
    1629676800000,
    158.58540177081494
  ],
  [
    1629763200000,
    168.16286057356947
  ],
  [
    1629849600000,
    155.46106610262925
  ],
  [
    1629936000000,
    164.26779651483034
  ],
  [
    1630022400000,
    153.56037032402148
  ],
  [
    1630108800000,
    148.35636264946308
  ],
  [
    1630195200000,
    153.22778873644222
  ],
  [
    1630281600000,
    147.55457050586193
  ],
  [
    1630368000000,
    145.13495394819208
  ],
  [
    1630454400000,
    145.45174095692826
  ],
  [
    1630540800000,
    147.69077944367746
  ],
  [
    1630627200000,
    141.534661854288
  ]
]