[
  [
    1544140800000,
    0.3377196318551765
  ],
  [
    1544227200000,
    0.2273195521548837
  ],
  [
    1544313600000,
    0.21958944996040736
  ],
  [
    1544400000000,
    0.21298174652971646
  ],
  [
    1544486400000,
    0.20614168440255445
  ],
  [
    1544572800000,
    0.20351232912374906
  ],
  [
    1544659200000,
    0.20762560423428406
  ],
  [
    1544745600000,
    0.20307202747735695
  ],
  [
    1544832000000,
    0.16757242103942882
  ],
  [
    1544918400000,
    0.18340729005440023
  ],
  [
    1545004800000,
    0.1674687999825249
  ],
  [
    1545091200000,
    0.1555731804038807
  ],
  [
    1545177600000,
    0.14983899146454685
  ],
  [
    1545264000000,
    0.1669591758870655
  ],
  [
    1545350400000,
    0.16237873448877163
  ],
  [
    1545436800000,
    0.14878196248306716
  ],
  [
    1545523200000,
    0.1717208964774534
  ],
  [
    1545609600000,
    0.18376722817764093
  ],
  [
    1545696000000,
    0.21852877808556515
  ],
  [
    1545782400000,
    0.15978313525860058
  ],
  [
    1545868800000,
    0.15493867434043185
  ],
  [
    1545955200000,
    0.17511520737327144
  ],
  [
    1550880000000,
    0.17511520737327144
  ],
  [
    1550966400000,
    0.17511520737327144
  ],
  [
    1551052800000,
    0.17511520737327144
  ],
  [
    1551139200000,
    0.17511520737327144
  ],
  [
    1551225600000,
    0.17511520737327144
  ],
  [
    1551312000000,
    0.018828673130888405
  ],
  [
    1551398400000,
    0.023636242978294978
  ],
  [
    1551484800000,
    0.10954687575615676
  ],
  [
    1551571200000,
    0.019701846350128387
  ],
  [
    1551657600000,
    0.01982182462415551
  ],
  [
    1551744000000,
    0.019909086052240236
  ],
  [
    1551830400000,
    0.5801009707474134
  ],
  [
    1551916800000,
    0.30185230785931144
  ],
  [
    1552003200000,
    0.02504346070643114
  ],
  [
    1552089600000,
    0.0372713112270462
  ],
  [
    1552176000000,
    0.020033202476557675
  ],
  [
    1552262400000,
    0.022176642644457113
  ],
  [
    1552348800000,
    0.02450553696862105
  ],
  [
    1552435200000,
    0.024195679943584684
  ],
  [
    1552521600000,
    0.02462673041305955
  ],
  [
    1552608000000,
    0.025330561707148112
  ],
  [
    1552694400000,
    0.028935855025171243
  ],
  [
    1552780800000,
    0.029117521158177104
  ],
  [
    1552867200000,
    0.029866787024259975
  ],
  [
    1552953600000,
    0.029155516542413915
  ],
  [
    1553040000000,
    0.02593557150259161
  ],
  [
    1553126400000,
    0.02607492523231873
  ],
  [
    1553212800000,
    0.026144746128374925
  ],
  [
    1553299200000,
    0.028006315616642748
  ],
  [
    1553385600000,
    0.028971412531322203
  ],
  [
    1553472000000,
    0.0299476306071735
  ],
  [
    1553558400000,
    0.027567121109242646
  ],
  [
    1553644800000,
    0.027692156182483448
  ],
  [
    1553731200000,
    0.028122026323102862
  ],
  [
    1553817600000,
    0.035495582352705266
  ],
  [
    1553904000000,
    0.03071097535365
  ],
  [
    1553990400000,
    0.030747912093939966
  ],
  [
    1554076800000,
    0.021112014792497052
  ],
  [
    1554163200000,
    0.031138274373254206
  ],
  [
    1554249600000,
    0.015025634290806762
  ],
  [
    1554336000000,
    0.020029724183849008
  ],
  [
    1554422400000,
    0.02002455189359331
  ],
  [
    1554508800000,
    0.0005535886452718646
  ],
  [
    1554595200000,
    0.0025145173856146756
  ],
  [
    1554681600000,
    0.021077170721965546
  ],
  [
    1554768000000,
    0.05588532524132135
  ],
  [
    1554854400000,
    0.006483560688017751
  ],
  [
    1554940800000,
    0.0558403561120467
  ],
  [
    1555027200000,
    0.052467504825869996
  ],
  [
    1555113600000,
    0.051821508667562875
  ],
  [
    1555200000000,
    0.007834949266470971
  ],
  [
    1555286400000,
    0.05184325555366721
  ],
  [
    1555372800000,
    0.04373150868475169
  ],
  [
    1555459200000,
    0.05155767320575126
  ],
  [
    1555545600000,
    0.046030127708527525
  ],
  [
    1555632000000,
    0.04477170044377093
  ],
  [
    1555718400000,
    0.04481105708916234
  ],
  [
    1555804800000,
    0.050923936094898925
  ],
  [
    1555891200000,
    0.052062546027362315
  ],
  [
    1555977600000,
    0.05238423813433203
  ],
  [
    1556064000000,
    0.04317438417243815
  ],
  [
    1556150400000,
    0.0505274169601194
  ],
  [
    1556236800000,
    0.0422385781300309
  ],
  [
    1556323200000,
    0.029935354733405143
  ],
  [
    1556409600000,
    0.03941328903133265
  ],
  [
    1556496000000,
    0.013880275616017759
  ],
  [
    1556582400000,
    0.048760772013334154
  ],
  [
    1556668800000,
    0.04899059500329325
  ],
  [
    1556755200000,
    0.04965320921310503
  ],
  [
    1556841600000,
    0.01123793947248333
  ],
  [
    1556928000000,
    0.03626201731865152
  ],
  [
    1557014400000,
    0.03616962224725998
  ],
  [
    1557100800000,
    0.02091397109420509
  ],
  [
    1557187200000,
    0.020692883175788476
  ],
  [
    1557273600000,
    0.031918229014921085
  ],
  [
    1557360000000,
    0.017911847829651797
  ],
  [
    1557446400000,
    0.017978617787498416
  ],
  [
    1557532800000,
    0.007801876390056564
  ],
  [
    1557619200000,
    0.009268444710915806
  ],
  [
    1557705600000,
    0.007778740021496727
  ],
  [
    1557792000000,
    0.06549523663899813
  ],
  [
    1557878400000,
    0.055450805048621175
  ],
  [
    1557964800000,
    0.04937693361665714
  ],
  [
    1558051200000,
    0.014355695827150607
  ],
  [
    1558137600000,
    0.009782926654607258
  ],
  [
    1558224000000,
    0.01836327704711871
  ],
  [
    1558310400000,
    0.005427049983823411
  ],
  [
    1558396800000,
    0.008931770609485709
  ],
  [
    1558483200000,
    0.00992687283733504
  ],
  [
    1558569600000,
    0.02013181616877031
  ],
  [
    1558656000000,
    0.011578669406903757
  ],
  [
    1558742400000,
    0.015077448103572338
  ],
  [
    1558828800000,
    0.006524883261200057
  ],
  [
    1558915200000,
    0.02291881196937005
  ],
  [
    1559001600000,
    0.011873215416202655
  ],
  [
    1559088000000,
    0.019327502819558764
  ],
  [
    1559174400000,
    0.016375748547952224
  ],
  [
    1559260800000,
    0.016348776012970193
  ],
  [
    1559347200000,
    0.012605233377518125
  ],
  [
    1559433600000,
    0.010756264302923564
  ],
  [
    1559520000000,
    0.009449012928635151
  ],
  [
    1559606400000,
    0.014874767330944024
  ],
  [
    1559692800000,
    0.013338503560622076
  ],
  [
    1559779200000,
    0.01246426456016078
  ],
  [
    1559865600000,
    0.013039268875097106
  ],
  [
    1559952000000,
    0.014831035798632807
  ],
  [
    1560038400000,
    0.012266729800139431
  ],
  [
    1560124800000,
    0.011692081595377667
  ],
  [
    1560211200000,
    0.01461592100774263
  ],
  [
    1560297600000,
    0.014490140692824645
  ],
  [
    1560384000000,
    0.011492214336382565
  ],
  [
    1560470400000,
    0.012788245109953465
  ],
  [
    1560556800000,
    0.016892639690380573
  ],
  [
    1560643200000,
    0.01793424500415583
  ],
  [
    1560729600000,
    0.03341889918998716
  ],
  [
    1560816000000,
    0.01511601747155705
  ],
  [
    1560902400000,
    0.010608644114989286
  ],
  [
    1560988800000,
    0.012970623989541354
  ],
  [
    1561075200000,
    0.012105902770811774
  ],
  [
    1561161600000,
    0.011869564758386505
  ],
  [
    1561248000000,
    0.010874687122617823
  ],
  [
    1561334400000,
    0.010252801181436344
  ],
  [
    1561420800000,
    0.009690675776241157
  ],
  [
    1561507200000,
    0.006337051838839455
  ],
  [
    1561593600000,
    0.013606547283541772
  ],
  [
    1561680000000,
    0.008226831356635697
  ],
  [
    1561766400000,
    0.011199372814322104
  ],
  [
    1561852800000,
    0.011114709030605142
  ],
  [
    1561939200000,
    0.005886030429341801
  ],
  [
    1562025600000,
    0.005516962197706798
  ],
  [
    1562112000000,
    0.008895440334075683
  ],
  [
    1562198400000,
    0.005423662389035627
  ],
  [
    1562284800000,
    0.0031940306309805756
  ],
  [
    1562371200000,
    0.008691647301423685
  ],
  [
    1562457600000,
    0.005629420400345912
  ],
  [
    1562544000000,
    0.005821537858258625
  ],
  [
    1562630400000,
    0.005820033549378811
  ],
  [
    1562716800000,
    0.009044069142882976
  ],
  [
    1562803200000,
    0.006151666257293057
  ],
  [
    1562889600000,
    0.004324311974812554
  ],
  [
    1562976000000,
    0.005975401785005692
  ],
  [
    1563062400000,
    0.004277730696129659
  ],
  [
    1563148800000,
    0.008324677637375318
  ],
  [
    1563235200000,
    0.006177535951091249
  ],
  [
    1563321600000,
    0.004614418942257489
  ],
  [
    1563408000000,
    0.0053584349318591875
  ],
  [
    1563494400000,
    0.0060603316654381486
  ],
  [
    1563580800000,
    0.0029630364644247687
  ],
  [
    1563667200000,
    0.004478555600761675
  ],
  [
    1563753600000,
    0.00532155138512033
  ],
  [
    1563840000000,
    0.006002832478697329
  ],
  [
    1563926400000,
    0.0059336752734010486
  ],
  [
    1564012800000,
    0.006113640884337547
  ],
  [
    1564099200000,
    0.006217026422338604
  ],
  [
    1564185600000,
    0.0062128340319772685
  ],
  [
    1564272000000,
    0.0059071962376905434
  ],
  [
    1564358400000,
    0.0029922918874459928
  ],
  [
    1564444800000,
    0.005980028634057122
  ],
  [
    1564531200000,
    0.005651255858687734
  ],
  [
    1564617600000,
    0.0059905606784736
  ],
  [
    1564704000000,
    0.003898075418294947
  ],
  [
    1564790400000,
    0.005534670726336795
  ],
  [
    1564876800000,
    0.005387931928498193
  ],
  [
    1564963200000,
    0.005339368001551729
  ],
  [
    1565049600000,
    0.005617128594641198
  ],
  [
    1565136000000,
    0.003179108387855049
  ],
  [
    1565222400000,
    0.003682415308321786
  ],
  [
    1565308800000,
    0.005344612681877084
  ],
  [
    1565395200000,
    0.005188118336409975
  ],
  [
    1565481600000,
    0.005394252546503223
  ],
  [
    1565568000000,
    0.0055069835902269975
  ],
  [
    1565654400000,
    0.005484242653480393
  ],
  [
    1565740800000,
    0.0054904589498728906
  ],
  [
    1565827200000,
    0.004348086982754244
  ],
  [
    1565913600000,
    0.0036557567034683656
  ],
  [
    1566000000000,
    0.004942506563659012
  ],
  [
    1566086400000,
    0.00510342548658827
  ],
  [
    1566172800000,
    0.004607738041341092
  ],
  [
    1566259200000,
    0.004567685309261729
  ],
  [
    1566345600000,
    0.004449051958499037
  ],
  [
    1566432000000,
    0.0046590348806584084
  ],
  [
    1566518400000,
    0.004558103983519196
  ],
  [
    1566604800000,
    0.004703611026317031
  ],
  [
    1566691200000,
    0.004778456600766885
  ],
  [
    1566777600000,
    0.0045041115633310674
  ],
  [
    1566864000000,
    0.0045575114353466305
  ],
  [
    1566950400000,
    0.002349055371223918
  ],
  [
    1567036800000,
    0.003942350973493377
  ],
  [
    1567123200000,
    0.0032054916525415915
  ],
  [
    1567209600000,
    0.0036072014695924448
  ],
  [
    1567296000000,
    0.003685808172665436
  ],
  [
    1567382400000,
    0.004769558644780553
  ],
  [
    1567468800000,
    0.0049689632515461275
  ],
  [
    1567555200000,
    0.004992044275067173
  ],
  [
    1567641600000,
    0.005204771445795586
  ],
  [
    1567728000000,
    0.004380576438650445
  ],
  [
    1567814400000,
    0.002971489224263679
  ],
  [
    1567900800000,
    0.004037074230267337
  ],
  [
    1567987200000,
    0.005266627174194073
  ],
  [
    1568073600000,
    0.003672194322055527
  ],
  [
    1568160000000,
    0.00518452573229505
  ],
  [
    1568246400000,
    0.0036267335401187458
  ],
  [
    1568332800000,
    0.005074093653524002
  ],
  [
    1568419200000,
    0.00398544552143993
  ],
  [
    1568505600000,
    0.004403816252918957
  ],
  [
    1568592000000,
    0.004605542520758874
  ],
  [
    1568678400000,
    0.005568600892696149
  ],
  [
    1568764800000,
    0.005719385787068425
  ],
  [
    1568851200000,
    0.004902704349753618
  ],
  [
    1568937600000,
    0.004740476589228568
  ],
  [
    1569024000000,
    0.006282917356645517
  ],
  [
    1569110400000,
    0.0051438438538450645
  ],
  [
    1569196800000,
    0.004686013489398026
  ],
  [
    1569283200000,
    0.004383781451996542
  ],
  [
    1569369600000,
    0.010551523837221157
  ],
  [
    1569456000000,
    0.011108960450491498
  ],
  [
    1569542400000,
    0.004703332601015783
  ],
  [
    1569628800000,
    0.004799695938003615
  ],
  [
    1569715200000,
    0.005023666647844879
  ],
  [
    1569801600000,
    0.0048596095997383345
  ],
  [
    1569888000000,
    0.005097724844385856
  ],
  [
    1569974400000,
    0.003611194278439866
  ],
  [
    1570060800000,
    0.003611194278439866
  ],
  [
    1570147200000,
    0.0011994699894871716
  ],
  [
    1570233600000,
    0.005046558807195114
  ],
  [
    1570320000000,
    0.004027108652224683
  ],
  [
    1570406400000,
    0.009242027017434184
  ],
  [
    1570492800000,
    0.00282906195504183
  ],
  [
    1570579200000,
    0.006897838580347158
  ],
  [
    1570665600000,
    0.006962788218450715
  ],
  [
    1570752000000,
    0.002514280041074248
  ],
  [
    1570838400000,
    0.007009238592968865
  ],
  [
    1570924800000,
    0.005014689491453705
  ],
  [
    1571011200000,
    0.005185501627627534
  ],
  [
    1571097600000,
    0.005015937652007418
  ],
  [
    1571184000000,
    0.0041277303130235286
  ],
  [
    1571270400000,
    0.003834031055022221
  ],
  [
    1571356800000,
    0.00662641994579057
  ],
  [
    1571443200000,
    0.004310345295076351
  ],
  [
    1571529600000,
    0.00427976588093007
  ],
  [
    1571616000000,
    0.004668097486299753
  ],
  [
    1571702400000,
    0.005690310152294326
  ],
  [
    1571788800000,
    0.0034860308121943107
  ],
  [
    1571875200000,
    0.0035074809345835194
  ],
  [
    1571961600000,
    0.0034063713518922346
  ],
  [
    1572048000000,
    0.005986983017339313
  ],
  [
    1572134400000,
    0.0034997939383681212
  ],
  [
    1572220800000,
    0.004194444711903756
  ],
  [
    1572307200000,
    0.0025995324918141596
  ],
  [
    1572393600000,
    0.006005007083791515
  ],
  [
    1572480000000,
    0.005966055943311238
  ],
  [
    1572566400000,
    0.00598980481231189
  ],
  [
    1572652800000,
    0.0031166949475793576
  ],
  [
    1572739200000,
    0.0015193082792938483
  ],
  [
    1572825600000,
    0.0047344189941098845
  ],
  [
    1572912000000,
    0.004853968815661896
  ],
  [
    1572998400000,
    0.004923777019400917
  ],
  [
    1573084800000,
    0.004973907125714489
  ],
  [
    1573171200000,
    0.00485587385149159
  ],
  [
    1573257600000,
    0.004742213459199041
  ],
  [
    1573344000000,
    0.0047790931220598265
  ],
  [
    1573430400000,
    0.004924423726191094
  ],
  [
    1573516800000,
    0.004819311587502287
  ],
  [
    1573603200000,
    0.004097007236134813
  ],
  [
    1573689600000,
    0.00538500816866258
  ],
  [
    1573776000000,
    0.005492555938796266
  ],
  [
    1573862400000,
    0.004704226703022019
  ],
  [
    1573948800000,
    0.004003229091357588
  ],
  [
    1574035200000,
    0.0042021849509345606
  ],
  [
    1574121600000,
    0.0035539261492822747
  ],
  [
    1574208000000,
    0.004798430450523636
  ],
  [
    1574294400000,
    0.005002910143874391
  ],
  [
    1574380800000,
    0.0035847009538423073
  ],
  [
    1574467200000,
    0.003553710801474556
  ],
  [
    1574553600000,
    0.005300481853962359
  ],
  [
    1574640000000,
    0.00691314816870324
  ],
  [
    1574726400000,
    0.0031030154791914337
  ],
  [
    1574812800000,
    0.0030596472565494995
  ],
  [
    1574899200000,
    0.003050045375156735
  ],
  [
    1574985600000,
    0.003198893132464661
  ],
  [
    1575072000000,
    0.005965789516297875
  ],
  [
    1575158400000,
    0.0033158055503999385
  ],
  [
    1575244800000,
    0.0032018063503497125
  ],
  [
    1575331200000,
    0.0026027875516054953
  ],
  [
    1575417600000,
    0.0037373241395470586
  ],
  [
    1575504000000,
    0.0029520829350724075
  ],
  [
    1575590400000,
    0.0038392086778294625
  ],
  [
    1575676800000,
    0.0038171967467457058
  ],
  [
    1575763200000,
    0.0028333895936246143
  ],
  [
    1575849600000,
    0.002200977313069517
  ],
  [
    1575936000000,
    0.002202493876959419
  ],
  [
    1576022400000,
    0.0036995908903601936
  ],
  [
    1576108800000,
    0.0030937584558678455
  ],
  [
    1576195200000,
    0.0027018802674454666
  ],
  [
    1576281600000,
    0.002698292987568184
  ],
  [
    1576368000000,
    0.0031376689485105866
  ],
  [
    1576454400000,
    0.0003023016016562604
  ],
  [
    1576540800000,
    0.0024004638286047983
  ],
  [
    1576627200000,
    0.0018607077984169242
  ],
  [
    1576713600000,
    0.00292724270495289
  ],
  [
    1576800000000,
    0.0013692073226381533
  ],
  [
    1576886400000,
    0.0010002185810926438
  ],
  [
    1576972800000,
    0.0011958164816030352
  ],
  [
    1577059200000,
    0.0022287603286172053
  ],
  [
    1577145600000,
    0.0015241414485748699
  ],
  [
    1577232000000,
    0.0021197573695425588
  ],
  [
    1577318400000,
    0.002098594052241382
  ],
  [
    1577404800000,
    0.002198944263210943
  ],
  [
    1577491200000,
    0.0011991045191871756
  ],
  [
    1577577600000,
    0.0013839282920340057
  ],
  [
    1577664000000,
    0.002250734604987669
  ],
  [
    1577750400000,
    0.0026228213467415174
  ],
  [
    1577836800000,
    0.0019341584066982043
  ],
  [
    1577923200000,
    0.0009091662154853381
  ],
  [
    1578009600000,
    0.0021727832297162636
  ],
  [
    1578096000000,
    0.001950218392903037
  ],
  [
    1578182400000,
    0.0019487039287967032
  ],
  [
    1578268800000,
    0.0010791938161606605
  ],
  [
    1578355200000,
    0.0009187605060668677
  ],
  [
    1578441600000,
    0.0017139396534421078
  ],
  [
    1578528000000,
    0.0016853030358040906
  ],
  [
    1578614400000,
    0.0016431110202130006
  ],
  [
    1578700800000,
    0.0017132693461794717
  ],
  [
    1578787200000,
    0.00048763479961262473
  ],
  [
    1578873600000,
    0.001723756008365695
  ],
  [
    1578960000000,
    0.0009184287174452844
  ],
  [
    1579046400000,
    0.0009184877961746324
  ],
  [
    1579132800000,
    0.0011994142007026036
  ],
  [
    1579219200000,
    0.0009520585258554461
  ],
  [
    1579305600000,
    0.0009991774752340019
  ],
  [
    1579392000000,
    0.0009182925940113339
  ],
  [
    1579478400000,
    0.0011505986136124545
  ],
  [
    1579564800000,
    0.0011995182835409766
  ],
  [
    1579651200000,
    0.0012970841429805636
  ],
  [
    1579737600000,
    0.0010992594318768609
  ],
  [
    1579824000000,
    0.0011990826006223424
  ],
  [
    1579910400000,
    0.0012980132276070844
  ],
  [
    1579996800000,
    0.001099821534508858
  ],
  [
    1580083200000,
    0.0011404686796297728
  ],
  [
    1580169600000,
    0.0011368559991411745
  ],
  [
    1580256000000,
    0.001223731494735752
  ],
  [
    1580342400000,
    0.0013959215175356316
  ],
  [
    1580428800000,
    0.0017869306665096601
  ],
  [
    1580515200000,
    0.0015002717872641415
  ],
  [
    1580601600000,
    0.0014699942024235157
  ],
  [
    1580688000000,
    0.0014361931815441737
  ],
  [
    1580774400000,
    0.0017879094165254145
  ],
  [
    1580860800000,
    0.0015510326952732037
  ],
  [
    1580947200000,
    0.001795955755307622
  ],
  [
    1581033600000,
    0.0013997785026761403
  ],
  [
    1581120000000,
    0.0012980891621580453
  ],
  [
    1581206400000,
    0.0016582499219664646
  ],
  [
    1581292800000,
    0.0006147213745535476
  ],
  [
    1581379200000,
    0.0017225801606109768
  ],
  [
    1581465600000,
    0.0016924645850313453
  ],
  [
    1581552000000,
    0.002648773084062032
  ],
  [
    1581638400000,
    0.002560897121560181
  ],
  [
    1581724800000,
    0.002568033807167934
  ],
  [
    1581811200000,
    0.00244132160500863
  ],
  [
    1581897600000,
    0.002348562208528187
  ],
  [
    1581984000000,
    0.002168241736107706
  ],
  [
    1582070400000,
    0.002186871695798301
  ],
  [
    1582156800000,
    0.002188739878364638
  ],
  [
    1582243200000,
    0.001991636906399384
  ],
  [
    1582329600000,
    0.0021938686698529187
  ],
  [
    1582416000000,
    0.0019934265164846155
  ],
  [
    1582502400000,
    0.0020218481043909773
  ],
  [
    1582588800000,
    0.00400478913315471
  ],
  [
    1582675200000,
    0.0036022133602026055
  ],
  [
    1582761600000,
    0.0033538612768452417
  ],
  [
    1582848000000,
    0.00290169334622226
  ],
  [
    1582934400000,
    0.0029060370808425247
  ],
  [
    1583020800000,
    0.0028979130247123465
  ],
  [
    1583107200000,
    0.002185889987629706
  ],
  [
    1583193600000,
    0.002321448360255963
  ],
  [
    1583280000000,
    0.0026099543723423512
  ],
  [
    1583366400000,
    0.0026169921854638373
  ],
  [
    1583452800000,
    0.0026943005219608714
  ],
  [
    1583539200000,
    0.002288294135756343
  ],
  [
    1583625600000,
    0.002282793254502906
  ],
  [
    1583712000000,
    0.0025595778955314254
  ],
  [
    1583798400000,
    0.0018286234234213415
  ],
  [
    1583884800000,
    0.001928176131983078
  ],
  [
    1583971200000,
    0.0017759184749031164
  ],
  [
    1584057600000,
    0.0013359938923040529
  ],
  [
    1584144000000,
    0.0011760030721325704
  ],
  [
    1584230400000,
    0.0011776378145087504
  ],
  [
    1584316800000,
    0.0011433727209455085
  ],
  [
    1584403200000,
    0.0012441794373720405
  ],
  [
    1584489600000,
    0.0012853483755996538
  ],
  [
    1584576000000,
    0.0012661767779958337
  ],
  [
    1584662400000,
    0.001401750941110857
  ],
  [
    1584748800000,
    0.0015747583357643878
  ],
  [
    1584835200000,
    0.001455591699857311
  ],
  [
    1584921600000,
    0.0014041325016689976
  ],
  [
    1585008000000,
    0.0013649446891969368
  ],
  [
    1585094400000,
    0.0014148843873845046
  ],
  [
    1585180800000,
    0.0014176574619559628
  ],
  [
    1585267200000,
    0.0014108917153355315
  ],
  [
    1585353600000,
    0.0014277481721427922
  ],
  [
    1585440000000,
    0.001360302883163073
  ],
  [
    1585526400000,
    0.0013589792355549815
  ],
  [
    1585612800000,
    0.0013893025864828775
  ],
  [
    1585699200000,
    0.0013949555179149403
  ],
  [
    1585785600000,
    0.0013527833955013673
  ],
  [
    1585872000000,
    0.001453245131189562
  ],
  [
    1585958400000,
    0.0020721835631842046
  ],
  [
    1586044800000,
    0.0021403080770369407
  ],
  [
    1586131200000,
    0.0021080954683621225
  ],
  [
    1586217600000,
    0.0021922814879063294
  ],
  [
    1586304000000,
    0.00218768732520281
  ],
  [
    1586390400000,
    0.0022442326554177254
  ],
  [
    1586476800000,
    0.0022433356914957755
  ],
  [
    1586563200000,
    0.0021483248630448223
  ],
  [
    1586649600000,
    0.0021887140638073184
  ],
  [
    1586736000000,
    0.0004513355044384821
  ],
  [
    1586822400000,
    0.0004459942813539445
  ],
  [
    1586908800000,
    0.0004452740344133807
  ],
  [
    1587081600000,
    0.0012012395891949149
  ],
  [
    1587168000000,
    0.002080648512754594
  ],
  [
    1587254400000,
    0.00208162033633903
  ],
  [
    1587340800000,
    0.0012095636855445316
  ],
  [
    1587427200000,
    0.002878084712193041
  ],
  [
    1587513600000,
    0.0012085031347052976
  ],
  [
    1587600000000,
    0.0017880615077587602
  ],
  [
    1587686400000,
    0.00228401136048207
  ],
  [
    1587772800000,
    0.0018441498146911418
  ],
  [
    1587859200000,
    0.002362391792093062
  ],
  [
    1587945600000,
    0.0023642499075682546
  ],
  [
    1588032000000,
    0.001915498372899751
  ],
  [
    1588118400000,
    0.0019305628398130865
  ],
  [
    1588204800000,
    0.002107926537286561
  ],
  [
    1588291200000,
    0.0020088482088367657
  ],
  [
    1588377600000,
    0.0024997543346290084
  ],
  [
    1588464000000,
    0.002513476513329353
  ],
  [
    1588550400000,
    0.0028839151382528917
  ],
  [
    1588809600000,
    0.0028431260556790535
  ],
  [
    1588896000000,
    0.0010295097922450925
  ],
  [
    1588982400000,
    0.0027058940129345405
  ],
  [
    1589068800000,
    0.0025274047656500434
  ],
  [
    1589155200000,
    0.002502578355801313
  ],
  [
    1589328000000,
    0.002089174364833353
  ],
  [
    1589414400000,
    0.0015002335869789942
  ],
  [
    1589500800000,
    0.0018920501920756188
  ],
  [
    1589587200000,
    0.002848701175778811
  ],
  [
    1589673600000,
    0.0027959261785989627
  ],
  [
    1589760000000,
    0.0026664949477480746
  ],
  [
    1589846400000,
    0.0004533307742504221
  ],
  [
    1589932800000,
    0.0026407280726883577
  ],
  [
    1590019200000,
    0.0018797127330472277
  ],
  [
    1590105600000,
    0.001504323370770736
  ],
  [
    1590192000000,
    0.0013983380342740845
  ],
  [
    1590278400000,
    0.001498791684395259
  ],
  [
    1590451200000,
    0.0025064287765702497
  ],
  [
    1590537600000,
    0.0024965431386181586
  ],
  [
    1590624000000,
    0.0023986889909259046
  ],
  [
    1590710400000,
    0.0009991273486177942
  ],
  [
    1590796800000,
    0.0004992266763803721
  ],
  [
    1591056000000,
    0.001990551256328949
  ],
  [
    1591142400000,
    0.00199776910229076
  ],
  [
    1591315200000,
    0.0017010964375245492
  ],
  [
    1591401600000,
    0.001690310175038338
  ],
  [
    1591488000000,
    0.0018059338774182136
  ],
  [
    1591574400000,
    0.0017043826378615868
  ],
  [
    1591660800000,
    0.0019144247128925938
  ],
  [
    1591747200000,
    0.0019098356877965414
  ],
  [
    1591833600000,
    0.0019001265053685747
  ],
  [
    1591920000000,
    0.0019001265053685747
  ],
  [
    1592006400000,
    0.007534222628682835
  ],
  [
    1592092800000,
    0.008373615893990088
  ],
  [
    1592352000000,
    0.0013979503405921626
  ],
  [
    1592438400000,
    0.0013979503405921626
  ],
  [
    1592524800000,
    0.0018897584693607983
  ],
  [
    1592611200000,
    0.0019032123902817785
  ],
  [
    1592697600000,
    0.0018022270093337707
  ],
  [
    1592784000000,
    0.0018022270093337707
  ],
  [
    1592870400000,
    0.001416018147022093
  ],
  [
    1592956800000,
    0.0013939658242052098
  ],
  [
    1593043200000,
    0.0017742630024221127
  ],
  [
    1593129600000,
    0.0013849455682592572
  ],
  [
    1593216000000,
    0.0013849455682592572
  ],
  [
    1593302400000,
    0.0017933721663231086
  ],
  [
    1593388800000,
    0.0009999877237635854
  ],
  [
    1593475200000,
    0.0014862426079540352
  ],
  [
    1593561600000,
    0.0009041944486843257
  ],
  [
    1593648000000,
    0.0009094437281612349
  ],
  [
    1593734400000,
    0.0009001064953291436
  ],
  [
    1593820800000,
    0.0007732045825204261
  ],
  [
    1594166400000,
    0.0013941108623514989
  ],
  [
    1594252800000,
    0.0013941108623514989
  ],
  [
    1594339200000,
    0.0008035596952351541
  ],
  [
    1594425600000,
    0.0008035596952351541
  ],
  [
    1594512000000,
    0.0008246354613155455
  ],
  [
    1594598400000,
    0.0013601358186580766
  ],
  [
    1594684800000,
    0.0013612174742216882
  ],
  [
    1594771200000,
    0.0008025429069207149
  ],
  [
    1594857600000,
    0.0014248599481765116
  ],
  [
    1594944000000,
    0.0014294006296404274
  ],
  [
    1595030400000,
    0.0013951495163656866
  ],
  [
    1595116800000,
    0.0007998459747527626
  ],
  [
    1595203200000,
    0.0008026191798541851
  ],
  [
    1595289600000,
    0.0001995430657937532
  ],
  [
    1595376000000,
    0.0014004020562457733
  ],
  [
    1595462400000,
    0.00020511926235547082
  ],
  [
    1595548800000,
    0.0014022504487515152
  ],
  [
    1595635200000,
    0.0014073639623837667
  ],
  [
    1595721600000,
    0.0011951650294583867
  ],
  [
    1595808000000,
    0.0014066673441387617
  ],
  [
    1595894400000,
    0.001305022795620174
  ],
  [
    1595980800000,
    0.0018092579790423406
  ],
  [
    1596067200000,
    0.0016063560675823047
  ],
  [
    1596153600000,
    0.002000290155272547
  ],
  [
    1596240000000,
    0.0018014776366058096
  ],
  [
    1596326400000,
    0.0022992022611679672
  ],
  [
    1596412800000,
    0.0022989129627571333
  ],
  [
    1596499200000,
    0.001999829836209053
  ],
  [
    1596585600000,
    0.0017010361454011988
  ],
  [
    1596672000000,
    0.0017005076978145372
  ],
  [
    1596758400000,
    0.0021999798333861877
  ],
  [
    1596844800000,
    0.0022001323862328188
  ],
  [
    1596931200000,
    0.0019642414102013853
  ],
  [
    1597017600000,
    0.0019727334024510442
  ],
  [
    1597104000000,
    0.0019725079978540044
  ],
  [
    1597190400000,
    0.0016372447248781286
  ],
  [
    1597276800000,
    0.0013873354532131516
  ],
  [
    1597363200000,
    0.0022832699296938992
  ],
  [
    1597449600000,
    0.002029829038608922
  ],
  [
    1597536000000,
    0.002009342321121208
  ],
  [
    1597622400000,
    0.001959652395325447
  ],
  [
    1597708800000,
    0.001732380899444286
  ],
  [
    1597795200000,
    0.0018578221593321248
  ],
  [
    1597881600000,
    0.0015584167987922014
  ],
  [
    1597968000000,
    0.001300693408370785
  ],
  [
    1598054400000,
    0.001618660499071546
  ],
  [
    1598140800000,
    0.001518009532861497
  ],
  [
    1598227200000,
    0.0021987729674354814
  ],
  [
    1598313600000,
    0.0019223436258296374
  ],
  [
    1598400000000,
    0.001697151490976535
  ],
  [
    1598486400000,
    0.002180034241665629
  ],
  [
    1598572800000,
    0.00225851599861048
  ],
  [
    1598659200000,
    0.002412954794123643
  ],
  [
    1598745600000,
    0.00253355645649579
  ],
  [
    1598832000000,
    0.002220777376086646
  ],
  [
    1598918400000,
    0.0022933915850739815
  ],
  [
    1599004800000,
    0.0029850587425654653
  ],
  [
    1599091200000,
    0.002627226547434423
  ],
  [
    1599177600000,
    0.002128028315169
  ],
  [
    1599264000000,
    0.0024895038950025683
  ],
  [
    1599350400000,
    0.00304711186581252
  ],
  [
    1599436800000,
    0.003188756538804225
  ],
  [
    1599523200000,
    0.0031852140854127507
  ],
  [
    1599609600000,
    0.002910504912896967
  ],
  [
    1599696000000,
    0.0030230934186093665
  ],
  [
    1599782400000,
    0.0028231763125784954
  ],
  [
    1599868800000,
    0.00311405152784205
  ],
  [
    1599955200000,
    0.003438325138485171
  ],
  [
    1600041600000,
    0.003304107388915776
  ],
  [
    1600128000000,
    0.003627638889814386
  ],
  [
    1600214400000,
    0.00366720974149379
  ],
  [
    1600300800000,
    0.0045964881871754055
  ],
  [
    1600387200000,
    0.003921838686717486
  ],
  [
    1600473600000,
    0.003513608590806034
  ],
  [
    1600560000000,
    0.004030314098610186
  ],
  [
    1600646400000,
    0.003904130667173405
  ],
  [
    1600732800000,
    0.002415329703589341
  ],
  [
    1600819200000,
    0.002740461825740808
  ],
  [
    1600905600000,
    0.002659765269536882
  ],
  [
    1600992000000,
    0.0019167626949905712
  ],
  [
    1601078400000,
    0.002976168218166383
  ],
  [
    1601164800000,
    0.0024516970464795933
  ],
  [
    1601251200000,
    0.0020002142006530924
  ],
  [
    1601337600000,
    0.0020007883256946525
  ],
  [
    1601424000000,
    0.002898788956989368
  ],
  [
    1601510400000,
    0.001929643290486108
  ],
  [
    1601596800000,
    0.002335323547634198
  ],
  [
    1601683200000,
    0.0029710965220542565
  ],
  [
    1601769600000,
    0.002894736986770131
  ],
  [
    1601856000000,
    0.0028881513151548617
  ],
  [
    1601942400000,
    0.00299483652683404
  ],
  [
    1602028800000,
    0.0026343184746909906
  ],
  [
    1602115200000,
    0.002983521228387168
  ],
  [
    1602201600000,
    0.002788834296017618
  ],
  [
    1602288000000,
    0.0027805928377280346
  ],
  [
    1602374400000,
    0.001099486411755525
  ],
  [
    1602460800000,
    0.002782743277857198
  ],
  [
    1602547200000,
    0.0026458839802479305
  ],
  [
    1602633600000,
    0.0028276943651564506
  ],
  [
    1602720000000,
    0.002666444103028482
  ],
  [
    1602806400000,
    0.0026503469917234087
  ],
  [
    1602892800000,
    0.0025011915984142984
  ],
  [
    1602979200000,
    0.0024779917009650123
  ],
  [
    1603065600000,
    0.002345318173542613
  ],
  [
    1603152000000,
    0.001997884418389803
  ],
  [
    1603238400000,
    0.0019092412955555374
  ],
  [
    1603324800000,
    0.00114457622742559
  ],
  [
    1603411200000,
    0.001781251456514211
  ],
  [
    1603497600000,
    0.0011050910382580997
  ],
  [
    1603584000000,
    0.001440900872408646
  ],
  [
    1603670400000,
    0.001432751067841533
  ],
  [
    1603756800000,
    0.00130253162307377
  ],
  [
    1603843200000,
    0.001234086057380502
  ],
  [
    1603929600000,
    0.0015087809457342604
  ],
  [
    1604016000000,
    0.001595141533082879
  ],
  [
    1604102400000,
    0.0013827228614218927
  ],
  [
    1604188800000,
    0.0015971871880649717
  ],
  [
    1604275200000,
    0.0015966125952015186
  ],
  [
    1604361600000,
    0.000999465874456899
  ],
  [
    1604448000000,
    0.00140142775899684
  ],
  [
    1604534400000,
    0.00140800476175089
  ],
  [
    1604620800000,
    0.001706015514103197
  ],
  [
    1604707200000,
    0.00155940945794232
  ],
  [
    1604793600000,
    0.001768414197146388
  ],
  [
    1604880000000,
    0.00153481881558211
  ],
  [
    1604966400000,
    0.0015007835013482425
  ],
  [
    1605052800000,
    0.0013786715842967112
  ],
  [
    1605139200000,
    0.001720500568727611
  ],
  [
    1605225600000,
    0.001301301437318
  ],
  [
    1605312000000,
    0.00163216507151123
  ],
  [
    1605398400000,
    0.001992149739539302
  ],
  [
    1605484800000,
    0.002099711145015977
  ],
  [
    1605571200000,
    0.0021119010192154914
  ],
  [
    1605657600000,
    0.0017027819713951462
  ],
  [
    1605744000000,
    0.002102516930069883
  ],
  [
    1605830400000,
    0.0018150308649039232
  ],
  [
    1605916800000,
    0.0019202332388106882
  ],
  [
    1606003200000,
    0.0017739506253248239
  ],
  [
    1606089600000,
    0.001487594591409464
  ],
  [
    1606176000000,
    0.001280696378853787
  ],
  [
    1606262400000,
    0.001336330138561012
  ],
  [
    1606348800000,
    0.0015043985360539346
  ],
  [
    1606435200000,
    0.000992221698328968
  ],
  [
    1606521600000,
    0.0011985098704792327
  ],
  [
    1606608000000,
    0.001245066385932789
  ],
  [
    1606694400000,
    0.0010978244056095543
  ],
  [
    1606780800000,
    0.001353064714043203
  ],
  [
    1606867200000,
    0.00114245875230234
  ],
  [
    1606953600000,
    0.00114245875230234
  ],
  [
    1607040000000,
    0.0010002461012100345
  ],
  [
    1607126400000,
    0.0007013616140200082
  ],
  [
    1607212800000,
    0.0021006072019897496
  ],
  [
    1607299200000,
    0.0009004987109417174
  ],
  [
    1607385600000,
    0.0007001612033841535
  ],
  [
    1607472000000,
    0.001126598877552948
  ],
  [
    1607558400000,
    0.0008219606946709768
  ],
  [
    1607644800000,
    0.0007999579206005066
  ],
  [
    1607731200000,
    0.001257689127062564
  ],
  [
    1607817600000,
    0.00129159130081856
  ],
  [
    1607904000000,
    0.002103003632556784
  ],
  [
    1607990400000,
    0.0019968369256514458
  ],
  [
    1608076800000,
    0.0019257057847839746
  ],
  [
    1608163200000,
    0.000688471530989006
  ],
  [
    1608249600000,
    0.001818533008615008
  ],
  [
    1608336000000,
    0.001823209539203056
  ],
  [
    1608422400000,
    0.0019076471849066644
  ],
  [
    1608508800000,
    0.0018846565987196578
  ],
  [
    1608595200000,
    0.0019044586443543279
  ],
  [
    1608681600000,
    0.0018706091448969535
  ],
  [
    1608768000000,
    0.001655599918287574
  ],
  [
    1608854400000,
    0.00187768090780536
  ],
  [
    1608940800000,
    0.0019010260224849374
  ],
  [
    1609027200000,
    0.0018104425731631582
  ],
  [
    1609113600000,
    0.002154745060059872
  ],
  [
    1609200000000,
    0.0015891069324165136
  ],
  [
    1609286400000,
    0.0016165714695843085
  ],
  [
    1609372800000,
    0.002558534322604284
  ],
  [
    1609459200000,
    0.001716775774493868
  ],
  [
    1609545600000,
    0.00174899601047844
  ],
  [
    1609632000000,
    0.0016159540651852799
  ],
  [
    1609718400000,
    0.00202370299452044
  ],
  [
    1609804800000,
    0.001877177662586412
  ],
  [
    1609891200000,
    0.00189203023239663
  ],
  [
    1609977600000,
    0.0026254765787089187
  ],
  [
    1610064000000,
    0.001565455742407308
  ],
  [
    1610150400000,
    0.00244436766923427
  ],
  [
    1610236800000,
    0.001703252519570164
  ],
  [
    1610323200000,
    0.001969514005382895
  ],
  [
    1610409600000,
    0.00152954912821649
  ],
  [
    1610496000000,
    0.002443412405440125
  ],
  [
    1610582400000,
    0.002252581744185882
  ],
  [
    1610668800000,
    0.002331166671943698
  ],
  [
    1610755200000,
    0.002308658355910296
  ],
  [
    1610841600000,
    0.0022030616661028605
  ],
  [
    1610928000000,
    0.002520904759368786
  ],
  [
    1611014400000,
    0.002504069403035914
  ],
  [
    1611100800000,
    0.00369018823448533
  ],
  [
    1611187200000,
    0.00348745629573445
  ],
  [
    1611273600000,
    0.001762354573613507
  ],
  [
    1611360000000,
    0.0029271974646360647
  ],
  [
    1611446400000,
    0.004173131851019677
  ],
  [
    1611532800000,
    0.003867076201018896
  ],
  [
    1611619200000,
    0.004837486740424296
  ],
  [
    1611705600000,
    0.00189556122275517
  ],
  [
    1611792000000,
    0.00124748887503398
  ],
  [
    1611878400000,
    0.0016297344526647944
  ],
  [
    1611964800000,
    0.001594008731064481
  ],
  [
    1612051200000,
    0.00172500912848079
  ],
  [
    1612137600000,
    0.00161939872836021
  ],
  [
    1612224000000,
    0.0015951960350055895
  ],
  [
    1612310400000,
    0.00069716578083877
  ],
  [
    1612396800000,
    0.000739881312107568
  ],
  [
    1612483200000,
    0.001129217456904798
  ],
  [
    1612569600000,
    0.001129650647625609
  ],
  [
    1612656000000,
    0.001176297885312843
  ],
  [
    1612742400000,
    0.001168606482256731
  ],
  [
    1612828800000,
    0.0005199446128106063
  ],
  [
    1612915200000,
    0.000931741223790018
  ],
  [
    1613001600000,
    0.001351080099154275
  ],
  [
    1613088000000,
    0.000478443249762203
  ],
  [
    1613174400000,
    0.000943910024556624
  ],
  [
    1613260800000,
    0.001399390859931183
  ],
  [
    1613347200000,
    0.002408692221079194
  ],
  [
    1613433600000,
    0.00095574320305492
  ],
  [
    1613520000000,
    0.001480730548502646
  ],
  [
    1613606400000,
    0.0025763646508000994
  ],
  [
    1613692800000,
    0.0010294005843591
  ],
  [
    1613865600000,
    0.0005522224058715485
  ],
  [
    1613952000000,
    0.0005522224058715485
  ],
  [
    1614038400000,
    0.0007611851719707702
  ],
  [
    1614124800000,
    0.001959630649438112
  ],
  [
    1614211200000,
    0.0022281656204477386
  ],
  [
    1614297600000,
    0.00147730352377365
  ],
  [
    1614384000000,
    0.000927882169410222
  ],
  [
    1614470400000,
    0.002059713116608912
  ],
  [
    1614643200000,
    0.001469388828864297
  ],
  [
    1614729600000,
    0.001469388828864297
  ],
  [
    1614816000000,
    0.001013303005346814
  ],
  [
    1614902400000,
    0.000989206045910548
  ],
  [
    1614988800000,
    0.0017052246512146022
  ],
  [
    1615075200000,
    0.0018015195802099085
  ],
  [
    1615161600000,
    0.0017775295211004967
  ],
  [
    1615248000000,
    0.001016554044809976
  ],
  [
    1615334400000,
    0.0017924027478140158
  ],
  [
    1615420800000,
    0.001796724201038383
  ],
  [
    1615507200000,
    0.001700667269761059
  ],
  [
    1615593600000,
    0.001687085698939161
  ],
  [
    1615680000000,
    0.001789632104466723
  ],
  [
    1615766400000,
    0.001201871381850258
  ],
  [
    1615852800000,
    0.0017949756114915038
  ],
  [
    1615939200000,
    0.0017920313147502466
  ],
  [
    1616025600000,
    0.0017911482547998431
  ],
  [
    1616112000000,
    0.0017938181737644895
  ],
  [
    1616198400000,
    0.0018029779732485027
  ],
  [
    1616284800000,
    0.0012672043530043621
  ],
  [
    1616371200000,
    0.001147542720976996
  ],
  [
    1616457600000,
    0.001145870518431298
  ],
  [
    1616544000000,
    0.001801809270364308
  ],
  [
    1616630400000,
    0.0018006335720262036
  ],
  [
    1616716800000,
    0.0018037642804620887
  ],
  [
    1616803200000,
    0.000599944011658596
  ],
  [
    1616889600000,
    0.0017986030825876522
  ],
  [
    1616976000000,
    0.001112187717425116
  ],
  [
    1617062400000,
    0.001153726927993646
  ],
  [
    1617148800000,
    0.001648155554450054
  ],
  [
    1617235200000,
    0.001365327760786151
  ],
  [
    1617321600000,
    0.0013774919178600137
  ],
  [
    1617408000000,
    0.001174440717628232
  ],
  [
    1617494400000,
    0.000580622967835202
  ],
  [
    1617580800000,
    0.0017000965946748646
  ],
  [
    1617667200000,
    0.0006004586445891199
  ],
  [
    1617753600000,
    0.0017010972101896456
  ],
  [
    1617840000000,
    0.0016973831237625662
  ],
  [
    1617926400000,
    0.001990826216152698
  ],
  [
    1618012800000,
    0.0006008267030658804
  ],
  [
    1618099200000,
    0.001794772410422958
  ],
  [
    1618185600000,
    0.00170253959304805
  ],
  [
    1618272000000,
    0.0018010456242713465
  ],
  [
    1618358400000,
    0.001695927383636322
  ],
  [
    1618444800000,
    0.0019161947001544233
  ],
  [
    1618531200000,
    0.0008006604082418208
  ],
  [
    1618617600000,
    0.0010328155350973437
  ],
  [
    1618704000000,
    0.0011011338608379276
  ],
  [
    1618790400000,
    0.0018044554951241192
  ],
  [
    1618876800000,
    0.008974013328388736
  ],
  [
    1618963200000,
    0.002827550427524215
  ],
  [
    1619049600000,
    0.002222382333796128
  ],
  [
    1619136000000,
    0.0016881800888487008
  ],
  [
    1619222400000,
    0.0016118177407511585
  ],
  [
    1619308800000,
    0.0024900287366978026
  ],
  [
    1619395200000,
    0.0011125797026732094
  ],
  [
    1619481600000,
    0.0017946974807444697
  ],
  [
    1619568000000,
    0.001897800457008287
  ],
  [
    1619654400000,
    0.001635697141710012
  ],
  [
    1619740800000,
    0.001597678555503597
  ],
  [
    1619827200000,
    0.001500774535343416
  ],
  [
    1619913600000,
    0.0014995938205053139
  ],
  [
    1620000000000,
    0.0013755895497090044
  ],
  [
    1620086400000,
    0.0015694359050870234
  ],
  [
    1620172800000,
    0.0011031526293905096
  ],
  [
    1620259200000,
    0.001147790292207282
  ],
  [
    1620345600000,
    0.0014259488625912309
  ],
  [
    1620432000000,
    0.0017224740458888028
  ],
  [
    1620518400000,
    0.0012984693631493184
  ],
  [
    1620604800000,
    0.0015558350088585985
  ],
  [
    1620691200000,
    0.0016017730841179911
  ],
  [
    1620777600000,
    0.0016005393774023388
  ],
  [
    1620864000000,
    0.0015844688932839257
  ],
  [
    1620950400000,
    0.001480348291289295
  ],
  [
    1621036800000,
    0.00250311465595305
  ],
  [
    1621123200000,
    0.0009905655409980622
  ],
  [
    1621209600000,
    0.0016028522790498484
  ],
  [
    1621296000000,
    0.0016358772795144114
  ],
  [
    1621382400000,
    0.001296535605304998
  ],
  [
    1621468800000,
    0.0019252369664468738
  ],
  [
    1621555200000,
    0.0015091681793705913
  ],
  [
    1621641600000,
    0.001844492419896329
  ],
  [
    1621728000000,
    0.0014979232101016374
  ],
  [
    1621814400000,
    0.0014964631540723273
  ],
  [
    1621900800000,
    0.001486943689391862
  ],
  [
    1621987200000,
    0.0017991752301607115
  ],
  [
    1622073600000,
    0.0016021896692671397
  ],
  [
    1622160000000,
    0.001563196900682473
  ],
  [
    1622246400000,
    0.0015926852456315643
  ],
  [
    1622332800000,
    0.0015035444444720981
  ],
  [
    1622419200000,
    0.001502021503776669
  ],
  [
    1622505600000,
    0.0014984388758841976
  ],
  [
    1622592000000,
    0.001003456818001055
  ],
  [
    1622678400000,
    0.001138212948552216
  ],
  [
    1622764800000,
    0.0013067846790164876
  ],
  [
    1622851200000,
    0.0011989151201304451
  ],
  [
    1622937600000,
    0.0012007580470993
  ],
  [
    1623024000000,
    0.0010000535687483888
  ],
  [
    1623110400000,
    0.000682522110148188
  ],
  [
    1623196800000,
    0.000999714727031692
  ],
  [
    1623283200000,
    0.0010209434047207453
  ],
  [
    1623369600000,
    0.0010158857519873032
  ],
  [
    1623542400000,
    0.000717524969927698
  ],
  [
    1623628800000,
    0.000717524969927698
  ],
  [
    1623715200000,
    0.0010461940705395647
  ],
  [
    1623801600000,
    0.001234384021354518
  ],
  [
    1623888000000,
    0.001157957905912053
  ],
  [
    1623974400000,
    0.0010016356861810524
  ],
  [
    1624060800000,
    0.0009675237027523736
  ],
  [
    1624147200000,
    0.0010016963761763779
  ],
  [
    1624233600000,
    0.001067506732618356
  ],
  [
    1624320000000,
    0.000971294109901059
  ],
  [
    1624406400000,
    0.0011144161502073925
  ],
  [
    1624492800000,
    0.0007223460426651048
  ],
  [
    1624579200000,
    0.0010933396650048487
  ],
  [
    1624665600000,
    0.001069760148128229
  ],
  [
    1624752000000,
    0.0010897017595892116
  ],
  [
    1624838400000,
    0.000996936613635744
  ],
  [
    1624924800000,
    0.0006217549982346829
  ],
  [
    1625011200000,
    0.0005966560150216277
  ],
  [
    1625097600000,
    0.001000887631805262
  ],
  [
    1625184000000,
    0.001002643998519259
  ],
  [
    1625270400000,
    0.000997393784301608
  ],
  [
    1625356800000,
    0.0006912403626354259
  ],
  [
    1625443200000,
    0.0010026226565905852
  ],
  [
    1625529600000,
    0.0009973577755077703
  ],
  [
    1625616000000,
    0.0010015788655385889
  ],
  [
    1625702400000,
    0.0010011531781575053
  ],
  [
    1625788800000,
    0.0006762050043747845
  ],
  [
    1625875200000,
    0.00101424679060346
  ],
  [
    1625961600000,
    0.0010164956350454829
  ],
  [
    1626048000000,
    0.0006597215380725904
  ],
  [
    1626134400000,
    0.0006597215380725904
  ],
  [
    1626220800000,
    0.0010016865341137113
  ],
  [
    1626307200000,
    0.0010177760361470933
  ],
  [
    1626393600000,
    0.0012975353274357064
  ],
  [
    1626480000000,
    0.0006425255442274862
  ],
  [
    1626566400000,
    0.0006632787802298175
  ],
  [
    1626652800000,
    0.0009997342719952763
  ],
  [
    1626739200000,
    0.0006111678760814775
  ],
  [
    1626825600000,
    0.0005625228669456938
  ],
  [
    1626998400000,
    0.0009735344786666824
  ],
  [
    1627084800000,
    0.0009735344786666824
  ],
  [
    1627171200000,
    0.0012641971810812649
  ],
  [
    1627257600000,
    0.001289286278323683
  ],
  [
    1627344000000,
    0.001137507093334107
  ],
  [
    1627430400000,
    0.001105862439336684
  ],
  [
    1627516800000,
    0.000802183125363022
  ],
  [
    1627603200000,
    0.000396088215898772
  ],
  [
    1627689600000,
    0.001633342828776552
  ],
  [
    1627776000000,
    0.001244356302406776
  ],
  [
    1627862400000,
    0.0006502649497245048
  ],
  [
    1627948800000,
    0.000802623714917954
  ],
  [
    1628035200000,
    0.0006518264446250437
  ],
  [
    1628121600000,
    0.0006502116759393994
  ],
  [
    1628208000000,
    0.0006518329470551079
  ],
  [
    1628467200000,
    0.001372313714685051
  ],
  [
    1628553600000,
    0.001372313714685051
  ],
  [
    1628640000000,
    0.0006987714009341247
  ],
  [
    1628726400000,
    0.000654934856193727
  ],
  [
    1628812800000,
    0.0017161852783675832
  ],
  [
    1628899200000,
    0.0008000057148363922
  ],
  [
    1628985600000,
    0.00095216040393255
  ],
  [
    1629158400000,
    0.0006506642727745716
  ],
  [
    1629244800000,
    0.0006506642727745716
  ],
  [
    1629331200000,
    0.0007992613974852076
  ],
  [
    1629417600000,
    0.0008145542227959163
  ],
  [
    1629504000000,
    0.0006690386630091873
  ],
  [
    1629590400000,
    0.0008910286895926237
  ],
  [
    1629676800000,
    0.0008869050685258661
  ],
  [
    1629763200000,
    0.0006503559209243088
  ],
  [
    1629849600000,
    0.0006359639893642857
  ],
  [
    1629936000000,
    0.000488199317719638
  ],
  [
    1630022400000,
    0.000472309116547009
  ],
  [
    1630108800000,
    0.0014086766074794652
  ],
  [
    1630195200000,
    0.0006513883404592489
  ],
  [
    1630281600000,
    0.0006558773994922638
  ],
  [
    1630368000000,
    0.0012416881123979383
  ],
  [
    1630454400000,
    0.0006589642458363109
  ],
  [
    1630540800000,
    0.0012002322995957086
  ],
  [
    1630627200000,
    0.0006703391112556145
  ]
]