[
  [
    1603324800000,
    0
  ],
  [
    1603411200000,
    0
  ],
  [
    1603497600000,
    0
  ],
  [
    1603584000000,
    0
  ],
  [
    1603670400000,
    0
  ],
  [
    1603756800000,
    0
  ],
  [
    1603843200000,
    0
  ],
  [
    1603929600000,
    0
  ],
  [
    1604016000000,
    0
  ],
  [
    1604102400000,
    0
  ],
  [
    1604188800000,
    0
  ],
  [
    1604275200000,
    0
  ],
  [
    1604361600000,
    0
  ],
  [
    1604448000000,
    0
  ],
  [
    1604534400000,
    0
  ],
  [
    1604620800000,
    0
  ],
  [
    1604707200000,
    0
  ],
  [
    1604793600000,
    0
  ],
  [
    1604880000000,
    0
  ],
  [
    1604966400000,
    0
  ],
  [
    1605052800000,
    0
  ],
  [
    1605139200000,
    0
  ],
  [
    1605225600000,
    0
  ],
  [
    1605312000000,
    0
  ],
  [
    1605398400000,
    0
  ],
  [
    1605484800000,
    0
  ],
  [
    1605571200000,
    0
  ],
  [
    1605657600000,
    0
  ],
  [
    1605744000000,
    0
  ],
  [
    1605830400000,
    0
  ],
  [
    1605916800000,
    0
  ],
  [
    1606003200000,
    0
  ],
  [
    1606089600000,
    0
  ],
  [
    1606176000000,
    0
  ],
  [
    1606262400000,
    0
  ],
  [
    1606348800000,
    0
  ],
  [
    1606435200000,
    0
  ],
  [
    1606521600000,
    0
  ],
  [
    1606608000000,
    0
  ],
  [
    1606694400000,
    0
  ],
  [
    1606780800000,
    0
  ],
  [
    1606867200000,
    0
  ],
  [
    1606953600000,
    0
  ],
  [
    1607040000000,
    0
  ],
  [
    1607126400000,
    0
  ],
  [
    1607212800000,
    0
  ],
  [
    1607299200000,
    0
  ],
  [
    1607385600000,
    0
  ],
  [
    1607472000000,
    0
  ],
  [
    1607558400000,
    4186999.0251229787
  ],
  [
    1607644800000,
    4146143.802526202
  ],
  [
    1607731200000,
    3916559.723543071
  ],
  [
    1607817600000,
    3964291.5700677205
  ],
  [
    1607904000000,
    4050637.611336422
  ],
  [
    1607990400000,
    3731838.015127821
  ],
  [
    1608076800000,
    3723968.611007312
  ],
  [
    1608163200000,
    3667550.4984440277
  ],
  [
    1608249600000,
    3712051.195206522
  ],
  [
    1608336000000,
    3715688.6820964077
  ],
  [
    1608422400000,
    3761336.24149374
  ],
  [
    1608508800000,
    3836003.89300689
  ],
  [
    1608595200000,
    3591479.1392327533
  ],
  [
    1608681600000,
    3634478.219588556
  ],
  [
    1608768000000,
    3427690.025787419
  ],
  [
    1608854400000,
    3325825.8899691845
  ],
  [
    1608940800000,
    3251065.00964188
  ],
  [
    1609027200000,
    3414783.8685448165
  ],
  [
    1609113600000,
    3417758.994284629
  ],
  [
    1609200000000,
    3873048.070042714
  ],
  [
    1609286400000,
    3774108.8995357244
  ],
  [
    1609372800000,
    3921065.2419685796
  ],
  [
    1609459200000,
    3912347.17774141
  ],
  [
    1609545600000,
    4284791.3383603515
  ],
  [
    1609632000000,
    4213901.748199526
  ],
  [
    1609718400000,
    4971479.694833124
  ],
  [
    1609804800000,
    5246331.246261749
  ],
  [
    1609891200000,
    5482978.987241947
  ],
  [
    1609977600000,
    6483906.338035191
  ],
  [
    1610064000000,
    6784035.286410235
  ],
  [
    1610150400000,
    6372221.822273263
  ],
  [
    1610236800000,
    7054425.585613163
  ],
  [
    1610323200000,
    6885043.154459218
  ],
  [
    1610409600000,
    6133849.413880253
  ],
  [
    1610496000000,
    6145616.768492924
  ],
  [
    1610582400000,
    6236318.794622064
  ],
  [
    1610668800000,
    6081607.053528092
  ],
  [
    1610755200000,
    5830762.411978237
  ],
  [
    1610841600000,
    6086247.267436527
  ],
  [
    1610928000000,
    6214260.334485918
  ],
  [
    1611014400000,
    6551148.197739678
  ],
  [
    1611100800000,
    7063037.140923122
  ],
  [
    1611187200000,
    6793121.261750813
  ],
  [
    1611273600000,
    6077066.109258403
  ],
  [
    1611360000000,
    6537869.359867539
  ],
  [
    1611446400000,
    6365728.424480374
  ],
  [
    1611532800000,
    6583776.786456299
  ],
  [
    1611619200000,
    6163221.262611271
  ],
  [
    1611705600000,
    5976406.211642472
  ],
  [
    1611792000000,
    5543238.4561166065
  ],
  [
    1611878400000,
    5817950.558709736
  ],
  [
    1611964800000,
    5590789.785137356
  ],
  [
    1612051200000,
    5679047.241747544
  ],
  [
    1612137600000,
    6073269.653941188
  ],
  [
    1612224000000,
    6206660.94673843
  ],
  [
    1612310400000,
    6425727.410671824
  ],
  [
    1612396800000,
    7798481.892852161
  ],
  [
    1612483200000,
    9159613.54784008
  ],
  [
    1612569600000,
    12543710.666612312
  ],
  [
    1612656000000,
    11982432.725973904
  ],
  [
    1612742400000,
    9795685.287441455
  ],
  [
    1612828800000,
    10204038.84057621
  ],
  [
    1612915200000,
    10704240.460923228
  ],
  [
    1613001600000,
    12731247.097246788
  ],
  [
    1613088000000,
    15612572.15826846
  ],
  [
    1613174400000,
    14587027.803974574
  ],
  [
    1613260800000,
    14516242.325044625
  ],
  [
    1613347200000,
    14148561.85600662
  ],
  [
    1613433600000,
    12841686.101863833
  ],
  [
    1613520000000,
    12355600.665926797
  ],
  [
    1613606400000,
    10957746.42624446
  ],
  [
    1613692800000,
    13383859.572677255
  ],
  [
    1613779200000,
    16030230.619722242
  ],
  [
    1613865600000,
    21934946.7870879
  ],
  [
    1613952000000,
    22909755.678506862
  ],
  [
    1614038400000,
    24432277.272673115
  ],
  [
    1614124800000,
    19417110.579670276
  ],
  [
    1614211200000,
    25684034.937671974
  ],
  [
    1614297600000,
    20467574.43242682
  ],
  [
    1614384000000,
    20331045.204430953
  ],
  [
    1614470400000,
    21225350.729864907
  ],
  [
    1614556800000,
    17525386.626300815
  ],
  [
    1614643200000,
    21209270.503811013
  ],
  [
    1614729600000,
    20795005.581432648
  ],
  [
    1614816000000,
    21850796.25418609
  ],
  [
    1614902400000,
    22286735.7250821
  ],
  [
    1614988800000,
    25216340.75228513
  ],
  [
    1615075200000,
    25919240.888368692
  ],
  [
    1615161600000,
    22183304.76417786
  ],
  [
    1615248000000,
    20437355.207022134
  ],
  [
    1615334400000,
    21733312.15917173
  ],
  [
    1615420800000,
    23973102.53687864
  ],
  [
    1615507200000,
    26655253.39468112
  ],
  [
    1615593600000,
    28183427.486926932
  ],
  [
    1615680000000,
    29135127.051484797
  ],
  [
    1615766400000,
    27086491.54936211
  ],
  [
    1615852800000,
    27427845.913169686
  ],
  [
    1615939200000,
    28858321.841667753
  ],
  [
    1616025600000,
    28804301.820766386
  ],
  [
    1616112000000,
    27532681.21833443
  ],
  [
    1616198400000,
    28406990.48826171
  ],
  [
    1616284800000,
    28158526.70152948
  ],
  [
    1616371200000,
    22010355.51095276
  ],
  [
    1616457600000,
    21023746.593016434
  ],
  [
    1616544000000,
    20172543.229694955
  ],
  [
    1616630400000,
    18617528.32947178
  ],
  [
    1616716800000,
    18218705.698120303
  ],
  [
    1616803200000,
    18063927.83478965
  ],
  [
    1616889600000,
    17151629.636421997
  ],
  [
    1616976000000,
    16361006.387775812
  ],
  [
    1617062400000,
    16146966.260021087
  ],
  [
    1617148800000,
    17738404.61652162
  ],
  [
    1617235200000,
    18113366.72281098
  ],
  [
    1617321600000,
    16496339.129450994
  ],
  [
    1617408000000,
    14827892.156196708
  ],
  [
    1617494400000,
    15366575.510703145
  ],
  [
    1617580800000,
    15341898.49840869
  ],
  [
    1617667200000,
    15848175.64751387
  ],
  [
    1617753600000,
    16837437.32089951
  ],
  [
    1617840000000,
    15952838.747657074
  ],
  [
    1617926400000,
    16671750.903354036
  ],
  [
    1618012800000,
    15931372.212993732
  ],
  [
    1618099200000,
    15755775.095971538
  ],
  [
    1618185600000,
    15736696.71265037
  ],
  [
    1618272000000,
    15424818.345257722
  ],
  [
    1618358400000,
    16007677.773682473
  ],
  [
    1618444800000,
    15556887.366126837
  ],
  [
    1618531200000,
    14554610.697101422
  ],
  [
    1618617600000,
    14294700.70580921
  ],
  [
    1618704000000,
    14125890.95492912
  ],
  [
    1618790400000,
    13628825.66238191
  ],
  [
    1618876800000,
    13999103.429953441
  ],
  [
    1618963200000,
    15353432.638700306
  ],
  [
    1619049600000,
    15289658.25291096
  ],
  [
    1619136000000,
    14647614.35042448
  ],
  [
    1619222400000,
    13577507.447702646
  ],
  [
    1619308800000,
    13625217.19032896
  ],
  [
    1619395200000,
    13165476.432696478
  ],
  [
    1619481600000,
    12960132.11900662
  ],
  [
    1619568000000,
    14999327.264452228
  ],
  [
    1619654400000,
    19004826.837767325
  ],
  [
    1619740800000,
    19144556.84264274
  ],
  [
    1619827200000,
    20440997.009092808
  ],
  [
    1619913600000,
    21203564.610659976
  ],
  [
    1620000000000,
    19792657.177901458
  ],
  [
    1620086400000,
    21040818.210181057
  ],
  [
    1620172800000,
    18502691.521655694
  ],
  [
    1620259200000,
    18781743.339748494
  ],
  [
    1620345600000,
    17341222.2908585
  ],
  [
    1620432000000,
    17823418.837070342
  ],
  [
    1620518400000,
    17784003.91524157
  ],
  [
    1620604800000,
    18322857.891273186
  ],
  [
    1620691200000,
    18055079.536387164
  ],
  [
    1620777600000,
    17899569.0490356
  ],
  [
    1620864000000,
    18147363.2080853
  ],
  [
    1620950400000,
    16768697.178964322
  ],
  [
    1621036800000,
    17588467.93938959
  ],
  [
    1621123200000,
    16969608.61394593
  ],
  [
    1621209600000,
    16520492.477137998
  ],
  [
    1621296000000,
    16330793.39659453
  ],
  [
    1621382400000,
    16166994.005307123
  ],
  [
    1621468800000,
    12695595.520225272
  ],
  [
    1621555200000,
    12894143.127346631
  ],
  [
    1621641600000,
    11307141.10819759
  ],
  [
    1621728000000,
    11176444.621337095
  ],
  [
    1621814400000,
    9287769.980739567
  ],
  [
    1621900800000,
    10565824.047254564
  ],
  [
    1621987200000,
    10414810.731143456
  ],
  [
    1622073600000,
    11193577.856961083
  ],
  [
    1622160000000,
    10994549.185385434
  ],
  [
    1622246400000,
    10201527.61971858
  ],
  [
    1622332800000,
    9838212.357103499
  ],
  [
    1622419200000,
    9861292.076454535
  ],
  [
    1622505600000,
    10253333.115045598
  ],
  [
    1622592000000,
    10053758.877546767
  ],
  [
    1622678400000,
    10748285.837873349
  ],
  [
    1622764800000,
    12775785.902750319
  ],
  [
    1622851200000,
    12691481.69139773
  ],
  [
    1622937600000,
    12174221.023706479
  ],
  [
    1623024000000,
    12258553.819298863
  ],
  [
    1623110400000,
    11232574.198795056
  ],
  [
    1623196800000,
    10795048.822669443
  ],
  [
    1623283200000,
    11122239.57935363
  ],
  [
    1623369600000,
    10769508.451446252
  ],
  [
    1623456000000,
    9270058.620777609
  ],
  [
    1623542400000,
    9473785.695113061
  ],
  [
    1623628800000,
    9581921.958186373
  ],
  [
    1623715200000,
    10046045.607449979
  ],
  [
    1623801600000,
    10072144.225982647
  ],
  [
    1623888000000,
    9596888.245001456
  ],
  [
    1623974400000,
    9482967.19066613
  ],
  [
    1624060800000,
    9083334.388509832
  ],
  [
    1624147200000,
    9125606.132704968
  ],
  [
    1624233600000,
    9116610.177536726
  ],
  [
    1624320000000,
    8173790.015889108
  ],
  [
    1624406400000,
    7968683.512058383
  ],
  [
    1624492800000,
    8144967.977635487
  ],
  [
    1624579200000,
    7874410.659494354
  ],
  [
    1624665600000,
    7543996.452315518
  ],
  [
    1624752000000,
    7501460.979720424
  ],
  [
    1624838400000,
    8001221.313669007
  ],
  [
    1624924800000,
    8165603.842865094
  ],
  [
    1625011200000,
    8824106.710795261
  ],
  [
    1625097600000,
    8691126.074560376
  ],
  [
    1625184000000,
    8410707.629777234
  ],
  [
    1625270400000,
    7954885.355655509
  ],
  [
    1625356800000,
    7998288.790139899
  ],
  [
    1625443200000,
    8154807.916435631
  ],
  [
    1625529600000,
    7916027.562455826
  ],
  [
    1625616000000,
    7902348.189269861
  ],
  [
    1625702400000,
    8140163.7568047885
  ],
  [
    1625788800000,
    7860686.818195923
  ],
  [
    1625875200000,
    7774189.552729749
  ],
  [
    1625961600000,
    7762820.609785435
  ],
  [
    1626048000000,
    7611908.909056589
  ],
  [
    1626134400000,
    7392420.1596953515
  ],
  [
    1626220800000,
    7198704.969065973
  ],
  [
    1626307200000,
    7224332.743800866
  ],
  [
    1626393600000,
    7136103.495225543
  ],
  [
    1626480000000,
    6992127.754300621
  ],
  [
    1626566400000,
    6742123.84345821
  ],
  [
    1626652800000,
    6865299.010455023
  ],
  [
    1626739200000,
    6562035.806410068
  ],
  [
    1626825600000,
    6399511.775381866
  ],
  [
    1626912000000,
    6498755.786244989
  ],
  [
    1626998400000,
    6789566.612447929
  ],
  [
    1627084800000,
    6803885.131368128
  ],
  [
    1627171200000,
    6866812.920185677
  ],
  [
    1627257600000,
    6853728.795531357
  ],
  [
    1627344000000,
    7013323.396989011
  ],
  [
    1627430400000,
    7087640.374645907
  ],
  [
    1627516800000,
    7048645.392510756
  ],
  [
    1627603200000,
    7032808.128948143
  ],
  [
    1627689600000,
    6979103.032399965
  ],
  [
    1627776000000,
    7118594.718636077
  ],
  [
    1627862400000,
    7162402.593237996
  ],
  [
    1627948800000,
    7146888.962772822
  ],
  [
    1628035200000,
    7006721.416825293
  ],
  [
    1628121600000,
    7123238.383038136
  ],
  [
    1628208000000,
    7043188.33339219
  ],
  [
    1628294400000,
    7109188.215417277
  ],
  [
    1628380800000,
    7368555.96815093
  ],
  [
    1628467200000,
    7264577.061990506
  ],
  [
    1628553600000,
    7326478.2095242
  ],
  [
    1628640000000,
    7364436.895927858
  ],
  [
    1628726400000,
    7141989.283177081
  ],
  [
    1628812800000,
    6965875.116788819
  ],
  [
    1628899200000,
    7173527.233342891
  ],
  [
    1628985600000,
    7149187.61449712
  ],
  [
    1629072000000,
    7092636.336478911
  ],
  [
    1629158400000,
    7215439.3600729285
  ],
  [
    1629244800000,
    6959570.370704452
  ],
  [
    1629331200000,
    6917345.316867806
  ],
  [
    1629417600000,
    6881660.649021318
  ],
  [
    1629504000000,
    6903126.428152897
  ],
  [
    1629590400000,
    6965755.266176027
  ],
  [
    1629676800000,
    6898965.769906377
  ],
  [
    1629763200000,
    6999096.8508987455
  ],
  [
    1629849600000,
    6490878.065071183
  ],
  [
    1629936000000,
    6419214.742188631
  ],
  [
    1630022400000,
    6279380.237613768
  ],
  [
    1630108800000,
    6381619.351226204
  ],
  [
    1630195200000,
    6316821.55445015
  ],
  [
    1630281600000,
    6029351.832025828
  ],
  [
    1630368000000,
    6122464.18360702
  ],
  [
    1630454400000,
    6436966.543318936
  ],
  [
    1630540800000,
    7125086.114962018
  ],
  [
    1630627200000,
    6979436.625901346
  ]
]