[
  [
    1606953600000,
    1.9925626585734737
  ],
  [
    1607040000000,
    1.9925626585734737
  ],
  [
    1607126400000,
    1.940524415552986
  ],
  [
    1607212800000,
    1.9734351490926623
  ],
  [
    1607299200000,
    1.86864983361683
  ],
  [
    1607385600000,
    6.814598000944544
  ],
  [
    1607472000000,
    6.670018375012316
  ],
  [
    1607558400000,
    11.519770250359418
  ],
  [
    1607644800000,
    11.595142610603585
  ],
  [
    1607731200000,
    8.243485481225182
  ],
  [
    1607817600000,
    11.327745054195265
  ],
  [
    1607904000000,
    11.971526436693665
  ],
  [
    1607990400000,
    9.512518713357208
  ],
  [
    1608076800000,
    8.451721587017865
  ],
  [
    1608163200000,
    9.018516750135548
  ],
  [
    1608249600000,
    6.978715509943002
  ],
  [
    1608336000000,
    5.244221911101155
  ],
  [
    1608422400000,
    6.8464229108529455
  ],
  [
    1608508800000,
    6.945228070796786
  ],
  [
    1608595200000,
    4.981956710754205
  ],
  [
    1608681600000,
    6.016038392489701
  ],
  [
    1608768000000,
    4.498791409296922
  ],
  [
    1608854400000,
    4.534583130036248
  ],
  [
    1608940800000,
    4.047898111690665
  ],
  [
    1609027200000,
    3.990865101355993
  ],
  [
    1609113600000,
    4.0568597101840425
  ],
  [
    1609200000000,
    3.582423491087628
  ],
  [
    1609286400000,
    3.410255938267952
  ],
  [
    1609372800000,
    2.432696097548414
  ],
  [
    1609459200000,
    2.225730297851044
  ],
  [
    1609545600000,
    2.185658968726642
  ],
  [
    1609632000000,
    2.2640305543516885
  ],
  [
    1609718400000,
    2.2877954953850805
  ],
  [
    1609804800000,
    2.2361602516410186
  ],
  [
    1609891200000,
    4.7104374439943815
  ],
  [
    1609977600000,
    5.90705702501733
  ],
  [
    1610064000000,
    2.941992719822638
  ],
  [
    1610150400000,
    3.0361928917794794
  ],
  [
    1610236800000,
    3.0699042904861527
  ],
  [
    1610323200000,
    3.115388408129906
  ],
  [
    1610409600000,
    3.429838507128112
  ],
  [
    1610496000000,
    3.4722120835983996
  ],
  [
    1610582400000,
    5.741028536377057
  ],
  [
    1610668800000,
    4.5633359612604725
  ],
  [
    1610755200000,
    3.856275761202114
  ],
  [
    1610841600000,
    4.0877374972470815
  ],
  [
    1610928000000,
    4.18219624893996
  ],
  [
    1611014400000,
    5.750845698146936
  ],
  [
    1611100800000,
    6.010976581602023
  ],
  [
    1611187200000,
    5.9347464905703164
  ],
  [
    1611273600000,
    5.138535919231289
  ],
  [
    1611360000000,
    5.187897335242013
  ],
  [
    1611446400000,
    6.044002848872489
  ],
  [
    1611532800000,
    6.203555521601682
  ],
  [
    1611619200000,
    6.142055827517379
  ],
  [
    1611705600000,
    6.560866214385513
  ],
  [
    1611792000000,
    8.624831974477464
  ],
  [
    1611878400000,
    7.643685176607493
  ],
  [
    1611964800000,
    7.707396942631038
  ],
  [
    1612051200000,
    9.071797834879094
  ],
  [
    1612137600000,
    11.479720887108185
  ],
  [
    1612224000000,
    15.224238941786247
  ],
  [
    1612310400000,
    12.52452443329368
  ],
  [
    1612396800000,
    14.819350138647767
  ],
  [
    1612483200000,
    16.03344288141773
  ],
  [
    1612569600000,
    15.771102611329097
  ],
  [
    1612656000000,
    13.79715677254678
  ],
  [
    1612742400000,
    15.359402288231339
  ],
  [
    1612828800000,
    13.20598066706747
  ],
  [
    1612915200000,
    14.051493944882973
  ],
  [
    1613001600000,
    15.82658531419007
  ],
  [
    1613088000000,
    19.639633798879988
  ],
  [
    1613174400000,
    22.7631185915254
  ],
  [
    1613260800000,
    29.73789188140507
  ],
  [
    1613347200000,
    29.113105976002156
  ],
  [
    1613433600000,
    26.304637868774485
  ],
  [
    1613520000000,
    23.72783490540602
  ],
  [
    1613606400000,
    21.072144861441796
  ],
  [
    1613692800000,
    21.517712143120864
  ],
  [
    1613779200000,
    17.265350546818446
  ],
  [
    1613865600000,
    16.02246025575794
  ],
  [
    1613952000000,
    17.755929931308756
  ],
  [
    1614038400000,
    15.920774848022075
  ],
  [
    1614124800000,
    14.529828227393242
  ],
  [
    1614211200000,
    13.677256497035149
  ],
  [
    1614297600000,
    12.782835409754572
  ],
  [
    1614384000000,
    11.542250483410784
  ],
  [
    1614470400000,
    10.323714979952799
  ],
  [
    1614556800000,
    10.001955095323902
  ],
  [
    1614643200000,
    12.604230762954922
  ],
  [
    1614729600000,
    9.848821071617673
  ],
  [
    1614816000000,
    11.68495135404174
  ],
  [
    1614902400000,
    9.856168702105489
  ],
  [
    1614988800000,
    10.1639598188736
  ],
  [
    1615075200000,
    11.823919896941549
  ],
  [
    1615161600000,
    11.925915843568603
  ],
  [
    1615248000000,
    12.511229801946625
  ],
  [
    1615334400000,
    11.93392673581918
  ],
  [
    1615420800000,
    12.535874817330294
  ],
  [
    1615507200000,
    11.36547226483731
  ],
  [
    1615593600000,
    10.650114255943672
  ],
  [
    1615680000000,
    11.179955711767757
  ],
  [
    1615766400000,
    11.303449027463808
  ],
  [
    1615852800000,
    10.400825293760473
  ],
  [
    1615939200000,
    12.824595107142871
  ],
  [
    1616025600000,
    13.043692363867562
  ],
  [
    1616112000000,
    12.722559796255974
  ],
  [
    1616198400000,
    13.996765757053273
  ],
  [
    1616284800000,
    14.76231458027699
  ],
  [
    1616371200000,
    13.182611289330836
  ],
  [
    1616457600000,
    12.339045762057518
  ],
  [
    1616544000000,
    11.653415811217828
  ],
  [
    1616630400000,
    10.558799187164214
  ],
  [
    1616716800000,
    10.539507434781411
  ],
  [
    1616803200000,
    10.903153646385983
  ],
  [
    1616889600000,
    9.34356702254008
  ],
  [
    1616976000000,
    9.748283472722852
  ],
  [
    1617062400000,
    10.259008825986287
  ],
  [
    1617148800000,
    9.792249931394531
  ],
  [
    1617235200000,
    10.286926950610615
  ],
  [
    1617321600000,
    10.854100492286614
  ],
  [
    1617408000000,
    13.044199508096193
  ],
  [
    1617494400000,
    11.790029094214521
  ],
  [
    1617580800000,
    11.346037995541318
  ],
  [
    1617667200000,
    10.873236197985479
  ],
  [
    1617753600000,
    11.04889823453239
  ],
  [
    1617840000000,
    10.04775604815581
  ],
  [
    1617926400000,
    10.422724982152332
  ],
  [
    1618012800000,
    10.34916651059797
  ],
  [
    1618099200000,
    11.128574783374315
  ],
  [
    1618185600000,
    10.329152467098313
  ],
  [
    1618272000000,
    10.23174461021318
  ],
  [
    1618358400000,
    15.570008583796596
  ],
  [
    1618444800000,
    17.443995979964868
  ],
  [
    1618531200000,
    17.49161551172284
  ],
  [
    1618617600000,
    15.496357885941153
  ],
  [
    1618704000000,
    16.569584601110215
  ],
  [
    1618790400000,
    14.589691869815697
  ],
  [
    1618876800000,
    11.602825216322481
  ],
  [
    1618963200000,
    11.596099699004082
  ],
  [
    1619049600000,
    12.266358937038797
  ],
  [
    1619136000000,
    11.512132270200642
  ],
  [
    1619222400000,
    11.730589740667222
  ],
  [
    1619308800000,
    10.109633870160474
  ],
  [
    1619395200000,
    9.56257114435244
  ],
  [
    1619481600000,
    13.821629505245168
  ],
  [
    1619568000000,
    14.163478842929177
  ],
  [
    1619654400000,
    12.783299992969454
  ],
  [
    1619740800000,
    11.935817440993
  ],
  [
    1619827200000,
    12.76496262327836
  ],
  [
    1619913600000,
    14.403999363579576
  ],
  [
    1620000000000,
    12.965137063527692
  ],
  [
    1620086400000,
    13.46924292769708
  ],
  [
    1620172800000,
    11.88620230175105
  ],
  [
    1620259200000,
    14.629995745121644
  ],
  [
    1620345600000,
    13.976335286274493
  ],
  [
    1620432000000,
    12.263109202534435
  ],
  [
    1620518400000,
    14.410526438244547
  ],
  [
    1620604800000,
    14.33752380037386
  ],
  [
    1620691200000,
    16.09870939998074
  ],
  [
    1620777600000,
    17.856239595623062
  ],
  [
    1620864000000,
    17.18912925468632
  ],
  [
    1620950400000,
    15.637915327353895
  ],
  [
    1621036800000,
    18.420145126572088
  ],
  [
    1621123200000,
    16.56903952681764
  ],
  [
    1621209600000,
    15.020016739312577
  ],
  [
    1621296000000,
    14.311242301258043
  ],
  [
    1621382400000,
    14.803088623065845
  ],
  [
    1621468800000,
    11.115967708208665
  ],
  [
    1621555200000,
    11.95070067541441
  ],
  [
    1621641600000,
    9.91095952052342
  ],
  [
    1621728000000,
    8.983348609559561
  ],
  [
    1621814400000,
    7.256982562111884
  ],
  [
    1621900800000,
    8.538444967281052
  ],
  [
    1621987200000,
    8.152008179549403
  ],
  [
    1622073600000,
    10.696257699628688
  ],
  [
    1622160000000,
    9.817044949375749
  ],
  [
    1622246400000,
    7.52804507568826
  ],
  [
    1622332800000,
    7.506243141936815
  ],
  [
    1622419200000,
    8.666029432325889
  ],
  [
    1622505600000,
    8.594243224656278
  ],
  [
    1622592000000,
    7.602815764959765
  ],
  [
    1622678400000,
    7.473606172696523
  ],
  [
    1622764800000,
    7.920373540350344
  ],
  [
    1622851200000,
    7.331922927975331
  ],
  [
    1622937600000,
    6.781159973281533
  ],
  [
    1623024000000,
    6.9010004314780815
  ],
  [
    1623110400000,
    7.258317406557285
  ],
  [
    1623196800000,
    7.175582086090058
  ],
  [
    1623283200000,
    7.154675315982754
  ],
  [
    1623369600000,
    6.531528552816253
  ],
  [
    1623456000000,
    6.180745125743827
  ],
  [
    1623542400000,
    6.190211711163218
  ],
  [
    1623628800000,
    6.386575937153333
  ],
  [
    1623715200000,
    7.301212199455705
  ],
  [
    1623801600000,
    8.140188005965035
  ],
  [
    1623888000000,
    5.773167825401144
  ],
  [
    1623974400000,
    5.5659517129936935
  ],
  [
    1624060800000,
    5.139266446045073
  ],
  [
    1624147200000,
    4.956227086261314
  ],
  [
    1624233600000,
    4.907103616819723
  ],
  [
    1624320000000,
    3.8028211497975524
  ],
  [
    1624406400000,
    3.827048404877456
  ],
  [
    1624492800000,
    4.2042911039032855
  ],
  [
    1624579200000,
    4.549669837655548
  ],
  [
    1624665600000,
    4.072162468004314
  ],
  [
    1624752000000,
    3.600377511330468
  ],
  [
    1624838400000,
    3.6876780165961556
  ],
  [
    1624924800000,
    4.523490086542574
  ],
  [
    1625011200000,
    4.769800693624475
  ],
  [
    1625097600000,
    5.224394845641862
  ],
  [
    1625184000000,
    4.749940469010241
  ],
  [
    1625270400000,
    5.040035556386228
  ],
  [
    1625356800000,
    4.970615268071985
  ],
  [
    1625443200000,
    5.192687678122491
  ],
  [
    1625529600000,
    4.920059598518362
  ],
  [
    1625616000000,
    4.907975829665663
  ],
  [
    1625702400000,
    4.893527306666807
  ],
  [
    1625788800000,
    4.342162643669089
  ],
  [
    1625875200000,
    4.178144259234737
  ],
  [
    1625961600000,
    3.8077862463222796
  ],
  [
    1626048000000,
    4.182214474869779
  ],
  [
    1626134400000,
    3.9568225451771464
  ],
  [
    1626220800000,
    3.695873489341056
  ],
  [
    1626307200000,
    3.804485982649783
  ],
  [
    1626393600000,
    3.409098983822274
  ],
  [
    1626480000000,
    3.4435979421885254
  ],
  [
    1626566400000,
    3.4049511797581555
  ],
  [
    1626652800000,
    3.3321067417129044
  ],
  [
    1626739200000,
    3.9688274299800157
  ],
  [
    1626825600000,
    3.4304027374457546
  ],
  [
    1626912000000,
    3.3150935834943076
  ],
  [
    1626998400000,
    3.3044688766459593
  ],
  [
    1627084800000,
    3.32016161693629
  ],
  [
    1627171200000,
    3.612883106895343
  ],
  [
    1627257600000,
    3.8504283983585563
  ],
  [
    1627344000000,
    4.1300881208679705
  ],
  [
    1627430400000,
    4.174660603346378
  ],
  [
    1627516800000,
    4.38260380511863
  ],
  [
    1627603200000,
    4.226700942710966
  ],
  [
    1627689600000,
    4.509631383651587
  ],
  [
    1627776000000,
    4.678540372347704
  ],
  [
    1627862400000,
    4.901706999126208
  ],
  [
    1627948800000,
    5.303107804109379
  ],
  [
    1628035200000,
    4.392741112789792
  ],
  [
    1628121600000,
    4.594202486610802
  ],
  [
    1628208000000,
    5.029493907884254
  ],
  [
    1628294400000,
    4.992323904990986
  ],
  [
    1628380800000,
    5.234327365041997
  ],
  [
    1628467200000,
    5.191944038503859
  ],
  [
    1628553600000,
    5.314980549196096
  ],
  [
    1628640000000,
    5.377656909017382
  ],
  [
    1628726400000,
    5.308002628988313
  ],
  [
    1628812800000,
    4.715951780216319
  ],
  [
    1628899200000,
    4.826370793558277
  ],
  [
    1628985600000,
    4.520652018552015
  ],
  [
    1629072000000,
    4.6760472129791
  ],
  [
    1629158400000,
    5.119107154324499
  ],
  [
    1629244800000,
    4.7234189780291285
  ],
  [
    1629331200000,
    4.249169664145406
  ],
  [
    1629417600000,
    4.4300268356179355
  ],
  [
    1629504000000,
    7.538393392205501
  ],
  [
    1629590400000,
    7.005251145563408
  ],
  [
    1629676800000,
    6.377613311843908
  ],
  [
    1629763200000,
    6.805828145152591
  ],
  [
    1629849600000,
    6.0169032756899705
  ],
  [
    1629936000000,
    5.622367885386018
  ],
  [
    1630022400000,
    5.5290565595501455
  ],
  [
    1630108800000,
    5.660314866209655
  ],
  [
    1630195200000,
    6.4788307339244575
  ],
  [
    1630281600000,
    9.116983301746716
  ],
  [
    1630368000000,
    8.184867946465204
  ],
  [
    1630454400000,
    8.85481398007849
  ],
  [
    1630540800000,
    10.229649833366956
  ],
  [
    1630627200000,
    10.230819995234173
  ]
]