[
  [
    1602028800000,
    0
  ],
  [
    1602115200000,
    0
  ],
  [
    1602201600000,
    254228.8944809721
  ],
  [
    1602288000000,
    211207.4215637662
  ],
  [
    1602374400000,
    186419.58488581303
  ],
  [
    1602460800000,
    275702.8228420505
  ],
  [
    1602547200000,
    226156.4870162857
  ],
  [
    1602633600000,
    295245.26107864326
  ],
  [
    1602720000000,
    339147.01472554146
  ],
  [
    1602806400000,
    368832.96865894465
  ],
  [
    1602892800000,
    368743.7766403177
  ],
  [
    1602979200000,
    426884.0204689408
  ],
  [
    1603065600000,
    476726.5245556835
  ],
  [
    1603152000000,
    466951.2160907138
  ],
  [
    1603238400000,
    655459.8166827537
  ],
  [
    1603324800000,
    709848.7378819674
  ],
  [
    1603411200000,
    614283.2569350426
  ],
  [
    1603497600000,
    571173.6423119933
  ],
  [
    1603584000000,
    592400.089300268
  ],
  [
    1603670400000,
    687995.1523431763
  ],
  [
    1603756800000,
    701108.7804399539
  ],
  [
    1603843200000,
    733929.1258317581
  ],
  [
    1603929600000,
    706754.6978171179
  ],
  [
    1604016000000,
    731765.4705541511
  ],
  [
    1604102400000,
    767421.7825425914
  ],
  [
    1604188800000,
    730394.0539217149
  ],
  [
    1604275200000,
    745411.3860988083
  ],
  [
    1604361600000,
    766708.6379536042
  ],
  [
    1604448000000,
    793254.2572525479
  ],
  [
    1604534400000,
    553730.1229028604
  ],
  [
    1604620800000,
    445861.5612600595
  ],
  [
    1604707200000,
    468842.53199020313
  ],
  [
    1604793600000,
    1229772.0758859795
  ],
  [
    1604880000000,
    1094761.9589171617
  ],
  [
    1604966400000,
    1140717.1019212832
  ],
  [
    1605052800000,
    1778707.3547063824
  ],
  [
    1605139200000,
    2139159.411982474
  ],
  [
    1605225600000,
    2385197.967114234
  ],
  [
    1605312000000,
    2289418.8507769657
  ],
  [
    1605398400000,
    2795992.3144448344
  ],
  [
    1605484800000,
    3601583.1516756276
  ],
  [
    1605571200000,
    6812567.154617561
  ],
  [
    1605657600000,
    6869060.748706917
  ],
  [
    1605744000000,
    6992374.160490994
  ],
  [
    1605830400000,
    6708744.835527024
  ],
  [
    1605916800000,
    5092773.221131976
  ],
  [
    1606003200000,
    5313638.122558318
  ],
  [
    1606089600000,
    5089907.492601437
  ],
  [
    1606176000000,
    4401869.904899062
  ],
  [
    1606262400000,
    4549762.967867751
  ],
  [
    1606348800000,
    3934911.8507858957
  ],
  [
    1606435200000,
    3618195.3158191657
  ],
  [
    1606521600000,
    3816420.204771555
  ],
  [
    1606608000000,
    3521930.631953342
  ],
  [
    1606694400000,
    3833419.941988071
  ],
  [
    1606780800000,
    3576581.84733985
  ],
  [
    1606867200000,
    3296866.5744493445
  ],
  [
    1606953600000,
    3410687.7624091404
  ],
  [
    1607040000000,
    3194367.7663115775
  ],
  [
    1607126400000,
    3353104.604685237
  ],
  [
    1607212800000,
    3453185.242286303
  ],
  [
    1607299200000,
    3731998.2245314196
  ],
  [
    1607385600000,
    4294373.970502871
  ],
  [
    1607472000000,
    4816195.602218672
  ],
  [
    1607558400000,
    5942282.863778463
  ],
  [
    1607644800000,
    5116477.53867591
  ],
  [
    1607731200000,
    4865982.143882585
  ],
  [
    1607817600000,
    5677742.7085617045
  ],
  [
    1607904000000,
    6779792.299300642
  ],
  [
    1607990400000,
    6833475.423336747
  ],
  [
    1608076800000,
    6315161.833778918
  ],
  [
    1608163200000,
    7446702.248489167
  ],
  [
    1608249600000,
    6582168.010924057
  ],
  [
    1608336000000,
    7003734.909640363
  ],
  [
    1608422400000,
    5856329.044837274
  ],
  [
    1608508800000,
    5475720.36846312
  ],
  [
    1608595200000,
    4651842.380992382
  ],
  [
    1608681600000,
    5618378.168849044
  ],
  [
    1608768000000,
    4632332.825679358
  ],
  [
    1608854400000,
    5752624.894398414
  ],
  [
    1608940800000,
    5896304.009665088
  ],
  [
    1609027200000,
    5608929.276863068
  ],
  [
    1609113600000,
    5327758.530475663
  ],
  [
    1609200000000,
    5087348.737672044
  ],
  [
    1609286400000,
    5153377.952831682
  ],
  [
    1609372800000,
    5419625.964645169
  ],
  [
    1609459200000,
    4760266.692192526
  ],
  [
    1609545600000,
    4666827.386520635
  ],
  [
    1609632000000,
    5079456.777644612
  ],
  [
    1609718400000,
    6240964.941632342
  ],
  [
    1609804800000,
    6311097.2778376015
  ],
  [
    1609891200000,
    6826372.687944616
  ],
  [
    1609977600000,
    6654094.364852253
  ],
  [
    1610064000000,
    9020468.471125191
  ],
  [
    1610150400000,
    9335234.720402535
  ],
  [
    1610236800000,
    9542769.66224391
  ],
  [
    1610323200000,
    10192166.52042197
  ],
  [
    1610409600000,
    7774783.1321843285
  ],
  [
    1610496000000,
    7251749.341076071
  ],
  [
    1610582400000,
    7464625.393507985
  ],
  [
    1610668800000,
    8627198.335245704
  ],
  [
    1610755200000,
    8312341.142167147
  ],
  [
    1610841600000,
    8825753.916634746
  ],
  [
    1610928000000,
    9945105.241151243
  ],
  [
    1611014400000,
    9862074.9348874
  ],
  [
    1611100800000,
    10108789.317956526
  ],
  [
    1611187200000,
    9525707.84829351
  ],
  [
    1611273600000,
    9095786.84879795
  ],
  [
    1611360000000,
    10119601.938476961
  ],
  [
    1611446400000,
    11913725.23258448
  ],
  [
    1611532800000,
    13759872.030255241
  ],
  [
    1611619200000,
    12968937.617510159
  ],
  [
    1611705600000,
    16535791.555235403
  ],
  [
    1611792000000,
    18554845.40674854
  ],
  [
    1611878400000,
    23350164.96103573
  ],
  [
    1611964800000,
    24511740.20191587
  ],
  [
    1612051200000,
    25077755.916672204
  ],
  [
    1612137600000,
    30064453.841983166
  ],
  [
    1612224000000,
    31013619.32405247
  ],
  [
    1612310400000,
    42215469.49797436
  ],
  [
    1612396800000,
    42538325.28625601
  ],
  [
    1612483200000,
    35556052.53871838
  ],
  [
    1612569600000,
    34486434.351905376
  ],
  [
    1612656000000,
    29453143.806862783
  ],
  [
    1612742400000,
    30309726.882689398
  ],
  [
    1612828800000,
    30902641.249472063
  ],
  [
    1612915200000,
    29413657.00572925
  ],
  [
    1613001600000,
    31131717.888159957
  ],
  [
    1613088000000,
    30524248.807386156
  ],
  [
    1613174400000,
    36384396.84842798
  ],
  [
    1613260800000,
    39288812.6219249
  ],
  [
    1613347200000,
    40407807.30703973
  ],
  [
    1613433600000,
    37178414.96684207
  ],
  [
    1613520000000,
    37390852.015763424
  ],
  [
    1613606400000,
    39927723.88103273
  ],
  [
    1613692800000,
    33789752.24831676
  ],
  [
    1613779200000,
    34230507.03071086
  ],
  [
    1613865600000,
    35047902.79267187
  ],
  [
    1613952000000,
    40172966.51933984
  ],
  [
    1614038400000,
    36222699.58464204
  ],
  [
    1614124800000,
    30829102.49827398
  ],
  [
    1614211200000,
    30395045.343561362
  ],
  [
    1614297600000,
    23351224.40298044
  ],
  [
    1614384000000,
    23043380.967700794
  ],
  [
    1614470400000,
    21554786.63165561
  ],
  [
    1614556800000,
    22165644.360350408
  ],
  [
    1614643200000,
    26391386.885951865
  ],
  [
    1614729600000,
    22957056.906619277
  ],
  [
    1614816000000,
    24354526.577817567
  ],
  [
    1614902400000,
    21037868.277967893
  ],
  [
    1614988800000,
    22010374.042154673
  ],
  [
    1615075200000,
    21769339.37965744
  ],
  [
    1615161600000,
    22178069.138306417
  ],
  [
    1615248000000,
    23823022.322060075
  ],
  [
    1615334400000,
    23473042.70483796
  ],
  [
    1615420800000,
    23668085.910954177
  ],
  [
    1615507200000,
    23900344.25821402
  ],
  [
    1615593600000,
    21250135.008367088
  ],
  [
    1615680000000,
    23969204.65452019
  ],
  [
    1615766400000,
    23306784.228926662
  ],
  [
    1615852800000,
    31519489.896671847
  ],
  [
    1615939200000,
    30666616.678436946
  ],
  [
    1616025600000,
    31319707.87775394
  ],
  [
    1616112000000,
    33496562.407894485
  ],
  [
    1616198400000,
    36231902.93157232
  ],
  [
    1616284800000,
    41828475.480085984
  ],
  [
    1616371200000,
    41813497.477015294
  ],
  [
    1616457600000,
    37014993.78542696
  ],
  [
    1616544000000,
    39992359.16429248
  ],
  [
    1616630400000,
    37009566.45262302
  ],
  [
    1616716800000,
    48684136.58181213
  ],
  [
    1616803200000,
    62682315.526876174
  ],
  [
    1616889600000,
    54688454.38069896
  ],
  [
    1616976000000,
    66445196.687571086
  ],
  [
    1617062400000,
    63545714.47182612
  ],
  [
    1617148800000,
    66509389.20958758
  ],
  [
    1617235200000,
    63761830.31866189
  ],
  [
    1617321600000,
    57434489.892395474
  ],
  [
    1617408000000,
    62322236.315813795
  ],
  [
    1617494400000,
    55036429.20586144
  ],
  [
    1617580800000,
    54874961.53035096
  ],
  [
    1617667200000,
    58474829.96255406
  ],
  [
    1617753600000,
    63482251.377047926
  ],
  [
    1617840000000,
    55472231.54035713
  ],
  [
    1617926400000,
    61176542.66344929
  ],
  [
    1618012800000,
    63790066.29567737
  ],
  [
    1618099200000,
    59815283.156070806
  ],
  [
    1618185600000,
    54068078.747932434
  ],
  [
    1618272000000,
    50576475.89415258
  ],
  [
    1618358400000,
    54686636.21628186
  ],
  [
    1618444800000,
    57579598.39601886
  ],
  [
    1618531200000,
    63633758.72775281
  ],
  [
    1618617600000,
    51485291.594489306
  ],
  [
    1618704000000,
    51303082.22396192
  ],
  [
    1618790400000,
    54765472.11230612
  ],
  [
    1618876800000,
    49906234.12497604
  ],
  [
    1618963200000,
    53581880.71833789
  ],
  [
    1619049600000,
    52118256.5642867
  ],
  [
    1619136000000,
    66888052.30053498
  ],
  [
    1619222400000,
    56223619.40474031
  ],
  [
    1619308800000,
    48057243.56828044
  ],
  [
    1619395200000,
    46545889.47413376
  ],
  [
    1619481600000,
    53203703.45537876
  ],
  [
    1619568000000,
    59798636.066814184
  ],
  [
    1619654400000,
    60749551.025112785
  ],
  [
    1619740800000,
    61242721.54268691
  ],
  [
    1619827200000,
    58231416.46644263
  ],
  [
    1619913600000,
    61746721.07284654
  ],
  [
    1620000000000,
    61804085.849156536
  ],
  [
    1620086400000,
    90340476.92880334
  ],
  [
    1620172800000,
    80020687.01877013
  ],
  [
    1620259200000,
    79001614.01645394
  ],
  [
    1620345600000,
    87821420.914245
  ],
  [
    1620432000000,
    85981656.44245644
  ],
  [
    1620518400000,
    94877505.01388167
  ],
  [
    1620604800000,
    84550636.20153533
  ],
  [
    1620691200000,
    87385523.33778243
  ],
  [
    1620777600000,
    94935803.58815613
  ],
  [
    1620864000000,
    84835697.47812103
  ],
  [
    1620950400000,
    72785244.81614383
  ],
  [
    1621036800000,
    77879637.21678141
  ],
  [
    1621123200000,
    73587322.62946239
  ],
  [
    1621209600000,
    67122444.6500393
  ],
  [
    1621296000000,
    59304208.810098365
  ],
  [
    1621382400000,
    71621633.83045788
  ],
  [
    1621468800000,
    48654538.052132145
  ],
  [
    1621555200000,
    55734048.95178978
  ],
  [
    1621641600000,
    40071432.22958642
  ],
  [
    1621728000000,
    48869258.72359985
  ],
  [
    1621814400000,
    40373291.812382124
  ],
  [
    1621900800000,
    58595864.7964898
  ],
  [
    1621987200000,
    57502311.81132086
  ],
  [
    1622073600000,
    59082801.6097267
  ],
  [
    1622160000000,
    57817368.559607856
  ],
  [
    1622246400000,
    51237020.233978294
  ],
  [
    1622332800000,
    48493360.008483544
  ],
  [
    1622419200000,
    49633936.13923882
  ],
  [
    1622505600000,
    54873094.39297061
  ],
  [
    1622592000000,
    54112526.14138173
  ],
  [
    1622678400000,
    57404278.42374823
  ],
  [
    1622764800000,
    57325265.370281085
  ],
  [
    1622851200000,
    50512570.69577826
  ],
  [
    1622937600000,
    47445765.49482603
  ],
  [
    1623024000000,
    47771887.05211458
  ],
  [
    1623110400000,
    46840908.21259401
  ],
  [
    1623196800000,
    44320820.336415865
  ],
  [
    1623283200000,
    53261039.315167904
  ],
  [
    1623369600000,
    42220041.13428417
  ],
  [
    1623456000000,
    40835439.99895884
  ],
  [
    1623542400000,
    43768747.60375832
  ],
  [
    1623628800000,
    46051308.10321995
  ],
  [
    1623715200000,
    55409078.22188224
  ],
  [
    1623801600000,
    52664584.76073511
  ],
  [
    1623888000000,
    44680420.30593496
  ],
  [
    1623974400000,
    44788925.15442371
  ],
  [
    1624060800000,
    41416224.24132254
  ],
  [
    1624147200000,
    42023664.98248067
  ],
  [
    1624233600000,
    44976070.713181734
  ],
  [
    1624320000000,
    32529593.013407566
  ],
  [
    1624406400000,
    35247239.13033838
  ],
  [
    1624492800000,
    36333586.20806401
  ],
  [
    1624579200000,
    36859234.09023507
  ],
  [
    1624665600000,
    27808868.08740416
  ],
  [
    1624752000000,
    29231660.14809016
  ],
  [
    1624838400000,
    35034730.73289245
  ],
  [
    1624924800000,
    37002030.79944853
  ],
  [
    1625011200000,
    41375824.63642592
  ],
  [
    1625097600000,
    40417624.08707058
  ],
  [
    1625184000000,
    38621290.49103131
  ],
  [
    1625270400000,
    40166482.818670146
  ],
  [
    1625356800000,
    40714332.50924383
  ],
  [
    1625443200000,
    44382688.110678375
  ],
  [
    1625529600000,
    42047650.84157197
  ],
  [
    1625616000000,
    50208944.59284194
  ],
  [
    1625702400000,
    58466056.64828802
  ],
  [
    1625788800000,
    50955756.80611591
  ],
  [
    1625875200000,
    51814203.14677895
  ],
  [
    1625961600000,
    51086245.34967539
  ],
  [
    1626048000000,
    54324772.14285916
  ],
  [
    1626134400000,
    50284590.031513765
  ],
  [
    1626220800000,
    53588561.986137874
  ],
  [
    1626307200000,
    51995288.42019188
  ],
  [
    1626393600000,
    46706026.18438482
  ],
  [
    1626480000000,
    44359867.15322953
  ],
  [
    1626566400000,
    44329822.880149566
  ],
  [
    1626652800000,
    41033172.23484405
  ],
  [
    1626739200000,
    37566391.78288767
  ],
  [
    1626825600000,
    36615282.650846355
  ],
  [
    1626912000000,
    38438157.90140123
  ],
  [
    1626998400000,
    38299983.75439811
  ],
  [
    1627084800000,
    37532315.922129735
  ],
  [
    1627171200000,
    43220272.46208224
  ],
  [
    1627257600000,
    41791021.06200616
  ],
  [
    1627344000000,
    43994075.146254696
  ],
  [
    1627430400000,
    45562681.323101796
  ],
  [
    1627516800000,
    46031007.944093786
  ],
  [
    1627603200000,
    49659097.51741568
  ],
  [
    1627689600000,
    52307523.35515072
  ],
  [
    1627776000000,
    57245139.79817386
  ],
  [
    1627862400000,
    54525352.27218956
  ],
  [
    1627948800000,
    56168321.28526199
  ],
  [
    1628035200000,
    53234595.64302017
  ],
  [
    1628121600000,
    58529933.39314664
  ],
  [
    1628208000000,
    66192748.49357904
  ],
  [
    1628294400000,
    70373851.27785964
  ],
  [
    1628380800000,
    73912887.42900994
  ],
  [
    1628467200000,
    65920409.29537193
  ],
  [
    1628553600000,
    71704258.99096477
  ],
  [
    1628640000000,
    76179818.59134991
  ],
  [
    1628726400000,
    76740331.93200763
  ],
  [
    1628812800000,
    71001375.66135195
  ],
  [
    1628899200000,
    73451058.94195135
  ],
  [
    1628985600000,
    74057320.59272219
  ],
  [
    1629072000000,
    72266258.9071228
  ],
  [
    1629158400000,
    69473187.41062908
  ],
  [
    1629244800000,
    60584850.01031727
  ],
  [
    1629331200000,
    61838181.443153374
  ],
  [
    1629417600000,
    64333418.78589049
  ],
  [
    1629504000000,
    82226852.31875022
  ],
  [
    1629590400000,
    83767212.58003281
  ],
  [
    1629676800000,
    77556439.4517519
  ],
  [
    1629763200000,
    79340990.79855919
  ],
  [
    1629849600000,
    77360911.24890034
  ],
  [
    1629936000000,
    71932576.80971314
  ],
  [
    1630022400000,
    73659209.92748626
  ],
  [
    1630108800000,
    75395204.14715241
  ],
  [
    1630195200000,
    76098374.62503785
  ],
  [
    1630281600000,
    80635235.95069222
  ],
  [
    1630368000000,
    81421179.63152029
  ],
  [
    1630454400000,
    91327000.98842926
  ],
  [
    1630540800000,
    99700058.32601878
  ],
  [
    1630627200000,
    104095440.7394293
  ]
]