[
  [
    1582588800000,
    3.5266118204419654
  ],
  [
    1582675200000,
    3.46703845038953
  ],
  [
    1582761600000,
    3.5995198500360934
  ],
  [
    1582848000000,
    9.452959117794515
  ],
  [
    1582934400000,
    8.61054206434156
  ],
  [
    1583020800000,
    6.018781125805336
  ],
  [
    1583107200000,
    4.539032980134172
  ],
  [
    1583193600000,
    5.457343358473117
  ],
  [
    1583280000000,
    3.9507432794401627
  ],
  [
    1583366400000,
    3.590557299103878
  ],
  [
    1583452800000,
    3.355702380010273
  ],
  [
    1583539200000,
    5.395469435798802
  ],
  [
    1583625600000,
    3.204066467570814
  ],
  [
    1583712000000,
    7.483288200593179
  ],
  [
    1583798400000,
    6.692840436691141
  ],
  [
    1583884800000,
    11.235190255215919
  ],
  [
    1583971200000,
    3.1666677140887405
  ],
  [
    1584057600000,
    2.339861976847938
  ],
  [
    1584144000000,
    4.841408448711187
  ],
  [
    1584230400000,
    84.67071850153889
  ],
  [
    1584316800000,
    2.2534081711933385
  ],
  [
    1584403200000,
    7.668020240369613
  ],
  [
    1584489600000,
    8.959977415866735
  ],
  [
    1584576000000,
    1.8670086129688566
  ],
  [
    1584662400000,
    1.9386873403813834
  ],
  [
    1584748800000,
    12.19574000458393
  ],
  [
    1584835200000,
    2.095266217094893
  ],
  [
    1584921600000,
    17.11702079251546
  ],
  [
    1585008000000,
    64.36492082243825
  ],
  [
    1585094400000,
    77.45175479876774
  ],
  [
    1585180800000,
    59.135370616609684
  ],
  [
    1585267200000,
    2.026390416480576
  ],
  [
    1585353600000,
    1.6688629430227815
  ],
  [
    1585440000000,
    12.693771046589461
  ],
  [
    1585526400000,
    69.55922102975072
  ],
  [
    1585612800000,
    1.4943342351949171
  ],
  [
    1585699200000,
    1.6495036382689265
  ],
  [
    1585785600000,
    65.71719326065653
  ],
  [
    1585872000000,
    1.2863083496373588
  ],
  [
    1585958400000,
    1.251170611762463
  ],
  [
    1586044800000,
    1.3367580382857736
  ],
  [
    1586131200000,
    1.1708910670980859
  ],
  [
    1586217600000,
    1.0747940979482966
  ],
  [
    1586304000000,
    1.145409941994283
  ],
  [
    1586390400000,
    1.0204864601972774
  ],
  [
    1586476800000,
    1.1949185846853847
  ],
  [
    1586563200000,
    0.8602948336303913
  ],
  [
    1586649600000,
    0.9440895660039453
  ],
  [
    1586736000000,
    80.5793425415178
  ],
  [
    1586822400000,
    13.899735572080054
  ],
  [
    1586908800000,
    1.578811260952674
  ],
  [
    1586995200000,
    1.592912216146967
  ],
  [
    1587081600000,
    1.8683970290967427
  ],
  [
    1587168000000,
    1.847879148873161
  ],
  [
    1587254400000,
    1.9614293706493704
  ],
  [
    1587340800000,
    1.948193286498355
  ],
  [
    1587427200000,
    25.48908998075986
  ],
  [
    1587513600000,
    42.14592825927251
  ],
  [
    1587600000000,
    0.710456484332492
  ],
  [
    1587686400000,
    0.4869537903779115
  ],
  [
    1587772800000,
    0.5382349075113027
  ],
  [
    1587859200000,
    0.5995640691918603
  ],
  [
    1587945600000,
    0.5103351026348059
  ],
  [
    1588032000000,
    1.002259785397307
  ],
  [
    1588118400000,
    1.0839656376962175
  ],
  [
    1588204800000,
    0.7718126379396278
  ],
  [
    1588291200000,
    0.5834996096874099
  ],
  [
    1588377600000,
    12.409228685660619
  ],
  [
    1588464000000,
    15.283465042579211
  ],
  [
    1588550400000,
    0.5468792084090324
  ],
  [
    1588636800000,
    0.6736050852633412
  ],
  [
    1588723200000,
    23.110375353159938
  ],
  [
    1588809600000,
    11.771970942544314
  ],
  [
    1588896000000,
    14.829447982667645
  ],
  [
    1588982400000,
    1.0812795473149353
  ],
  [
    1589068800000,
    0.8736436659288577
  ],
  [
    1589155200000,
    0.9819414308125382
  ],
  [
    1589241600000,
    1.2468413547580384
  ],
  [
    1589328000000,
    1.5813893846904503
  ],
  [
    1589414400000,
    2.1165119232417156
  ],
  [
    1589500800000,
    2.1830051134962964
  ],
  [
    1589587200000,
    1.6894588988848185
  ],
  [
    1589673600000,
    1.4715040906988714
  ],
  [
    1589760000000,
    1.6421403772708238
  ],
  [
    1589846400000,
    1.3747122581733984
  ],
  [
    1589932800000,
    1.2889565671888161
  ],
  [
    1590019200000,
    2.417292632540894
  ],
  [
    1590105600000,
    1.1537948296017184
  ],
  [
    1590192000000,
    1.0420434994797232
  ],
  [
    1590278400000,
    1.1945644608712083
  ],
  [
    1590364800000,
    1.2729244074377748
  ],
  [
    1590451200000,
    1.2915025550514125
  ],
  [
    1590537600000,
    1.3249088763091335
  ],
  [
    1590624000000,
    6.667961320853021
  ],
  [
    1590710400000,
    7.9527715798616745
  ],
  [
    1590796800000,
    1.4533423547038604
  ],
  [
    1590883200000,
    1.6424003915262209
  ],
  [
    1590969600000,
    1.495015429054223
  ],
  [
    1591056000000,
    1.5709928611642825
  ],
  [
    1591142400000,
    1.4661226342698643
  ],
  [
    1591228800000,
    2.1713919622192064
  ],
  [
    1591315200000,
    1.4507461566490314
  ],
  [
    1591401600000,
    2.0533832142975617
  ],
  [
    1591488000000,
    1.5923019147188198
  ],
  [
    1591574400000,
    1.6364365335835906
  ],
  [
    1591660800000,
    1.714279960123496
  ],
  [
    1591747200000,
    1.7051620735539743
  ],
  [
    1591833600000,
    1.6388656108475537
  ],
  [
    1591920000000,
    1.344800720280359
  ],
  [
    1592006400000,
    1.3760558963545182
  ],
  [
    1592092800000,
    1.367313909427862
  ],
  [
    1592179200000,
    1.646221408097019
  ],
  [
    1592265600000,
    1.6243189218856253
  ],
  [
    1592352000000,
    0.30136160264526984
  ],
  [
    1592438400000,
    1.4768878106688328
  ],
  [
    1592524800000,
    1.46427301759759
  ],
  [
    1592611200000,
    1.0216631930423445
  ],
  [
    1592697600000,
    1.007221535693799
  ],
  [
    1592784000000,
    1.4531291071999117
  ],
  [
    1592870400000,
    0.9283739369999733
  ],
  [
    1592956800000,
    0.9958370150322773
  ],
  [
    1593043200000,
    0.7632929645019754
  ],
  [
    1593129600000,
    0.7402520587605016
  ],
  [
    1593216000000,
    0.45813777013497126
  ],
  [
    1593302400000,
    0.4087839356397691
  ],
  [
    1593388800000,
    0.44544811321323635
  ],
  [
    1593475200000,
    0.7910690343770492
  ],
  [
    1593561600000,
    0.6462952511585875
  ],
  [
    1593648000000,
    0.6517821646813454
  ],
  [
    1593734400000,
    0.48089825296364586
  ],
  [
    1593820800000,
    0.44272474918849225
  ],
  [
    1593907200000,
    0.4579118090628302
  ],
  [
    1593993600000,
    0.47936689652096887
  ],
  [
    1594080000000,
    0.8072421295166586
  ],
  [
    1594166400000,
    0.8094305908973756
  ],
  [
    1594252800000,
    0.5052797700821992
  ],
  [
    1594339200000,
    0.5105883645026661
  ],
  [
    1594425600000,
    0.7626436088159321
  ],
  [
    1594512000000,
    0.6019112290215288
  ],
  [
    1594598400000,
    0.5817977838342098
  ],
  [
    1594684800000,
    0.49674297488612423
  ],
  [
    1594771200000,
    0.6160624207309066
  ],
  [
    1594857600000,
    0.812910161732352
  ],
  [
    1594944000000,
    0.49813960320055445
  ],
  [
    1595030400000,
    0.8038368074538987
  ],
  [
    1595116800000,
    0.8054563007438466
  ],
  [
    1595203200000,
    0.33660759926331835
  ],
  [
    1595289600000,
    0.3397332122698187
  ],
  [
    1595376000000,
    0.34876980523467144
  ],
  [
    1595462400000,
    0.45468408372410096
  ],
  [
    1595548800000,
    0.5296466426335484
  ],
  [
    1595635200000,
    0.48461044237756573
  ],
  [
    1595721600000,
    0.5326896211874512
  ],
  [
    1595808000000,
    0.5774491721572267
  ],
  [
    1595894400000,
    0.475126997420522
  ],
  [
    1595980800000,
    0.2767447291195024
  ],
  [
    1596067200000,
    0.4908813053089532
  ],
  [
    1596153600000,
    0.21715061483402542
  ],
  [
    1596240000000,
    0.20658972244236357
  ],
  [
    1596326400000,
    0.43551025684608174
  ],
  [
    1596412800000,
    0.49685380076442226
  ],
  [
    1596499200000,
    0.21260622425311515
  ],
  [
    1596585600000,
    0.43744774112891055
  ],
  [
    1596672000000,
    0.1823750729783461
  ],
  [
    1596758400000,
    0.3992679788930704
  ],
  [
    1596844800000,
    0.19956702534224202
  ],
  [
    1596931200000,
    0.09981259258290462
  ],
  [
    1597017600000,
    0.3269591897803699
  ],
  [
    1597104000000,
    0.35207397902144927
  ],
  [
    1597190400000,
    0.3162070046074493
  ],
  [
    1597276800000,
    0.38950548702219095
  ],
  [
    1597363200000,
    0.5740773763085819
  ],
  [
    1597449600000,
    0.8761604306743709
  ],
  [
    1597536000000,
    0.4450391028082563
  ],
  [
    1597622400000,
    14.287840861179859
  ],
  [
    1597708800000,
    10.968905513685025
  ],
  [
    1597795200000,
    2.4320650186468056
  ],
  [
    1597881600000,
    0.46204282908740535
  ],
  [
    1597968000000,
    0.3718415396346451
  ],
  [
    1598054400000,
    0.36050287954738097
  ],
  [
    1598140800000,
    0.3305126196773481
  ],
  [
    1598227200000,
    0.33210176270662484
  ],
  [
    1598313600000,
    0.3295773672408636
  ],
  [
    1598400000000,
    0.30563261487966975
  ],
  [
    1598486400000,
    0.31963288947421226
  ],
  [
    1598572800000,
    0.3020858445785275
  ],
  [
    1598659200000,
    0.37798599781895903
  ],
  [
    1598745600000,
    0.42681939690863
  ],
  [
    1598832000000,
    0.34388071687638494
  ],
  [
    1598918400000,
    0.40494350476159374
  ],
  [
    1599004800000,
    0.45320325758743485
  ],
  [
    1599091200000,
    0.5362469726209942
  ],
  [
    1599177600000,
    0.7881283721735375
  ],
  [
    1599264000000,
    0.492776139002665
  ],
  [
    1599350400000,
    0.46877072958183735
  ],
  [
    1599436800000,
    0.5103713966878077
  ],
  [
    1599523200000,
    1.253426619790181
  ],
  [
    1599609600000,
    1.0295907399237827
  ],
  [
    1599696000000,
    1.2541013610570362
  ],
  [
    1599782400000,
    1.0769641763659343
  ],
  [
    1599868800000,
    1.0876081242501638
  ],
  [
    1599955200000,
    1.402841532727548
  ],
  [
    1600041600000,
    1.3581199839540885
  ],
  [
    1600128000000,
    0.9230402878169391
  ],
  [
    1600214400000,
    2.730764442181679
  ],
  [
    1600300800000,
    2.8966116991832473
  ],
  [
    1600387200000,
    2.4133686090307465
  ],
  [
    1600473600000,
    1.5283657726040074
  ],
  [
    1600560000000,
    1.3113593248574615
  ],
  [
    1600646400000,
    5.265421558072497
  ],
  [
    1600732800000,
    2.037789527540668
  ],
  [
    1600819200000,
    1.8682490864564736
  ],
  [
    1600905600000,
    1.5915266887383084
  ],
  [
    1600992000000,
    1.3373290536205398
  ],
  [
    1601078400000,
    1.8488803475972198
  ],
  [
    1601164800000,
    1.154858142620569
  ],
  [
    1601251200000,
    1.2626081115225225
  ],
  [
    1601337600000,
    1.1114400277470067
  ],
  [
    1601424000000,
    1.0108754811451297
  ],
  [
    1601510400000,
    1.4516115242218972
  ],
  [
    1601596800000,
    1.5563565141465665
  ],
  [
    1601683200000,
    1.860127182046374
  ],
  [
    1601769600000,
    1.9410723693301108
  ],
  [
    1601856000000,
    1.75365730669181
  ],
  [
    1601942400000,
    1.4171715521533823
  ],
  [
    1602028800000,
    1.3787227385455063
  ],
  [
    1602115200000,
    1.3866510935622414
  ],
  [
    1602201600000,
    1.3265387408178375
  ],
  [
    1602288000000,
    1.207251935462607
  ],
  [
    1602374400000,
    1.25550337266345
  ],
  [
    1602460800000,
    1.0882795586316187
  ],
  [
    1602547200000,
    0.9708055301460397
  ],
  [
    1602633600000,
    0.934198217385284
  ],
  [
    1602720000000,
    0.9596539304237179
  ],
  [
    1602806400000,
    1.096676287462054
  ],
  [
    1602892800000,
    1.0029205046919882
  ],
  [
    1602979200000,
    0.938381095688763
  ],
  [
    1603065600000,
    0.9615568210078473
  ],
  [
    1603152000000,
    1.9387727303533522
  ],
  [
    1603238400000,
    1.354168174606952
  ],
  [
    1603324800000,
    1.5584545788031672
  ],
  [
    1603411200000,
    1.4289636870176505
  ],
  [
    1603497600000,
    1.0742565427634783
  ],
  [
    1603584000000,
    0.7667198709879497
  ],
  [
    1603670400000,
    0.8907648855524647
  ],
  [
    1603756800000,
    0.861598216919068
  ],
  [
    1603843200000,
    0.9610573787438579
  ],
  [
    1603929600000,
    0.9269694587759045
  ],
  [
    1604016000000,
    1.2131801685613313
  ],
  [
    1604102400000,
    1.2197018701584101
  ],
  [
    1604188800000,
    1.179895781515543
  ],
  [
    1604275200000,
    1.4746788664817676
  ],
  [
    1604361600000,
    1.2346841439660055
  ],
  [
    1604448000000,
    1.2560975696282577
  ],
  [
    1604534400000,
    1.1306251692447806
  ],
  [
    1604620800000,
    1.0220828454653224
  ],
  [
    1604707200000,
    1.6366773059749273
  ],
  [
    1604793600000,
    1.0278992549457182
  ],
  [
    1604880000000,
    1.0968399540947602
  ],
  [
    1604966400000,
    1.0626150329957378
  ],
  [
    1605052800000,
    1.2607606445950406
  ],
  [
    1605139200000,
    1.2951651499372763
  ],
  [
    1605225600000,
    0.7934135259721844
  ],
  [
    1605312000000,
    1.077482543162097
  ],
  [
    1605398400000,
    1.1580334816440359
  ],
  [
    1605484800000,
    1.1430834627449797
  ],
  [
    1605571200000,
    0.9162154953083066
  ],
  [
    1605657600000,
    1.4999325022006298
  ],
  [
    1605744000000,
    1.0753563931878785
  ],
  [
    1605830400000,
    0.9891978650580538
  ],
  [
    1605916800000,
    0.9606207549611874
  ],
  [
    1606003200000,
    0.9301365429258385
  ],
  [
    1606089600000,
    0.9353426020129839
  ],
  [
    1606176000000,
    0.9643687965498499
  ],
  [
    1606262400000,
    0.8590824938471998
  ],
  [
    1606348800000,
    0.7565344584340957
  ],
  [
    1606435200000,
    1.2860115488622719
  ],
  [
    1606521600000,
    1.1413087240693494
  ],
  [
    1606608000000,
    0.5488470756226743
  ],
  [
    1606694400000,
    1.5305683803910324
  ],
  [
    1606780800000,
    1.6364798964842904
  ],
  [
    1606867200000,
    0.8735746485850907
  ],
  [
    1606953600000,
    1.5548088197169085
  ],
  [
    1607040000000,
    0.9984866560673681
  ],
  [
    1607126400000,
    1.3739116675168883
  ],
  [
    1607212800000,
    1.3851084241830667
  ],
  [
    1607299200000,
    1.0806342434404934
  ],
  [
    1607385600000,
    1.2431267726468913
  ],
  [
    1607472000000,
    1.1631471386405483
  ],
  [
    1607558400000,
    1.126652291168529
  ],
  [
    1607644800000,
    1.1123161635196137
  ],
  [
    1607731200000,
    1.0356135251071104
  ],
  [
    1607817600000,
    1.084953521180103
  ],
  [
    1607904000000,
    3.0993523326089125
  ],
  [
    1607990400000,
    1.7564667008469923
  ],
  [
    1608076800000,
    1.5847599591972923
  ],
  [
    1608163200000,
    1.1035756382315487
  ],
  [
    1608249600000,
    1.0550350311651626
  ],
  [
    1608336000000,
    0.8981110361182454
  ],
  [
    1608422400000,
    0.9478007517906158
  ],
  [
    1608508800000,
    1.0585493890453448
  ],
  [
    1608595200000,
    0.920284789985612
  ],
  [
    1608681600000,
    1.198254314766603
  ],
  [
    1608768000000,
    1.0743519710100458
  ],
  [
    1608854400000,
    1.1807815803638915
  ],
  [
    1608940800000,
    1.001486168768995
  ],
  [
    1609027200000,
    0.9647201833109035
  ],
  [
    1609113600000,
    0.636566095454184
  ],
  [
    1609200000000,
    1.358951354304999
  ],
  [
    1609286400000,
    1.2148788033737166
  ],
  [
    1609372800000,
    1.5042218225140669
  ],
  [
    1609459200000,
    1.1283420914202231
  ],
  [
    1609545600000,
    1.2008378812508977
  ],
  [
    1609632000000,
    2.085912936222028
  ],
  [
    1609718400000,
    1.7730318026819143
  ],
  [
    1609804800000,
    1.5330284244455699
  ],
  [
    1609891200000,
    1.530129228850281
  ],
  [
    1609977600000,
    1.4418542568673225
  ],
  [
    1610064000000,
    3.1532674800488176
  ],
  [
    1610150400000,
    3.114708983447845
  ],
  [
    1610236800000,
    2.74250535757812
  ],
  [
    1610323200000,
    1.1757674400476459
  ],
  [
    1610409600000,
    1.4509711031622035
  ],
  [
    1610496000000,
    2.4732215668123745
  ],
  [
    1610582400000,
    2.4023147845070736
  ],
  [
    1610668800000,
    1.5030340643762794
  ],
  [
    1610755200000,
    1.352159211767904
  ],
  [
    1610841600000,
    1.3999755294797103
  ],
  [
    1610928000000,
    1.4282314730549264
  ],
  [
    1611014400000,
    1.6537673206468888
  ],
  [
    1611100800000,
    1.4845967928394344
  ],
  [
    1611187200000,
    1.4491539255604462
  ],
  [
    1611273600000,
    1.3218986321250479
  ],
  [
    1611360000000,
    2.2839283210449874
  ],
  [
    1611446400000,
    2.9459727120763075
  ],
  [
    1611532800000,
    10.40306481488068
  ],
  [
    1611619200000,
    3.2385174856853727
  ],
  [
    1611705600000,
    2.4508855104961236
  ],
  [
    1611792000000,
    2.932629407085244
  ],
  [
    1611878400000,
    3.8921949079981375
  ],
  [
    1611964800000,
    10.598774355286785
  ],
  [
    1612051200000,
    16.15529180723704
  ],
  [
    1612137600000,
    11.013904201441644
  ],
  [
    1612224000000,
    15.10171615636763
  ],
  [
    1612310400000,
    19.270855209367788
  ],
  [
    1612396800000,
    11.7093769207667
  ],
  [
    1612483200000,
    14.223786236427713
  ],
  [
    1612569600000,
    8.42357893705999
  ],
  [
    1612656000000,
    2.835523258442128
  ],
  [
    1612742400000,
    2.8805820231578636
  ],
  [
    1612828800000,
    3.1657867023713426
  ],
  [
    1612915200000,
    2.468259503888158
  ],
  [
    1613001600000,
    2.7583266122062646
  ],
  [
    1613088000000,
    2.76685030973759
  ],
  [
    1613174400000,
    1.8874855297444242
  ],
  [
    1613260800000,
    1.9471494334850807
  ],
  [
    1613347200000,
    1.8099893350238776
  ],
  [
    1613433600000,
    1.5030746612380252
  ],
  [
    1613520000000,
    1.2065520599423467
  ],
  [
    1613606400000,
    1.1825874826400258
  ],
  [
    1613692800000,
    1.294671445961552
  ],
  [
    1613779200000,
    1.0211383657052355
  ],
  [
    1613865600000,
    1.0901663772348253
  ],
  [
    1613952000000,
    0.9016971056912146
  ],
  [
    1614038400000,
    0.9931219138117795
  ],
  [
    1614124800000,
    0.9133518973141656
  ],
  [
    1614211200000,
    1.0631699695841037
  ],
  [
    1614297600000,
    1.2714489596228309
  ],
  [
    1614384000000,
    1.6145829284180238
  ],
  [
    1614470400000,
    1.1218128330627535
  ],
  [
    1614556800000,
    0.8016289048861985
  ],
  [
    1614643200000,
    0.8956261412058657
  ],
  [
    1614729600000,
    0.9564241182577975
  ],
  [
    1614816000000,
    0.9944148744454522
  ],
  [
    1614902400000,
    0.8977516569683102
  ],
  [
    1614988800000,
    0.9786543433122371
  ],
  [
    1615075200000,
    0.8967075317893579
  ],
  [
    1615161600000,
    0.9000159853713445
  ],
  [
    1615248000000,
    1.2056483383784948
  ],
  [
    1615334400000,
    1.342797501002242
  ],
  [
    1615420800000,
    1.406063735281282
  ],
  [
    1615507200000,
    1.108862894176349
  ],
  [
    1615593600000,
    1.358968019944177
  ],
  [
    1615680000000,
    1.4570107416734428
  ],
  [
    1615766400000,
    1.3292327632095937
  ],
  [
    1615852800000,
    1.263426001408529
  ],
  [
    1615939200000,
    1.0560287333303242
  ],
  [
    1616025600000,
    1.0918187729799191
  ],
  [
    1616112000000,
    1.5703202878458897
  ],
  [
    1616198400000,
    1.20018301614809
  ],
  [
    1616284800000,
    1.186981873341628
  ],
  [
    1616371200000,
    1.3779548768947845
  ],
  [
    1616457600000,
    1.4982680320176986
  ],
  [
    1616544000000,
    1.3319578307428164
  ],
  [
    1616630400000,
    1.3107200043817009
  ],
  [
    1616716800000,
    1.7932886109145953
  ],
  [
    1616803200000,
    1.7877397820403724
  ],
  [
    1616889600000,
    1.1669835954295569
  ],
  [
    1616976000000,
    1.1714676607326504
  ],
  [
    1617062400000,
    1.7911596643771628
  ],
  [
    1617148800000,
    0.9002836810697533
  ],
  [
    1617235200000,
    1.0116197952508421
  ],
  [
    1617321600000,
    1.7997178456622576
  ],
  [
    1617408000000,
    1.8009728840316404
  ],
  [
    1617494400000,
    1.8027064679027915
  ],
  [
    1617580800000,
    1.8009983796381432
  ],
  [
    1617667200000,
    1.7478313114186201
  ],
  [
    1617753600000,
    2.5964854431560678
  ],
  [
    1617840000000,
    1.5827909474406177
  ],
  [
    1617926400000,
    1.7323470906887748
  ],
  [
    1618012800000,
    1.6412520736599818
  ],
  [
    1618099200000,
    1.786379722906677
  ],
  [
    1618185600000,
    1.881203120092955
  ],
  [
    1618272000000,
    1.8577243357212367
  ],
  [
    1618358400000,
    2.075430311574602
  ],
  [
    1618444800000,
    1.8779935940431713
  ],
  [
    1618531200000,
    2.093408151026273
  ],
  [
    1618617600000,
    1.735752266795703
  ],
  [
    1618704000000,
    1.747581189228052
  ],
  [
    1618790400000,
    2.7373098678680923
  ],
  [
    1618876800000,
    2.8688631364143213
  ],
  [
    1618963200000,
    4.70482324995705
  ],
  [
    1619049600000,
    2.258470109019364
  ],
  [
    1619136000000,
    3.7126704142702653
  ],
  [
    1619222400000,
    2.53495764498214
  ],
  [
    1619308800000,
    3.166255511623652
  ],
  [
    1619395200000,
    3.096360525723583
  ],
  [
    1619481600000,
    2.8832757012010375
  ],
  [
    1619568000000,
    2.30847238118434
  ],
  [
    1619654400000,
    2.4443913901211913
  ],
  [
    1619740800000,
    2.4145941080830626
  ],
  [
    1619827200000,
    2.563849170817209
  ],
  [
    1619913600000,
    2.7121759778642676
  ],
  [
    1620000000000,
    3.1608056838420606
  ],
  [
    1620086400000,
    3.0210815421813924
  ],
  [
    1620172800000,
    2.5895615668827596
  ],
  [
    1620259200000,
    2.7703899505776692
  ],
  [
    1620345600000,
    2.776572294704812
  ],
  [
    1620432000000,
    2.769423562108128
  ],
  [
    1620518400000,
    2.7991587297195895
  ],
  [
    1620604800000,
    2.333068873963948
  ],
  [
    1620691200000,
    2.2416927033086296
  ],
  [
    1620777600000,
    2.3491313430391036
  ],
  [
    1620864000000,
    2.268242976283817
  ],
  [
    1620950400000,
    2.601465397225721
  ],
  [
    1621036800000,
    2.5777712342742376
  ],
  [
    1621123200000,
    2.6368066142035946
  ],
  [
    1621209600000,
    2.394293247447185
  ],
  [
    1621296000000,
    1.8358282492802693
  ],
  [
    1621382400000,
    2.55745967235729
  ],
  [
    1621468800000,
    2.917860281972256
  ],
  [
    1621555200000,
    3.0011418688957554
  ],
  [
    1621641600000,
    2.6683865951741055
  ],
  [
    1621728000000,
    2.703057048096729
  ],
  [
    1621814400000,
    2.141250047920292
  ],
  [
    1621900800000,
    2.8054386211021827
  ],
  [
    1621987200000,
    2.8335963940489015
  ],
  [
    1622073600000,
    2.849374076370504
  ],
  [
    1622160000000,
    2.855314326290694
  ],
  [
    1622246400000,
    2.7158688045251154
  ],
  [
    1622332800000,
    2.631607716277946
  ],
  [
    1622419200000,
    2.5622340237608805
  ],
  [
    1622505600000,
    2.5517434736265723
  ],
  [
    1622592000000,
    3.0246681787977043
  ],
  [
    1622678400000,
    2.7591835157322806
  ],
  [
    1622764800000,
    2.9977819864716766
  ],
  [
    1622851200000,
    2.6005918058779103
  ],
  [
    1622937600000,
    2.6736180364565745
  ],
  [
    1623024000000,
    1.819764018862581
  ],
  [
    1623110400000,
    1.7988714682222167
  ],
  [
    1623196800000,
    2.620068894867941
  ],
  [
    1623283200000,
    2.913290228319126
  ],
  [
    1623369600000,
    2.4355011328737026
  ],
  [
    1623456000000,
    2.768413854416488
  ],
  [
    1623542400000,
    2.4916472421694933
  ],
  [
    1623628800000,
    1.8918904601347521
  ],
  [
    1623715200000,
    6.860896001897913
  ],
  [
    1623801600000,
    1.9058496139068863
  ],
  [
    1623888000000,
    2.901635665471385
  ],
  [
    1623974400000,
    1.7825900726713635
  ],
  [
    1624060800000,
    23.851194774530946
  ],
  [
    1624147200000,
    2.095317164176388
  ],
  [
    1624233600000,
    2.8667225695136698
  ],
  [
    1624320000000,
    3.4373246494568
  ],
  [
    1624406400000,
    3.3663744985391495
  ],
  [
    1624492800000,
    3.195962277735182
  ],
  [
    1624579200000,
    2.9839438057662866
  ],
  [
    1624665600000,
    2.735523653096621
  ],
  [
    1624752000000,
    3.3711099631127492
  ],
  [
    1624838400000,
    3.0173062529302155
  ],
  [
    1624924800000,
    2.245870438545638
  ],
  [
    1625011200000,
    2.8306981566620144
  ],
  [
    1625097600000,
    2.525656481680167
  ],
  [
    1625184000000,
    3.3263623384585888
  ],
  [
    1625270400000,
    2.276684813841214
  ],
  [
    1625356800000,
    2.1525202997298725
  ],
  [
    1625443200000,
    2.678116695093856
  ],
  [
    1625529600000,
    3.208412706161999
  ],
  [
    1625616000000,
    3.0094002969030162
  ],
  [
    1625702400000,
    3.0152778057895744
  ],
  [
    1625788800000,
    2.7043237479146787
  ],
  [
    1625875200000,
    2.377708641319807
  ],
  [
    1625961600000,
    2.3980554039425357
  ],
  [
    1626048000000,
    2.8189625399358818
  ],
  [
    1626134400000,
    2.668392012689244
  ],
  [
    1626220800000,
    2.768071888944091
  ],
  [
    1626307200000,
    2.701029115330022
  ],
  [
    1626393600000,
    2.7864150256803955
  ],
  [
    1626480000000,
    2.665917155854566
  ],
  [
    1626566400000,
    7.549609693064392
  ],
  [
    1626652800000,
    3.6651777782051576
  ],
  [
    1626739200000,
    4.157178823976236
  ],
  [
    1626825600000,
    3.3244985769823368
  ],
  [
    1626912000000,
    2.7141998834496524
  ],
  [
    1626998400000,
    3.9783448148637746
  ],
  [
    1627084800000,
    3.603535748902856
  ],
  [
    1627171200000,
    3.590972741332919
  ],
  [
    1627257600000,
    3.0329262577214067
  ],
  [
    1627344000000,
    3.2632513855808063
  ],
  [
    1627430400000,
    4.021818026846485
  ],
  [
    1627516800000,
    4.414520841926024
  ],
  [
    1627603200000,
    4.774915533200156
  ],
  [
    1627689600000,
    4.849763897953291
  ],
  [
    1627776000000,
    8.067497040133539
  ],
  [
    1627862400000,
    6.018539047180756
  ],
  [
    1627948800000,
    4.526785122496859
  ],
  [
    1628035200000,
    4.063155597145923
  ],
  [
    1628121600000,
    4.350564924703703
  ],
  [
    1628208000000,
    3.7935366144527944
  ],
  [
    1628294400000,
    3.4202295806588485
  ],
  [
    1628380800000,
    7.843800402754169
  ],
  [
    1628467200000,
    4.7982982970125185
  ],
  [
    1628553600000,
    3.396954638190957
  ],
  [
    1628640000000,
    2.8360592362134507
  ],
  [
    1628726400000,
    2.9843228140263505
  ],
  [
    1628812800000,
    2.667469421127762
  ],
  [
    1628899200000,
    3.0706064108384465
  ],
  [
    1628985600000,
    3.3307787226453778
  ],
  [
    1629072000000,
    3.13901361310216
  ],
  [
    1629158400000,
    2.9500766582009517
  ],
  [
    1629244800000,
    2.4276476573768013
  ],
  [
    1629331200000,
    2.8344317223467845
  ],
  [
    1629417600000,
    2.132047278956031
  ],
  [
    1629504000000,
    3.448966420244799
  ],
  [
    1629590400000,
    3.3144232122564676
  ],
  [
    1629676800000,
    2.5118670004106294
  ],
  [
    1629763200000,
    2.023599219146257
  ],
  [
    1629849600000,
    1.8670585459186992
  ],
  [
    1629936000000,
    2.18818856785882
  ],
  [
    1630022400000,
    2.134447329464756
  ],
  [
    1630108800000,
    1.9088849425101972
  ],
  [
    1630195200000,
    2.2775581955815896
  ],
  [
    1630281600000,
    1.951523948720073
  ],
  [
    1630368000000,
    2.4327490738879796
  ],
  [
    1630454400000,
    2.001704044477198
  ],
  [
    1630540800000,
    1.6993680712126071
  ],
  [
    1630627200000,
    1.6494144758548988
  ]
]