[
  [
    1512691200000,
    435673.07966553
  ],
  [
    1512777600000,
    590236.792802835
  ],
  [
    1512864000000,
    355390.511602771
  ],
  [
    1512950400000,
    400587.644227577
  ],
  [
    1513036800000,
    2613794.26178232
  ],
  [
    1513123200000,
    3612999.11835718
  ],
  [
    1513209600000,
    5732828.83072282
  ],
  [
    1513296000000,
    9289299.97824819
  ],
  [
    1513382400000,
    17071667.9068719
  ],
  [
    1513468800000,
    39447181.5804163
  ],
  [
    1513555200000,
    9773598.61083734
  ],
  [
    1513641600000,
    6463499.3630358
  ],
  [
    1513728000000,
    9699086.7556389
  ],
  [
    1513814400000,
    5351256.51030364
  ],
  [
    1513900800000,
    3257424.27697959
  ],
  [
    1513987200000,
    10431430.738244
  ],
  [
    1514073600000,
    686870.460870335
  ],
  [
    1514160000000,
    5449811.00717742
  ],
  [
    1514246400000,
    515809.810737149
  ],
  [
    1514332800000,
    15891024.2733038
  ],
  [
    1514419200000,
    15358964.1066083
  ],
  [
    1514505600000,
    14152892.8738913
  ],
  [
    1514592000000,
    10991150.80471
  ],
  [
    1514678400000,
    9686811.08560354
  ],
  [
    1514764800000,
    2483140.64605795
  ],
  [
    1514851200000,
    620996.953366466
  ],
  [
    1514937600000,
    1441053.5724767817
  ],
  [
    1515024000000,
    2457238.7700914396
  ],
  [
    1515110400000,
    3006807.7749741646
  ],
  [
    1515196800000,
    1761249.8825649982
  ],
  [
    1515283200000,
    2586569.7907783
  ],
  [
    1515369600000,
    1912207.7101746607
  ],
  [
    1515456000000,
    1754865.2870530582
  ],
  [
    1515542400000,
    1773513.390472883
  ],
  [
    1515628800000,
    1191643.2757894513
  ],
  [
    1515715200000,
    948053.4572460346
  ],
  [
    1515801600000,
    1163688.2042160842
  ],
  [
    1515888000000,
    936238.4795813467
  ],
  [
    1515974400000,
    577137.8077348644
  ],
  [
    1516060800000,
    636998.8320212568
  ],
  [
    1516147200000,
    584072.8356375629
  ],
  [
    1516233600000,
    676016.27318118
  ],
  [
    1516320000000,
    452970.4033089348
  ],
  [
    1516406400000,
    680062.1938679062
  ],
  [
    1516492800000,
    367062.2571440968
  ],
  [
    1516579200000,
    300267.23778847716
  ],
  [
    1516665600000,
    207521.36441411418
  ],
  [
    1516752000000,
    332779.19855442486
  ],
  [
    1516838400000,
    501983.9522039857
  ],
  [
    1516924800000,
    319189.6810638539
  ],
  [
    1517011200000,
    211107.40040059734
  ],
  [
    1517097600000,
    340557.95007437584
  ],
  [
    1517184000000,
    294339.09144484554
  ],
  [
    1517270704602,
    342681.6684479178
  ],
  [
    1517356800000,
    12255939.811369363
  ],
  [
    1517443200000,
    240974.04098025043
  ],
  [
    1517529600000,
    1483513.410521717
  ],
  [
    1517616000000,
    4899630.700574758
  ],
  [
    1517702400000,
    8903641.065655842
  ],
  [
    1517788800000,
    3902362.4724067133
  ],
  [
    1517875200000,
    2992792.152426463
  ],
  [
    1517961600000,
    1698210.73884564
  ],
  [
    1518048303819,
    2297027.712385042
  ],
  [
    1518134400000,
    1262070.3425385365
  ],
  [
    1518220800000,
    6705744.060771636
  ],
  [
    1518307200000,
    5158608.403942288
  ],
  [
    1518393600000,
    36825048.65410259
  ],
  [
    1518480000000,
    21483699.51671153
  ],
  [
    1518566400000,
    39639292.92284753
  ],
  [
    1518652800000,
    7311037.75489004
  ],
  [
    1518739200000,
    2541786.871636765
  ],
  [
    1518825600000,
    3628774.2663565865
  ],
  [
    1518912000000,
    3953738.3305809335
  ],
  [
    1518998400000,
    5365308.92180036
  ],
  [
    1519084800000,
    11192305.787782088
  ],
  [
    1519171200000,
    22969730.89881794
  ],
  [
    1519257600000,
    45115738.71370275
  ],
  [
    1519344000000,
    45178858.36752797
  ],
  [
    1519430400000,
    10162095.037942745
  ],
  [
    1519516800000,
    19447921.82271372
  ],
  [
    1519603200000,
    7607302.249580635
  ],
  [
    1519689600000,
    7214563.248952119
  ],
  [
    1519776000000,
    9233176.04722982
  ],
  [
    1519862400000,
    14169078.91078033
  ],
  [
    1519948800000,
    16655847.077329844
  ],
  [
    1520035200000,
    13525356.39644907
  ],
  [
    1520121600000,
    9655700.091221498
  ],
  [
    1520208000000,
    12849607.350322919
  ],
  [
    1520294400000,
    511399.59367520007
  ],
  [
    1520380800000,
    29688093.760537468
  ],
  [
    1520467200000,
    8981758.861721888
  ],
  [
    1520553600000,
    8700152.847366132
  ],
  [
    1520640000000,
    2973579.101869241
  ],
  [
    1520726400000,
    2874549.712681136
  ],
  [
    1520812800000,
    2133648.552183234
  ],
  [
    1520899200000,
    4951363.239399935
  ],
  [
    1520985600000,
    4869273.469571462
  ],
  [
    1521072000000,
    3781466.725139084
  ],
  [
    1521158400000,
    13351980.375577932
  ],
  [
    1521244800000,
    15284130.764523197
  ],
  [
    1521331200000,
    14229424.52934642
  ],
  [
    1521417600000,
    11197937.406311512
  ],
  [
    1521504000000,
    15941296.520954896
  ],
  [
    1521590400000,
    10987975.76682905
  ],
  [
    1521676800000,
    3526812.001837479
  ],
  [
    1521763200000,
    2483861.151514662
  ],
  [
    1521849600000,
    902116.3725389701
  ],
  [
    1521936000000,
    721764.2212132055
  ],
  [
    1522022400000,
    853083.3082931767
  ],
  [
    1522108800000,
    3084752.3580699125
  ],
  [
    1522195200000,
    3403178.7993054283
  ],
  [
    1522281600000,
    3264813.0635834415
  ],
  [
    1522368000000,
    2891270.8052336723
  ],
  [
    1522454400000,
    2965233.8676959025
  ],
  [
    1522540800000,
    2829283.750339897
  ],
  [
    1522627200000,
    2699388.6700755414
  ],
  [
    1522713600000,
    196528.3768123415
  ],
  [
    1522800000000,
    474864.9953546639
  ],
  [
    1522886400000,
    2834765.1533021457
  ],
  [
    1522972800000,
    2820231.597075654
  ],
  [
    1523059200000,
    2490688.2310584234
  ],
  [
    1523145600000,
    2830148.973297981
  ],
  [
    1523232000000,
    237513.3012531952
  ],
  [
    1523318400000,
    2142197.253545931
  ],
  [
    1523404800000,
    2307293.3504188624
  ],
  [
    1523491200000,
    2568786.895223231
  ],
  [
    1523577600000,
    2553150.423262067
  ],
  [
    1523664000000,
    2792159.3280558824
  ],
  [
    1523750400000,
    2659629.931447626
  ],
  [
    1523836800000,
    2787393.014450798
  ],
  [
    1523923200000,
    3286625.151775631
  ],
  [
    1524009600000,
    3961571.3672643346
  ],
  [
    1524096000000,
    2376481.627637159
  ],
  [
    1524182400000,
    3952381.475534005
  ],
  [
    1524268800000,
    4461849.012707549
  ],
  [
    1524355200000,
    3190224.5481104637
  ],
  [
    1524441600000,
    1887001.140175195
  ],
  [
    1524528000000,
    1782844.2320510538
  ],
  [
    1524614400000,
    1722355.8607512065
  ],
  [
    1524700800000,
    1530881.634105785
  ],
  [
    1524787200000,
    1189663.6403236613
  ],
  [
    1524873600000,
    1702319.208295558
  ],
  [
    1524960000000,
    1619780.5107344857
  ],
  [
    1525046400000,
    1378560.7066945354
  ],
  [
    1525132800000,
    1394862.585979887
  ],
  [
    1525219200000,
    1273362.5148271236
  ],
  [
    1525305600000,
    1906825.3069335555
  ],
  [
    1525392000000,
    340718.83968619944
  ],
  [
    1525478400000,
    6352727.597187538
  ],
  [
    1525564800000,
    6953313.392049436
  ],
  [
    1525651200000,
    7827772.806723535
  ],
  [
    1525737600000,
    4951545.191355399
  ],
  [
    1525824000000,
    13621992.584380057
  ],
  [
    1525910400000,
    8169799.816601681
  ],
  [
    1525996800000,
    2806484.284785523
  ],
  [
    1526083200000,
    5532829.061664063
  ],
  [
    1526169600000,
    1156724.0742910875
  ],
  [
    1526256000000,
    4418293.675069542
  ],
  [
    1526342400000,
    6964016.3573775245
  ],
  [
    1526428800000,
    19989923.189412326
  ],
  [
    1526515200000,
    5930382.80310934
  ],
  [
    1526601600000,
    4722214.647150705
  ],
  [
    1526688000000,
    2431718.844061176
  ],
  [
    1526774400000,
    3174725.103353456
  ],
  [
    1526860800000,
    2619427.13929877
  ],
  [
    1526947200000,
    2235163.5738340076
  ],
  [
    1527033600000,
    2135878.1511986884
  ],
  [
    1527120000000,
    1910008.4607040512
  ],
  [
    1527206400000,
    2742784.3254561406
  ],
  [
    1527292800000,
    2635405.677039565
  ],
  [
    1527379200000,
    2414123.93299254
  ],
  [
    1527465600000,
    1996004.5313454706
  ],
  [
    1527552000000,
    4990077.654980846
  ],
  [
    1527638400000,
    1873353.0190556257
  ],
  [
    1527724800000,
    3096733.108014575
  ],
  [
    1527811200000,
    5022810.846218358
  ],
  [
    1527897600000,
    3161054.3669967726
  ],
  [
    1527984000000,
    4595930.069968399
  ],
  [
    1528070400000,
    5152108.408941302
  ],
  [
    1528156800000,
    4604539.704360007
  ],
  [
    1528243200000,
    3983244.19137491
  ],
  [
    1528329600000,
    3890425.4918472497
  ],
  [
    1528416000000,
    5115567.795688798
  ],
  [
    1528502400000,
    3654174.9103149017
  ],
  [
    1528588800000,
    2700469.900675539
  ],
  [
    1528675200000,
    2515497.128437623
  ],
  [
    1528761600000,
    2143901.518301081
  ],
  [
    1528848000000,
    1801833.708603478
  ],
  [
    1528934400000,
    2388501.529573045
  ],
  [
    1529020800000,
    3123458.1080725533
  ],
  [
    1529107200000,
    2928160.6044038115
  ],
  [
    1529193600000,
    1710539.7004969479
  ],
  [
    1529280000000,
    2041955.0138270452
  ],
  [
    1529366400000,
    2031134.789237531
  ],
  [
    1529452800000,
    2488651.023856794
  ],
  [
    1529539200000,
    2561040.1981265955
  ],
  [
    1529625600000,
    2513026.090423459
  ],
  [
    1529712000000,
    1810988.6525179632
  ],
  [
    1529798400000,
    1376364.5100898396
  ],
  [
    1529884800000,
    1250852.5687741241
  ],
  [
    1529971200000,
    1346372.063527638
  ],
  [
    1530057600000,
    1426692.5901541093
  ],
  [
    1530144000000,
    1459935.2885308762
  ],
  [
    1530230400000,
    1450876.389199515
  ],
  [
    1530316800000,
    1184301.7708765424
  ],
  [
    1530403200000,
    1214806.1657346208
  ],
  [
    1530489600000,
    1169873.246459506
  ],
  [
    1530576000000,
    1295949.458732334
  ],
  [
    1530662400000,
    1456698.5880861802
  ],
  [
    1530748800000,
    1470384.888216103
  ],
  [
    1530835200000,
    1319229.76850332
  ],
  [
    1530921600000,
    1306019.0293802377
  ],
  [
    1531008000000,
    1363346.2793336473
  ],
  [
    1531094400000,
    911866.2697420223
  ],
  [
    1531180800000,
    1150242.1833575775
  ],
  [
    1531267200000,
    1296228.9902479856
  ],
  [
    1531353600000,
    1283497.484753325
  ],
  [
    1531440000000,
    1180338.008827948
  ],
  [
    1531526400000,
    1261093.483881954
  ],
  [
    1531612800000,
    1177178.6566719965
  ],
  [
    1531699200000,
    923342.5256104551
  ],
  [
    1531785600000,
    1231243.1142749593
  ],
  [
    1531872000000,
    1201726.1006142732
  ],
  [
    1531958400000,
    971953.8034090969
  ],
  [
    1532044800000,
    782963.4491328131
  ],
  [
    1532131200000,
    767246.0853604497
  ],
  [
    1532217600000,
    640689.495352364
  ],
  [
    1532304000000,
    779924.5233359949
  ],
  [
    1532390400000,
    537268.9761566973
  ],
  [
    1532476800000,
    600204.7475635184
  ],
  [
    1532563200000,
    486901.30345942994
  ],
  [
    1532649600000,
    527798.8345799551
  ],
  [
    1532736000000,
    628317.709657489
  ],
  [
    1532822400000,
    752971.3656853975
  ],
  [
    1532908800000,
    667293.1980253218
  ],
  [
    1532995200000,
    506173.5657893561
  ],
  [
    1533081600000,
    435625.7982386178
  ],
  [
    1533168000000,
    512376.5361610115
  ],
  [
    1533254400000,
    434476.21565703186
  ],
  [
    1533340800000,
    419671.00777704385
  ],
  [
    1533427200000,
    409448.47055931774
  ],
  [
    1533513600000,
    852755.2933804792
  ],
  [
    1533600000000,
    1199921.2618223813
  ],
  [
    1533686400000,
    716383.2440670856
  ],
  [
    1533772800000,
    608396.7469559943
  ],
  [
    1533859200000,
    307534.46009042044
  ],
  [
    1533945600000,
    351537.52906042186
  ],
  [
    1534032000000,
    606220.4218255016
  ],
  [
    1534118400000,
    522928.3988555038
  ],
  [
    1534204800000,
    189928.81359552496
  ],
  [
    1534291200000,
    4393638.30891004
  ],
  [
    1534377600000,
    4337202.460291247
  ],
  [
    1534464000000,
    3307923.508960419
  ],
  [
    1534550400000,
    577666.4475990323
  ],
  [
    1534636800000,
    3191138.738642186
  ],
  [
    1534723200000,
    3576495.445092922
  ],
  [
    1534809600000,
    2026135.1118542533
  ],
  [
    1534896000000,
    4032765.89477217
  ],
  [
    1534982400000,
    2740929.253187629
  ],
  [
    1535068800000,
    5262401.736522121
  ],
  [
    1535155200000,
    3798361.685058425
  ],
  [
    1535241600000,
    4671461.097997491
  ],
  [
    1535328000000,
    6124894.499706641
  ],
  [
    1535414400000,
    3602013.226526103
  ],
  [
    1535500800000,
    3317533.184434765
  ],
  [
    1535587200000,
    3357414.442440581
  ],
  [
    1535673600000,
    5825918.871261146
  ],
  [
    1535760000000,
    4199583.262857805
  ],
  [
    1535846400000,
    6025913.41511168
  ],
  [
    1535932800000,
    5704837.968542149
  ],
  [
    1536019200000,
    2837005.004712293
  ],
  [
    1536105600000,
    6242540.271284249
  ],
  [
    1536192000000,
    11859870.886578431
  ],
  [
    1536278400000,
    10173492.854519421
  ],
  [
    1536364800000,
    7185123.514925908
  ],
  [
    1536451200000,
    10691119.563963182
  ],
  [
    1536537600000,
    6992729.185561822
  ],
  [
    1536624000000,
    11407730.037497275
  ],
  [
    1536710400000,
    7251176.232795398
  ],
  [
    1536796800000,
    10702856.006526152
  ],
  [
    1536883200000,
    10881946.27710597
  ],
  [
    1536969600000,
    10199418.865587672
  ],
  [
    1537056000000,
    2853381.4356417074
  ],
  [
    1537142400000,
    2821129.911863149
  ],
  [
    1537228800000,
    2949167.7776637236
  ],
  [
    1537315200000,
    2627552.1749187415
  ],
  [
    1537401600000,
    2617886.852527669
  ],
  [
    1537488000000,
    2633853.474073604
  ],
  [
    1537574400000,
    5300535.287518563
  ],
  [
    1537660800000,
    3124359.981988315
  ],
  [
    1537747200000,
    6826713.875985458
  ],
  [
    1537833600000,
    6988304.4880095655
  ],
  [
    1537920000000,
    10057327.32531995
  ],
  [
    1538006400000,
    9120578.15902113
  ],
  [
    1538092800000,
    7765430.301848508
  ],
  [
    1538179200000,
    6011085.766621396
  ],
  [
    1538265600000,
    10432543.902783152
  ],
  [
    1538352000000,
    5898921.214312822
  ],
  [
    1538438400000,
    8469587.718730822
  ],
  [
    1538524800000,
    2961336.761382467
  ],
  [
    1538611200000,
    5725321.458274892
  ],
  [
    1538697600000,
    10642509.825712495
  ],
  [
    1538784000000,
    10741624.64964941
  ],
  [
    1538870400000,
    10002589.654857887
  ],
  [
    1538956800000,
    7652029.688604281
  ],
  [
    1539043200000,
    9324766.906872906
  ],
  [
    1539129600000,
    5902845.291139818
  ],
  [
    1539216000000,
    9950757.73132224
  ],
  [
    1539302400000,
    9419944.120832779
  ],
  [
    1539388800000,
    9405154.270777568
  ],
  [
    1539475200000,
    7514166.905361355
  ],
  [
    1539561600000,
    7165044.033735338
  ],
  [
    1539648000000,
    7023789.033556742
  ],
  [
    1539734400000,
    10260466.341731044
  ],
  [
    1539820800000,
    6896822.11592205
  ],
  [
    1539907200000,
    5699623.172896342
  ],
  [
    1539993600000,
    6640100.089853268
  ],
  [
    1540080000000,
    2950054.4036834296
  ],
  [
    1540166400000,
    5718339.689194646
  ],
  [
    1540252800000,
    1948437.568836528
  ],
  [
    1540339200000,
    4237650.246853354
  ],
  [
    1540425600000,
    5229400.112541965
  ],
  [
    1540512000000,
    2626739.7503515114
  ],
  [
    1540598400000,
    1531387.9716971172
  ],
  [
    1540684800000,
    1408219.8321979183
  ],
  [
    1540771200000,
    5507952.793156947
  ],
  [
    1540857600000,
    8439950.396857534
  ],
  [
    1540944000000,
    5724598.281732758
  ],
  [
    1541030400000,
    4930094.396335631
  ],
  [
    1541116800000,
    2904612.388067455
  ],
  [
    1541203200000,
    4688321.9078133805
  ],
  [
    1541289600000,
    3132731.169566242
  ],
  [
    1541376000000,
    2885397.8372021257
  ],
  [
    1541462400000,
    4168420.2337110084
  ],
  [
    1541548800000,
    6245215.315982731
  ],
  [
    1541635200000,
    8771779.983270945
  ],
  [
    1541721600000,
    3029643.877969836
  ],
  [
    1541808000000,
    2960396.3470613025
  ],
  [
    1541894400000,
    3012473.0763399247
  ],
  [
    1541980800000,
    4823954.008587111
  ],
  [
    1542067200000,
    6277059.281569626
  ],
  [
    1542153600000,
    7934476.499442576
  ],
  [
    1542240000000,
    7435750.7697798265
  ],
  [
    1542326400000,
    2792775.3673425573
  ],
  [
    1542412800000,
    2336135.3013319857
  ],
  [
    1542499200000,
    5346077.177250917
  ],
  [
    1542585600000,
    2654242.7358941333
  ],
  [
    1542672000000,
    5485673.830157333
  ],
  [
    1542758400000,
    3994154.7772579575
  ],
  [
    1542844800000,
    2905317.7963623214
  ],
  [
    1542931200000,
    3260362.273239914
  ],
  [
    1543017600000,
    2655628.0300125345
  ],
  [
    1543104000000,
    2531207.1528310305
  ],
  [
    1543190400000,
    2538640.137978154
  ],
  [
    1543276800000,
    91366.30416923661
  ],
  [
    1543363200000,
    3538719.470141821
  ],
  [
    1543449600000,
    2956443.563759612
  ],
  [
    1543536000000,
    74715.5427882368
  ],
  [
    1543622400000,
    69745.47418859322
  ],
  [
    1543708800000,
    2951139.249908936
  ],
  [
    1543795200000,
    50980.23841789386
  ],
  [
    1543881600000,
    2903230.9171434343
  ],
  [
    1543968000000,
    3051923.525409702
  ],
  [
    1544054400000,
    2908363.4597291616
  ],
  [
    1544140800000,
    3033679.9534759503
  ],
  [
    1544227200000,
    3288408.1295367815
  ],
  [
    1544313600000,
    3433471.1324221087
  ],
  [
    1544400000000,
    3458634.218021489
  ],
  [
    1544486400000,
    3061405.755225186
  ],
  [
    1544572800000,
    2992218.6882254346
  ],
  [
    1544659200000,
    2828373.990133219
  ],
  [
    1544745600000,
    2922374.233415854
  ],
  [
    1544832000000,
    3009558.209854911
  ],
  [
    1544918400000,
    2980717.194280168
  ],
  [
    1545004800000,
    2962537.4175196793
  ],
  [
    1545091200000,
    2988475.911594327
  ],
  [
    1545177600000,
    2998917.1374287973
  ],
  [
    1545264000000,
    3031017.9522743924
  ],
  [
    1545350400000,
    3190487.800413761
  ],
  [
    1545436800000,
    3143142.744263847
  ],
  [
    1545523200000,
    3106818.019291142
  ],
  [
    1545609600000,
    3126396.922329427
  ],
  [
    1545696000000,
    2866472.028383889
  ],
  [
    1545782400000,
    3277847.15052512
  ],
  [
    1545868800000,
    2526536.539797453
  ],
  [
    1545955200000,
    3091907.681617993
  ],
  [
    1546041600000,
    4101538.413978484
  ],
  [
    1546128000000,
    104956.34154936262
  ],
  [
    1546214400000,
    3062500.924753811
  ],
  [
    1546300800000,
    3154263.8131490224
  ],
  [
    1546387200000,
    3005544.959209577
  ],
  [
    1546473600000,
    3053290.6140961414
  ],
  [
    1546560000000,
    163998.03232569032
  ],
  [
    1546646400000,
    2874577.7207838744
  ],
  [
    1546732800000,
    232278.78264078023
  ],
  [
    1546819200000,
    2553834.6732158978
  ],
  [
    1546905600000,
    2672615.9584391583
  ],
  [
    1546992000000,
    2713954.777562477
  ],
  [
    1547078400000,
    2875841.475100929
  ],
  [
    1547164800000,
    2827477.8772047376
  ],
  [
    1547251200000,
    2686428.5746552367
  ],
  [
    1547337600000,
    2671620.4785881843
  ],
  [
    1547424000000,
    2764109.9638060224
  ],
  [
    1547510400000,
    3222107.403508488
  ],
  [
    1547596800000,
    2620054.148771381
  ],
  [
    1547683200000,
    2138417.672319834
  ],
  [
    1547769600000,
    2280859.126585308
  ],
  [
    1547856000000,
    2929735.417428732
  ],
  [
    1547942400000,
    3340331.658628993
  ],
  [
    1548028800000,
    3287545.967843489
  ],
  [
    1548115200000,
    3318984.8727889666
  ],
  [
    1548201600000,
    3439493.9533590865
  ],
  [
    1548288000000,
    2799914.3531315243
  ],
  [
    1548374400000,
    2757152.7065246124
  ],
  [
    1548460800000,
    2828713.5252263336
  ],
  [
    1548547200000,
    2781427.6979603404
  ],
  [
    1548633600000,
    3384065.089905801
  ],
  [
    1548720000000,
    2842000.89380199
  ],
  [
    1548806400000,
    2746082.348754637
  ],
  [
    1548892800000,
    3439709.5277364627
  ],
  [
    1548979200000,
    3409426.196386191
  ],
  [
    1549065600000,
    2785589.011323457
  ],
  [
    1549152000000,
    3453836.956465364
  ],
  [
    1549238400000,
    2808852.597487242
  ],
  [
    1549324800000,
    2927472.4449230838
  ],
  [
    1549411200000,
    2943252.44412552
  ],
  [
    1549497600000,
    2898836.5928785265
  ],
  [
    1549584000000,
    2939875.4596576374
  ],
  [
    1549670400000,
    3004208.9204317005
  ],
  [
    1549756800000,
    2990311.9261245453
  ],
  [
    1549843200000,
    2987165.36678552
  ],
  [
    1549929600000,
    2934668.572633647
  ],
  [
    1550016000000,
    3033006.582598222
  ],
  [
    1550102400000,
    3011820.379310876
  ],
  [
    1550188800000,
    3078049.846491771
  ],
  [
    1550275200000,
    2956632.3635552283
  ],
  [
    1550361600000,
    2869684.8793207486
  ],
  [
    1550448000000,
    2894963.1223963196
  ],
  [
    1550534400000,
    2888171.1969749993
  ],
  [
    1550620800000,
    3003644.7760533337
  ],
  [
    1550707200000,
    2973652.797213104
  ],
  [
    1550793600000,
    2939834.6786896465
  ],
  [
    1550880000000,
    2785460.6268207165
  ],
  [
    1550966400000,
    2829332.306272907
  ],
  [
    1551052800000,
    2949378.8256793334
  ],
  [
    1551139200000,
    3116128.0924174995
  ],
  [
    1551225600000,
    2532950.1920408397
  ],
  [
    1551312000000,
    3161313.941922995
  ],
  [
    1551398400000,
    2575013.730742052
  ],
  [
    1551484800000,
    2624227.027460654
  ],
  [
    1551571200000,
    2575620.7068322175
  ],
  [
    1551657600000,
    2620490.855316163
  ],
  [
    1551744000000,
    2674802.41164609
  ],
  [
    1551830400000,
    2795584.6479626945
  ],
  [
    1551916800000,
    2706454.664527466
  ],
  [
    1552003200000,
    2685570.4115851065
  ],
  [
    1552089600000,
    3122197.908341804
  ],
  [
    1552176000000,
    2914476.91359943
  ],
  [
    1552262400000,
    2924432.316964241
  ],
  [
    1552348800000,
    287378.85036561143
  ],
  [
    1552435200000,
    303685.49812885665
  ],
  [
    1552521600000,
    307192.62241009664
  ],
  [
    1552608000000,
    244897.90252557152
  ],
  [
    1552694400000,
    239467.84676514147
  ],
  [
    1552780800000,
    249058.77917385774
  ],
  [
    1552867200000,
    266530.19014705205
  ],
  [
    1552953600000,
    360521.50153908425
  ],
  [
    1553040000000,
    363386.54772092815
  ],
  [
    1553126400000,
    279165.40273985703
  ],
  [
    1553212800000,
    349007.14645026106
  ],
  [
    1553299200000,
    2793040.760565088
  ],
  [
    1553385600000,
    2785066.1481278376
  ],
  [
    1553472000000,
    2817637.271051198
  ],
  [
    1553558400000,
    2772326.0858341604
  ],
  [
    1553644800000,
    3252698.0799532845
  ],
  [
    1553731200000,
    2820783.508063171
  ],
  [
    1553817600000,
    2989324.2783438405
  ],
  [
    1553904000000,
    3025187.2384219733
  ],
  [
    1553990400000,
    2998539.6016576523
  ],
  [
    1554076800000,
    3152558.133463754
  ],
  [
    1554163200000,
    2681611.3203463084
  ],
  [
    1554249600000,
    3160809.185026829
  ],
  [
    1554336000000,
    3737244.9696896626
  ],
  [
    1554422400000,
    3615466.9374007233
  ],
  [
    1554508800000,
    3254559.329315941
  ],
  [
    1554595200000,
    3337595.7681041197
  ],
  [
    1554681600000,
    3361585.2586333496
  ],
  [
    1554768000000,
    3186618.9546486656
  ],
  [
    1554854400000,
    3650503.201945748
  ],
  [
    1554940800000,
    3479140.712670897
  ],
  [
    1555027200000,
    389943.54906159366
  ],
  [
    1555113600000,
    319738.15823835006
  ],
  [
    1555200000000,
    4282176.724258963
  ],
  [
    1555286400000,
    3844771.280709232
  ],
  [
    1555372800000,
    3404366.2136225454
  ],
  [
    1555459200000,
    3088434.9349686108
  ],
  [
    1555545600000,
    3166598.2147679967
  ],
  [
    1555632000000,
    3442720.0729144374
  ],
  [
    1555718400000,
    3146666.811734788
  ],
  [
    1555804800000,
    3082188.6944208425
  ],
  [
    1555891200000,
    2927530.330324605
  ],
  [
    1555977600000,
    3382020.8582027177
  ],
  [
    1556064000000,
    3384715.591409419
  ],
  [
    1556150400000,
    3847694.033654996
  ],
  [
    1556236800000,
    4176055.0778019945
  ],
  [
    1556323200000,
    4722872.009144219
  ],
  [
    1556409600000,
    4739573.705920527
  ],
  [
    1556496000000,
    4065853.6535648946
  ],
  [
    1556582400000,
    4681427.379670382
  ],
  [
    1556668800000,
    4017670.8094713767
  ],
  [
    1556755200000,
    4552254.783605935
  ],
  [
    1556841600000,
    4359760.210125805
  ],
  [
    1556928000000,
    4749694.804492382
  ],
  [
    1557014400000,
    4839358.343071979
  ],
  [
    1557100800000,
    4861492.802414846
  ],
  [
    1557187200000,
    4859181.650571955
  ],
  [
    1557273600000,
    4565927.704143023
  ],
  [
    1557360000000,
    4114343.881517655
  ],
  [
    1557446400000,
    4843913.670601045
  ],
  [
    1557532800000,
    4129495.349526399
  ],
  [
    1557619200000,
    3337558.333181274
  ],
  [
    1557705600000,
    3334899.468723259
  ],
  [
    1557792000000,
    3402632.7712042425
  ],
  [
    1557878400000,
    3840676.3217601725
  ],
  [
    1557964800000,
    4456514.260632479
  ],
  [
    1558051200000,
    4529265.43080928
  ],
  [
    1558137600000,
    4370637.313544348
  ],
  [
    1558224000000,
    4350917.642237033
  ],
  [
    1558310400000,
    4307555.640077917
  ],
  [
    1558396800000,
    3868326.136224233
  ],
  [
    1558483200000,
    4617343.68067189
  ],
  [
    1558569600000,
    4275056.03686205
  ],
  [
    1558656000000,
    4807743.81265477
  ],
  [
    1558742400000,
    4812576.419050046
  ],
  [
    1558828800000,
    4718567.759113162
  ],
  [
    1558915200000,
    4344190.206483066
  ],
  [
    1559001600000,
    4864489.2777189035
  ],
  [
    1559088000000,
    4174863.412417783
  ],
  [
    1559174400000,
    3223683.738608489
  ],
  [
    1559260800000,
    4258578.692806682
  ],
  [
    1559347200000,
    3754516.5806120737
  ],
  [
    1559433600000,
    4043907.1177057754
  ],
  [
    1559520000000,
    3723758.487381003
  ],
  [
    1559606400000,
    4197815.919777085
  ],
  [
    1559692800000,
    4006955.361922386
  ],
  [
    1559779200000,
    3780872.9126984635
  ],
  [
    1559865600000,
    3844034.6283457265
  ],
  [
    1559952000000,
    3909072.706344353
  ],
  [
    1560038400000,
    3783554.924364125
  ],
  [
    1560124800000,
    3713256.209818538
  ],
  [
    1560211200000,
    3849359.030744832
  ],
  [
    1560297600000,
    4383044.644396005
  ],
  [
    1560384000000,
    3837054.5171853583
  ],
  [
    1560470400000,
    4253766.163912625
  ],
  [
    1560556800000,
    4261559.550256172
  ],
  [
    1560643200000,
    4091662.2707768697
  ],
  [
    1560729600000,
    4003073.0601774603
  ],
  [
    1560816000000,
    3708710.580352251
  ],
  [
    1560902400000,
    3755014.98999423
  ],
  [
    1560988800000,
    3809505.506655776
  ],
  [
    1561075200000,
    3857170.5714431265
  ],
  [
    1561161600000,
    3857903.124083414
  ],
  [
    1561248000000,
    3911939.763529512
  ],
  [
    1561334400000,
    5436833.204770005
  ],
  [
    1561420800000,
    4942732.707286688
  ],
  [
    1561507200000,
    4431436.354493829
  ],
  [
    1561593600000,
    4581828.1922561955
  ],
  [
    1561680000000,
    326814.3602859748
  ],
  [
    1561766400000,
    3975255.3089266894
  ],
  [
    1561852800000,
    3615159.4781418676
  ],
  [
    1561939200000,
    3840671.480652348
  ],
  [
    1562025600000,
    3917998.2591324807
  ],
  [
    1562112000000,
    3971983.355189621
  ],
  [
    1562198400000,
    4106262.405676708
  ],
  [
    1562284800000,
    3998913.543387008
  ],
  [
    1562371200000,
    4128831.3653060286
  ],
  [
    1562457600000,
    4114652.0913355476
  ],
  [
    1562544000000,
    4272096.905501501
  ],
  [
    1562630400000,
    4051082.707313985
  ],
  [
    1562716800000,
    4237527.205351379
  ],
  [
    1562803200000,
    4155973.9393884433
  ],
  [
    1562889600000,
    3735425.7185526276
  ],
  [
    1562976000000,
    4319804.00032455
  ],
  [
    1563062400000,
    3602820.4752049907
  ],
  [
    1563148800000,
    3595031.5987606416
  ],
  [
    1563235200000,
    189434.8807105661
  ],
  [
    1563321600000,
    101284.19762784409
  ],
  [
    1563408000000,
    3239114.880801614
  ],
  [
    1563494400000,
    5729030.207843043
  ],
  [
    1563580800000,
    5747509.976721753
  ],
  [
    1563667200000,
    25838.897387111974
  ],
  [
    1563753600000,
    3959154.5719757606
  ],
  [
    1563840000000,
    3483117.6220360952
  ],
  [
    1563926400000,
    4376721.432265305
  ],
  [
    1564012800000,
    4450125.4121276485
  ],
  [
    1564099200000,
    3625921.0481560305
  ],
  [
    1564185600000,
    4494924.271305872
  ],
  [
    1564272000000,
    3624086.1636806796
  ],
  [
    1564358400000,
    3659884.5215659756
  ],
  [
    1564444800000,
    3562293.444245274
  ],
  [
    1564531200000,
    4709095.866171039
  ],
  [
    1564617600000,
    3869426.956110801
  ],
  [
    1564704000000,
    3752950.6137125446
  ],
  [
    1564790400000,
    4754779.043444172
  ],
  [
    1564876800000,
    25037.38705715816
  ],
  [
    1564963200000,
    24694.301415617138
  ],
  [
    1565049600000,
    5165938.372409365
  ],
  [
    1565136000000,
    5193858.153048988
  ],
  [
    1565222400000,
    4697461.353730656
  ],
  [
    1565308800000,
    4838577.783137704
  ],
  [
    1565395200000,
    4714488.806514416
  ],
  [
    1565481600000,
    4672919.982258395
  ],
  [
    1565568000000,
    4634967.189084702
  ],
  [
    1565654400000,
    4667862.491321185
  ],
  [
    1565740800000,
    4723991.749570962
  ],
  [
    1565827200000,
    4151699.8429482803
  ],
  [
    1565913600000,
    4663557.969460818
  ],
  [
    1566000000000,
    3939805.675491153
  ],
  [
    1566086400000,
    5040894.995114511
  ],
  [
    1566172800000,
    4919165.914925967
  ],
  [
    1566259200000,
    4843463.281270369
  ],
  [
    1566345600000,
    4919703.855524449
  ],
  [
    1566432000000,
    4907652.570538852
  ],
  [
    1566518400000,
    4972057.977936313
  ],
  [
    1566604800000,
    10567.862927795039
  ],
  [
    1566691200000,
    5028744.893577519
  ],
  [
    1566777600000,
    4752421.508572168
  ],
  [
    1566864000000,
    3869816.480405272
  ],
  [
    1566950400000,
    26649.935216792135
  ],
  [
    1567036800000,
    19083.481292140874
  ],
  [
    1567123200000,
    16017.288691109372
  ],
  [
    1567209600000,
    8062.783544186121
  ],
  [
    1567296000000,
    9141.346839180535
  ],
  [
    1567382400000,
    10885.259309807014
  ],
  [
    1567468800000,
    18109.660274172296
  ],
  [
    1567555200000,
    6412.005836146758
  ],
  [
    1567641600000,
    8217.203737881011
  ],
  [
    1567728000000,
    6093.3899156179705
  ],
  [
    1567814400000,
    7912.491954341926
  ],
  [
    1567900800000,
    5084.831203117447
  ],
  [
    1567987200000,
    2997757.172483806
  ],
  [
    1568073600000,
    7662.401715036113
  ],
  [
    1568160000000,
    4074420.587194598
  ],
  [
    1568246400000,
    4371142.738022336
  ],
  [
    1568332800000,
    5151607.703163773
  ],
  [
    1568419200000,
    4653308.740881933
  ],
  [
    1568505600000,
    5934588.571802082
  ],
  [
    1568592000000,
    4514209.063930748
  ],
  [
    1568678400000,
    4483955.573399566
  ],
  [
    1568764800000,
    6102286.842575489
  ],
  [
    1568851200000,
    5991702.184756445
  ],
  [
    1568937600000,
    4503397.366756545
  ],
  [
    1569024000000,
    5987469.893358216
  ],
  [
    1569110400000,
    4577173.632737994
  ],
  [
    1569196800000,
    4462877.64281124
  ],
  [
    1569283200000,
    6034563.196138209
  ],
  [
    1569369600000,
    4705568.248759158
  ],
  [
    1569456000000,
    4451108.316414298
  ],
  [
    1569542400000,
    4384469.980235246
  ],
  [
    1569628800000,
    4417834.396337069
  ],
  [
    1569715200000,
    4363353.640391742
  ],
  [
    1569801600000,
    4416197.094046245
  ],
  [
    1569888000000,
    10426.482261404173
  ],
  [
    1569974400000,
    5727912.448522465
  ],
  [
    1570060800000,
    4278530.9399877135
  ],
  [
    1570147200000,
    4389437.1443640785
  ],
  [
    1570233600000,
    4159.3453419442085
  ],
  [
    1570320000000,
    4497.631090677871
  ],
  [
    1570406400000,
    4348430.858583295
  ],
  [
    1570492800000,
    6824.55660859364
  ],
  [
    1570579200000,
    3789.355628860034
  ],
  [
    1570665600000,
    6561.339884415469
  ],
  [
    1570752000000,
    4555766.218375947
  ],
  [
    1570838400000,
    4452160.404357324
  ],
  [
    1570924800000,
    4441133.096655645
  ],
  [
    1571011200000,
    4424794.445046613
  ],
  [
    1571097600000,
    4447106.546781642
  ],
  [
    1571184000000,
    4342063.810630759
  ],
  [
    1571270400000,
    4475170.032708998
  ],
  [
    1571356800000,
    4487912.8115796065
  ],
  [
    1571443200000,
    6324.166682091264
  ],
  [
    1571529600000,
    3548.743651718454
  ],
  [
    1571616000000,
    3535.915924035956
  ],
  [
    1571702400000,
    3357.070352246006
  ],
  [
    1571788800000,
    4485277.333463302
  ],
  [
    1571875200000,
    5433.428077848503
  ],
  [
    1571961600000,
    3348865.924571758
  ],
  [
    1572048000000,
    3277613.054942419
  ],
  [
    1572134400000,
    3350908.1289055753
  ],
  [
    1572220800000,
    11739.971966599249
  ],
  [
    1572307200000,
    4116778.888962482
  ],
  [
    1572393600000,
    7470.899350210762
  ],
  [
    1572480000000,
    4982.282077818744
  ],
  [
    1572566400000,
    6406.415488625521
  ],
  [
    1572652800000,
    6561.1958095414575
  ],
  [
    1572739200000,
    3740.4110914987255
  ],
  [
    1572825600000,
    6025.698387526094
  ],
  [
    1572912000000,
    6619.126111661456
  ],
  [
    1572998400000,
    5036.125636067452
  ],
  [
    1573084800000,
    3582271.1605588063
  ],
  [
    1573171200000,
    65691.46903427612
  ],
  [
    1573257600000,
    4290.673840672596
  ],
  [
    1573344000000,
    3632645.993262648
  ],
  [
    1573430400000,
    4860.330399607901
  ],
  [
    1573516800000,
    4341.036706503007
  ],
  [
    1573603200000,
    3536184.1116381767
  ],
  [
    1573689600000,
    4858287.24158586
  ],
  [
    1573776000000,
    4904090.1818582555
  ],
  [
    1573862400000,
    9713.287159891639
  ],
  [
    1573948800000,
    4059368.098954211
  ],
  [
    1574035200000,
    4975963.020209218
  ],
  [
    1574121600000,
    4945239.454241703
  ],
  [
    1574208000000,
    4922026.912360034
  ],
  [
    1574294400000,
    4959624.659813227
  ],
  [
    1574380800000,
    4933228.498702597
  ],
  [
    1574467200000,
    4857.09749386704
  ],
  [
    1574553600000,
    7186.418668115574
  ],
  [
    1574640000000,
    17387.926551507953
  ],
  [
    1574726400000,
    9595.618879315327
  ],
  [
    1574812800000,
    3805.192823668338
  ],
  [
    1574899200000,
    4237.242141619186
  ],
  [
    1574985600000,
    3909.43656682919
  ],
  [
    1575072000000,
    4124.136202130658
  ],
  [
    1575158400000,
    4988.849952562227
  ],
  [
    1575244800000,
    2132.037223453769
  ],
  [
    1575331200000,
    3639.5375964542113
  ],
  [
    1575417600000,
    3227.911486053864
  ],
  [
    1575504000000,
    3068.4580750144664
  ],
  [
    1575590400000,
    2414.7971336531846
  ],
  [
    1575676800000,
    20531.565878433146
  ],
  [
    1575763200000,
    2668.51322211671
  ],
  [
    1575849600000,
    3194.2319917146733
  ],
  [
    1575936000000,
    2940.25424427303
  ],
  [
    1576022400000,
    3218.8203169706817
  ],
  [
    1576108800000,
    3252.370344518815
  ],
  [
    1576195200000,
    2749.312362273341
  ],
  [
    1576281600000,
    213.1957677852677
  ],
  [
    1576368000000,
    780.5366170372482
  ],
  [
    1576454400000,
    15.424036180460368
  ],
  [
    1576540800000,
    426.23794572145033
  ],
  [
    1576627200000,
    3644413.2280050623
  ],
  [
    1576713600000,
    502.0436366608908
  ],
  [
    1576800000000,
    492.25892252403133
  ],
  [
    1576886400000,
    4601735.019747688
  ],
  [
    1576972800000,
    2972.1423205416736
  ],
  [
    1577059200000,
    470.67067304721917
  ],
  [
    1577145600000,
    6006711.074700487
  ],
  [
    1577232000000,
    4516062.729360704
  ],
  [
    1577318400000,
    119.1369053594347
  ],
  [
    1577404800000,
    4649996.1560691055
  ],
  [
    1577491200000,
    4571887.949910464
  ],
  [
    1577577600000,
    5994528.192707374
  ],
  [
    1577664000000,
    1601.9464157089894
  ],
  [
    1577750400000,
    4626953.031907019
  ],
  [
    1577836800000,
    6022728.398326466
  ],
  [
    1577923200000,
    4558280.611629066
  ],
  [
    1578009600000,
    4509190.4162995145
  ],
  [
    1578096000000,
    4458638.774606325
  ],
  [
    1578182400000,
    4612711.397490841
  ],
  [
    1578268800000,
    4515221.040312876
  ],
  [
    1578355200000,
    686.2161638339865
  ],
  [
    1578441600000,
    836.9632894847284
  ],
  [
    1578528000000,
    1209.084402517902
  ],
  [
    1578614400000,
    4542584.628927562
  ],
  [
    1578700800000,
    4712563.506855339
  ],
  [
    1578787200000,
    4638149.38133241
  ],
  [
    1578873600000,
    4734236.278966047
  ],
  [
    1578960000000,
    4500279.530368639
  ],
  [
    1579046400000,
    4715230.132047079
  ],
  [
    1579132800000,
    6227.745817668382
  ],
  [
    1579219200000,
    4772043.581194276
  ],
  [
    1579305600000,
    4704764.113664206
  ],
  [
    1579392000000,
    4665418.031159481
  ],
  [
    1579478400000,
    4520520.751205873
  ],
  [
    1579564800000,
    4561715.625264665
  ],
  [
    1579651200000,
    799.0876140511898
  ],
  [
    1579737600000,
    4583174.573537881
  ],
  [
    1579824000000,
    1765.2603524688375
  ],
  [
    1579910400000,
    1320.6325316671268
  ],
  [
    1579996800000,
    4272497.348224982
  ],
  [
    1580083200000,
    6324580.062325864
  ],
  [
    1580169600000,
    3968407.856892016
  ],
  [
    1580256000000,
    3930314.3180691777
  ],
  [
    1580342400000,
    3992.832794801779
  ],
  [
    1580428800000,
    3910967.559288364
  ],
  [
    1580515200000,
    3931134.955553369
  ],
  [
    1580601600000,
    3891303.1600536383
  ],
  [
    1580688000000,
    3893002.437522608
  ],
  [
    1580774400000,
    3877763.9748718143
  ],
  [
    1580860800000,
    3968946.394062808
  ],
  [
    1580947200000,
    4740.36075094598
  ],
  [
    1581033600000,
    6934.070436651268
  ],
  [
    1581120000000,
    8997.884943482175
  ],
  [
    1581206400000,
    12467.153111559814
  ],
  [
    1581292800000,
    3903811.2515026075
  ],
  [
    1581379200000,
    3927025.0593345924
  ],
  [
    1581465600000,
    7223.403260715344
  ],
  [
    1581552000000,
    5879306.946119926
  ],
  [
    1581638400000,
    3982111.5179723483
  ],
  [
    1581724800000,
    4023790.097821202
  ],
  [
    1581811200000,
    3930808.7985126195
  ],
  [
    1581897600000,
    3596656.848539549
  ],
  [
    1581984000000,
    3639928.319570785
  ],
  [
    1582070400000,
    3557914.213283511
  ],
  [
    1582156800000,
    4325.5361789794515
  ],
  [
    1582243200000,
    2631.264815909188
  ],
  [
    1582329600000,
    3405168.345465818
  ],
  [
    1582416000000,
    6797967.85068449
  ],
  [
    1582502400000,
    3420491.781942589
  ],
  [
    1582588800000,
    6834664.664013468
  ],
  [
    1582675200000,
    6659329.689090124
  ],
  [
    1582761600000,
    3336565.4533385276
  ],
  [
    1582848000000,
    4467.3006114084865
  ],
  [
    1582934400000,
    3430351.4494451256
  ],
  [
    1583020800000,
    6793909.178702825
  ],
  [
    1583107200000,
    3336075.3849215414
  ],
  [
    1583193600000,
    3428435.5375336036
  ],
  [
    1583280000000,
    6644213.6678303275
  ],
  [
    1583366400000,
    6704904.694602683
  ],
  [
    1583452800000,
    6706923.116185204
  ],
  [
    1583539200000,
    6860467.162072946
  ],
  [
    1583625600000,
    3357367.165370068
  ],
  [
    1583712000000,
    3370.9406331642263
  ],
  [
    1583798400000,
    2219.991050025171
  ],
  [
    1583884800000,
    3448091.9985008663
  ],
  [
    1583971200000,
    3452753.1388502927
  ],
  [
    1584057600000,
    3335859.6537770214
  ],
  [
    1584144000000,
    3352622.384176974
  ],
  [
    1584230400000,
    3275353.335369604
  ],
  [
    1584316800000,
    3253410.058840616
  ],
  [
    1584403200000,
    6589431.567029969
  ],
  [
    1584489600000,
    3256354.179935842
  ],
  [
    1584576000000,
    3282980.081077256
  ],
  [
    1584662400000,
    3281017.787478683
  ],
  [
    1584748800000,
    3299175.8827696843
  ],
  [
    1584835200000,
    3317191.499153456
  ],
  [
    1584921600000,
    3230759.7391986577
  ],
  [
    1585008000000,
    3343881.519233429
  ],
  [
    1585094400000,
    1389.9508644747182
  ],
  [
    1585180800000,
    4247.443385615493
  ],
  [
    1585267200000,
    5394.487606753206
  ],
  [
    1585353600000,
    1880.3317833906667
  ],
  [
    1585440000000,
    1186674.3091866965
  ],
  [
    1585526400000,
    3261653.9425405515
  ],
  [
    1585612800000,
    3257570.305535496
  ],
  [
    1585699200000,
    3365110.528635073
  ],
  [
    1585785600000,
    3280978.03697546
  ],
  [
    1585872000000,
    3386395.080669067
  ],
  [
    1585958400000,
    3347409.328950623
  ],
  [
    1586044800000,
    3391470.7562953522
  ],
  [
    1586131200000,
    3388555.0532545852
  ],
  [
    1586217600000,
    3570116.5748187266
  ],
  [
    1586304000000,
    3567052.346158753
  ],
  [
    1586390400000,
    8265.33050254897
  ],
  [
    1586476800000,
    3337135.4650641936
  ],
  [
    1586563200000,
    6645502.419762724
  ],
  [
    1586649600000,
    3328629.8671991955
  ],
  [
    1586736000000,
    5416120.922654127
  ],
  [
    1586822400000,
    4075488.1525694197
  ],
  [
    1586908800000,
    3924200.348497972
  ],
  [
    1586995200000,
    3929280.117638626
  ],
  [
    1587081600000,
    3781113.456742112
  ],
  [
    1587168000000,
    3618203.3332647057
  ],
  [
    1587254400000,
    3587358.8757361546
  ],
  [
    1587340800000,
    3722921.465280238
  ],
  [
    1587427200000,
    3576188.836675107
  ],
  [
    1587513600000,
    3496280.9949322245
  ],
  [
    1587600000000,
    3310586.5648062434
  ],
  [
    1587686400000,
    3855144.518808431
  ],
  [
    1587772800000,
    3969386.1307303836
  ],
  [
    1587859200000,
    3969201.644322637
  ],
  [
    1587945600000,
    4050735.4842368886
  ],
  [
    1588032000000,
    4033006.4476501266
  ],
  [
    1588118400000,
    4075128.374941017
  ],
  [
    1588204800000,
    4158793.02491089
  ],
  [
    1588291200000,
    4004575.75297394
  ],
  [
    1588377600000,
    3976143.0277511417
  ],
  [
    1588464000000,
    4048989.8340552854
  ],
  [
    1588550400000,
    3971183.419615675
  ],
  [
    1588636800000,
    3974875.248648831
  ],
  [
    1588723200000,
    4076890.121748428
  ],
  [
    1588809600000,
    4082970.146061632
  ],
  [
    1588896000000,
    4055673.4447865104
  ],
  [
    1588982400000,
    4086908.8172693304
  ],
  [
    1589068800000,
    4047685.9304490555
  ],
  [
    1589155200000,
    3972179.0900934385
  ],
  [
    1589241600000,
    3999879.987049844
  ],
  [
    1589328000000,
    4068926.2707259213
  ],
  [
    1589414400000,
    4154723.8893079134
  ],
  [
    1589500800000,
    4117266.50280989
  ],
  [
    1589587200000,
    4138875.188995414
  ],
  [
    1589673600000,
    3991713.5644701053
  ],
  [
    1589760000000,
    4132613.013478611
  ],
  [
    1589846400000,
    4057606.698011863
  ],
  [
    1589932800000,
    4128283.943898074
  ],
  [
    1590019200000,
    4182698.283827917
  ],
  [
    1590105600000,
    3995499.831535873
  ],
  [
    1590192000000,
    4064612.116910215
  ],
  [
    1590278400000,
    4176031.2061001733
  ],
  [
    1590364800000,
    4141854.2369195367
  ],
  [
    1590451200000,
    3988847.186977704
  ],
  [
    1590537600000,
    4117666.322559827
  ],
  [
    1590624000000,
    4184344.0447487514
  ],
  [
    1590710400000,
    4217372.428898905
  ],
  [
    1590796800000,
    4125830.9333279887
  ],
  [
    1590883200000,
    4196391.44296082
  ],
  [
    1590969600000,
    4180762.6678401227
  ],
  [
    1591056000000,
    4195521.31484478
  ],
  [
    1591142400000,
    4287002.98411116
  ],
  [
    1591228800000,
    3956830.544583784
  ],
  [
    1591315200000,
    4123618.3290686384
  ],
  [
    1591401600000,
    4163849.889998944
  ],
  [
    1591488000000,
    4201003.159242905
  ],
  [
    1591574400000,
    4195673.896631545
  ],
  [
    1591660800000,
    4146845.7900987947
  ],
  [
    1591747200000,
    4198494.763318188
  ],
  [
    1591833600000,
    4171892.39916478
  ],
  [
    1591920000000,
    4069629.6346919793
  ],
  [
    1592006400000,
    4075676.587519007
  ],
  [
    1592092800000,
    4121699.7062531714
  ],
  [
    1592179200000,
    4120835.9649762865
  ],
  [
    1592265600000,
    4060621.262305849
  ],
  [
    1592352000000,
    4143455.350452922
  ],
  [
    1592438400000,
    4139593.040594915
  ],
  [
    1592524800000,
    4195713.4767510155
  ],
  [
    1592611200000,
    4124935.000016965
  ],
  [
    1592697600000,
    4108427.9313584985
  ],
  [
    1592784000000,
    4201223.512493967
  ],
  [
    1592870400000,
    4149069.304948777
  ],
  [
    1592956800000,
    4174662.165434799
  ],
  [
    1593043200000,
    4094673.5019163676
  ],
  [
    1593129600000,
    4126043.916097663
  ],
  [
    1593216000000,
    4247143.990229262
  ],
  [
    1593302400000,
    4145111.408136087
  ],
  [
    1593388800000,
    4227814.6112688575
  ],
  [
    1593475200000,
    4155392.0908639748
  ],
  [
    1593561600000,
    4142619.4563426836
  ],
  [
    1593648000000,
    4094374.64873611
  ],
  [
    1593734400000,
    4129589.5627886346
  ],
  [
    1593820800000,
    4168252.1732133315
  ],
  [
    1593907200000,
    4128527.8873193297
  ],
  [
    1593993600000,
    4049444.1352129327
  ],
  [
    1594080000000,
    4002302.7068401147
  ],
  [
    1594166400000,
    4161947.9778065886
  ],
  [
    1594252800000,
    4255864.052924326
  ],
  [
    1594339200000,
    4116927.710240699
  ],
  [
    1594425600000,
    4152377.197451302
  ],
  [
    1594512000000,
    4121039.094695331
  ],
  [
    1594598400000,
    4217635.634510174
  ],
  [
    1594684800000,
    3393309.369051689
  ],
  [
    1594771200000,
    3289725.364528859
  ],
  [
    1594857600000,
    3059066.5235177698
  ],
  [
    1594944000000,
    2968885.001767814
  ],
  [
    1595030400000,
    2781884.696989454
  ],
  [
    1595116800000,
    2670705.7579803905
  ],
  [
    1595203200000,
    2743306.1657800633
  ],
  [
    1595289600000,
    4557962.606795916
  ],
  [
    1595376000000,
    4115320.0797005235
  ],
  [
    1595462400000,
    4088156.935270399
  ],
  [
    1595548800000,
    89.9918713060709
  ],
  [
    1595635200000,
    4118275.6543717654
  ],
  [
    1595721600000,
    2682805.5811774926
  ],
  [
    1595808000000,
    2562734.001943152
  ],
  [
    1595894400000,
    4711350.022011491
  ],
  [
    1595980800000,
    94001.20985370428
  ],
  [
    1596067200000,
    4237436.05973091
  ],
  [
    1596153600000,
    4234498.867945234
  ],
  [
    1596240000000,
    4313006.5807999335
  ],
  [
    1596326400000,
    4068287.3440988287
  ],
  [
    1596412800000,
    4166323.247033086
  ],
  [
    1596499200000,
    4127991.2830082616
  ],
  [
    1596585600000,
    4192365.5256523406
  ],
  [
    1596672000000,
    4172476.502223675
  ],
  [
    1596758400000,
    4120480.5500251437
  ],
  [
    1596844800000,
    4356854.832436956
  ],
  [
    1596931200000,
    4391343.914269487
  ],
  [
    1597017600000,
    4289024.0224304795
  ],
  [
    1597104000000,
    4281533.714527381
  ],
  [
    1597190400000,
    4200399.546984677
  ],
  [
    1597276800000,
    3790817.137830189
  ],
  [
    1597363200000,
    4259222.155097495
  ],
  [
    1597449600000,
    4261274.678980358
  ],
  [
    1597536000000,
    4260035.452004676
  ],
  [
    1597622400000,
    4210943.872890417
  ],
  [
    1597708800000,
    4311094.468369584
  ],
  [
    1597795200000,
    4235501.733540191
  ],
  [
    1597881600000,
    4216368.687655266
  ],
  [
    1597968000000,
    4207896.715412269
  ],
  [
    1598054400000,
    4269984.75933431
  ],
  [
    1598140800000,
    4170073.432092413
  ],
  [
    1598227200000,
    4318051.682655825
  ],
  [
    1598313600000,
    4238307.061082433
  ],
  [
    1598400000000,
    4165212.3488370227
  ],
  [
    1598486400000,
    4214574.395175294
  ],
  [
    1598572800000,
    4223836.98892899
  ],
  [
    1598659200000,
    4129585.2400926007
  ],
  [
    1598745600000,
    4131705.438936883
  ],
  [
    1598832000000,
    4178171.3618560196
  ],
  [
    1598918400000,
    4226075.441580455
  ],
  [
    1599004800000,
    4254356.064742404
  ],
  [
    1599091200000,
    4268585.56796707
  ],
  [
    1599177600000,
    4170999.2944970448
  ],
  [
    1599264000000,
    4369556.1204552315
  ],
  [
    1599350400000,
    4195792.459826699
  ],
  [
    1599436800000,
    4193800.601865602
  ],
  [
    1599523200000,
    4221645.284210884
  ],
  [
    1599609600000,
    4223039.932921759
  ],
  [
    1599696000000,
    4257841.292799758
  ],
  [
    1599782400000,
    4290835.911196232
  ],
  [
    1599868800000,
    4236691.161200006
  ],
  [
    1599955200000,
    4225618.430586992
  ],
  [
    1600041600000,
    4271375.6254834505
  ],
  [
    1600128000000,
    4241463.066846627
  ],
  [
    1600214400000,
    4298062.564147912
  ],
  [
    1600300800000,
    4375124.84162661
  ],
  [
    1600387200000,
    4374971.10318963
  ],
  [
    1600473600000,
    4369148.525720942
  ],
  [
    1600560000000,
    4360183.438525556
  ],
  [
    1600646400000,
    4358579.836633509
  ],
  [
    1600732800000,
    4291480.26669527
  ],
  [
    1600819200000,
    4266182.9901327
  ],
  [
    1600905600000,
    4260225.391625145
  ],
  [
    1600992000000,
    4299540.513906248
  ],
  [
    1601078400000,
    4231677.934253361
  ],
  [
    1601164800000,
    4256291.135949252
  ],
  [
    1601251200000,
    4299629.224215061
  ],
  [
    1601337600000,
    4251467.585694177
  ],
  [
    1601424000000,
    4279686.623552184
  ],
  [
    1601510400000,
    4215596.684079444
  ],
  [
    1601596800000,
    4365888.527799629
  ],
  [
    1601683200000,
    4183548.7154244944
  ],
  [
    1601769600000,
    4265025.968209193
  ],
  [
    1601856000000,
    4341328.925732179
  ],
  [
    1601942400000,
    4288396.142424229
  ],
  [
    1602028800000,
    4389303.599532043
  ],
  [
    1602115200000,
    4344771.981576987
  ],
  [
    1602201600000,
    4272327.457549044
  ],
  [
    1602288000000,
    4261923.572810661
  ],
  [
    1602374400000,
    4402345.078677883
  ],
  [
    1602460800000,
    4330013.402429583
  ],
  [
    1602547200000,
    4297145.838344745
  ],
  [
    1602633600000,
    4355116.529290154
  ],
  [
    1602720000000,
    4280175.858873407
  ],
  [
    1602806400000,
    4344659.384793682
  ],
  [
    1602892800000,
    4269208.079186404
  ],
  [
    1602979200000,
    4235957.1055910075
  ],
  [
    1603065600000,
    4234595.310885341
  ],
  [
    1603152000000,
    4476828.363658598
  ],
  [
    1603238400000,
    4301625.298434761
  ],
  [
    1603324800000,
    4433336.857622409
  ],
  [
    1603411200000,
    4484514.3290971285
  ],
  [
    1603497600000,
    4343146.10103547
  ],
  [
    1603584000000,
    4471067.299735791
  ],
  [
    1603670400000,
    4527442.341093894
  ],
  [
    1603756800000,
    4483926.030655257
  ],
  [
    1603843200000,
    4315554.612125688
  ],
  [
    1603929600000,
    4412794.982175747
  ],
  [
    1604016000000,
    4394053.732325234
  ],
  [
    1604102400000,
    4446203.633278527
  ],
  [
    1604188800000,
    4433261.921609079
  ],
  [
    1604275200000,
    4432941.606986141
  ],
  [
    1604361600000,
    4473665.02724555
  ],
  [
    1604448000000,
    4372074.503424008
  ],
  [
    1604534400000,
    4414048.51301754
  ],
  [
    1604620800000,
    4340905.030980931
  ],
  [
    1604707200000,
    4554337.307944057
  ],
  [
    1604793600000,
    4336499.144401953
  ],
  [
    1604880000000,
    4178169.772410202
  ],
  [
    1604966400000,
    4467074.2408597525
  ],
  [
    1605052800000,
    4478707.507848917
  ],
  [
    1605139200000,
    4388586.508301722
  ],
  [
    1605225600000,
    4386903.948790397
  ],
  [
    1605312000000,
    4528291.974475399
  ],
  [
    1605398400000,
    4406863.225271048
  ],
  [
    1605484800000,
    4501038.706532046
  ],
  [
    1605571200000,
    4519754.845402869
  ],
  [
    1605657600000,
    4552855.12128531
  ],
  [
    1605744000000,
    4333668.287887814
  ],
  [
    1605830400000,
    4492745.383360792
  ],
  [
    1605916800000,
    4432304.593005437
  ],
  [
    1606003200000,
    4433683.09482145
  ],
  [
    1606089600000,
    4328645.044628753
  ],
  [
    1606176000000,
    4467777.485830859
  ],
  [
    1606262400000,
    4400125.11340942
  ],
  [
    1606348800000,
    4333318.453891618
  ],
  [
    1606435200000,
    4512945.967431065
  ],
  [
    1606521600000,
    4420106.762395671
  ],
  [
    1606608000000,
    4358089.22108741
  ],
  [
    1606694400000,
    4393781.283631362
  ],
  [
    1606780800000,
    4488024.464474279
  ],
  [
    1606867200000,
    4511932.369427051
  ],
  [
    1606953600000,
    4506111.404472835
  ],
  [
    1607040000000,
    4316988.479420615
  ],
  [
    1607126400000,
    4459631.845340502
  ],
  [
    1607212800000,
    4491867.14854637
  ],
  [
    1607299200000,
    4460380.935845872
  ],
  [
    1607385600000,
    4435133.835607506
  ],
  [
    1607472000000,
    4463323.367351123
  ],
  [
    1607558400000,
    4383240.948244
  ],
  [
    1607644800000,
    4491769.232943879
  ],
  [
    1607731200000,
    4446870.817508192
  ],
  [
    1607817600000,
    4535978.911893822
  ],
  [
    1607904000000,
    4413658.292023193
  ],
  [
    1607990400000,
    4375072.521962335
  ],
  [
    1608076800000,
    4433168.684955353
  ],
  [
    1608163200000,
    4500850.938376782
  ],
  [
    1608249600000,
    4454055.041243375
  ],
  [
    1608336000000,
    4545240.851279708
  ],
  [
    1608422400000,
    4516979.363800616
  ],
  [
    1608508800000,
    4469312.967792933
  ],
  [
    1608595200000,
    4440217.282849355
  ],
  [
    1608681600000,
    4455170.220499271
  ],
  [
    1608768000000,
    4289535.229856737
  ],
  [
    1608854400000,
    4347408.089294947
  ],
  [
    1608940800000,
    4366752.826669459
  ],
  [
    1609027200000,
    4319088.232767229
  ],
  [
    1609113600000,
    4403349.993302382
  ],
  [
    1609200000000,
    4491435.730242823
  ],
  [
    1609286400000,
    4440757.518562717
  ],
  [
    1609372800000,
    4415460.930876017
  ],
  [
    1609459200000,
    4353168.153247117
  ],
  [
    1609545600000,
    4500499.461351108
  ],
  [
    1609632000000,
    4486393.437470386
  ],
  [
    1609718400000,
    4429319.926306207
  ],
  [
    1609804800000,
    4333885.406766427
  ],
  [
    1609891200000,
    4549698.713373693
  ],
  [
    1609977600000,
    4399268.113336164
  ],
  [
    1610064000000,
    4485888.895276771
  ],
  [
    1610150400000,
    4549482.210723676
  ],
  [
    1610236800000,
    4406539.555080493
  ],
  [
    1610323200000,
    4547484.161314691
  ],
  [
    1610409600000,
    4590696.45030622
  ],
  [
    1610496000000,
    4497318.924197348
  ],
  [
    1610582400000,
    4377042.743292838
  ],
  [
    1610668800000,
    4568930.155337081
  ],
  [
    1610755200000,
    4598204.008327132
  ],
  [
    1610841600000,
    4396994.639820738
  ],
  [
    1610928000000,
    4470862.688884855
  ],
  [
    1611014400000,
    4386976.4005129635
  ],
  [
    1611100800000,
    4420250.560119127
  ],
  [
    1611187200000,
    4453071.682455573
  ],
  [
    1611273600000,
    4269290.192112295
  ],
  [
    1611360000000,
    4499519.756813369
  ],
  [
    1611446400000,
    4451931.012734022
  ],
  [
    1611532800000,
    4391892.962839632
  ],
  [
    1611619200000,
    4278467.754847224
  ],
  [
    1611705600000,
    4437912.253655734
  ],
  [
    1611792000000,
    4460875.117906589
  ],
  [
    1611878400000,
    4385285.393477306
  ],
  [
    1611964800000,
    4502174.994476296
  ],
  [
    1612051200000,
    4440891.037805653
  ],
  [
    1612137600000,
    4427725.991507277
  ],
  [
    1612224000000,
    4474710.307702245
  ],
  [
    1612310400000,
    4395483.160189749
  ],
  [
    1612396800000,
    4426820.211116655
  ],
  [
    1612483200000,
    4412931.026273165
  ],
  [
    1612569600000,
    4458984.254993997
  ],
  [
    1612656000000,
    4485785.16244809
  ],
  [
    1612742400000,
    4403900.6367317755
  ],
  [
    1612828800000,
    4570305.785041433
  ],
  [
    1612915200000,
    4439501.938814967
  ],
  [
    1613001600000,
    4436231.178257708
  ],
  [
    1613088000000,
    4455243.028255842
  ],
  [
    1613174400000,
    4471935.790149007
  ],
  [
    1613260800000,
    4502560.6764326515
  ],
  [
    1613347200000,
    4515819.997163779
  ],
  [
    1613433600000,
    4575055.31591742
  ],
  [
    1613520000000,
    4530415.688880814
  ],
  [
    1613606400000,
    4546928.548602577
  ],
  [
    1613692800000,
    4517755.718137531
  ],
  [
    1613779200000,
    4473418.214563963
  ],
  [
    1613865600000,
    4644668.613191628
  ],
  [
    1613952000000,
    4504199.678225947
  ],
  [
    1614038400000,
    4485960.45913503
  ],
  [
    1614124800000,
    4505656.853570592
  ],
  [
    1614211200000,
    4392780.2614754895
  ],
  [
    1614297600000,
    4506004.850206953
  ],
  [
    1614384000000,
    4472428.3902514335
  ],
  [
    1614470400000,
    4333797.206254935
  ],
  [
    1614556800000,
    4397607.816895591
  ],
  [
    1614643200000,
    4496973.142274448
  ],
  [
    1614729600000,
    4353627.023456966
  ],
  [
    1614816000000,
    4433142.145444765
  ],
  [
    1614902400000,
    4413326.302759246
  ],
  [
    1614988800000,
    4449721.64923171
  ],
  [
    1615075200000,
    4364526.076506027
  ],
  [
    1615161600000,
    4326308.743980654
  ],
  [
    1615248000000,
    4372964.26328465
  ],
  [
    1615334400000,
    4342916.2776089525
  ],
  [
    1615420800000,
    4441159.6913092015
  ],
  [
    1615507200000,
    4451394.535920594
  ],
  [
    1615593600000,
    4347335.078001652
  ],
  [
    1615680000000,
    4463658.413225044
  ],
  [
    1615766400000,
    4516895.237311873
  ],
  [
    1615852800000,
    4341078.479037427
  ],
  [
    1615939200000,
    4335228.217642093
  ],
  [
    1616025600000,
    4400530.024890605
  ],
  [
    1616112000000,
    4408151.000163271
  ],
  [
    1616198400000,
    4362355.254403818
  ],
  [
    1616284800000,
    4461836.683538832
  ],
  [
    1616371200000,
    4075031.9279044783
  ],
  [
    1616457600000,
    3874126.9820073545
  ],
  [
    1616544000000,
    3790557.0341168134
  ],
  [
    1616630400000,
    3878360.3851561523
  ],
  [
    1616716800000,
    3844621.3147512125
  ],
  [
    1616803200000,
    3053191.0217480147
  ],
  [
    1616889600000,
    2859402.912052976
  ],
  [
    1616976000000,
    2864157.8489467786
  ],
  [
    1617062400000,
    2821902.2826430765
  ],
  [
    1617148800000,
    3528015.571935573
  ],
  [
    1617235200000,
    4352059.631227101
  ],
  [
    1617321600000,
    4253633.818092565
  ],
  [
    1617408000000,
    4237754.887881753
  ],
  [
    1617494400000,
    4239157.0084588025
  ],
  [
    1617580800000,
    4197787.538651258
  ],
  [
    1617667200000,
    4327826.869498333
  ],
  [
    1617753600000,
    4331966.934071254
  ],
  [
    1617840000000,
    4230186.969027194
  ],
  [
    1617926400000,
    4261848.240706459
  ],
  [
    1618012800000,
    4176245.738176552
  ],
  [
    1618099200000,
    4451730.841063374
  ],
  [
    1618185600000,
    5799839.238364958
  ],
  [
    1618272000000,
    5788075.121485293
  ],
  [
    1618358400000,
    5855732.937853778
  ],
  [
    1618444800000,
    5790633.133715247
  ],
  [
    1618531200000,
    5896606.959714501
  ],
  [
    1618617600000,
    11740.824502018984
  ],
  [
    1618704000000,
    13299.430339143275
  ],
  [
    1618790400000,
    18809.43968826581
  ],
  [
    1618876800000,
    3734.173136722738
  ],
  [
    1618963200000,
    8258.99015892759
  ],
  [
    1619049600000,
    3821.547305225847
  ],
  [
    1619136000000,
    3036.73832619819
  ],
  [
    1619222400000,
    8161.076757350046
  ],
  [
    1619308800000,
    1112.0961803744856
  ],
  [
    1619395200000,
    3061.6205694147543
  ],
  [
    1619481600000,
    749.4690729478459
  ],
  [
    1619568000000,
    2143.5953927338733
  ],
  [
    1619654400000,
    1678.101001853222
  ],
  [
    1619740800000,
    2644.1015191479482
  ],
  [
    1619827200000,
    1549.890911982732
  ],
  [
    1619913600000,
    941.332829287373
  ],
  [
    1620000000000,
    2752.0734900645884
  ],
  [
    1620086400000,
    9668377.670731092
  ],
  [
    1620172800000,
    5913384.431827653
  ],
  [
    1620259200000,
    5914117.995530143
  ],
  [
    1620345600000,
    6256102.9865777455
  ],
  [
    1620432000000,
    8287447.121545924
  ],
  [
    1620518400000,
    5922736.622259217
  ],
  [
    1620604800000,
    6379251.771289838
  ],
  [
    1620691200000,
    8662457.167849785
  ],
  [
    1620777600000,
    8535174.102637263
  ],
  [
    1620864000000,
    8404149.031725189
  ],
  [
    1620950400000,
    8472087.206028167
  ],
  [
    1621036800000,
    8578660.937560566
  ],
  [
    1621123200000,
    8486662.616765639
  ],
  [
    1621209600000,
    8567485.698918454
  ],
  [
    1621296000000,
    8490983.912142737
  ],
  [
    1621382400000,
    8382314.993937439
  ],
  [
    1621468800000,
    8636075.830959192
  ],
  [
    1621555200000,
    8427828.287197407
  ],
  [
    1621641600000,
    8795098.07118123
  ],
  [
    1621728000000,
    8678590.151571643
  ],
  [
    1621814400000,
    8514847.10010818
  ],
  [
    1621900800000,
    8755378.210107172
  ],
  [
    1621987200000,
    8734648.797489649
  ],
  [
    1622073600000,
    8531307.861406757
  ],
  [
    1622160000000,
    8720701.184104415
  ],
  [
    1622246400000,
    8652163.269049108
  ],
  [
    1622332800000,
    8661104.06487433
  ],
  [
    1622419200000,
    8701102.757052584
  ],
  [
    1622505600000,
    8675397.783300614
  ],
  [
    1622592000000,
    8647634.16561085
  ],
  [
    1622678400000,
    8978115.618516868
  ],
  [
    1622764800000,
    8507770.836515136
  ],
  [
    1622851200000,
    8570728.752360463
  ],
  [
    1622937600000,
    8568993.516960915
  ],
  [
    1623024000000,
    8645342.1584806
  ],
  [
    1623110400000,
    8547826.287773006
  ],
  [
    1623196800000,
    8636919.857368765
  ],
  [
    1623283200000,
    8863186.700496998
  ],
  [
    1623369600000,
    8553310.854031848
  ],
  [
    1623456000000,
    8697508.253103636
  ],
  [
    1623542400000,
    8710315.304691754
  ],
  [
    1623628800000,
    8662069.342765328
  ],
  [
    1623715200000,
    8842930.11340819
  ],
  [
    1623801600000,
    8668971.657967834
  ],
  [
    1623888000000,
    8544992.645394186
  ],
  [
    1623974400000,
    8666425.27449589
  ],
  [
    1624060800000,
    8681332.782102134
  ],
  [
    1624147200000,
    6634.539109533651
  ],
  [
    1624233600000,
    8660617.46886329
  ],
  [
    1624320000000,
    8592978.077759141
  ],
  [
    1624406400000,
    8788781.867209572
  ],
  [
    1624492800000,
    8654437.719946388
  ],
  [
    1624579200000,
    8704435.230682967
  ],
  [
    1624665600000,
    8551090.84207258
  ],
  [
    1624752000000,
    8768176.003924424
  ],
  [
    1624838400000,
    8704190.585853543
  ],
  [
    1624924800000,
    8592092.675272893
  ],
  [
    1625011200000,
    8661300.988342702
  ],
  [
    1625097600000,
    8808568.829155382
  ],
  [
    1625184000000,
    8709459.310699234
  ],
  [
    1625270400000,
    8548817.718519758
  ],
  [
    1625356800000,
    8890893.951617407
  ],
  [
    1625443200000,
    8664792.745905258
  ],
  [
    1625529600000,
    8646736.01807905
  ],
  [
    1625616000000,
    8614620.122785922
  ],
  [
    1625702400000,
    8814907.10270282
  ],
  [
    1625788800000,
    8695025.098641252
  ],
  [
    1625875200000,
    8815227.111966534
  ],
  [
    1625961600000,
    8611196.704372767
  ],
  [
    1626048000000,
    8709642.562624602
  ],
  [
    1626134400000,
    8554021.436044928
  ],
  [
    1626220800000,
    8482097.555885946
  ],
  [
    1626307200000,
    8522503.87035401
  ],
  [
    1626393600000,
    8583507.396138743
  ],
  [
    1626480000000,
    8285810.748199784
  ],
  [
    1626566400000,
    8526997.642043045
  ],
  [
    1626652800000,
    8652802.768679878
  ],
  [
    1626739200000,
    40.806373370175564
  ],
  [
    1626825600000,
    8860757.243147332
  ],
  [
    1626912000000,
    8607573.385915197
  ],
  [
    1626998400000,
    8754079.41380315
  ],
  [
    1627084800000,
    106.70706283463734
  ],
  [
    1627171200000,
    8718680.328050839
  ],
  [
    1627257600000,
    8801496.154389797
  ],
  [
    1627344000000,
    8774719.09923353
  ],
  [
    1627430400000,
    8574559.656019
  ],
  [
    1627516800000,
    8773526.344375737
  ],
  [
    1627603200000,
    1725.4222433983473
  ],
  [
    1627689600000,
    8725995.06841193
  ],
  [
    1627776000000,
    8645205.550931122
  ],
  [
    1627862400000,
    8550928.26975458
  ],
  [
    1627948800000,
    8747495.629557999
  ],
  [
    1628035200000,
    8982008.53811516
  ],
  [
    1628121600000,
    8718178.321498225
  ],
  [
    1628208000000,
    8654650.917960811
  ],
  [
    1628294400000,
    8582115.218234435
  ],
  [
    1628380800000,
    8902925.903187849
  ],
  [
    1628467200000,
    8604318.181596572
  ],
  [
    1628553600000,
    8645168.551345404
  ],
  [
    1628640000000,
    8523720.272156699
  ],
  [
    1628726400000,
    8746884.699444167
  ],
  [
    1628812800000,
    8747340.35698478
  ],
  [
    1628899200000,
    3338.6653099037103
  ],
  [
    1628985600000,
    4827.109812487351
  ],
  [
    1629072000000,
    8776107.347301017
  ],
  [
    1629158400000,
    8628466.096609486
  ],
  [
    1629244800000,
    8903193.03158114
  ],
  [
    1629331200000,
    8887677.571474563
  ],
  [
    1629417600000,
    8773719.358611964
  ],
  [
    1629504000000,
    8757078.039753515
  ],
  [
    1629590400000,
    8489072.088044593
  ],
  [
    1629676800000,
    8774466.759367757
  ],
  [
    1629763200000,
    8519637.351674272
  ],
  [
    1629849600000,
    8757922.556050109
  ],
  [
    1629936000000,
    8773203.736651788
  ],
  [
    1630022400000,
    8686185.319357885
  ],
  [
    1630108800000,
    8696883.564005068
  ],
  [
    1630195200000,
    8642178.517594023
  ],
  [
    1630281600000,
    8627964.351453198
  ],
  [
    1630368000000,
    8764197.773726666
  ],
  [
    1630454400000,
    8638046.786441473
  ],
  [
    1630540800000,
    8864656.033698076
  ],
  [
    1630627200000,
    8635317.727631114
  ]
]