[
  [
    1623801600000,
    0.1800449972590554
  ],
  [
    1623888000000,
    0.1800449972590554
  ],
  [
    1623974400000,
    0.13525992913815732
  ],
  [
    1624060800000,
    0.1354505727355257
  ],
  [
    1624147200000,
    0.11840232018477091
  ],
  [
    1624233600000,
    0.10782936960561636
  ],
  [
    1624320000000,
    0.08148921678249314
  ],
  [
    1624406400000,
    0.061179906655988096
  ],
  [
    1624492800000,
    0.06865859238691102
  ],
  [
    1624579200000,
    0.053419626582795074
  ],
  [
    1624665600000,
    0.04551972285937527
  ],
  [
    1624752000000,
    0.0478255151029491
  ],
  [
    1624838400000,
    0.05092759957919613
  ],
  [
    1624924800000,
    0.0582352430578153
  ],
  [
    1625011200000,
    0.060665750071714285
  ],
  [
    1625097600000,
    0.06909610484028819
  ],
  [
    1625184000000,
    0.058568295066516944
  ],
  [
    1625270400000,
    0.05655015295363952
  ],
  [
    1625356800000,
    0.06132844775559205
  ],
  [
    1625443200000,
    0.06492162646874194
  ],
  [
    1625529600000,
    0.06685953412397802
  ],
  [
    1625616000000,
    0.0737077292335632
  ],
  [
    1625702400000,
    0.06787754493446799
  ],
  [
    1625788800000,
    0.06095723751874109
  ],
  [
    1625875200000,
    0.06536727546491769
  ],
  [
    1625961600000,
    0.061201081962642644
  ],
  [
    1626048000000,
    0.06336145927430441
  ],
  [
    1626134400000,
    0.058231277911301754
  ],
  [
    1626220800000,
    0.05489679735457042
  ],
  [
    1626307200000,
    0.053443543233413014
  ],
  [
    1626393600000,
    0.05778013787084399
  ],
  [
    1626480000000,
    0.05309295506189366
  ],
  [
    1626566400000,
    0.05069250138004254
  ],
  [
    1626652800000,
    0.05017266345688404
  ],
  [
    1626739200000,
    0.03567747103711747
  ],
  [
    1626825600000,
    0.0348971271688053
  ],
  [
    1626912000000,
    0.03854487834627492
  ],
  [
    1626998400000,
    0.0369313094803985
  ],
  [
    1627084800000,
    0.03528666680697051
  ],
  [
    1627171200000,
    0.03635173973985895
  ],
  [
    1627257600000,
    0.03599272451661498
  ],
  [
    1627344000000,
    0.03526467302800634
  ],
  [
    1627430400000,
    0.036657494074200374
  ],
  [
    1627516800000,
    0.0358333035400236
  ],
  [
    1627603200000,
    0.03565230544024159
  ],
  [
    1627689600000,
    0.035263848209442165
  ],
  [
    1627776000000,
    0.036775166252874844
  ],
  [
    1627862400000,
    0.036204377073340746
  ],
  [
    1627948800000,
    0.03564582413553279
  ],
  [
    1628035200000,
    0.031145734959866923
  ],
  [
    1628121600000,
    0.03354170857837901
  ],
  [
    1628208000000,
    0.031647476599668746
  ],
  [
    1628294400000,
    0.03449915751369891
  ],
  [
    1628380800000,
    0.03491684711044784
  ],
  [
    1628467200000,
    0.04020627937281982
  ],
  [
    1628553600000,
    0.05179423112122876
  ],
  [
    1628640000000,
    0.05350695329869014
  ],
  [
    1628726400000,
    0.07084989586669863
  ],
  [
    1628812800000,
    0.0571738938642747
  ],
  [
    1628899200000,
    0.07333792040852131
  ],
  [
    1628985600000,
    0.06515877903281388
  ],
  [
    1629072000000,
    0.06410228209817141
  ],
  [
    1629158400000,
    0.05794866563896733
  ],
  [
    1629244800000,
    0.04565444988924648
  ],
  [
    1629331200000,
    0.046146609413002034
  ],
  [
    1629417600000,
    0.05116168570183386
  ],
  [
    1629504000000,
    0.05709625225684793
  ],
  [
    1629590400000,
    0.055461521726446736
  ],
  [
    1629676800000,
    0.05849511607758166
  ],
  [
    1629763200000,
    0.06202257942845159
  ],
  [
    1629849600000,
    0.060741308581129944
  ],
  [
    1629936000000,
    0.060247703134274015
  ],
  [
    1630022400000,
    0.05517994254448394
  ],
  [
    1630108800000,
    0.05272280946754063
  ],
  [
    1630195200000,
    0.05316722232693002
  ],
  [
    1630281600000,
    0.05234982806688968
  ],
  [
    1630368000000,
    0.04886585600669169
  ],
  [
    1630454400000,
    0.055754638382658483
  ],
  [
    1630540800000,
    0.05712294472141871
  ],
  [
    1630627200000,
    0.05676055176535925
  ]
]