[
  [
    1504483200000,
    82354
  ],
  [
    1504569600000,
    71059
  ],
  [
    1504656000000,
    16531
  ],
  [
    1504742400000,
    18885
  ],
  [
    1504828800000,
    50556
  ],
  [
    1504915200000,
    3091050
  ],
  [
    1505001600000,
    1324420
  ],
  [
    1505088000000,
    204820
  ],
  [
    1505174400000,
    148075
  ],
  [
    1505260800000,
    57462
  ],
  [
    1505347200000,
    63846
  ],
  [
    1505433600000,
    54831
  ],
  [
    1505520000000,
    37551.8
  ],
  [
    1505606400000,
    24561.7
  ],
  [
    1505692800000,
    35750.1
  ],
  [
    1505779200000,
    15918
  ],
  [
    1505865600000,
    219916
  ],
  [
    1505952000000,
    113412
  ],
  [
    1506038400000,
    31295.3
  ],
  [
    1506124800000,
    24935.5
  ],
  [
    1506211200000,
    14414.5
  ],
  [
    1506297600000,
    31554.8
  ],
  [
    1506384000000,
    149328
  ],
  [
    1506470400000,
    64866.1
  ],
  [
    1506556800000,
    69874.6
  ],
  [
    1506643200000,
    76945.2
  ],
  [
    1506729600000,
    18347.9
  ],
  [
    1506816000000,
    39761.8
  ],
  [
    1506902400000,
    95656.5
  ],
  [
    1506988800000,
    24180.7
  ],
  [
    1507075200000,
    28406.5
  ],
  [
    1507161600000,
    26628.1
  ],
  [
    1507248000000,
    22841.6
  ],
  [
    1507334400000,
    34874.7
  ],
  [
    1507420800000,
    27973.6
  ],
  [
    1507507200000,
    31820.5
  ],
  [
    1507593600000,
    37879.7
  ],
  [
    1507680000000,
    18584.5
  ],
  [
    1507766400000,
    45591.2
  ],
  [
    1507852800000,
    50966.5
  ],
  [
    1507939200000,
    19367.8
  ],
  [
    1508025600000,
    51438.5
  ],
  [
    1508112000000,
    45394.3
  ],
  [
    1508198400000,
    39135.3
  ],
  [
    1508284800000,
    13978.5
  ],
  [
    1508371200000,
    50418.5
  ],
  [
    1508457600000,
    58435.1
  ],
  [
    1508544000000,
    24650.6
  ],
  [
    1508630400000,
    24799
  ],
  [
    1508716800000,
    16182.3
  ],
  [
    1508803200000,
    114366
  ],
  [
    1508889600000,
    14301.1
  ],
  [
    1508976000000,
    10272.5
  ],
  [
    1509062400000,
    161210
  ],
  [
    1509148800000,
    3450980
  ],
  [
    1509235200000,
    1667540
  ],
  [
    1509321600000,
    157243
  ],
  [
    1509408000000,
    102463
  ],
  [
    1509494400000,
    132094
  ],
  [
    1509580800000,
    156223
  ],
  [
    1509667200000,
    544765
  ],
  [
    1509753600000,
    55003.9
  ],
  [
    1509840000000,
    19972.5
  ],
  [
    1509926400000,
    29971.2
  ],
  [
    1510012800000,
    42500.1
  ],
  [
    1510099200000,
    42314.3
  ],
  [
    1510185600000,
    442226
  ],
  [
    1510272000000,
    140553
  ],
  [
    1510358400000,
    122015
  ],
  [
    1510444800000,
    103946
  ],
  [
    1510531200000,
    120221
  ],
  [
    1510617600000,
    34120.5
  ],
  [
    1510704000000,
    53254.2
  ],
  [
    1510790400000,
    134296
  ],
  [
    1510876800000,
    61892.1
  ],
  [
    1510963200000,
    81604.8
  ],
  [
    1511049600000,
    30086
  ],
  [
    1511136000000,
    46234.1
  ],
  [
    1511222400000,
    110168
  ],
  [
    1511308800000,
    36769.9
  ],
  [
    1511395200000,
    47836.1
  ],
  [
    1511481600000,
    61525.7
  ],
  [
    1511568000000,
    33566.8
  ],
  [
    1511654400000,
    161964
  ],
  [
    1511740800000,
    1159500
  ],
  [
    1511827200000,
    244431
  ],
  [
    1511913600000,
    203021
  ],
  [
    1512000000000,
    82694.5
  ],
  [
    1512086400000,
    130985
  ],
  [
    1512172800000,
    177306
  ],
  [
    1512259200000,
    102456
  ],
  [
    1512345600000,
    204350
  ],
  [
    1512432000000,
    1267590
  ],
  [
    1512518400000,
    895983
  ],
  [
    1512604800000,
    538068
  ],
  [
    1512691200000,
    285556
  ],
  [
    1512777600000,
    102278
  ],
  [
    1512864000000,
    166788
  ],
  [
    1512950400000,
    921860
  ],
  [
    1513036800000,
    5583390
  ],
  [
    1513123200000,
    1161530
  ],
  [
    1513209600000,
    478555
  ],
  [
    1513296000000,
    281076
  ],
  [
    1513382400000,
    252304
  ],
  [
    1513468800000,
    263355
  ],
  [
    1513555200000,
    409491
  ],
  [
    1513641600000,
    701070
  ],
  [
    1513728000000,
    393887
  ],
  [
    1513814400000,
    1237310
  ],
  [
    1513900800000,
    315990
  ],
  [
    1513987200000,
    488614
  ],
  [
    1514073600000,
    1756220
  ],
  [
    1514160000000,
    1142990
  ],
  [
    1514246400000,
    3074150
  ],
  [
    1514332800000,
    1034920
  ],
  [
    1514419200000,
    1087520
  ],
  [
    1514505600000,
    470013
  ],
  [
    1514592000000,
    1171780
  ],
  [
    1514678400000,
    1247930
  ],
  [
    1514764800000,
    586442
  ],
  [
    1514851200000,
    810229
  ],
  [
    1514937600000,
    1193670
  ],
  [
    1515024000000,
    803360
  ],
  [
    1515110400000,
    824486
  ],
  [
    1515196800000,
    374808
  ],
  [
    1515283200000,
    613796
  ],
  [
    1515369600000,
    2129260
  ],
  [
    1515456000000,
    371413
  ],
  [
    1515542400000,
    758701
  ],
  [
    1515628800000,
    430324
  ],
  [
    1515715200000,
    1635770
  ],
  [
    1515801600000,
    432748
  ],
  [
    1515888000000,
    6016650
  ],
  [
    1515974400000,
    967187
  ],
  [
    1516060800000,
    405141
  ],
  [
    1516147200000,
    595114
  ],
  [
    1516233600000,
    114737
  ],
  [
    1516320000000,
    223686
  ],
  [
    1516406400000,
    1519220
  ],
  [
    1516492800000,
    137120000
  ],
  [
    1516579200000,
    15437100
  ],
  [
    1516665600000,
    3868500
  ],
  [
    1516752000000,
    2094350
  ],
  [
    1516838400000,
    1662130
  ],
  [
    1516924800000,
    88864100
  ],
  [
    1517011200000,
    50750200
  ],
  [
    1517097600000,
    19328900
  ],
  [
    1517184000000,
    5408770
  ],
  [
    1517270702419,
    5815930
  ],
  [
    1517356800000,
    21213800
  ],
  [
    1517443200000,
    4785980
  ],
  [
    1517529600000,
    2477840
  ],
  [
    1517616000000,
    2964420
  ],
  [
    1517702400000,
    2404620
  ],
  [
    1517788800000,
    2136790
  ],
  [
    1517875200000,
    815915
  ],
  [
    1517961600000,
    1091090
  ],
  [
    1518048302055,
    1406770
  ],
  [
    1518134400000,
    6603960
  ],
  [
    1518220800000,
    2544160
  ],
  [
    1518307200000,
    1866580
  ],
  [
    1518393600000,
    563515
  ],
  [
    1518480000000,
    5853190
  ],
  [
    1518566400000,
    1126080
  ],
  [
    1518652800000,
    1013830
  ],
  [
    1518739200000,
    1387800
  ],
  [
    1518825600000,
    1306690
  ],
  [
    1518912000000,
    1019060
  ],
  [
    1518998400000,
    936074
  ],
  [
    1519084800000,
    648905
  ],
  [
    1519171200000,
    1000260
  ],
  [
    1519257600000,
    1641550
  ],
  [
    1519344000000,
    1650100
  ],
  [
    1519430400000,
    457237
  ],
  [
    1519516800000,
    178230
  ],
  [
    1519603200000,
    2418720
  ],
  [
    1519689600000,
    999537
  ],
  [
    1519776000000,
    283548
  ],
  [
    1519862400000,
    203576
  ],
  [
    1519948800000,
    72689400
  ],
  [
    1520035200000,
    42745000
  ],
  [
    1520121600000,
    25253600
  ],
  [
    1520208000000,
    5338540
  ],
  [
    1520294400000,
    1701870
  ],
  [
    1520380800000,
    1121250
  ],
  [
    1520467200000,
    16244800
  ],
  [
    1520553600000,
    2728230
  ],
  [
    1520640000000,
    3650890
  ],
  [
    1520726400000,
    1003120
  ],
  [
    1520812800000,
    625976
  ],
  [
    1520899200000,
    1006370
  ],
  [
    1520985600000,
    837947
  ],
  [
    1521072000000,
    634806
  ],
  [
    1521158400000,
    1374130
  ],
  [
    1521244800000,
    559449
  ],
  [
    1521331200000,
    211737
  ],
  [
    1521417600000,
    879106
  ],
  [
    1521504000000,
    388863
  ],
  [
    1521590400000,
    627067
  ],
  [
    1521676800000,
    335733
  ],
  [
    1521763200000,
    1051680
  ],
  [
    1521849600000,
    570374
  ],
  [
    1521936000000,
    569130
  ],
  [
    1522022400000,
    831513
  ],
  [
    1522108800000,
    623736
  ],
  [
    1522195200000,
    296219
  ],
  [
    1522281600000,
    505828
  ],
  [
    1522368000000,
    381166
  ],
  [
    1522454400000,
    1413460
  ],
  [
    1522540800000,
    696649
  ],
  [
    1522627200000,
    2048510
  ],
  [
    1522713600000,
    564390
  ],
  [
    1522800000000,
    604543
  ],
  [
    1522886400000,
    359925
  ],
  [
    1522972800000,
    411373
  ],
  [
    1523059200000,
    312143
  ],
  [
    1523145600000,
    2570260
  ],
  [
    1523232000000,
    5661720
  ],
  [
    1523318400000,
    1042580
  ],
  [
    1523404800000,
    582814
  ],
  [
    1523491200000,
    825696
  ],
  [
    1523577600000,
    1142506.5255613492
  ],
  [
    1523664000000,
    2065882.4881109213
  ],
  [
    1523750400000,
    3004660.531072821
  ],
  [
    1523836800000,
    730252.6461084068
  ],
  [
    1523923200000,
    1025666.925121635
  ],
  [
    1524009600000,
    897947.1867120505
  ],
  [
    1524096000000,
    1044369.434862774
  ],
  [
    1524182400000,
    1064418.7769448804
  ],
  [
    1524268800000,
    1099414.182189103
  ],
  [
    1524355200000,
    1519091.6060197677
  ],
  [
    1524441600000,
    1062434.9665102966
  ],
  [
    1524528000000,
    2907680.605543266
  ],
  [
    1524614400000,
    2395976.4104503663
  ],
  [
    1524700800000,
    1433626.123010143
  ],
  [
    1524787200000,
    1530891.4670497652
  ],
  [
    1524873600000,
    501127.69906252745
  ],
  [
    1524960000000,
    446806.0425334521
  ],
  [
    1525046400000,
    561071.079079043
  ],
  [
    1525132800000,
    684850.6513339895
  ],
  [
    1525219200000,
    555467.5780018942
  ],
  [
    1525305600000,
    504222.4302821141
  ],
  [
    1525392000000,
    535512.5165658944
  ],
  [
    1525478400000,
    833640.6400130885
  ],
  [
    1525564800000,
    331155.3997839537
  ],
  [
    1525651200000,
    508463.55019842857
  ],
  [
    1525737600000,
    314007.87204323144
  ],
  [
    1525824000000,
    522544.98829837935
  ],
  [
    1525910400000,
    575214.7281709391
  ],
  [
    1525996800000,
    261672.80788213608
  ],
  [
    1526083200000,
    415095.77010945004
  ],
  [
    1526169600000,
    235404.29772070132
  ],
  [
    1526256000000,
    258556.47838522587
  ],
  [
    1526342400000,
    355735.0885922364
  ],
  [
    1526428800000,
    269538.8826121855
  ],
  [
    1526515200000,
    1103351.1853605406
  ],
  [
    1526601600000,
    409661.2851224551
  ],
  [
    1526688000000,
    269019.43088772753
  ],
  [
    1526774400000,
    295133.262937992
  ],
  [
    1526860800000,
    233884.17388791605
  ],
  [
    1526947200000,
    478582.6457199523
  ],
  [
    1527033600000,
    278088.87867339695
  ],
  [
    1527120000000,
    607825.9675995831
  ],
  [
    1527206400000,
    479044.6772494097
  ],
  [
    1527292800000,
    436491.73966128327
  ],
  [
    1527379200000,
    547490.6577031596
  ],
  [
    1527465600000,
    195851.4767405382
  ],
  [
    1527552000000,
    226520.604321084
  ],
  [
    1527638400000,
    149728.95145891083
  ],
  [
    1527724800000,
    134502.03672390108
  ],
  [
    1527811200000,
    131701.76793731406
  ],
  [
    1527897600000,
    602857.3249509869
  ],
  [
    1527984000000,
    310267.30447660084
  ],
  [
    1528070400000,
    568714.5568566776
  ],
  [
    1528156800000,
    281101.9991833497
  ],
  [
    1528243200000,
    126871.6127314097
  ],
  [
    1528329600000,
    205948.55292521697
  ],
  [
    1528416000000,
    202411.54645064077
  ],
  [
    1528502400000,
    147148.2441640174
  ],
  [
    1528588800000,
    107775.15908875174
  ],
  [
    1528675200000,
    145525.77423412233
  ],
  [
    1528761600000,
    138769.16438398132
  ],
  [
    1528848000000,
    113019.00544152745
  ],
  [
    1528934400000,
    171855.42024520301
  ],
  [
    1529020800000,
    232078.20955220834
  ],
  [
    1529107200000,
    166957.41793306186
  ],
  [
    1529193600000,
    221252.31245748492
  ],
  [
    1529280000000,
    199225.01289479085
  ],
  [
    1529366400000,
    164813.94636800454
  ],
  [
    1529452800000,
    104137.00915183271
  ],
  [
    1529539200000,
    71621.86615970224
  ],
  [
    1529625600000,
    77141.74004346276
  ],
  [
    1529712000000,
    246402.36455095466
  ],
  [
    1529798400000,
    139647.0157056613
  ],
  [
    1529884800000,
    244981.0829663545
  ],
  [
    1529971200000,
    139637.94365948086
  ],
  [
    1530057600000,
    125468.06667329239
  ],
  [
    1530144000000,
    121742.4576388062
  ],
  [
    1530230400000,
    76860.14372857746
  ],
  [
    1530316800000,
    86794.89371140242
  ],
  [
    1530403200000,
    75519.80344017502
  ],
  [
    1530489600000,
    63344.71771448912
  ],
  [
    1530576000000,
    63532.1300116724
  ],
  [
    1530662400000,
    74253.70702439702
  ],
  [
    1530748800000,
    63701.44735305572
  ],
  [
    1530835200000,
    68665.8826934027
  ],
  [
    1530921600000,
    69713.49892879913
  ],
  [
    1531008000000,
    65933.540402124
  ],
  [
    1531094400000,
    62707.76246684211
  ],
  [
    1531180800000,
    41183.11958990666
  ],
  [
    1531267200000,
    73950.13619209356
  ],
  [
    1531353600000,
    45846.57518652807
  ],
  [
    1531440000000,
    235678.97630363225
  ],
  [
    1531526400000,
    48486.60044027753
  ],
  [
    1531612800000,
    55746.94743919023
  ],
  [
    1531699200000,
    1017772.8139477527
  ],
  [
    1531785600000,
    336813.1163389549
  ],
  [
    1531872000000,
    360002.46483881294
  ],
  [
    1531958400000,
    95616.02684207383
  ],
  [
    1532044800000,
    138154.87028186588
  ],
  [
    1532131200000,
    42059.13083468637
  ],
  [
    1532217600000,
    11057.45059637541
  ],
  [
    1532304000000,
    12541.523968676673
  ],
  [
    1532390400000,
    26746.023865071787
  ],
  [
    1532476800000,
    168332.0331639592
  ],
  [
    1532563200000,
    144354.43693530178
  ],
  [
    1532649600000,
    64727.82976905578
  ],
  [
    1532736000000,
    339684.2869299249
  ],
  [
    1532822400000,
    76435.68984025063
  ],
  [
    1532908800000,
    119532.58133480401
  ],
  [
    1532995200000,
    713418.688823489
  ],
  [
    1533081600000,
    212893.6510571012
  ],
  [
    1533168000000,
    34217.92264700992
  ],
  [
    1533254400000,
    54300.5563529452
  ],
  [
    1533340800000,
    62490.78473781524
  ],
  [
    1533427200000,
    17277.222064430483
  ],
  [
    1533513600000,
    13674.92283653661
  ],
  [
    1533600000000,
    23986.026971559433
  ],
  [
    1533686400000,
    118517.2845222458
  ],
  [
    1533772800000,
    496698.8809205125
  ],
  [
    1533859200000,
    81853.56697404539
  ],
  [
    1533945600000,
    117706.20187894626
  ],
  [
    1534032000000,
    35126.27463155976
  ],
  [
    1534118400000,
    24199.436908722466
  ],
  [
    1534204800000,
    333028.3491888875
  ],
  [
    1534291200000,
    67859.9594475117
  ],
  [
    1534377600000,
    60869.44620982802
  ],
  [
    1534464000000,
    26547.36492304348
  ],
  [
    1534550400000,
    50619.677546519626
  ],
  [
    1534636800000,
    27399.995607062003
  ],
  [
    1534723200000,
    29043.80737465263
  ],
  [
    1534809600000,
    53284.21382467383
  ],
  [
    1534896000000,
    36092.356081965656
  ],
  [
    1534982400000,
    40852.413651399205
  ],
  [
    1535068800000,
    56838.553398484844
  ],
  [
    1535155200000,
    60497.13757480913
  ],
  [
    1535241600000,
    27608.415889483716
  ],
  [
    1535328000000,
    14181.762096664785
  ],
  [
    1535414400000,
    36799.78656722894
  ],
  [
    1535500800000,
    75371.4247969306
  ],
  [
    1535587200000,
    75122.33170766417
  ],
  [
    1535673600000,
    54811.455792269815
  ],
  [
    1535760000000,
    71592.48555818616
  ],
  [
    1535846400000,
    58649.63697548065
  ],
  [
    1535932800000,
    25776.758688272996
  ],
  [
    1536019200000,
    32013.516185999786
  ],
  [
    1536105600000,
    60098.39851840587
  ],
  [
    1536192000000,
    102919.74131022158
  ],
  [
    1536278400000,
    41058.18867133949
  ],
  [
    1536364800000,
    23374.84596065685
  ],
  [
    1536451200000,
    5088.330494128968
  ],
  [
    1536537600000,
    28209.76877072175
  ],
  [
    1536624000000,
    23046.333780218083
  ],
  [
    1536710400000,
    15932.89462346207
  ],
  [
    1536796800000,
    55504.97938901407
  ],
  [
    1536883200000,
    42510.9733888602
  ],
  [
    1536969600000,
    19030.46022204657
  ],
  [
    1537056000000,
    9174.198157673969
  ],
  [
    1537142400000,
    20849.46874029228
  ],
  [
    1537228800000,
    63868.16803748089
  ],
  [
    1537315200000,
    382942.0830400644
  ],
  [
    1537401600000,
    69815.9625069982
  ],
  [
    1537488000000,
    45780.48602744341
  ],
  [
    1537574400000,
    38464.66324729098
  ],
  [
    1537660800000,
    21912.84602860967
  ],
  [
    1537747200000,
    10428.455259131817
  ],
  [
    1537833600000,
    21529.083334935927
  ],
  [
    1537920000000,
    31079.726308458863
  ],
  [
    1538006400000,
    10201.97591598133
  ],
  [
    1538092800000,
    12148.332061796275
  ],
  [
    1538179200000,
    32145.25796930153
  ],
  [
    1538265600000,
    8703.284745811503
  ],
  [
    1538352000000,
    40465.966152263194
  ],
  [
    1538438400000,
    27715.232846689552
  ],
  [
    1538524800000,
    31395.567449190377
  ],
  [
    1538611200000,
    17313.693650203866
  ],
  [
    1538697600000,
    37399.44151889001
  ],
  [
    1538784000000,
    19521.364497670475
  ],
  [
    1538870400000,
    9283.925660701416
  ],
  [
    1538956800000,
    17377.746744191874
  ],
  [
    1539043200000,
    41049.98055421606
  ],
  [
    1539129600000,
    16980.431261935177
  ],
  [
    1539216000000,
    33622.232303959805
  ],
  [
    1539302400000,
    49237.243417951344
  ],
  [
    1539388800000,
    23840.57584125726
  ],
  [
    1539475200000,
    24977.307385818716
  ],
  [
    1539561600000,
    116119.809686923
  ],
  [
    1539648000000,
    155964.79982494985
  ],
  [
    1539734400000,
    46978.31457067124
  ],
  [
    1539820800000,
    210367.61158725506
  ],
  [
    1539907200000,
    322829.0649555491
  ],
  [
    1539993600000,
    189448.77139163238
  ],
  [
    1540080000000,
    197506.14450531016
  ],
  [
    1540166400000,
    207977.57688841413
  ],
  [
    1540252800000,
    238850.47219689447
  ],
  [
    1540339200000,
    216384.23642756115
  ],
  [
    1540425600000,
    529022.9085298979
  ],
  [
    1540512000000,
    275076.5647089526
  ],
  [
    1540598400000,
    281647.25257391547
  ],
  [
    1540684800000,
    254183.94399006732
  ],
  [
    1540771200000,
    201238.53162966488
  ],
  [
    1540857600000,
    296342.2361220551
  ],
  [
    1540944000000,
    391808.32628946094
  ],
  [
    1541030400000,
    355988.6313481971
  ],
  [
    1541116800000,
    285997.5404490176
  ],
  [
    1541203200000,
    189814.6576923679
  ],
  [
    1541289600000,
    196915.09118299626
  ],
  [
    1541376000000,
    165942.10480777966
  ],
  [
    1541462400000,
    299296.2131518991
  ],
  [
    1541548800000,
    396336.64120502287
  ],
  [
    1541635200000,
    426163.8133508892
  ],
  [
    1541721600000,
    421234.3454304841
  ],
  [
    1541808000000,
    399741.5082962074
  ],
  [
    1541894400000,
    463028.5532664615
  ],
  [
    1541980800000,
    591280.7652400708
  ],
  [
    1542067200000,
    286008.30821346457
  ],
  [
    1542153600000,
    323163.76057291153
  ],
  [
    1542240000000,
    319992.49862193933
  ],
  [
    1542326400000,
    290766.10762433853
  ],
  [
    1542412800000,
    281410.4223373088
  ],
  [
    1542499200000,
    277313.6046746047
  ],
  [
    1542585600000,
    307333.0823643307
  ],
  [
    1542672000000,
    265609.6422028563
  ],
  [
    1542758400000,
    273583.0807585627
  ],
  [
    1542844800000,
    128175.94476503627
  ],
  [
    1542931200000,
    174837.45256503095
  ],
  [
    1543017600000,
    92713.3072138541
  ],
  [
    1543104000000,
    91086.13729477856
  ],
  [
    1543190400000,
    70482.55291900785
  ],
  [
    1543276800000,
    112257.74665673969
  ],
  [
    1543363200000,
    101432.74908910862
  ],
  [
    1543449600000,
    265472.78738860454
  ],
  [
    1543536000000,
    270883.5240455489
  ],
  [
    1543622400000,
    162360.9675158986
  ],
  [
    1543708800000,
    217499.71507260788
  ],
  [
    1543795200000,
    163041.91550388723
  ],
  [
    1543881600000,
    255141.18992041357
  ],
  [
    1543968000000,
    96644.63778639594
  ],
  [
    1544054400000,
    71482.34611707904
  ],
  [
    1544140800000,
    140886.17468433044
  ],
  [
    1544227200000,
    89280.19709076652
  ],
  [
    1544313600000,
    63081.47736807681
  ],
  [
    1544400000000,
    108223.14109523201
  ],
  [
    1544486400000,
    104869.4901768705
  ],
  [
    1544572800000,
    173866.61950697066
  ],
  [
    1544659200000,
    195819.10028162732
  ],
  [
    1544745600000,
    127684.04613250202
  ],
  [
    1544832000000,
    130594.05997794971
  ],
  [
    1544918400000,
    56501.68583333535
  ],
  [
    1545004800000,
    114072.48702095628
  ],
  [
    1545091200000,
    114492.33957171017
  ],
  [
    1545177600000,
    115904.96404446081
  ],
  [
    1545264000000,
    107572.33705256753
  ],
  [
    1545350400000,
    129531.9427314818
  ],
  [
    1545436800000,
    87901.29151486732
  ],
  [
    1545523200000,
    81377.96820163517
  ],
  [
    1545609600000,
    71672.97258526573
  ],
  [
    1545696000000,
    83981.33782969661
  ],
  [
    1545782400000,
    58009.353600657465
  ],
  [
    1545868800000,
    39108.62470312839
  ],
  [
    1545955200000,
    98202.9685738575
  ],
  [
    1546041600000,
    84728.9141962603
  ],
  [
    1546128000000,
    78199.52484135455
  ],
  [
    1546214400000,
    186578.55220538026
  ],
  [
    1546300800000,
    131374.16077095334
  ],
  [
    1546387200000,
    116206.552877157
  ],
  [
    1546473600000,
    18194.221506684487
  ],
  [
    1546560000000,
    48797.898613243364
  ],
  [
    1546646400000,
    7262.360842530327
  ],
  [
    1546732800000,
    19682.823247553333
  ],
  [
    1546819200000,
    5618.104558445007
  ],
  [
    1546905600000,
    2670.3091940601234
  ],
  [
    1546992000000,
    11599.094751402738
  ],
  [
    1547078400000,
    15130.831217186782
  ],
  [
    1547164800000,
    24889.452848178462
  ],
  [
    1547251200000,
    182422.65231584027
  ],
  [
    1547337600000,
    25221.073474480923
  ],
  [
    1547424000000,
    2635.684155151203
  ],
  [
    1547510400000,
    80363.59614115617
  ],
  [
    1547596800000,
    72841.6481031811
  ],
  [
    1547683200000,
    710756.1814455462
  ],
  [
    1547769600000,
    158928.8647894895
  ],
  [
    1547856000000,
    183718.39893833752
  ],
  [
    1547942400000,
    121622.59136860531
  ],
  [
    1548028800000,
    165833.34277253007
  ],
  [
    1548115200000,
    98630.49517460742
  ],
  [
    1548201600000,
    139102.74584966537
  ],
  [
    1548288000000,
    93092.1453169328
  ],
  [
    1548374400000,
    82149.69925206812
  ],
  [
    1548460800000,
    100164.22843965457
  ],
  [
    1548547200000,
    28641.20903742472
  ],
  [
    1548633600000,
    24758.724588766778
  ],
  [
    1548720000000,
    27071.254442625246
  ],
  [
    1548806400000,
    112580.9005355049
  ],
  [
    1548892800000,
    126337.58844094868
  ],
  [
    1548979200000,
    118336.87350414727
  ],
  [
    1549065600000,
    130393.46340497461
  ],
  [
    1549152000000,
    44828.48648333697
  ],
  [
    1549238400000,
    30323.582090615855
  ],
  [
    1549324800000,
    26905.642732107368
  ],
  [
    1549411200000,
    58930.6907525093
  ],
  [
    1549497600000,
    95484.5220716532
  ],
  [
    1549584000000,
    40239.20321572875
  ],
  [
    1549670400000,
    126971.37897254007
  ],
  [
    1549756800000,
    109160.39481942936
  ],
  [
    1549843200000,
    61539.82715536297
  ],
  [
    1549929600000,
    109894.14626363922
  ],
  [
    1550016000000,
    78424.65489358128
  ],
  [
    1550102400000,
    60771.586323198615
  ],
  [
    1550188800000,
    35858.3766276801
  ],
  [
    1550275200000,
    30201.31203538752
  ],
  [
    1550361600000,
    169191.13225508176
  ],
  [
    1550448000000,
    95085.85051278614
  ],
  [
    1550534400000,
    101509.42036389755
  ],
  [
    1550620800000,
    25066.845037785573
  ],
  [
    1550707200000,
    98865.32487421235
  ],
  [
    1550793600000,
    136076.3315039337
  ],
  [
    1550880000000,
    166917.8413443921
  ],
  [
    1550966400000,
    124003.77967428979
  ],
  [
    1551052800000,
    138532.74264288286
  ],
  [
    1551139200000,
    108553.9036391353
  ],
  [
    1551225600000,
    298030.34198421123
  ],
  [
    1551312000000,
    28601.111683258758
  ],
  [
    1551398400000,
    149420.05509963832
  ],
  [
    1551484800000,
    116431.55136690158
  ],
  [
    1551571200000,
    272113.63808404974
  ],
  [
    1551657600000,
    90841.24485100359
  ],
  [
    1551744000000,
    114321.73514549702
  ],
  [
    1551830400000,
    245504.4138291101
  ],
  [
    1551916800000,
    288381.66095909866
  ],
  [
    1552003200000,
    160506.86713908447
  ],
  [
    1552089600000,
    1490390.178364552
  ],
  [
    1552176000000,
    425159.2254196816
  ],
  [
    1552262400000,
    217080.58885216614
  ],
  [
    1552348800000,
    36804.554768427166
  ],
  [
    1552435200000,
    189592.627350034
  ],
  [
    1552521600000,
    92091.8187467569
  ],
  [
    1552608000000,
    160674.99885679103
  ],
  [
    1552694400000,
    132241.63304114537
  ],
  [
    1552780800000,
    120739.34002856202
  ],
  [
    1552867200000,
    132064.70549945254
  ],
  [
    1552953600000,
    747968.3064079564
  ],
  [
    1553040000000,
    203286.50140036322
  ],
  [
    1553126400000,
    132871.64103781537
  ],
  [
    1553212800000,
    207602.56476682113
  ],
  [
    1553299200000,
    34736.1491423545
  ],
  [
    1553385600000,
    61043.7819075413
  ],
  [
    1553472000000,
    244732.5497187416
  ],
  [
    1553558400000,
    183048.81495943837
  ],
  [
    1553644800000,
    316646.0062230242
  ],
  [
    1553731200000,
    196766.72180105254
  ],
  [
    1553817600000,
    1770886.6004486163
  ],
  [
    1553904000000,
    907125.908153296
  ],
  [
    1553990400000,
    373135.27123998484
  ],
  [
    1554076800000,
    295709.61197673983
  ],
  [
    1554163200000,
    145691.7873685209
  ],
  [
    1554249600000,
    437607.2059698482
  ],
  [
    1554336000000,
    441377.9868140793
  ],
  [
    1554422400000,
    298020.0771906633
  ],
  [
    1554508800000,
    225681.13998903788
  ],
  [
    1554595200000,
    213224.3495246843
  ],
  [
    1554681600000,
    417828.3589538825
  ],
  [
    1554768000000,
    493635.3086506428
  ],
  [
    1554854400000,
    407451.28823977534
  ],
  [
    1554940800000,
    457309.7015956524
  ],
  [
    1555027200000,
    378135.5484088172
  ],
  [
    1555113600000,
    702348.6904258413
  ],
  [
    1555200000000,
    324571.6114170963
  ],
  [
    1555286400000,
    128929.76316586608
  ],
  [
    1555372800000,
    264080.0610754134
  ],
  [
    1555459200000,
    193472.0752857108
  ],
  [
    1555545600000,
    270834.50477032963
  ],
  [
    1555632000000,
    241351.45346525
  ],
  [
    1555718400000,
    126111.16214508728
  ],
  [
    1555804800000,
    124416.11470232061
  ],
  [
    1555891200000,
    118192.1140401284
  ],
  [
    1555977600000,
    122907.36863247208
  ],
  [
    1556064000000,
    129567.57896905966
  ],
  [
    1556150400000,
    234826.47619940713
  ],
  [
    1556236800000,
    221459.58934791308
  ],
  [
    1556323200000,
    134610.84809079362
  ],
  [
    1556409600000,
    207358.86412581147
  ],
  [
    1556496000000,
    128358.56211537664
  ],
  [
    1556582400000,
    141883.1737439572
  ],
  [
    1556668800000,
    194384.61964717362
  ],
  [
    1556755200000,
    177682.70355605055
  ],
  [
    1556841600000,
    193974.24740852878
  ],
  [
    1556928000000,
    104021.96257099388
  ],
  [
    1557014400000,
    139732.06952666063
  ],
  [
    1557100800000,
    147657.0606284277
  ],
  [
    1557187200000,
    212238.49376505706
  ],
  [
    1557273600000,
    233535.26192364562
  ],
  [
    1557360000000,
    239238.9670762503
  ],
  [
    1557446400000,
    251905.15551586804
  ],
  [
    1557532800000,
    320346.9978483419
  ],
  [
    1557619200000,
    71532.51918326701
  ],
  [
    1557705600000,
    18138.7489540802
  ],
  [
    1557792000000,
    50526.293847525114
  ],
  [
    1557878400000,
    38070.23844960893
  ],
  [
    1557964800000,
    306469.5733562664
  ],
  [
    1558051200000,
    59605.33436965121
  ],
  [
    1558137600000,
    48359.87709716645
  ],
  [
    1558224000000,
    17816.5717149082
  ],
  [
    1558310400000,
    260087.2397769723
  ],
  [
    1558396800000,
    39781.63425848702
  ],
  [
    1558483200000,
    32026.170903843995
  ],
  [
    1558569600000,
    67106.82700814713
  ],
  [
    1558656000000,
    40481.15756330267
  ],
  [
    1558742400000,
    28659.118180234917
  ],
  [
    1558828800000,
    20087.295387163318
  ],
  [
    1558915200000,
    12323.189190346779
  ],
  [
    1559001600000,
    27117.978153265747
  ],
  [
    1559088000000,
    12050.811150354326
  ],
  [
    1559174400000,
    47459.00538244333
  ],
  [
    1559260800000,
    32386.834288627477
  ],
  [
    1559347200000,
    65069.296853401655
  ],
  [
    1559433600000,
    84893.93236936005
  ],
  [
    1559520000000,
    232599.36593774406
  ],
  [
    1559606400000,
    105475.04559666016
  ],
  [
    1559692800000,
    62478.041502537075
  ],
  [
    1559779200000,
    27032.018409211054
  ],
  [
    1559865600000,
    25424.703618359257
  ],
  [
    1559952000000,
    21026.456345635528
  ],
  [
    1560038400000,
    77771.31563239047
  ],
  [
    1560124800000,
    15840.508581431945
  ],
  [
    1560211200000,
    42554.005293443435
  ],
  [
    1560297600000,
    16758.777081769247
  ],
  [
    1560384000000,
    32823.24521300393
  ],
  [
    1560470400000,
    53968.98240066419
  ],
  [
    1560556800000,
    22581.68091638725
  ],
  [
    1560643200000,
    72706.5575522165
  ],
  [
    1560729600000,
    50298.03630079083
  ],
  [
    1560816000000,
    99545.75495325755
  ],
  [
    1560902400000,
    126631.70892852836
  ],
  [
    1560988800000,
    27838.873223851937
  ],
  [
    1561075200000,
    194180.31136779793
  ],
  [
    1561161600000,
    49736.76424166401
  ],
  [
    1561248000000,
    79456.93564519509
  ],
  [
    1561334400000,
    29613.51189937225
  ],
  [
    1561420800000,
    345121.9098448473
  ],
  [
    1561507200000,
    104143.0040983857
  ],
  [
    1561593600000,
    201213.81789659875
  ],
  [
    1561680000000,
    36308.68382251934
  ],
  [
    1561766400000,
    27285.7519209432
  ],
  [
    1561852800000,
    26219.409887310878
  ],
  [
    1561939200000,
    8686.45410906614
  ],
  [
    1562025600000,
    21335.792720071586
  ],
  [
    1562112000000,
    32793.478634280975
  ],
  [
    1562198400000,
    75369.09364719919
  ],
  [
    1562284800000,
    118296.38058550145
  ],
  [
    1562371200000,
    66768.85985284678
  ],
  [
    1562457600000,
    17091.790648000806
  ],
  [
    1562544000000,
    27831.71868757437
  ],
  [
    1562630400000,
    91422.16707958402
  ],
  [
    1562716800000,
    185571.75608631058
  ],
  [
    1562803200000,
    19802.278670514173
  ],
  [
    1562889600000,
    109705.79212758841
  ],
  [
    1562976000000,
    202971.96157806416
  ],
  [
    1563062400000,
    22886.339558229047
  ],
  [
    1563148800000,
    28830.190577864574
  ],
  [
    1563235200000,
    312612.16626108414
  ],
  [
    1563321600000,
    155399.9005115398
  ],
  [
    1563408000000,
    8460.124965799903
  ],
  [
    1563494400000,
    4162.803728132009
  ],
  [
    1563580800000,
    4859.550578434693
  ],
  [
    1563667200000,
    7851.567727770776
  ],
  [
    1563753600000,
    37598.75186681643
  ],
  [
    1563840000000,
    49482.26696267377
  ],
  [
    1563926400000,
    17162.328682868647
  ],
  [
    1564012800000,
    4932.56791893349
  ],
  [
    1564099200000,
    2423.9477276293087
  ],
  [
    1564185600000,
    3900.5027794554344
  ],
  [
    1564272000000,
    5329.821930019357
  ],
  [
    1564358400000,
    448.4140984521715
  ],
  [
    1564444800000,
    15068.392484509255
  ],
  [
    1564531200000,
    2794.650817798652
  ],
  [
    1564617600000,
    936.7876744448658
  ],
  [
    1564704000000,
    2241.42419647679
  ],
  [
    1564790400000,
    1362.3602900579358
  ],
  [
    1564876800000,
    1345.837042136521
  ],
  [
    1564963200000,
    2032.4582577033182
  ],
  [
    1565049600000,
    8304.689487496855
  ],
  [
    1565136000000,
    2717.726448466476
  ],
  [
    1565222400000,
    508.57742257795644
  ],
  [
    1565308800000,
    3373.290833548133
  ],
  [
    1565395200000,
    675.7256715755311
  ],
  [
    1565481600000,
    9410.238227538828
  ],
  [
    1565568000000,
    8946.209212713415
  ],
  [
    1565654400000,
    1120.7044646674774
  ],
  [
    1565740800000,
    918.966425805222
  ],
  [
    1565827200000,
    1959.5532322449296
  ],
  [
    1565913600000,
    223.31181336620355
  ],
  [
    1566000000000,
    1028.2595026694944
  ],
  [
    1566086400000,
    545.9586648631907
  ],
  [
    1566172800000,
    1450.9515726558252
  ],
  [
    1566259200000,
    1584.3828245182822
  ],
  [
    1566345600000,
    5963.524838071231
  ],
  [
    1566432000000,
    1279.4012734387527
  ],
  [
    1566518400000,
    1256.1665569651395
  ],
  [
    1566604800000,
    4932.99017191494
  ],
  [
    1566691200000,
    399.7124813157251
  ],
  [
    1566777600000,
    28762.355461667572
  ],
  [
    1566864000000,
    719.9973104506377
  ],
  [
    1566950400000,
    3919.921374641656
  ],
  [
    1567036800000,
    21153.420861343282
  ],
  [
    1567123200000,
    3075.7781456386106
  ],
  [
    1567209600000,
    1454.6287537714973
  ],
  [
    1567296000000,
    27.87524922858835
  ],
  [
    1567382400000,
    44352.824698213066
  ],
  [
    1567468800000,
    15150.383152826282
  ],
  [
    1567555200000,
    64179.48184745155
  ],
  [
    1567641600000,
    1711.9925077567345
  ],
  [
    1567728000000,
    3445.582914562487
  ],
  [
    1567814400000,
    2660.3370392199677
  ],
  [
    1567900800000,
    1331.921602918829
  ],
  [
    1567987200000,
    355.16950995196703
  ],
  [
    1568073600000,
    453.93714209316806
  ],
  [
    1568160000000,
    2819.725701353777
  ],
  [
    1568246400000,
    7330.079837535541
  ],
  [
    1568332800000,
    826.5865700778182
  ],
  [
    1568419200000,
    5635.213823944387
  ],
  [
    1568505600000,
    9346.469023357213
  ],
  [
    1568592000000,
    7275.073770990902
  ],
  [
    1568678400000,
    5318.623021154507
  ],
  [
    1568764800000,
    10847.697422746487
  ],
  [
    1568851200000,
    12958.57755031293
  ],
  [
    1568937600000,
    2743.8195506665866
  ],
  [
    1569024000000,
    2200.826286163381
  ],
  [
    1569110400000,
    155.26663559884244
  ],
  [
    1569196800000,
    1930.3062262726037
  ],
  [
    1569283200000,
    306.88814874038286
  ],
  [
    1569369600000,
    7855.581983490626
  ],
  [
    1569456000000,
    2937.409273566446
  ],
  [
    1569542400000,
    14783.926159906752
  ],
  [
    1569628800000,
    3005.951814771923
  ],
  [
    1569715200000,
    182.66861201177053
  ],
  [
    1569801600000,
    1419.7172994632758
  ],
  [
    1569888000000,
    4365.820384160822
  ],
  [
    1569974400000,
    205.33094432830666
  ],
  [
    1570060800000,
    205.33094432830666
  ],
  [
    1570147200000,
    3115.1890194192206
  ],
  [
    1570233600000,
    3115.1890194192206
  ],
  [
    1570320000000,
    1354.3012401737628
  ],
  [
    1570406400000,
    3383.603624046788
  ],
  [
    1570492800000,
    505.65759980398786
  ],
  [
    1570579200000,
    1024.7367185315704
  ],
  [
    1570665600000,
    3660.799159254175
  ],
  [
    1570752000000,
    476007.61822316557
  ],
  [
    1570838400000,
    508776.6310785824
  ],
  [
    1570924800000,
    229373.85443369998
  ],
  [
    1571011200000,
    125640.96556565228
  ],
  [
    1571097600000,
    218133.83364241658
  ],
  [
    1571184000000,
    165454.78226806154
  ],
  [
    1571270400000,
    104978.49539124372
  ],
  [
    1571356800000,
    85588.42921148936
  ],
  [
    1571443200000,
    79038.55601671414
  ],
  [
    1571529600000,
    80190.64991802242
  ],
  [
    1571616000000,
    85583.38777975224
  ],
  [
    1571702400000,
    115031.41114998297
  ],
  [
    1571788800000,
    131428.01460783425
  ],
  [
    1571875200000,
    99583.16980231521
  ],
  [
    1571961600000,
    46307.261528708004
  ],
  [
    1572048000000,
    5618.169890240371
  ],
  [
    1572134400000,
    1447.1411219559316
  ],
  [
    1572220800000,
    1730.8313017523128
  ],
  [
    1572307200000,
    1409.7102299996127
  ],
  [
    1572393600000,
    3279.6082961904144
  ],
  [
    1572480000000,
    1828.534773415464
  ],
  [
    1572566400000,
    1565.6572756100948
  ],
  [
    1572652800000,
    529.3890107750518
  ],
  [
    1572739200000,
    640.7547832444085
  ],
  [
    1572825600000,
    3037.9257585657474
  ],
  [
    1572912000000,
    2449.5854588466946
  ],
  [
    1572998400000,
    1880.3146507690115
  ],
  [
    1573084800000,
    777.3639215735096
  ],
  [
    1573171200000,
    570.3899393000776
  ],
  [
    1573257600000,
    4.885540883428329
  ],
  [
    1573344000000,
    1716.3990129362548
  ],
  [
    1573430400000,
    25.284474709355223
  ],
  [
    1573516800000,
    1019.5920863012833
  ],
  [
    1573603200000,
    2188.6418576667734
  ],
  [
    1573689600000,
    1698.069912808224
  ],
  [
    1573776000000,
    11.39083822512393
  ],
  [
    1573862400000,
    845.9231099731957
  ],
  [
    1573948800000,
    7.30621905602462
  ],
  [
    1574035200000,
    831.4539561052114
  ],
  [
    1574121600000,
    3052.5478203985085
  ],
  [
    1574208000000,
    9.426264192412747
  ],
  [
    1574294400000,
    2365.479229792941
  ],
  [
    1574380800000,
    1731.5175604117035
  ],
  [
    1574467200000,
    2668.609723287288
  ],
  [
    1574553600000,
    1846.4224882283434
  ],
  [
    1574640000000,
    358.19704749311273
  ],
  [
    1574726400000,
    789.1779197208951
  ],
  [
    1574812800000,
    1385.4703803265
  ],
  [
    1574899200000,
    1283.515368917793
  ],
  [
    1574985600000,
    3324.7386351335226
  ],
  [
    1575072000000,
    2385.4052701073206
  ],
  [
    1575158400000,
    2156.0855510610004
  ],
  [
    1575244800000,
    1820.4585224294274
  ],
  [
    1575331200000,
    2901.0135070602605
  ],
  [
    1575417600000,
    2328.1560114707454
  ],
  [
    1575504000000,
    1909.2933561695215
  ],
  [
    1575590400000,
    1085.5582246759602
  ],
  [
    1575676800000,
    909.1732553861781
  ],
  [
    1575763200000,
    3921.3773063154704
  ],
  [
    1575849600000,
    1566.0128303310203
  ],
  [
    1575936000000,
    1996.4081955172048
  ],
  [
    1576022400000,
    4866.713383976613
  ],
  [
    1576108800000,
    3102.668435007027
  ],
  [
    1576195200000,
    1988.0313095725267
  ],
  [
    1576281600000,
    1244.670875206429
  ],
  [
    1576368000000,
    1191.858856825828
  ],
  [
    1576454400000,
    1295.6895781825401
  ],
  [
    1576540800000,
    2002.2516169946434
  ],
  [
    1576627200000,
    3070.102144081983
  ],
  [
    1576713600000,
    1019.7893142780312
  ],
  [
    1576800000000,
    3015.82014451184
  ],
  [
    1576886400000,
    80.49897611549406
  ],
  [
    1576972800000,
    167.8111831895527
  ],
  [
    1577059200000,
    880.8849816441549
  ],
  [
    1577145600000,
    707.6127818658475
  ],
  [
    1577232000000,
    794.1939457557515
  ],
  [
    1577318400000,
    43.501888134526055
  ],
  [
    1577404800000,
    35.181568198379544
  ],
  [
    1577491200000,
    4538.158029821247
  ],
  [
    1577577600000,
    243.07818575716644
  ],
  [
    1577664000000,
    254.83435935874616
  ],
  [
    1577750400000,
    1310.021653574166
  ],
  [
    1577836800000,
    494.1235870138551
  ],
  [
    1577923200000,
    3131.3694046036367
  ],
  [
    1578009600000,
    74.95301457264198
  ],
  [
    1578096000000,
    92.57124207388586
  ],
  [
    1578182400000,
    1267.648134550238
  ],
  [
    1578268800000,
    240.52943455827483
  ],
  [
    1578355200000,
    1737.2809450862462
  ],
  [
    1578441600000,
    1588.905688704005
  ],
  [
    1578528000000,
    44.163760066653936
  ],
  [
    1578614400000,
    283.41486325812576
  ],
  [
    1578700800000,
    39.438317256001724
  ],
  [
    1578787200000,
    565.3199792785608
  ],
  [
    1578873600000,
    133.64643460110642
  ],
  [
    1578960000000,
    257.44500154199136
  ],
  [
    1579046400000,
    752.6049953645563
  ],
  [
    1579132800000,
    14.949886160717163
  ],
  [
    1579219200000,
    392.7890803011649
  ],
  [
    1579305600000,
    40.77447247540169
  ],
  [
    1579392000000,
    513.0983509037128
  ],
  [
    1579478400000,
    3.5278474321581017
  ],
  [
    1579564800000,
    12.903484137677385
  ],
  [
    1579651200000,
    7.360888371312307
  ],
  [
    1579737600000,
    531.3878796858919
  ],
  [
    1579824000000,
    180.45978070283863
  ],
  [
    1579910400000,
    87.19085408384805
  ],
  [
    1579996800000,
    254.1349809443514
  ],
  [
    1580083200000,
    24.534086938254333
  ],
  [
    1580169600000,
    390.07262904637264
  ],
  [
    1580256000000,
    10.153932807927346
  ],
  [
    1580342400000,
    391.4067736849719
  ],
  [
    1580428800000,
    59.49559944308596
  ],
  [
    1580515200000,
    663.4847010568816
  ],
  [
    1580601600000,
    21587.891500688726
  ],
  [
    1580688000000,
    2070.481869436564
  ],
  [
    1580774400000,
    758.2446556705661
  ],
  [
    1580860800000,
    402.65419940929166
  ],
  [
    1580947200000,
    7200.204035239959
  ],
  [
    1581033600000,
    7060.225699655635
  ],
  [
    1581120000000,
    2209.2860270155365
  ],
  [
    1581206400000,
    12620.044370706055
  ],
  [
    1581292800000,
    175.99878736459306
  ],
  [
    1581379200000,
    303.9512514047726
  ],
  [
    1581465600000,
    402.3907244367655
  ],
  [
    1581552000000,
    1404.5797190271098
  ],
  [
    1581638400000,
    1915.4535746100084
  ],
  [
    1581724800000,
    1396.4230341806058
  ],
  [
    1581811200000,
    1588.1850788335312
  ],
  [
    1581897600000,
    2369.408225360004
  ],
  [
    1581984000000,
    1669.5769865000466
  ],
  [
    1582070400000,
    487.19879196620167
  ],
  [
    1582156800000,
    16.164692638801068
  ],
  [
    1582243200000,
    5438.7180997515525
  ],
  [
    1582329600000,
    2369.7695406961407
  ],
  [
    1582416000000,
    201.73455595424542
  ],
  [
    1582502400000,
    64.6723359813064
  ],
  [
    1582588800000,
    4.8955153256945145
  ],
  [
    1582675200000,
    0.8103986518213263
  ],
  [
    1582761600000,
    21746.137636727213
  ],
  [
    1582848000000,
    2570.3700056278585
  ],
  [
    1582934400000,
    6761.872000146148
  ],
  [
    1583020800000,
    2242.018335737357
  ],
  [
    1583107200000,
    973.9798655230763
  ],
  [
    1583193600000,
    689.6042365380839
  ],
  [
    1583280000000,
    481.10069075155064
  ],
  [
    1583366400000,
    56.638790768578055
  ],
  [
    1583452800000,
    139.05219675711703
  ],
  [
    1583539200000,
    628.524829650075
  ],
  [
    1583625600000,
    254.53823033661493
  ],
  [
    1583712000000,
    110.49964791777721
  ],
  [
    1583798400000,
    2015.3858613536536
  ],
  [
    1583884800000,
    178.29913339169883
  ],
  [
    1583971200000,
    14.859215426971897
  ],
  [
    1584057600000,
    12074.686164824972
  ],
  [
    1584144000000,
    689.6973460385784
  ],
  [
    1584230400000,
    369.97047819513557
  ],
  [
    1584316800000,
    379.59280472219206
  ],
  [
    1584403200000,
    474.08828411218394
  ],
  [
    1584489600000,
    391.78046336350434
  ],
  [
    1584576000000,
    54.19730437610381
  ],
  [
    1584662400000,
    4.39243944125026
  ],
  [
    1584748800000,
    11.093672754158158
  ],
  [
    1584835200000,
    3190.3877324643763
  ],
  [
    1584921600000,
    1005.3927084456803
  ],
  [
    1585008000000,
    683.469767193066
  ],
  [
    1585094400000,
    69.14846849721135
  ],
  [
    1585180800000,
    467.819630091043
  ],
  [
    1585267200000,
    12.090778073044909
  ],
  [
    1585353600000,
    88.67805540038547
  ],
  [
    1585440000000,
    36.86055344192608
  ],
  [
    1585526400000,
    545.7531596993132
  ],
  [
    1585612800000,
    41.14195742109042
  ],
  [
    1585699200000,
    262.34692290253713
  ],
  [
    1585785600000,
    359.0263805319729
  ],
  [
    1585872000000,
    2875.3751116016524
  ],
  [
    1585958400000,
    815.3130367866005
  ],
  [
    1586044800000,
    305.1879976974177
  ],
  [
    1586131200000,
    264.46819440783213
  ],
  [
    1586217600000,
    201.94817734459554
  ],
  [
    1586304000000,
    108.63210246568204
  ],
  [
    1586390400000,
    994.1837699719833
  ],
  [
    1586476800000,
    136.75870506634362
  ],
  [
    1586563200000,
    392.7253993162324
  ],
  [
    1586649600000,
    108.16539448893796
  ],
  [
    1586736000000,
    0.0885600633521523
  ],
  [
    1586822400000,
    27.31711756146951
  ],
  [
    1586908800000,
    2.986313273700239
  ],
  [
    1586995200000,
    8.595694375811739
  ],
  [
    1587081600000,
    3.6381567517029243
  ],
  [
    1587168000000,
    45.48453877965513
  ],
  [
    1587254400000,
    27.981369143377012
  ],
  [
    1587340800000,
    0.20122517960977584
  ],
  [
    1587427200000,
    16.470447701396743
  ],
  [
    1587513600000,
    86.92859368062113
  ],
  [
    1587600000000,
    19.23129333429
  ],
  [
    1587686400000,
    9.928898403507391
  ],
  [
    1587772800000,
    131.7847235593882
  ],
  [
    1587859200000,
    308.8830138744175
  ],
  [
    1587945600000,
    867.25832046902
  ],
  [
    1588032000000,
    77.27376557909915
  ],
  [
    1588118400000,
    146.34166253344605
  ],
  [
    1588204800000,
    818.4208964892762
  ],
  [
    1588291200000,
    105.64201489949197
  ],
  [
    1588377600000,
    117.0830482432219
  ],
  [
    1588464000000,
    22.819865295431732
  ],
  [
    1588550400000,
    10.428940928182977
  ],
  [
    1588636800000,
    526.7051967163942
  ],
  [
    1588723200000,
    206.62141693344685
  ],
  [
    1588809600000,
    939.6623495785166
  ],
  [
    1588896000000,
    134.7093397305157
  ],
  [
    1588982400000,
    22.70437242766275
  ],
  [
    1589068800000,
    38.83342720225133
  ],
  [
    1589155200000,
    53.32220811625433
  ],
  [
    1589241600000,
    61.00988414835175
  ],
  [
    1589328000000,
    86.63502067084326
  ],
  [
    1589414400000,
    230.272113607232
  ],
  [
    1589500800000,
    7.396132264627461
  ],
  [
    1589587200000,
    10.656006722347877
  ],
  [
    1589673600000,
    183.71235966643164
  ],
  [
    1589760000000,
    146.32376592531975
  ],
  [
    1589846400000,
    638.7509540169534
  ],
  [
    1589932800000,
    4.245795988602967
  ],
  [
    1590019200000,
    61.11132572098546
  ],
  [
    1590105600000,
    6.260210517217304
  ],
  [
    1590192000000,
    47.17046609128214
  ],
  [
    1590278400000,
    89.44447573331995
  ],
  [
    1590364800000,
    2380.501914933864
  ],
  [
    1590451200000,
    77.90084354622667
  ],
  [
    1590537600000,
    239.2790304649694
  ],
  [
    1590624000000,
    329.0669322898223
  ],
  [
    1590710400000,
    487.61148802660136
  ],
  [
    1590796800000,
    1107.6991654048563
  ],
  [
    1590883200000,
    21.537288628478564
  ],
  [
    1590969600000,
    767.2927771874928
  ],
  [
    1591056000000,
    57.256991442504884
  ],
  [
    1591142400000,
    87.02715961883884
  ],
  [
    1591228800000,
    11.595970137454696
  ],
  [
    1591315200000,
    146.85553528788475
  ],
  [
    1591401600000,
    39.28283445797859
  ],
  [
    1591488000000,
    21.9143502637409
  ],
  [
    1591574400000,
    861.3461494510747
  ],
  [
    1591660800000,
    669.8363360085546
  ],
  [
    1591747200000,
    3152.3015295035643
  ],
  [
    1591833600000,
    3625.643556145264
  ],
  [
    1591920000000,
    5465.171651070551
  ],
  [
    1592006400000,
    73.34726517498792
  ],
  [
    1592092800000,
    1703.835138572275
  ],
  [
    1592179200000,
    1350.7545592735428
  ],
  [
    1592265600000,
    604.048367064377
  ],
  [
    1592352000000,
    296.34669902517726
  ],
  [
    1592438400000,
    203.2421316356997
  ],
  [
    1592524800000,
    101.55230571730115
  ],
  [
    1592611200000,
    2066.85342875582
  ],
  [
    1592697600000,
    149.73241874870388
  ],
  [
    1592784000000,
    1301.6982750252323
  ],
  [
    1592870400000,
    4524.2511680703055
  ],
  [
    1592956800000,
    28559.84092479329
  ],
  [
    1593043200000,
    9281.978087906275
  ],
  [
    1593129600000,
    5931.341487845406
  ],
  [
    1593216000000,
    3995.7289038022927
  ],
  [
    1593302400000,
    6119.833960073311
  ],
  [
    1593388800000,
    669.61723469805
  ],
  [
    1593475200000,
    941.2441585196336
  ],
  [
    1593561600000,
    19812.513179804162
  ],
  [
    1593648000000,
    5503.801577939688
  ],
  [
    1593734400000,
    707.8699993210596
  ],
  [
    1593820800000,
    219.31359557217823
  ],
  [
    1593907200000,
    343.0215795260921
  ],
  [
    1593993600000,
    1564.5358074832827
  ],
  [
    1594080000000,
    3700.0876332608073
  ],
  [
    1594166400000,
    3015.738418253424
  ],
  [
    1594252800000,
    505.7790569876805
  ],
  [
    1594339200000,
    2.6953156188513203
  ],
  [
    1594425600000,
    0.003973210686235792
  ],
  [
    1594512000000,
    6390.374903506851
  ],
  [
    1594598400000,
    95.51053411164669
  ],
  [
    1594684800000,
    672.0347260332464
  ],
  [
    1594771200000,
    393.2725832815957
  ],
  [
    1594857600000,
    2593.1434434792477
  ],
  [
    1594944000000,
    3820.7471481707294
  ],
  [
    1595030400000,
    890.7697249554017
  ],
  [
    1595116800000,
    362.5789372024832
  ],
  [
    1595203200000,
    195.58802374598392
  ],
  [
    1595289600000,
    503.79158081739075
  ],
  [
    1595376000000,
    1090.623221002454
  ],
  [
    1595462400000,
    900.4176764960048
  ],
  [
    1595548800000,
    1834.392193561309
  ],
  [
    1595635200000,
    566.1011476668422
  ],
  [
    1595721600000,
    592.4162201935228
  ],
  [
    1595808000000,
    91.23894562477871
  ],
  [
    1595894400000,
    1922.6132224880007
  ],
  [
    1595980800000,
    277.56982918300605
  ],
  [
    1596067200000,
    135.8030057144588
  ],
  [
    1596153600000,
    492.96088447239777
  ],
  [
    1596240000000,
    1078.8092942519634
  ],
  [
    1596326400000,
    314.4029560071849
  ],
  [
    1596412800000,
    245.26094087101566
  ],
  [
    1596499200000,
    0.11054727576982999
  ],
  [
    1596585600000,
    529.6651636229226
  ],
  [
    1596672000000,
    366.3354135908667
  ],
  [
    1596758400000,
    1350.2423133708073
  ],
  [
    1596844800000,
    647.0284861022053
  ],
  [
    1596931200000,
    13.739420269656124
  ],
  [
    1597017600000,
    596.8298928732315
  ],
  [
    1597104000000,
    565.9460306749323
  ],
  [
    1597190400000,
    1.4359948919932246
  ],
  [
    1597276800000,
    79.09552824700003
  ],
  [
    1597363200000,
    423.7776214376535
  ],
  [
    1597449600000,
    305.990797895706
  ],
  [
    1597536000000,
    48.70204850064826
  ],
  [
    1597622400000,
    383.0860534357004
  ],
  [
    1597708800000,
    359.7613222921068
  ],
  [
    1597795200000,
    955.8816236120402
  ],
  [
    1597881600000,
    1293.8403928984758
  ],
  [
    1597968000000,
    796.2445235739262
  ],
  [
    1598054400000,
    624.7752985209545
  ],
  [
    1598140800000,
    250.79925971070728
  ],
  [
    1598227200000,
    258.627183792409
  ],
  [
    1598313600000,
    806.9253959298031
  ],
  [
    1598400000000,
    515.3608560093512
  ],
  [
    1598486400000,
    1900.7531028564522
  ],
  [
    1598572800000,
    2055.4131520823785
  ],
  [
    1598659200000,
    12040.43003980455
  ],
  [
    1598745600000,
    953.5280969377048
  ],
  [
    1598832000000,
    622.0852212997072
  ],
  [
    1598918400000,
    93.57921198340547
  ],
  [
    1599004800000,
    1258.6850914370436
  ],
  [
    1599091200000,
    2268.7352408155234
  ],
  [
    1599177600000,
    2468.6397575066635
  ],
  [
    1599264000000,
    388.1590572902785
  ],
  [
    1599350400000,
    69.83914192360825
  ],
  [
    1599436800000,
    219.88580686299474
  ],
  [
    1599523200000,
    645.6777511038938
  ],
  [
    1599609600000,
    271.08495820146305
  ],
  [
    1599696000000,
    561.7228340660714
  ],
  [
    1599782400000,
    43.31029701500589
  ],
  [
    1599868800000,
    78.8663800774685
  ],
  [
    1599955200000,
    171.13347980272906
  ],
  [
    1600041600000,
    7.298782469951196
  ],
  [
    1600128000000,
    11909.14890304299
  ],
  [
    1600214400000,
    17546.174581511437
  ],
  [
    1600300800000,
    1976.6401389779694
  ],
  [
    1600387200000,
    3.1288707341106456
  ],
  [
    1600473600000,
    519.8698981535443
  ],
  [
    1600560000000,
    230.27798254591752
  ],
  [
    1600646400000,
    1067.8736491112056
  ],
  [
    1600732800000,
    709.7483726032041
  ],
  [
    1600819200000,
    1883.974956963146
  ],
  [
    1600905600000,
    132.38843174865985
  ],
  [
    1600992000000,
    4996.049346540568
  ],
  [
    1601078400000,
    6290.909203880624
  ],
  [
    1601164800000,
    10.450575746496243
  ],
  [
    1601251200000,
    24.540151893733825
  ],
  [
    1601337600000,
    1.282971337687634
  ],
  [
    1601424000000,
    1456.108784769784
  ],
  [
    1601510400000,
    11.301526575187946
  ],
  [
    1601596800000,
    406.1276372231093
  ],
  [
    1601683200000,
    574.3754923582825
  ],
  [
    1601769600000,
    37.301003292785644
  ],
  [
    1601856000000,
    3582.077462953301
  ],
  [
    1601942400000,
    11.843890903263581
  ],
  [
    1602028800000,
    587.6391501291315
  ],
  [
    1602115200000,
    5.327745178491305
  ],
  [
    1602201600000,
    586.723597908608
  ],
  [
    1602288000000,
    765.9298611164203
  ],
  [
    1602374400000,
    2009.718506293389
  ],
  [
    1602460800000,
    1278.2187379675536
  ],
  [
    1602547200000,
    861.3553332100591
  ],
  [
    1602633600000,
    3535.2794493026977
  ],
  [
    1602720000000,
    12439.643354663198
  ],
  [
    1602806400000,
    2259.0082746279536
  ],
  [
    1602892800000,
    1253.159175517935
  ],
  [
    1602979200000,
    507.7940465901141
  ],
  [
    1603065600000,
    113.7406549264445
  ],
  [
    1603152000000,
    502.56651358825934
  ],
  [
    1603238400000,
    6156.677198344393
  ],
  [
    1603324800000,
    1075.1521798538236
  ],
  [
    1603411200000,
    172.9366699706179
  ],
  [
    1603497600000,
    601.6315626293948
  ],
  [
    1603584000000,
    7.185007245258468
  ],
  [
    1603670400000,
    13.014653488882626
  ],
  [
    1603756800000,
    6.6992955493122714
  ],
  [
    1603843200000,
    511.9172325664793
  ],
  [
    1603929600000,
    511.9172325664793
  ],
  [
    1604016000000,
    89.09082468849283
  ],
  [
    1604102400000,
    1.671650029427871
  ],
  [
    1604188800000,
    39.3872698970499
  ],
  [
    1604275200000,
    4.563720981882607
  ],
  [
    1604361600000,
    9.15813702999021
  ],
  [
    1604448000000,
    86.33232357095378
  ],
  [
    1604534400000,
    79.80376489759203
  ],
  [
    1604620800000,
    74.70436203949306
  ],
  [
    1604707200000,
    47.05095172215752
  ],
  [
    1604793600000,
    14.533393436792108
  ],
  [
    1604880000000,
    1.5848660595640442
  ],
  [
    1604966400000,
    0.1331001680002568
  ],
  [
    1605052800000,
    0.13122904482732772
  ],
  [
    1605139200000,
    326.403669413222
  ],
  [
    1605225600000,
    10.357319328393883
  ],
  [
    1605312000000,
    8.893458007053631
  ],
  [
    1605398400000,
    626.0908158709941
  ],
  [
    1605484800000,
    39.53217542654891
  ],
  [
    1605571200000,
    20.60312443915273
  ],
  [
    1605657600000,
    750.6061861421625
  ],
  [
    1605744000000,
    1346.06090801132
  ],
  [
    1605830400000,
    8469.36969376089
  ],
  [
    1605916800000,
    1261.2834291793665
  ],
  [
    1606003200000,
    60.562451181539124
  ],
  [
    1606089600000,
    13.025640862034912
  ],
  [
    1606176000000,
    1.0435693999404738
  ],
  [
    1606262400000,
    4.075829444150966
  ],
  [
    1606348800000,
    379.67972907601467
  ],
  [
    1606435200000,
    23.031545963476617
  ],
  [
    1606521600000,
    72.26790609713996
  ],
  [
    1606608000000,
    66.8757657109338
  ],
  [
    1606694400000,
    68.13064545530409
  ],
  [
    1606780800000,
    0.008519404926424372
  ],
  [
    1606867200000,
    19.885009143505393
  ],
  [
    1606953600000,
    9.715216513454363
  ],
  [
    1607040000000,
    26.177247186862907
  ],
  [
    1607126400000,
    26.177247186862907
  ],
  [
    1607212800000,
    49.51476551360503
  ],
  [
    1607299200000,
    176.2792275570602
  ],
  [
    1607385600000,
    37.37110693420288
  ],
  [
    1607472000000,
    28.923101778337113
  ],
  [
    1607558400000,
    55.38145459657591
  ],
  [
    1607644800000,
    15.295312272847571
  ],
  [
    1607731200000,
    41.747573738595165
  ],
  [
    1607817600000,
    41.747573738595165
  ],
  [
    1607904000000,
    66.62132542904065
  ],
  [
    1607990400000,
    65.81840387538855
  ],
  [
    1608076800000,
    74.32188126653024
  ],
  [
    1608163200000,
    255.99928839605926
  ],
  [
    1608249600000,
    470.71851713889913
  ],
  [
    1608336000000,
    22.155459934604973
  ],
  [
    1608422400000,
    26.51866625281107
  ],
  [
    1608508800000,
    5.562928388091213
  ],
  [
    1608595200000,
    49.489399760381424
  ],
  [
    1608681600000,
    18.252817601910742
  ],
  [
    1608768000000,
    460.2890337970803
  ],
  [
    1608854400000,
    154.29465437582905
  ],
  [
    1608940800000,
    96.3437777882677
  ],
  [
    1609027200000,
    105.63456268381404
  ],
  [
    1609113600000,
    6.423157144423102
  ],
  [
    1609200000000,
    1.7079984928715541
  ],
  [
    1609286400000,
    1.9767382314295765
  ],
  [
    1609372800000,
    1.4248928158281056
  ],
  [
    1609459200000,
    1.4248928158281056
  ],
  [
    1609545600000,
    4.92320282896452
  ],
  [
    1609632000000,
    44.86975313606203
  ],
  [
    1609718400000,
    0.9772997096418791
  ],
  [
    1609804800000,
    16.34353982396237
  ],
  [
    1609891200000,
    16.34353982396237
  ],
  [
    1609977600000,
    0.1883721262257468
  ],
  [
    1610064000000,
    1.6776982960463642
  ],
  [
    1610150400000,
    93.56100088069796
  ],
  [
    1610236800000,
    4.486594397557153
  ],
  [
    1610323200000,
    4.217282024617194
  ],
  [
    1610409600000,
    3.3796310302786563
  ],
  [
    1610496000000,
    0.06432717694868495
  ],
  [
    1610582400000,
    99.02996429779827
  ],
  [
    1610668800000,
    0.7322317920583783
  ],
  [
    1610755200000,
    232.34590766286578
  ],
  [
    1610841600000,
    25.057370141811575
  ],
  [
    1610928000000,
    4.179528375833384
  ],
  [
    1611014400000,
    13.345986068856691
  ],
  [
    1611100800000,
    0.5846963347540532
  ],
  [
    1611187200000,
    191.65316058984843
  ],
  [
    1611273600000,
    3.1698354786456138
  ],
  [
    1611360000000,
    0.8194846473835091
  ],
  [
    1611446400000,
    4.175792252192057
  ],
  [
    1611532800000,
    1.9484641704558208
  ],
  [
    1611619200000,
    5.743106081500513
  ],
  [
    1611705600000,
    5.743106081500513
  ],
  [
    1611792000000,
    23.22854628628087
  ],
  [
    1611878400000,
    0.06346063430383826
  ],
  [
    1611964800000,
    16.387448572450204
  ],
  [
    1612051200000,
    72.6788794578279
  ],
  [
    1612137600000,
    35.36111365812447
  ],
  [
    1612224000000,
    276.0408074679411
  ],
  [
    1612310400000,
    1.4865176426974378
  ],
  [
    1612396800000,
    104.52904672689951
  ],
  [
    1612483200000,
    88.67583700481421
  ],
  [
    1612569600000,
    79.16650657820021
  ],
  [
    1612656000000,
    0.09688128731105886
  ],
  [
    1612742400000,
    52.740208048982886
  ],
  [
    1612828800000,
    0.041042453188766766
  ],
  [
    1612915200000,
    9.94276972108883
  ],
  [
    1613001600000,
    21.85500348027425
  ],
  [
    1613088000000,
    168.21231702892
  ],
  [
    1613174400000,
    0.0022276838033573124
  ],
  [
    1613260800000,
    35.354931001595325
  ],
  [
    1613347200000,
    0.002483410284920438
  ],
  [
    1613433600000,
    1053.5886589927109
  ],
  [
    1613520000000,
    70.81770621302906
  ],
  [
    1613606400000,
    25.900176398399427
  ],
  [
    1613692800000,
    229.86384886122025
  ],
  [
    1613779200000,
    17.340728839217736
  ],
  [
    1613865600000,
    60.85215738189612
  ],
  [
    1613952000000,
    30.065355121449016
  ],
  [
    1614038400000,
    26.566104935553014
  ],
  [
    1614124800000,
    21.766746117208587
  ],
  [
    1614211200000,
    310.98434032164425
  ],
  [
    1614297600000,
    311.1900446628436
  ],
  [
    1614384000000,
    4.420056211091902
  ],
  [
    1614470400000,
    739.7099575148331
  ],
  [
    1614556800000,
    155.55425508679656
  ],
  [
    1614643200000,
    0.20887477111921335
  ],
  [
    1614729600000,
    62.934317909542024
  ],
  [
    1614816000000,
    64.40781797834752
  ],
  [
    1614902400000,
    0.0023973936568766983
  ],
  [
    1614988800000,
    2.3930833632464634
  ],
  [
    1615075200000,
    2.709243055442115
  ],
  [
    1615161600000,
    2.915986389380679
  ],
  [
    1615248000000,
    114.31624831449578
  ],
  [
    1615334400000,
    0.09136138355792536
  ],
  [
    1615420800000,
    66.11221901597388
  ],
  [
    1615507200000,
    32.77755946032415
  ],
  [
    1615593600000,
    32.77755946032415
  ],
  [
    1615680000000,
    0.09809290276286532
  ],
  [
    1615766400000,
    0.252526197114232
  ],
  [
    1615852800000,
    253.64199689740246
  ],
  [
    1615939200000,
    253.64199689740246
  ],
  [
    1616025600000,
    286.03814706993484
  ],
  [
    1616112000000,
    12.822277814424556
  ],
  [
    1616198400000,
    538.3673561009394
  ],
  [
    1616284800000,
    0.0024976058425468144
  ],
  [
    1616371200000,
    0.6809707469248517
  ],
  [
    1616457600000,
    0.6809707469248517
  ],
  [
    1616544000000,
    256.45112391652066
  ],
  [
    1616630400000,
    0.18956470838810457
  ],
  [
    1616716800000,
    215.89381072929345
  ],
  [
    1616803200000,
    5618.225692112615
  ],
  [
    1616889600000,
    1028.4303340864758
  ],
  [
    1616976000000,
    104.25465993869292
  ],
  [
    1617062400000,
    614.8048971133786
  ],
  [
    1617148800000,
    4026.8162349519343
  ],
  [
    1617235200000,
    7015.483117917895
  ],
  [
    1617321600000,
    3475.61845933317
  ],
  [
    1617408000000,
    2628.461181619956
  ],
  [
    1617494400000,
    1152.3276207830097
  ],
  [
    1617580800000,
    2155.6961193929087
  ],
  [
    1617667200000,
    652.1163063626012
  ],
  [
    1617753600000,
    844.7826101910666
  ],
  [
    1617840000000,
    22.178701156097166
  ],
  [
    1617926400000,
    1402.65645447061
  ],
  [
    1618012800000,
    471.14715790442386
  ],
  [
    1618099200000,
    7.623477739447749
  ],
  [
    1618185600000,
    288.08624734844557
  ],
  [
    1618272000000,
    552.765888167177
  ],
  [
    1618358400000,
    73.09799118656451
  ],
  [
    1618444800000,
    322.9183157396729
  ],
  [
    1618531200000,
    35.623127422886924
  ],
  [
    1618617600000,
    37.228766818654464
  ],
  [
    1618704000000,
    1.2447030605985212
  ],
  [
    1618790400000,
    4.366479826503225
  ],
  [
    1618876800000,
    1315.6764895157226
  ],
  [
    1618963200000,
    764.8352617536895
  ],
  [
    1619049600000,
    582.3901599696954
  ],
  [
    1619136000000,
    680.7958820540753
  ],
  [
    1619222400000,
    268.8539797126456
  ],
  [
    1619308800000,
    761.941256370533
  ],
  [
    1619395200000,
    88.44053089175475
  ],
  [
    1619481600000,
    56.99364532311316
  ],
  [
    1619568000000,
    7.179388243236606
  ],
  [
    1619654400000,
    0.394468727723798
  ],
  [
    1619740800000,
    30.33361997985793
  ],
  [
    1619827200000,
    1.5509756928048415
  ],
  [
    1619913600000,
    12.433557775283687
  ],
  [
    1620000000000,
    319.73926583758794
  ],
  [
    1620086400000,
    1405.881751207349
  ],
  [
    1620172800000,
    59.112960370088466
  ],
  [
    1620259200000,
    98.42571937218152
  ],
  [
    1620345600000,
    2.928708705323036
  ],
  [
    1620432000000,
    403.6357161254493
  ],
  [
    1620518400000,
    23.102541455452858
  ],
  [
    1620604800000,
    55.29164420321833
  ],
  [
    1620691200000,
    28.118490269978736
  ],
  [
    1620777600000,
    60.785901973910924
  ],
  [
    1620864000000,
    68.17139893657159
  ],
  [
    1620950400000,
    11.133932010320398
  ],
  [
    1621036800000,
    0.03377778707645047
  ],
  [
    1621123200000,
    470.3509979456619
  ],
  [
    1621209600000,
    0.08896103348714227
  ],
  [
    1621296000000,
    0.00232709893990369
  ],
  [
    1621382400000,
    0.5056884305849951
  ],
  [
    1621468800000,
    16.326524240883863
  ],
  [
    1621555200000,
    189.60863961305662
  ],
  [
    1621641600000,
    0.8783539104588642
  ],
  [
    1621728000000,
    0.48802759803574625
  ],
  [
    1621814400000,
    7.482898681326031
  ],
  [
    1621900800000,
    0.5251611299516451
  ],
  [
    1621987200000,
    134.0625436861582
  ],
  [
    1622073600000,
    9.909850823936138
  ],
  [
    1622160000000,
    45.48260667916793
  ],
  [
    1622246400000,
    0.007642028515852974
  ],
  [
    1622332800000,
    69.58042793720294
  ],
  [
    1622419200000,
    0.016666366658519567
  ],
  [
    1622505600000,
    62.41667189555245
  ],
  [
    1622592000000,
    18.6819876078023
  ],
  [
    1622678400000,
    134.8886356962066
  ],
  [
    1622764800000,
    16.18871005654368
  ],
  [
    1622851200000,
    10.423979168718645
  ],
  [
    1622937600000,
    4.10392583294292
  ],
  [
    1623024000000,
    235.23835391973893
  ],
  [
    1623110400000,
    57.65589515284732
  ],
  [
    1623196800000,
    0.04535107834918316
  ],
  [
    1623283200000,
    69.712878779148
  ],
  [
    1623369600000,
    0.0019453069692056469
  ],
  [
    1623456000000,
    0.0019453069692056469
  ],
  [
    1623542400000,
    9.52827006948475
  ],
  [
    1623628800000,
    9.062910864753654
  ],
  [
    1623715200000,
    315.57582671616143
  ],
  [
    1623801600000,
    265.02536349999184
  ],
  [
    1623888000000,
    0.3318772526238634
  ],
  [
    1623974400000,
    8.22935198230389
  ],
  [
    1624060800000,
    612.8080353072035
  ],
  [
    1624147200000,
    0.05910414907183136
  ],
  [
    1624233600000,
    0.0019116299382832675
  ],
  [
    1624320000000,
    12.449415501081862
  ],
  [
    1624406400000,
    12.449415501081862
  ],
  [
    1624492800000,
    0.0016401566877942008
  ],
  [
    1624579200000,
    35.72014643069675
  ],
  [
    1624665600000,
    27.239670277056593
  ],
  [
    1624838400000,
    0.3489962823789965
  ],
  [
    1624924800000,
    0.3489962823789965
  ],
  [
    1625011200000,
    187.96388433599563
  ],
  [
    1625097600000,
    17.034873155072592
  ],
  [
    1625184000000,
    347.75231923262976
  ],
  [
    1625270400000,
    9.873909553999564
  ],
  [
    1625356800000,
    52.40563390049091
  ],
  [
    1625443200000,
    61.466504525870754
  ],
  [
    1625529600000,
    11.620506583288664
  ],
  [
    1625616000000,
    18.418141418681778
  ],
  [
    1625702400000,
    19.483164025289366
  ],
  [
    1625788800000,
    13.255509653870341
  ],
  [
    1625875200000,
    15.61385563682918
  ],
  [
    1625961600000,
    60.7356859759147
  ],
  [
    1626048000000,
    4.221949357137502
  ],
  [
    1626134400000,
    1.1349794689721016
  ],
  [
    1626220800000,
    135.95093894650728
  ],
  [
    1626393600000,
    107.65811251731274
  ],
  [
    1626480000000,
    107.65811251731274
  ],
  [
    1626566400000,
    0.08049704886625228
  ],
  [
    1626652800000,
    178.7153731830552
  ],
  [
    1626739200000,
    82.26519847867468
  ],
  [
    1626825600000,
    0.04658342498470723
  ],
  [
    1626912000000,
    15.03705047481902
  ],
  [
    1626998400000,
    32.19308602696414
  ],
  [
    1627084800000,
    17.054865087976115
  ],
  [
    1627171200000,
    7.191634975877225
  ],
  [
    1627257600000,
    0.06551906201594208
  ],
  [
    1627344000000,
    8.048908787156279
  ],
  [
    1627430400000,
    16.336214976755883
  ],
  [
    1627516800000,
    8.387008001227834
  ],
  [
    1627603200000,
    8.324447097425626
  ],
  [
    1627689600000,
    14.800377148620813
  ],
  [
    1627776000000,
    87.68303130655734
  ],
  [
    1627862400000,
    17.463307773412215
  ],
  [
    1627948800000,
    82.60965400265712
  ],
  [
    1628035200000,
    51.882101705441464
  ],
  [
    1628121600000,
    117.24905945735193
  ],
  [
    1628208000000,
    193.02516093698486
  ],
  [
    1628294400000,
    650.4813500302961
  ],
  [
    1628380800000,
    650.4813500302961
  ],
  [
    1628467200000,
    13.329438143066417
  ],
  [
    1628553600000,
    189.61499997909766
  ],
  [
    1628640000000,
    137.0623127786422
  ],
  [
    1628726400000,
    254.2785954986334
  ],
  [
    1628812800000,
    260.8916534257742
  ],
  [
    1628899200000,
    36.398337956253904
  ],
  [
    1628985600000,
    6.898598053086287
  ],
  [
    1629072000000,
    6.832465168727166
  ],
  [
    1629158400000,
    51.84298031930996
  ],
  [
    1629244800000,
    1.1012351104970721
  ],
  [
    1629331200000,
    90.13237660393591
  ],
  [
    1629417600000,
    0.000010353113037350826
  ],
  [
    1629504000000,
    0.000010353113037350826
  ],
  [
    1629590400000,
    0.06667297313466324
  ],
  [
    1629676800000,
    18.544954003949034
  ],
  [
    1629763200000,
    78.47334305760128
  ],
  [
    1629849600000,
    58.612351056688766
  ],
  [
    1629936000000,
    58.612351056688766
  ],
  [
    1630022400000,
    0.004030167111141052
  ],
  [
    1630108800000,
    83.82639665789027
  ],
  [
    1630195200000,
    18.116321680872357
  ],
  [
    1630281600000,
    221.7418242395337
  ],
  [
    1630368000000,
    5.280962928168782
  ],
  [
    1630454400000,
    0.0037001262969103836
  ],
  [
    1630540800000,
    0.038517186021883705
  ],
  [
    1630627200000,
    295.9989166121118
  ]
]