[
  [
    1620345600000,
    2627970.9347255034
  ],
  [
    1620432000000,
    2627970.9347255034
  ],
  [
    1620518400000,
    2116142.0025252267
  ],
  [
    1620604800000,
    2177374.690951663
  ],
  [
    1620691200000,
    2009458.9594788887
  ],
  [
    1620777600000,
    1721522.0643844048
  ],
  [
    1620864000000,
    1554424.7797695077
  ],
  [
    1620950400000,
    947181.9091201393
  ],
  [
    1621036800000,
    2850224.438391783
  ],
  [
    1621123200000,
    1666130.8013532753
  ],
  [
    1621209600000,
    1036284.4669044532
  ],
  [
    1621296000000,
    1814274.333705652
  ],
  [
    1621382400000,
    1215731.1533385715
  ],
  [
    1621468800000,
    757150.3324538078
  ],
  [
    1621555200000,
    793702.728917115
  ],
  [
    1621641600000,
    528971.6792026858
  ],
  [
    1621728000000,
    468504.7547125265
  ],
  [
    1621814400000,
    420325.05130147864
  ],
  [
    1621900800000,
    416336.4854543546
  ],
  [
    1621987200000,
    418904.88119941927
  ],
  [
    1622073600000,
    609803.1320431827
  ],
  [
    1622160000000,
    576224.060634819
  ],
  [
    1622246400000,
    408699.88648271677
  ],
  [
    1622332800000,
    343792.10938544373
  ],
  [
    1622419200000,
    309950.93126884475
  ],
  [
    1622505600000,
    604136.3031287139
  ],
  [
    1622592000000,
    786185.4837765543
  ],
  [
    1622678400000,
    597101.5546275872
  ],
  [
    1622764800000,
    513793.19334495126
  ],
  [
    1622851200000,
    466151.09680378565
  ],
  [
    1622937600000,
    426600.0123968354
  ],
  [
    1623024000000,
    400698.2543253823
  ],
  [
    1623110400000,
    310250.6704181203
  ],
  [
    1623196800000,
    490438.7431202622
  ],
  [
    1623283200000,
    412702.8049869956
  ],
  [
    1623369600000,
    315849.9130009967
  ],
  [
    1623456000000,
    200509.41003249338
  ],
  [
    1623542400000,
    200195.01315253053
  ],
  [
    1623628800000,
    221320.09015341
  ],
  [
    1623715200000,
    269504.0510836899
  ],
  [
    1623801600000,
    330793.21137826063
  ],
  [
    1623888000000,
    156856.95366476313
  ],
  [
    1623974400000,
    155964.27766215242
  ],
  [
    1624060800000,
    140087.41342709598
  ],
  [
    1624147200000,
    192957.85115556244
  ],
  [
    1624233600000,
    386628.8826135824
  ],
  [
    1624320000000,
    304292.15468674153
  ],
  [
    1624406400000,
    312269.3837133239
  ],
  [
    1624492800000,
    284290.4349015349
  ],
  [
    1624579200000,
    138681.42624265968
  ],
  [
    1624665600000,
    164376.127672477
  ],
  [
    1624752000000,
    276364.39167972247
  ],
  [
    1624838400000,
    98176.17377048597
  ],
  [
    1624924800000,
    197316.5828986502
  ],
  [
    1625011200000,
    230231.98732429394
  ],
  [
    1625097600000,
    228028.66364613845
  ],
  [
    1625184000000,
    440918.1173009721
  ],
  [
    1625270400000,
    154678.98652956073
  ],
  [
    1625356800000,
    97980.76420759021
  ],
  [
    1625443200000,
    227680.52699657035
  ],
  [
    1625529600000,
    283085.16405060573
  ],
  [
    1625616000000,
    286749.22598836944
  ],
  [
    1625702400000,
    208389.01948912992
  ],
  [
    1625788800000,
    130102.90538705843
  ],
  [
    1625875200000,
    201547.72268057198
  ],
  [
    1625961600000,
    87779.06062048458
  ],
  [
    1626048000000,
    964845.7449731177
  ],
  [
    1626134400000,
    584082.1812176637
  ],
  [
    1626220800000,
    169848.0496722489
  ],
  [
    1626307200000,
    304270.71843201504
  ],
  [
    1626393600000,
    148992.34265638117
  ],
  [
    1626480000000,
    162829.70055670486
  ],
  [
    1626566400000,
    104604.56449774807
  ],
  [
    1626652800000,
    66494.23394881803
  ],
  [
    1626739200000,
    159591.0942454296
  ],
  [
    1626825600000,
    117482.5346258814
  ],
  [
    1626912000000,
    175398.48453274576
  ],
  [
    1626998400000,
    62944.37376855913
  ],
  [
    1627084800000,
    228586.7305788953
  ],
  [
    1627171200000,
    296276.2611046361
  ],
  [
    1627257600000,
    49562.9790023319
  ],
  [
    1627344000000,
    166715.40251631697
  ],
  [
    1627430400000,
    101988.43922159266
  ],
  [
    1627516800000,
    107249.62668435808
  ],
  [
    1627603200000,
    75916.67783119234
  ],
  [
    1627689600000,
    76571.79026369138
  ],
  [
    1627776000000,
    61478.00310628034
  ],
  [
    1627862400000,
    187673.16097589178
  ],
  [
    1627948800000,
    207143.99016143085
  ],
  [
    1628035200000,
    299657.2710503528
  ],
  [
    1628121600000,
    485993.32796816144
  ],
  [
    1628208000000,
    805355.9708176854
  ],
  [
    1628294400000,
    685672.2549541709
  ],
  [
    1628380800000,
    681490.0665915608
  ],
  [
    1628467200000,
    475045.2002187128
  ],
  [
    1628553600000,
    512524.37985595217
  ],
  [
    1628640000000,
    389758.47379217535
  ],
  [
    1628726400000,
    837443.510327038
  ],
  [
    1628812800000,
    467650.5924439126
  ],
  [
    1628899200000,
    542955.3919880276
  ],
  [
    1628985600000,
    549375.7366209562
  ],
  [
    1629072000000,
    545988.94597062
  ],
  [
    1629158400000,
    542711.4058134691
  ],
  [
    1629244800000,
    636498.1557333836
  ],
  [
    1629331200000,
    774261.8967897135
  ],
  [
    1629417600000,
    611964.7062436851
  ],
  [
    1629504000000,
    2315413.2187953633
  ],
  [
    1629590400000,
    3123992.079293892
  ],
  [
    1629676800000,
    6547401.260672292
  ],
  [
    1629763200000,
    3003772.182169363
  ],
  [
    1629849600000,
    1438054.9242898016
  ],
  [
    1629936000000,
    1512763.9407238
  ],
  [
    1630022400000,
    2117419.795933906
  ],
  [
    1630108800000,
    12007854.11646122
  ],
  [
    1630195200000,
    25417477.487729747
  ],
  [
    1630281600000,
    24173934.712206073
  ],
  [
    1630368000000,
    10219857.814455323
  ],
  [
    1630454400000,
    7979539.6127751665
  ],
  [
    1630540800000,
    5395235.424404144
  ],
  [
    1630627200000,
    2342139.100125945
  ]
]