[
  [
    1616198400000,
    0
  ],
  [
    1616284800000,
    0
  ],
  [
    1616371200000,
    0
  ],
  [
    1616457600000,
    480541.0873647299
  ],
  [
    1616544000000,
    439758.54746696027
  ],
  [
    1616630400000,
    593533.2142157402
  ],
  [
    1616716800000,
    450887.3220049226
  ],
  [
    1616803200000,
    434616.49259038694
  ],
  [
    1616889600000,
    375558.493243282
  ],
  [
    1616976000000,
    277207.02963861794
  ],
  [
    1617062400000,
    277570.078945099
  ],
  [
    1617148800000,
    225506.87375917292
  ],
  [
    1617235200000,
    232944.93309295096
  ],
  [
    1617321600000,
    286271.10681341495
  ],
  [
    1617408000000,
    270594.77212047577
  ],
  [
    1617494400000,
    228622.5519145951
  ],
  [
    1617580800000,
    216708.64568282032
  ],
  [
    1617667200000,
    248441.0978983093
  ],
  [
    1617753600000,
    255312.68389951604
  ],
  [
    1617840000000,
    184547.7043772096
  ],
  [
    1617926400000,
    155325.8935360887
  ],
  [
    1618012800000,
    134278.41004826842
  ],
  [
    1618099200000,
    134586.6161764109
  ],
  [
    1618185600000,
    128461.08661603146
  ],
  [
    1618272000000,
    129949.95348686802
  ],
  [
    1618358400000,
    120606.82159705975
  ],
  [
    1618444800000,
    121511.9839789795
  ],
  [
    1623888000000,
    358728.4978565719
  ],
  [
    1623974400000,
    358728.4978565719
  ]
]