[
  [
    1547078400000,
    88103.26700343932
  ],
  [
    1547164800000,
    1816.9774815776682
  ],
  [
    1547251200000,
    77359.84109829791
  ],
  [
    1547337600000,
    56502.04531762398
  ],
  [
    1547424000000,
    202830.39624075443
  ],
  [
    1547510400000,
    80576.8461305801
  ],
  [
    1547596800000,
    187455.5139302495
  ],
  [
    1547683200000,
    146812.31245634833
  ],
  [
    1547769600000,
    114025.51189721166
  ],
  [
    1547856000000,
    184458.2909630774
  ],
  [
    1547942400000,
    363.426197607938
  ],
  [
    1548028800000,
    62236.528967189864
  ],
  [
    1548115200000,
    54144.83294638867
  ],
  [
    1548201600000,
    72082.89448157836
  ],
  [
    1548288000000,
    53215.259469604964
  ],
  [
    1548374400000,
    53032.829804875124
  ],
  [
    1548460800000,
    2755.2067210224704
  ],
  [
    1548547200000,
    2752.4948196532173
  ],
  [
    1548633600000,
    2751.696693829931
  ],
  [
    1548720000000,
    942.8238381878002
  ],
  [
    1548806400000,
    91.39081678749596
  ],
  [
    1548892800000,
    2438.703968342694
  ],
  [
    1548979200000,
    2558.0153547951954
  ],
  [
    1549065600000,
    45815.49630722914
  ],
  [
    1549152000000,
    384.363357971318
  ],
  [
    1549238400000,
    998.4099646040298
  ],
  [
    1549324800000,
    0.7079186674261125
  ],
  [
    1549411200000,
    99212.537830314
  ],
  [
    1549584000000,
    62486.01356183891
  ],
  [
    1549670400000,
    67251.3157229354
  ],
  [
    1549756800000,
    37214.97918637607
  ],
  [
    1549843200000,
    37184.38193473348
  ],
  [
    1549929600000,
    178.25844838170588
  ],
  [
    1550016000000,
    36217.97510965641
  ],
  [
    1550102400000,
    40432.31367378246
  ],
  [
    1550188800000,
    135.62057698240372
  ],
  [
    1550275200000,
    134.95835366950107
  ],
  [
    1550361600000,
    18463.536205869143
  ],
  [
    1550448000000,
    51.937614383668276
  ],
  [
    1550534400000,
    52311.79561837634
  ],
  [
    1550620800000,
    31951.425360487512
  ],
  [
    1550707200000,
    25803.677442658784
  ],
  [
    1550793600000,
    26738.448755299727
  ],
  [
    1550880000000,
    24502.29732802308
  ],
  [
    1550966400000,
    27006.85898728392
  ],
  [
    1551052800000,
    30562.598677772115
  ],
  [
    1551139200000,
    27475.02047895379
  ],
  [
    1551225600000,
    89084.67263756793
  ],
  [
    1551312000000,
    25540.761352934947
  ],
  [
    1551398400000,
    23276.896860013356
  ],
  [
    1551484800000,
    24440.123285531346
  ],
  [
    1551571200000,
    17584.277457835364
  ],
  [
    1551657600000,
    21340.683010848486
  ],
  [
    1551744000000,
    19951.608757976173
  ],
  [
    1551830400000,
    20737.885461795704
  ],
  [
    1551916800000,
    18974.59082664117
  ],
  [
    1552003200000,
    17477.01814574412
  ],
  [
    1552089600000,
    21434.536445625614
  ],
  [
    1552176000000,
    27302.736474808007
  ],
  [
    1552262400000,
    18269.454154016006
  ],
  [
    1552348800000,
    28515.05502834768
  ],
  [
    1552435200000,
    21748.171701056057
  ],
  [
    1552521600000,
    24926.57204974149
  ],
  [
    1552608000000,
    24672.096606298175
  ],
  [
    1552694400000,
    27656.15313441385
  ],
  [
    1552780800000,
    22659.934818553484
  ],
  [
    1552867200000,
    24979.7308760088
  ],
  [
    1552953600000,
    24455.880235227825
  ],
  [
    1553040000000,
    27562.761469154466
  ],
  [
    1553126400000,
    22174.095182726713
  ],
  [
    1553212800000,
    30446.072764236258
  ],
  [
    1553299200000,
    28827.906280976375
  ],
  [
    1553385600000,
    23124.73282443166
  ],
  [
    1553472000000,
    29599.199270366134
  ],
  [
    1553558400000,
    24690.474541955533
  ],
  [
    1553644800000,
    33367.64864110682
  ],
  [
    1553731200000,
    28604.29798192005
  ],
  [
    1553817600000,
    27724.40466950736
  ],
  [
    1553904000000,
    24758.08637865756
  ],
  [
    1553990400000,
    27274.306383206833
  ],
  [
    1554076800000,
    26091.64817734081
  ],
  [
    1554163200000,
    32358.316813627094
  ],
  [
    1554249600000,
    29936.05358714863
  ],
  [
    1554336000000,
    248411.2041002151
  ],
  [
    1554422400000,
    188032.9864122911
  ],
  [
    1554508800000,
    191206.62333829538
  ],
  [
    1554595200000,
    240371.87994024568
  ],
  [
    1554681600000,
    271581.6088856963
  ],
  [
    1554768000000,
    440807.9475048942
  ],
  [
    1554854400000,
    506342.34863417526
  ],
  [
    1554940800000,
    494896.1895977102
  ],
  [
    1555027200000,
    394022.0038856692
  ],
  [
    1555113600000,
    443649.01540557743
  ],
  [
    1555200000000,
    430051.542949374
  ],
  [
    1555286400000,
    406707.08869173337
  ],
  [
    1555372800000,
    374549.5785540348
  ],
  [
    1555459200000,
    519682.02353149746
  ],
  [
    1555545600000,
    389964.3752951035
  ],
  [
    1555632000000,
    308059.998233572
  ],
  [
    1555718400000,
    254355.9462819089
  ],
  [
    1555804800000,
    221795.52625031912
  ],
  [
    1555891200000,
    236776.98446745254
  ],
  [
    1555977600000,
    209163.1954441515
  ],
  [
    1556064000000,
    252876.0697382409
  ],
  [
    1556150400000,
    242136.3375912472
  ],
  [
    1556236800000,
    260614.20576761104
  ],
  [
    1556323200000,
    245055.22865304272
  ],
  [
    1556409600000,
    249730.44381759615
  ],
  [
    1556496000000,
    214358.56460572794
  ],
  [
    1556582400000,
    247421.32886457135
  ],
  [
    1556668800000,
    223729.68459799
  ],
  [
    1556755200000,
    185855.36532511289
  ],
  [
    1556841600000,
    161325.78199397193
  ],
  [
    1556928000000,
    218004.55433675574
  ],
  [
    1557014400000,
    224281.14856885216
  ],
  [
    1557100800000,
    242136.08258183554
  ],
  [
    1557187200000,
    260686.73136904102
  ],
  [
    1557273600000,
    265875.9850837384
  ],
  [
    1557360000000,
    226343.03113176403
  ],
  [
    1557446400000,
    230375.63666676276
  ],
  [
    1557532800000,
    281096.3541066978
  ],
  [
    1557619200000,
    262005.98347744398
  ],
  [
    1557705600000,
    249480.28774837207
  ],
  [
    1557792000000,
    204022.907096345
  ],
  [
    1557878400000,
    204690.47966565366
  ],
  [
    1557964800000,
    247298.090514663
  ],
  [
    1558051200000,
    233811.06443668064
  ],
  [
    1558137600000,
    236563.19635967203
  ],
  [
    1558224000000,
    248386.8039081364
  ],
  [
    1558310400000,
    257877.79197652938
  ],
  [
    1558396800000,
    244982.9243633886
  ],
  [
    1558483200000,
    246801.74157415857
  ],
  [
    1558569600000,
    228308.1624374684
  ],
  [
    1558656000000,
    246641.37862493427
  ],
  [
    1558742400000,
    239713.61654805054
  ],
  [
    1558828800000,
    233032.66109392702
  ],
  [
    1558915200000,
    241717.72700892857
  ],
  [
    1559001600000,
    215512.21356644062
  ],
  [
    1559088000000,
    244166.12642451638
  ],
  [
    1559174400000,
    276606.35644870246
  ],
  [
    1559260800000,
    289436.7888517159
  ],
  [
    1559347200000,
    217601.89182609646
  ],
  [
    1559433600000,
    190580.69708779795
  ],
  [
    1559520000000,
    195771.33916696507
  ],
  [
    1559606400000,
    193903.2269439099
  ],
  [
    1559692800000,
    205325.294772094
  ],
  [
    1559779200000,
    195473.3412079341
  ],
  [
    1559865600000,
    161535.51752168217
  ],
  [
    1559952000000,
    139623.05380278768
  ],
  [
    1560038400000,
    137051.82906068707
  ],
  [
    1560124800000,
    129049.6064577923
  ],
  [
    1560211200000,
    149077.217395226
  ],
  [
    1560297600000,
    165476.38073407486
  ],
  [
    1560384000000,
    144507.93056529193
  ],
  [
    1560470400000,
    150086.45189096156
  ],
  [
    1560556800000,
    144546.07637058423
  ],
  [
    1560643200000,
    164605.80045064326
  ],
  [
    1560729600000,
    181684.20085769997
  ],
  [
    1560816000000,
    173431.7178367187
  ],
  [
    1560902400000,
    185893.7370220588
  ],
  [
    1560988800000,
    173950.92804611937
  ],
  [
    1561075200000,
    167829.25955465643
  ],
  [
    1561161600000,
    131773.97643744748
  ],
  [
    1561248000000,
    127560.48689356569
  ],
  [
    1561334400000,
    124876.89271578421
  ],
  [
    1561420800000,
    130309.68241392169
  ],
  [
    1561507200000,
    122612.44196936004
  ],
  [
    1561593600000,
    123632.65998106224
  ],
  [
    1561680000000,
    120590.39007004394
  ],
  [
    1561766400000,
    124780.86273157239
  ],
  [
    1561852800000,
    169143.2916086183
  ],
  [
    1561939200000,
    246338.6875076363
  ],
  [
    1562025600000,
    125442.43987045852
  ],
  [
    1562112000000,
    137972.33497572405
  ],
  [
    1562198400000,
    209381.17877328448
  ],
  [
    1562284800000,
    157462.95289968385
  ],
  [
    1562371200000,
    255695.57387356824
  ],
  [
    1562457600000,
    145393.2436477064
  ],
  [
    1562544000000,
    383085.10130896705
  ],
  [
    1562630400000,
    149848.63018577854
  ],
  [
    1562716800000,
    233168.35087243738
  ],
  [
    1562803200000,
    583643.8469203776
  ],
  [
    1562889600000,
    1205788.7283369757
  ],
  [
    1562976000000,
    156119.66173378713
  ],
  [
    1563062400000,
    138461.65506131877
  ],
  [
    1563148800000,
    112874.78301287895
  ],
  [
    1563235200000,
    141135.858740775
  ],
  [
    1563321600000,
    110458.32070251282
  ],
  [
    1563408000000,
    118398.28720112078
  ],
  [
    1563494400000,
    146230.2609363651
  ],
  [
    1563580800000,
    145110.35823178143
  ],
  [
    1563667200000,
    152731.4886355447
  ],
  [
    1563753600000,
    126025.23073976078
  ],
  [
    1563840000000,
    133489.0187193788
  ],
  [
    1563926400000,
    134582.4147067209
  ],
  [
    1564012800000,
    111485.21747623885
  ],
  [
    1564099200000,
    130221.27872018414
  ],
  [
    1564185600000,
    118304.06043090168
  ],
  [
    1564272000000,
    111848.12891476034
  ],
  [
    1564358400000,
    110287.20682072171
  ],
  [
    1564444800000,
    130554.75975956397
  ],
  [
    1564531200000,
    122050.48379521136
  ],
  [
    1564617600000,
    141083.9442458962
  ],
  [
    1564704000000,
    146874.85395655225
  ],
  [
    1564790400000,
    166478.87888757445
  ],
  [
    1564876800000,
    154143.31412566008
  ],
  [
    1564963200000,
    148713.13284461803
  ],
  [
    1565049600000,
    160381.4831679133
  ],
  [
    1565136000000,
    153386.72007371348
  ],
  [
    1565222400000,
    148555.6447214216
  ],
  [
    1565308800000,
    141589.39051534535
  ],
  [
    1565395200000,
    125102.65104520175
  ],
  [
    1565481600000,
    116515.93647393787
  ],
  [
    1565568000000,
    131875.11268764726
  ],
  [
    1565654400000,
    126276.22709917637
  ],
  [
    1565740800000,
    118153.68528409844
  ],
  [
    1565827200000,
    127166.26077128679
  ],
  [
    1565913600000,
    122120.95027240296
  ],
  [
    1566000000000,
    122874.57021335581
  ],
  [
    1566086400000,
    117091.4135643926
  ],
  [
    1566172800000,
    118287.0063446855
  ],
  [
    1566259200000,
    139688.5793112255
  ],
  [
    1566345600000,
    143546.41368556654
  ],
  [
    1566432000000,
    131922.28999663258
  ],
  [
    1566518400000,
    150479.57205894345
  ],
  [
    1566604800000,
    151062.66688466867
  ],
  [
    1566691200000,
    121895.18994933472
  ],
  [
    1566777600000,
    116233.52861602565
  ],
  [
    1566864000000,
    113339.83566126021
  ],
  [
    1566950400000,
    119521.80272198832
  ],
  [
    1567036800000,
    117518.16283085234
  ],
  [
    1567123200000,
    118138.51776676971
  ],
  [
    1567209600000,
    88273.78786470817
  ],
  [
    1567296000000,
    59867.265657692886
  ],
  [
    1567382400000,
    71179.02035937701
  ],
  [
    1567468800000,
    63884.19670800921
  ],
  [
    1567555200000,
    52153.37722969508
  ],
  [
    1567641600000,
    56918.99800421014
  ],
  [
    1567728000000,
    52264.3476585873
  ],
  [
    1567814400000,
    56773.9048530961
  ],
  [
    1567900800000,
    59709.12792107234
  ],
  [
    1567987200000,
    44225.82132388211
  ],
  [
    1568073600000,
    66856.50026658649
  ],
  [
    1568160000000,
    66620.85590664156
  ],
  [
    1568246400000,
    56156.27129632372
  ],
  [
    1568332800000,
    48638.673211060384
  ],
  [
    1568419200000,
    49544.318453007785
  ],
  [
    1568505600000,
    46477.32863341888
  ],
  [
    1568592000000,
    45237.76942670926
  ],
  [
    1568678400000,
    59074.84795593848
  ],
  [
    1568764800000,
    58124.62941719185
  ],
  [
    1568851200000,
    76344.51103702879
  ],
  [
    1568937600000,
    62528.649859881014
  ],
  [
    1569024000000,
    92600.07658191718
  ],
  [
    1569110400000,
    89334.49257536506
  ],
  [
    1569196800000,
    68506.50507997308
  ],
  [
    1569283200000,
    145854.38297141177
  ],
  [
    1569369600000,
    164012.43104072806
  ],
  [
    1569456000000,
    174139.31870742672
  ],
  [
    1569542400000,
    170464.34293436297
  ],
  [
    1569628800000,
    164055.5637698685
  ],
  [
    1569715200000,
    146453.76901710292
  ],
  [
    1569801600000,
    159680.77479642612
  ],
  [
    1569888000000,
    164994.29982555288
  ],
  [
    1569974400000,
    148103.0237985321
  ],
  [
    1570060800000,
    148103.0237985321
  ],
  [
    1570147200000,
    148255.1013322625
  ],
  [
    1570233600000,
    148778.09364118692
  ],
  [
    1570320000000,
    125938.53520408957
  ],
  [
    1570406400000,
    146685.712429368
  ],
  [
    1570492800000,
    150288.78022999218
  ],
  [
    1570579200000,
    159856.23422219584
  ],
  [
    1570665600000,
    144230.6804984809
  ],
  [
    1570752000000,
    147560.6816371194
  ],
  [
    1570838400000,
    112021.61318106254
  ],
  [
    1570924800000,
    146094.07327386472
  ],
  [
    1571011200000,
    157691.19322163973
  ],
  [
    1571097600000,
    163339.75684456583
  ],
  [
    1571184000000,
    137877.98034724063
  ],
  [
    1571270400000,
    157414.15927964338
  ],
  [
    1571356800000,
    163767.75845510743
  ],
  [
    1571443200000,
    140602.62853225684
  ],
  [
    1571529600000,
    136618.21602758896
  ],
  [
    1571616000000,
    122804.29625119964
  ],
  [
    1571702400000,
    146427.61030040224
  ],
  [
    1571788800000,
    153116.6162398656
  ],
  [
    1571875200000,
    137143.50979810668
  ],
  [
    1571961600000,
    145259.1323850742
  ],
  [
    1572048000000,
    133519.67225627686
  ],
  [
    1572134400000,
    125472.65237690037
  ],
  [
    1572220800000,
    132514.45653752453
  ],
  [
    1572307200000,
    132092.3060428538
  ],
  [
    1572393600000,
    159570.31281750122
  ],
  [
    1572480000000,
    135166.46952477525
  ],
  [
    1572566400000,
    123719.04697651904
  ],
  [
    1572652800000,
    139531.90087369652
  ],
  [
    1572739200000,
    127650.3103587403
  ],
  [
    1572825600000,
    114869.51173603567
  ],
  [
    1572912000000,
    73744.14496454173
  ],
  [
    1572998400000,
    2959.1536550209617
  ],
  [
    1573084800000,
    2754.5259035035556
  ],
  [
    1573171200000,
    3510.9922329262486
  ],
  [
    1573257600000,
    8948.254568415625
  ],
  [
    1573344000000,
    3305.4566352222905
  ],
  [
    1573430400000,
    3306.3311986049844
  ],
  [
    1573516800000,
    3259.4456541051104
  ],
  [
    1573603200000,
    961.4523563520252
  ],
  [
    1573689600000,
    1001.6156705437525
  ],
  [
    1573776000000,
    9420.356427942575
  ],
  [
    1573862400000,
    12475.151879796198
  ],
  [
    1573948800000,
    4674.063926452324
  ],
  [
    1574035200000,
    15.476708974904312
  ],
  [
    1574121600000,
    6904.671938280176
  ],
  [
    1574208000000,
    20180.786783547945
  ],
  [
    1574294400000,
    12924.732702125999
  ],
  [
    1574380800000,
    17835.282574265504
  ],
  [
    1574467200000,
    13565.125920474458
  ],
  [
    1574553600000,
    318.056676756657
  ],
  [
    1574640000000,
    49.45820571801753
  ],
  [
    1574726400000,
    429.5724769711338
  ],
  [
    1574812800000,
    693.2931829714018
  ],
  [
    1574899200000,
    668.8855695775247
  ],
  [
    1574985600000,
    7.953731281291699
  ],
  [
    1575072000000,
    494.8379992139589
  ],
  [
    1575158400000,
    3.2593583964249833
  ],
  [
    1575244800000,
    216.5108400255792
  ],
  [
    1575331200000,
    503.9944378595108
  ],
  [
    1575417600000,
    222.50396010935899
  ],
  [
    1575504000000,
    51.377440513712294
  ],
  [
    1575590400000,
    33843.585809410746
  ],
  [
    1575676800000,
    82133.6256989746
  ],
  [
    1575763200000,
    76525.60501062714
  ],
  [
    1575849600000,
    72613.33144270377
  ],
  [
    1575936000000,
    74679.96397738339
  ],
  [
    1576022400000,
    62916.819632148814
  ],
  [
    1576108800000,
    70135.79018535191
  ],
  [
    1576195200000,
    61020.60355258258
  ],
  [
    1576281600000,
    59824.6688064828
  ],
  [
    1576368000000,
    59692.30228281882
  ],
  [
    1576454400000,
    57720.00481741692
  ],
  [
    1576540800000,
    60577.69865924538
  ],
  [
    1576627200000,
    55972.32552983081
  ],
  [
    1576713600000,
    50733.227780162255
  ],
  [
    1576800000000,
    57988.297733130574
  ],
  [
    1576886400000,
    54182.47101601445
  ],
  [
    1576972800000,
    52472.78223039545
  ],
  [
    1577059200000,
    51988.534393873204
  ],
  [
    1577145600000,
    64237.818758727575
  ],
  [
    1577232000000,
    61791.71078164153
  ],
  [
    1577318400000,
    55214.093081148654
  ],
  [
    1577404800000,
    51356.77239049011
  ],
  [
    1577491200000,
    64137.563515142356
  ],
  [
    1577577600000,
    53872.330557283196
  ],
  [
    1577664000000,
    59904.21951261314
  ],
  [
    1577750400000,
    61162.07365441433
  ],
  [
    1577836800000,
    71288.85122568808
  ],
  [
    1577923200000,
    58944.01035313801
  ],
  [
    1578009600000,
    50716.717154128804
  ],
  [
    1578096000000,
    55492.545474326114
  ],
  [
    1578182400000,
    57628.93839367794
  ],
  [
    1578268800000,
    56426.06728945103
  ],
  [
    1578355200000,
    60806.90119915673
  ],
  [
    1578441600000,
    42658.58336042774
  ],
  [
    1578528000000,
    64456.379103103536
  ],
  [
    1578614400000,
    66255.95596884759
  ],
  [
    1578700800000,
    66221.22897262668
  ],
  [
    1578787200000,
    93536.44633087923
  ],
  [
    1578873600000,
    96382.34768884233
  ],
  [
    1578960000000,
    77445.20219955331
  ],
  [
    1579046400000,
    77631.70910911438
  ],
  [
    1579132800000,
    76360.10033789152
  ],
  [
    1579219200000,
    70342.73606398558
  ],
  [
    1579305600000,
    76634.11117892638
  ],
  [
    1579392000000,
    76943.22560329954
  ],
  [
    1579478400000,
    76502.4324593832
  ],
  [
    1579564800000,
    85045.09445219215
  ],
  [
    1579651200000,
    89570.31298302615
  ],
  [
    1579737600000,
    72631.74982269305
  ],
  [
    1579824000000,
    72481.17660571374
  ],
  [
    1579910400000,
    94271.64069457947
  ],
  [
    1579996800000,
    80533.79722757301
  ],
  [
    1580083200000,
    72261.86394623644
  ],
  [
    1580169600000,
    141329.15644050157
  ],
  [
    1580256000000,
    75731.32461059917
  ],
  [
    1580342400000,
    68440.43029919907
  ],
  [
    1580428800000,
    81655.90155076463
  ],
  [
    1580515200000,
    68702.77051574008
  ],
  [
    1580601600000,
    77037.59288196864
  ],
  [
    1580688000000,
    61682.04514859314
  ],
  [
    1580774400000,
    63973.386131042986
  ],
  [
    1580860800000,
    62254.15634708235
  ],
  [
    1580947200000,
    58299.57182940191
  ],
  [
    1581033600000,
    58839.78226172888
  ],
  [
    1581120000000,
    66595.42860199614
  ],
  [
    1581206400000,
    68189.74597471674
  ],
  [
    1581292800000,
    60425.61412759692
  ],
  [
    1581379200000,
    58774.02766574059
  ],
  [
    1581465600000,
    57599.56752852765
  ],
  [
    1581552000000,
    47491.227221509864
  ],
  [
    1581638400000,
    51203.35840627587
  ],
  [
    1581724800000,
    51060.73600235045
  ],
  [
    1581811200000,
    53894.05392725232
  ],
  [
    1581897600000,
    53479.29962267622
  ],
  [
    1581984000000,
    52262.68390673699
  ],
  [
    1582070400000,
    49851.95328310519
  ],
  [
    1582156800000,
    51282.30624683138
  ],
  [
    1582243200000,
    57771.63439254943
  ],
  [
    1582329600000,
    54955.92242065345
  ],
  [
    1582416000000,
    47728.57981578874
  ],
  [
    1582502400000,
    26894.545235542373
  ],
  [
    1582588800000,
    48754.303537689775
  ],
  [
    1582675200000,
    57627.40332605668
  ],
  [
    1582761600000,
    55302.306154623235
  ],
  [
    1582848000000,
    54169.62389324564
  ],
  [
    1582934400000,
    50798.73326149518
  ],
  [
    1583020800000,
    53540.72585507618
  ],
  [
    1583107200000,
    57928.71296168065
  ],
  [
    1583193600000,
    44733.419102438274
  ],
  [
    1583280000000,
    49688.896381812556
  ],
  [
    1583366400000,
    52890.27299965776
  ],
  [
    1583452800000,
    57357.82257201983
  ],
  [
    1583539200000,
    55449.714814515246
  ],
  [
    1583625600000,
    51707.002206524216
  ],
  [
    1583712000000,
    55624.104014390956
  ],
  [
    1583798400000,
    51078.967511365256
  ],
  [
    1583884800000,
    57459.3996809008
  ],
  [
    1583971200000,
    55940.35067417819
  ],
  [
    1584057600000,
    53444.7862490901
  ],
  [
    1584144000000,
    47804.46326545576
  ],
  [
    1584230400000,
    49309.416120675
  ],
  [
    1584316800000,
    51944.485840669346
  ],
  [
    1584403200000,
    52143.53886022216
  ],
  [
    1584489600000,
    55913.22813434394
  ],
  [
    1584576000000,
    51272.74364719013
  ],
  [
    1584662400000,
    49680.08598083177
  ],
  [
    1584748800000,
    47697.68627839492
  ],
  [
    1584835200000,
    46115.623997546594
  ],
  [
    1584921600000,
    46836.173919077366
  ],
  [
    1585008000000,
    49720.78001715664
  ],
  [
    1585094400000,
    48227.08662504159
  ],
  [
    1585180800000,
    54061.88743318291
  ],
  [
    1585267200000,
    54018.16929349019
  ],
  [
    1585353600000,
    47772.515625080356
  ],
  [
    1585440000000,
    49617.84333765231
  ],
  [
    1585526400000,
    50533.60561261628
  ],
  [
    1585612800000,
    51346.50680946683
  ],
  [
    1585699200000,
    53227.89662687839
  ],
  [
    1585785600000,
    52110.74916783817
  ],
  [
    1585872000000,
    42842.5667281795
  ],
  [
    1585958400000,
    39328.58051932139
  ],
  [
    1586044800000,
    44428.63555866653
  ],
  [
    1586131200000,
    59100.734012318855
  ],
  [
    1586217600000,
    58830.20595960711
  ],
  [
    1586304000000,
    53355.03037077258
  ],
  [
    1586390400000,
    53717.209802432066
  ],
  [
    1586476800000,
    51452.626489115195
  ],
  [
    1586563200000,
    51650.944343091265
  ],
  [
    1586649600000,
    48766.49804781106
  ],
  [
    1586736000000,
    55528.87908722603
  ],
  [
    1586822400000,
    53863.046654441576
  ],
  [
    1586908800000,
    50612.272361727286
  ],
  [
    1586995200000,
    47732.11499400343
  ],
  [
    1587081600000,
    51359.8343234416
  ],
  [
    1587168000000,
    49874.36812703251
  ],
  [
    1587254400000,
    50249.49355498235
  ],
  [
    1587340800000,
    46934.48243062776
  ],
  [
    1587427200000,
    48201.179098871726
  ],
  [
    1587513600000,
    47176.372920654416
  ],
  [
    1587600000000,
    46664.592834032665
  ],
  [
    1587686400000,
    84.50836299918237
  ],
  [
    1587772800000,
    84.98968817204229
  ],
  [
    1587859200000,
    85.29091025488472
  ],
  [
    1587945600000,
    86.86547413602545
  ],
  [
    1588032000000,
    87.78122667316273
  ],
  [
    1588118400000,
    87.92976061513166
  ],
  [
    1588204800000,
    99.42855989938235
  ],
  [
    1588291200000,
    98.3391699098239
  ],
  [
    1588377600000,
    100.48196091021376
  ],
  [
    1588464000000,
    14.471514031342924
  ],
  [
    1588550400000,
    101.20437379547224
  ],
  [
    1588636800000,
    43857.57917657791
  ],
  [
    1588723200000,
    43555.374360488015
  ],
  [
    1588809600000,
    38189.72832073112
  ],
  [
    1588896000000,
    45556.72131659159
  ],
  [
    1588982400000,
    43890.77590931066
  ],
  [
    1589068800000,
    34016.492428758436
  ],
  [
    1589155200000,
    29545.166563624443
  ],
  [
    1589241600000,
    39505.38654849254
  ],
  [
    1589328000000,
    38972.10704969898
  ],
  [
    1589414400000,
    35617.73803840797
  ],
  [
    1589500800000,
    35920.38617202162
  ],
  [
    1589587200000,
    34207.52454793732
  ],
  [
    1589673600000,
    32329.7979402227
  ],
  [
    1589760000000,
    33867.09300579278
  ],
  [
    1589846400000,
    27251.38906789272
  ],
  [
    1589932800000,
    36199.08925601772
  ],
  [
    1590019200000,
    33611.14707477911
  ],
  [
    1590105600000,
    31889.519522530132
  ],
  [
    1590192000000,
    29461.3272247498
  ],
  [
    1590278400000,
    32020.544754203052
  ],
  [
    1590364800000,
    26321.370968101706
  ],
  [
    1590451200000,
    33603.09168498648
  ],
  [
    1590537600000,
    30411.779812186895
  ],
  [
    1590624000000,
    28082.430932583913
  ],
  [
    1590710400000,
    28591.913515380125
  ],
  [
    1590796800000,
    27736.45900525162
  ],
  [
    1590883200000,
    19585.33383366038
  ],
  [
    1590969600000,
    22615.906066247597
  ],
  [
    1591056000000,
    28762.897444689992
  ],
  [
    1591142400000,
    31154.72099740476
  ],
  [
    1591228800000,
    31369.013796263764
  ],
  [
    1591315200000,
    28292.681487161757
  ],
  [
    1591401600000,
    6302.74495733482
  ],
  [
    1591488000000,
    28.628200532430558
  ],
  [
    1591574400000,
    102.01671937148873
  ],
  [
    1591660800000,
    24.11962112425576
  ],
  [
    1591747200000,
    0.5909798107101085
  ],
  [
    1592179200000,
    2.815678256364031
  ],
  [
    1592265600000,
    2.815678256364031
  ],
  [
    1592352000000,
    107.79920549987636
  ],
  [
    1592438400000,
    107.62559467658593
  ],
  [
    1592524800000,
    105.46616951524831
  ],
  [
    1592611200000,
    105.46616951524831
  ],
  [
    1592697600000,
    106.39072942135998
  ],
  [
    1592784000000,
    105.40441370326391
  ],
  [
    1592870400000,
    105.80203926264642
  ],
  [
    1592956800000,
    1.95490864100909
  ],
  [
    1593043200000,
    1.95490864100909
  ],
  [
    1593129600000,
    10.743832986831928
  ],
  [
    1593216000000,
    3.012166129028679
  ],
  [
    1593302400000,
    102.96336671822063
  ],
  [
    1593388800000,
    1.2121465369097975
  ],
  [
    1593475200000,
    1.2121465369097975
  ],
  [
    1593648000000,
    103.09619142856633
  ],
  [
    1593734400000,
    103.09619142856633
  ],
  [
    1593820800000,
    103.27008946079631
  ],
  [
    1593907200000,
    102.9727451566191
  ],
  [
    1593993600000,
    102.9727451566191
  ],
  [
    1594080000000,
    105.9121050049713
  ],
  [
    1594166400000,
    105.04527653320993
  ],
  [
    1594252800000,
    106.91886108835266
  ],
  [
    1594339200000,
    104.73805526847482
  ],
  [
    1594425600000,
    0.3436527166161154
  ],
  [
    1594512000000,
    105.00380325625294
  ],
  [
    1594598400000,
    105.00380325625294
  ],
  [
    1594684800000,
    0.33848035074257615
  ],
  [
    1594771200000,
    2811.841325217277
  ],
  [
    1594857600000,
    590.8685682888294
  ],
  [
    1594944000000,
    13.787669516622165
  ],
  [
    1595030400000,
    103.97378348522389
  ],
  [
    1595116800000,
    103.97378348522389
  ],
  [
    1595203200000,
    104.42067791403916
  ],
  [
    1595289600000,
    104.07323582165178
  ],
  [
    1595376000000,
    0.8339096322904209
  ],
  [
    1595462400000,
    107.90129557621995
  ],
  [
    1595548800000,
    108.62561472548482
  ],
  [
    1595635200000,
    108.16089777982526
  ],
  [
    1595721600000,
    109.8249534117319
  ],
  [
    1595808000000,
    114.13914154295226
  ],
  [
    1595894400000,
    124.52933751073043
  ],
  [
    1595980800000,
    0.010403967141686963
  ],
  [
    1596067200000,
    125.76469293770654
  ],
  [
    1596153600000,
    126.01252597339857
  ],
  [
    1596240000000,
    128.51348916813308
  ],
  [
    1596326400000,
    133.94532036686604
  ],
  [
    1596412800000,
    126.26941248643273
  ],
  [
    1596499200000,
    127.24385747965674
  ],
  [
    1596585600000,
    126.82985493165607
  ],
  [
    1596672000000,
    132.03366129276256
  ],
  [
    1596758400000,
    133.34139907769935
  ],
  [
    1596844800000,
    131.17015292785726
  ],
  [
    1596931200000,
    133.3393680611565
  ],
  [
    1597017600000,
    134.37179446828765
  ],
  [
    1597104000000,
    134.37179446828765
  ],
  [
    1597190400000,
    128.77596629388236
  ],
  [
    1597276800000,
    131.37994754277054
  ],
  [
    1597363200000,
    132.44397733265123
  ],
  [
    1597449600000,
    133.23599872733166
  ],
  [
    1597536000000,
    133.6836294864401
  ],
  [
    1597622400000,
    134.50007250870348
  ],
  [
    1597708800000,
    139.12336004996615
  ],
  [
    1597795200000,
    135.68504357705902
  ],
  [
    1597881600000,
    133.05733835185168
  ],
  [
    1597968000000,
    134.62348549461683
  ],
  [
    1598054400000,
    130.59743273609865
  ],
  [
    1598140800000,
    30.170186020502218
  ],
  [
    1598227200000,
    133.03394207331885
  ],
  [
    1598313600000,
    133.16897914894307
  ],
  [
    1598400000000,
    128.7703267938723
  ],
  [
    1598486400000,
    129.9780939043485
  ],
  [
    1598572800000,
    127.67023593552364
  ],
  [
    1598659200000,
    130.02316574472556
  ],
  [
    1598745600000,
    130.4069172369371
  ],
  [
    1598832000000,
    131.19873358069617
  ],
  [
    1598918400000,
    132.23584559154395
  ],
  [
    1599004800000,
    0.07244640111708663
  ],
  [
    1599091200000,
    94.7816377304924
  ],
  [
    1599177600000,
    121.097919353878
  ],
  [
    1599264000000,
    0.7127563640089886
  ],
  [
    1599350400000,
    231.57535978865593
  ],
  [
    1599436800000,
    116.75920684826488
  ],
  [
    1599523200000,
    112.93564154733421
  ],
  [
    1600128000000,
    122.34732564560919
  ],
  [
    1600214400000,
    122.34732564560919
  ],
  [
    1600300800000,
    124.30585879532944
  ],
  [
    1600387200000,
    123.31563807991994
  ],
  [
    1600473600000,
    123.17593715505048
  ],
  [
    1600560000000,
    0.16747175383966323
  ],
  [
    1600646400000,
    0.07446322299029262
  ],
  [
    1600732800000,
    261.7699675753337
  ],
  [
    1600819200000,
    122.17906414020489
  ],
  [
    1600905600000,
    1.5642145129203042
  ],
  [
    1600992000000,
    2.2257346452763453
  ],
  [
    1601078400000,
    121.35188501860027
  ],
  [
    1601164800000,
    140.83498342594393
  ],
  [
    1601251200000,
    121.58902409482344
  ],
  [
    1601337600000,
    139.9245123771492
  ],
  [
    1601424000000,
    170.27731959022685
  ],
  [
    1601510400000,
    124.0298865509011
  ],
  [
    1601596800000,
    154.09333600012798
  ],
  [
    1601683200000,
    0.04481877935820517
  ],
  [
    1601769600000,
    120.01724469066154
  ],
  [
    1601856000000,
    120.90557109427321
  ],
  [
    1601942400000,
    121.97285589970072
  ],
  [
    1602028800000,
    122.28176291531523
  ],
  [
    1602115200000,
    120.6391672767564
  ],
  [
    1602201600000,
    123.46358550856924
  ],
  [
    1602288000000,
    125.25469811576401
  ],
  [
    1602374400000,
    128.70349969674706
  ],
  [
    1602460800000,
    0.294749189224411
  ],
  [
    1602547200000,
    147.42321887311718
  ],
  [
    1602633600000,
    175.6938657017516
  ],
  [
    1602720000000,
    128.79796040319036
  ],
  [
    1602806400000,
    58.770097382811294
  ],
  [
    1602892800000,
    22.716032699775546
  ],
  [
    1602979200000,
    128.8078657132155
  ],
  [
    1603065600000,
    129.75913283168597
  ],
  [
    1603152000000,
    133.01048256410618
  ],
  [
    1603238400000,
    135.4081137517051
  ],
  [
    1603324800000,
    145.58241544006475
  ],
  [
    1603411200000,
    147.2440526412751
  ],
  [
    1603497600000,
    156.97376099019866
  ],
  [
    1603584000000,
    0.2914150146289858
  ],
  [
    1603670400000,
    156.02444471211498
  ],
  [
    1603756800000,
    156.02444471211498
  ],
  [
    1603843200000,
    170.79241171665876
  ],
  [
    1603929600000,
    11.714591743196987
  ],
  [
    1604016000000,
    0.01345089134621443
  ],
  [
    1604361600000,
    21.207494659625738
  ],
  [
    1604448000000,
    21.207494659625738
  ],
  [
    1604534400000,
    5.543887376292979
  ],
  [
    1604620800000,
    3.1509089787277884
  ],
  [
    1604793600000,
    0.4344890161760909
  ],
  [
    1604880000000,
    0.4344890161760909
  ],
  [
    1605312000000,
    0.7199595147013705
  ],
  [
    1605398400000,
    0.7199595147013705
  ],
  [
    1605484800000,
    180.66421860126184
  ],
  [
    1605571200000,
    189.34974788316174
  ],
  [
    1605657600000,
    189.34974788316174
  ],
  [
    1605744000000,
    15.476069249801638
  ],
  [
    1605830400000,
    204.00459988579556
  ],
  [
    1605916800000,
    1.4849372187603953
  ],
  [
    1606003200000,
    0.26399208106921906
  ],
  [
    1606089600000,
    0.26399208106921906
  ],
  [
    1606176000000,
    212.03398470102036
  ],
  [
    1606262400000,
    209.24941902312167
  ],
  [
    1606348800000,
    217.8684276693675
  ],
  [
    1606435200000,
    194.52640534391912
  ],
  [
    1606521600000,
    194.52640534391912
  ],
  [
    1606608000000,
    0.37381128145001125
  ],
  [
    1606694400000,
    9.947240675180616
  ],
  [
    1606780800000,
    209.21459762566798
  ],
  [
    1606867200000,
    6.640412910987472
  ],
  [
    1606953600000,
    216.76283689996413
  ],
  [
    1607040000000,
    225.42514379835475
  ],
  [
    1607126400000,
    220.07073648316648
  ],
  [
    1607212800000,
    1551.2171866169097
  ],
  [
    1607299200000,
    1551.2171866169097
  ],
  [
    1607385600000,
    4802.330944950835
  ],
  [
    1607472000000,
    5998.571862357859
  ],
  [
    1607558400000,
    4247.913638301754
  ],
  [
    1607644800000,
    3273.3199759838694
  ],
  [
    1607731200000,
    3318.821270025167
  ],
  [
    1607817600000,
    2.4864572698735463
  ],
  [
    1607904000000,
    776.416317304225
  ],
  [
    1607990400000,
    3403.3468998452677
  ],
  [
    1608076800000,
    4682.377601306668
  ],
  [
    1608163200000,
    7658.45987103604
  ],
  [
    1608249600000,
    3563.71189356176
  ],
  [
    1608336000000,
    2.1122561693266877
  ],
  [
    1608422400000,
    2700.1843664963417
  ],
  [
    1608508800000,
    1617.8896166405061
  ],
  [
    1608595200000,
    17.595096192607393
  ],
  [
    1608681600000,
    259.2686723543843
  ],
  [
    1608768000000,
    263.48907288845334
  ],
  [
    1608854400000,
    263.48907288845334
  ],
  [
    1608940800000,
    277.70406488575696
  ],
  [
    1609027200000,
    5361.829282570909
  ],
  [
    1609113600000,
    8288.487633409977
  ],
  [
    1609200000000,
    2060.673686145627
  ],
  [
    1609286400000,
    2808.3100316781347
  ],
  [
    1609372800000,
    5971.632158162828
  ],
  [
    1609459200000,
    3719.5668875733854
  ],
  [
    1609545600000,
    3039.4647068135287
  ],
  [
    1609632000000,
    9510.474623969469
  ],
  [
    1609718400000,
    149.31849403847204
  ],
  [
    1609804800000,
    3.6085343292626746
  ],
  [
    1609891200000,
    6.708249018250659
  ],
  [
    1609977600000,
    3639.3457129225308
  ],
  [
    1610064000000,
    5119.648400611775
  ],
  [
    1610150400000,
    4848.378567869509
  ],
  [
    1610236800000,
    380.74660154643004
  ],
  [
    1610323200000,
    2.196227938039933
  ],
  [
    1610409600000,
    7292.044612227394
  ],
  [
    1610496000000,
    2347.038288877815
  ],
  [
    1610582400000,
    3947.136342449303
  ],
  [
    1610668800000,
    3761.8280482132477
  ],
  [
    1610755200000,
    0.9587889241488231
  ],
  [
    1610841600000,
    0.02795970124982865
  ],
  [
    1610928000000,
    904.00044171413
  ],
  [
    1611014400000,
    904.00044171413
  ],
  [
    1611100800000,
    1459.905888023535
  ],
  [
    1611187200000,
    693.3259455893531
  ],
  [
    1611273600000,
    2929.091528247153
  ],
  [
    1611360000000,
    1484.4834663736808
  ],
  [
    1611446400000,
    347.54975113032714
  ],
  [
    1611532800000,
    694.1660302743293
  ],
  [
    1611619200000,
    2163.0341626571844
  ],
  [
    1611705600000,
    0.20795737803991546
  ],
  [
    1611792000000,
    825.8981733225472
  ],
  [
    1611878400000,
    0.5233060548027482
  ],
  [
    1611964800000,
    224.0846460321356
  ],
  [
    1612051200000,
    1048.1004078164626
  ],
  [
    1612137600000,
    1351.9727560833348
  ],
  [
    1612224000000,
    1288.4513080065306
  ],
  [
    1612310400000,
    1933.1567963195935
  ],
  [
    1612396800000,
    1674.800070458052
  ],
  [
    1612483200000,
    1399.9246045456925
  ],
  [
    1612569600000,
    1393.6412412816874
  ],
  [
    1612656000000,
    3038.8660741612175
  ],
  [
    1612742400000,
    1875.6802421131065
  ],
  [
    1612828800000,
    2867.190710735234
  ],
  [
    1612915200000,
    2355.068426612752
  ],
  [
    1613001600000,
    1279.5397390514597
  ],
  [
    1613088000000,
    1137.5780909141465
  ],
  [
    1613174400000,
    1367.1416422589357
  ],
  [
    1613260800000,
    1561.120118850822
  ],
  [
    1613347200000,
    2165.831544681061
  ],
  [
    1613433600000,
    99.86673116248197
  ],
  [
    1613520000000,
    0.727338702387141
  ],
  [
    1613606400000,
    464.67573204508506
  ],
  [
    1613692800000,
    140.43352713622264
  ],
  [
    1613779200000,
    1498.2687099291823
  ],
  [
    1613865600000,
    2535.417487116784
  ],
  [
    1613952000000,
    1549.578340527965
  ],
  [
    1614038400000,
    2735.7183631011135
  ],
  [
    1614124800000,
    1148.0206291130123
  ],
  [
    1614211200000,
    936.534684335554
  ],
  [
    1614297600000,
    1555.5279434534182
  ],
  [
    1614384000000,
    2431.6807054405467
  ],
  [
    1614470400000,
    127.89264430807879
  ],
  [
    1614556800000,
    6.839239523219573
  ],
  [
    1614643200000,
    1501.5513223297778
  ],
  [
    1614729600000,
    446.1346697689591
  ],
  [
    1614816000000,
    1765.333911846111
  ],
  [
    1614902400000,
    681.2926440073189
  ],
  [
    1614988800000,
    703.7007332088073
  ],
  [
    1615075200000,
    8.488638373644418
  ],
  [
    1615161600000,
    2.8915063655256175
  ],
  [
    1615248000000,
    9.702692166690072
  ],
  [
    1615334400000,
    0.48096220140928164
  ],
  [
    1615420800000,
    259.2443190559029
  ],
  [
    1615507200000,
    234.5968546544182
  ],
  [
    1615593600000,
    1187.2718542846865
  ],
  [
    1615680000000,
    1600.6551686903786
  ],
  [
    1615766400000,
    1522.2099817938495
  ],
  [
    1615852800000,
    1660.6331524333182
  ],
  [
    1615939200000,
    799.9768592656312
  ],
  [
    1616025600000,
    579.6098186540119
  ],
  [
    1616112000000,
    1463.3380785549396
  ],
  [
    1616198400000,
    1194.8814714101068
  ],
  [
    1616284800000,
    1072.8795509684319
  ],
  [
    1616371200000,
    646.4897497321373
  ],
  [
    1616457600000,
    1749.783376646691
  ],
  [
    1616544000000,
    1682.745041286234
  ],
  [
    1616630400000,
    1112.7983833130622
  ],
  [
    1616716800000,
    1332.7415502247884
  ],
  [
    1616803200000,
    547.7841979878277
  ],
  [
    1616889600000,
    1057.6331303739755
  ],
  [
    1616976000000,
    1821.0453676281834
  ],
  [
    1617062400000,
    1702.193132530727
  ],
  [
    1617148800000,
    2074.9337328999254
  ],
  [
    1617235200000,
    2194.491301168304
  ],
  [
    1617321600000,
    840.9744078539622
  ],
  [
    1617408000000,
    1158.5587866486878
  ],
  [
    1617494400000,
    2641.9526413449416
  ],
  [
    1617580800000,
    4214.662265906083
  ],
  [
    1617667200000,
    2193.2713856348837
  ],
  [
    1617753600000,
    2311.48270227725
  ],
  [
    1617840000000,
    2653.8417716134736
  ],
  [
    1617926400000,
    1911.236574962113
  ],
  [
    1618012800000,
    834.407873043265
  ],
  [
    1618099200000,
    834.407873043265
  ],
  [
    1618185600000,
    694.9785546659979
  ],
  [
    1618272000000,
    1304.6877080799247
  ],
  [
    1618358400000,
    4460.443115902469
  ],
  [
    1618444800000,
    1728.5106727188916
  ],
  [
    1618531200000,
    1617.000243809378
  ],
  [
    1618617600000,
    2683.9500883499013
  ],
  [
    1618704000000,
    1690.4297712812731
  ],
  [
    1618790400000,
    2259.9083537040087
  ],
  [
    1618876800000,
    808.636032724215
  ],
  [
    1618963200000,
    1264.6079298230432
  ],
  [
    1619049600000,
    1138.5292882715612
  ],
  [
    1619136000000,
    1796.6343725244185
  ],
  [
    1619222400000,
    3176.4316955195955
  ],
  [
    1619308800000,
    450.1890375709399
  ],
  [
    1619395200000,
    430.3143750250243
  ],
  [
    1619481600000,
    2711.0771947174053
  ],
  [
    1619568000000,
    1289.9160650378894
  ],
  [
    1619654400000,
    2213.9433159292953
  ],
  [
    1619740800000,
    2254.6091726142386
  ],
  [
    1619827200000,
    2186.0890964052555
  ],
  [
    1621209600000,
    4309.011135665011
  ],
  [
    1621296000000,
    4309.011135665011
  ],
  [
    1621382400000,
    1134.1581296586357
  ],
  [
    1621468800000,
    2632.7687316136853
  ],
  [
    1621555200000,
    1325.5030660117504
  ],
  [
    1621641600000,
    1751.1650675456833
  ],
  [
    1621728000000,
    1524.5267688991441
  ],
  [
    1621814400000,
    2448.0856064680393
  ],
  [
    1621900800000,
    1748.708009638696
  ],
  [
    1621987200000,
    1290.0723747485847
  ],
  [
    1622073600000,
    1690.4498119468312
  ],
  [
    1622160000000,
    1117.3157451816187
  ],
  [
    1622246400000,
    2025.0527820969883
  ],
  [
    1622332800000,
    1798.7306591878043
  ],
  [
    1622419200000,
    1003.3177638030988
  ],
  [
    1622505600000,
    2576.454058342729
  ],
  [
    1622592000000,
    1986.0718917788133
  ],
  [
    1622678400000,
    936.3009680971351
  ],
  [
    1622764800000,
    2168.317289948636
  ],
  [
    1622851200000,
    1339.9400652521351
  ],
  [
    1622937600000,
    1597.246703338228
  ],
  [
    1623024000000,
    1382.9118210156464
  ],
  [
    1623110400000,
    982.4125633150612
  ],
  [
    1623196800000,
    2752.4903214753845
  ],
  [
    1623283200000,
    2164.718493183223
  ],
  [
    1623369600000,
    1919.1139395392697
  ],
  [
    1623456000000,
    1069.9677500952719
  ],
  [
    1623542400000,
    1679.6660693214496
  ],
  [
    1623628800000,
    1738.9716659213125
  ],
  [
    1623715200000,
    2391.2449159823236
  ],
  [
    1623801600000,
    215.26790093183527
  ],
  [
    1623888000000,
    1464.41354620538
  ],
  [
    1623974400000,
    1185.613107928493
  ],
  [
    1624060800000,
    1383.4974202251492
  ],
  [
    1624147200000,
    952.397604413984
  ],
  [
    1624233600000,
    1317.393565061885
  ],
  [
    1624320000000,
    3685.328318440619
  ],
  [
    1624406400000,
    3571.366537863397
  ],
  [
    1624492800000,
    1454.2553051149443
  ],
  [
    1624579200000,
    796.5706772320544
  ],
  [
    1624665600000,
    2094.853013551976
  ],
  [
    1624752000000,
    1916.0641156234556
  ],
  [
    1624838400000,
    1553.8673744724185
  ],
  [
    1624924800000,
    1900.743168983769
  ],
  [
    1625011200000,
    2019.113849324089
  ],
  [
    1625097600000,
    1293.7256614840198
  ],
  [
    1625184000000,
    1478.9502244459034
  ],
  [
    1625270400000,
    1314.984649693006
  ],
  [
    1625356800000,
    559.7282436347941
  ],
  [
    1625443200000,
    1960.110603289168
  ],
  [
    1625529600000,
    2310.2001515176735
  ],
  [
    1625616000000,
    1397.2995258917333
  ],
  [
    1625702400000,
    1277.8534728233296
  ],
  [
    1625788800000,
    2206.4821322242997
  ],
  [
    1625875200000,
    1512.203622812192
  ],
  [
    1625961600000,
    1232.368267779765
  ],
  [
    1626048000000,
    1698.8465521719581
  ],
  [
    1626134400000,
    1714.273299335247
  ],
  [
    1626220800000,
    1840.080598255308
  ],
  [
    1626307200000,
    517.9761089414728
  ],
  [
    1626393600000,
    1419.50347966615
  ],
  [
    1626480000000,
    1750.0065413247746
  ],
  [
    1626566400000,
    0.10321929888326244
  ],
  [
    1626652800000,
    1456.3756180074192
  ],
  [
    1626739200000,
    930.0211185784422
  ],
  [
    1626825600000,
    998.4580927762245
  ],
  [
    1626912000000,
    5.792699497644959
  ],
  [
    1626998400000,
    599.9162584919225
  ],
  [
    1627084800000,
    633.8543600237804
  ],
  [
    1627171200000,
    7.805212473920596
  ],
  [
    1627257600000,
    0.08090235090036348
  ],
  [
    1627344000000,
    1142.2276420626847
  ],
  [
    1627430400000,
    1171.5708988781764
  ],
  [
    1627516800000,
    948.4942095393136
  ],
  [
    1627603200000,
    835.2654902891842
  ],
  [
    1627689600000,
    1241.0738502008298
  ],
  [
    1627776000000,
    1148.1965831923599
  ],
  [
    1627862400000,
    1226.2702140930317
  ],
  [
    1627948800000,
    1162.9220755759675
  ],
  [
    1628035200000,
    994.5564830358076
  ],
  [
    1628121600000,
    1244.8878018882542
  ],
  [
    1628208000000,
    1596.8975511075953
  ],
  [
    1628294400000,
    1291.262025645734
  ],
  [
    1628380800000,
    1324.7022342257776
  ],
  [
    1628467200000,
    1349.0925109761301
  ],
  [
    1628553600000,
    797.1195722103915
  ],
  [
    1628640000000,
    1214.038573349848
  ],
  [
    1628726400000,
    1282.3848535540967
  ],
  [
    1628812800000,
    1420.4486280260362
  ],
  [
    1628899200000,
    1854.3055244324362
  ],
  [
    1628985600000,
    1153.1028977850283
  ],
  [
    1629072000000,
    1254.896054686065
  ],
  [
    1629158400000,
    907.1216507192637
  ],
  [
    1629244800000,
    1513.4363530825376
  ],
  [
    1629331200000,
    1561.6816359450045
  ],
  [
    1629417600000,
    1248.6149605562662
  ],
  [
    1629504000000,
    960.1358812669569
  ],
  [
    1629590400000,
    1191.7946013462163
  ],
  [
    1629676800000,
    1187.812480516969
  ],
  [
    1629763200000,
    1657.70288225063
  ],
  [
    1629849600000,
    863.8297105967747
  ],
  [
    1629936000000,
    1.3120067897442746
  ],
  [
    1630022400000,
    1050.8473298070498
  ],
  [
    1630108800000,
    1114.7852739938662
  ],
  [
    1630195200000,
    1087.4434141835907
  ],
  [
    1630281600000,
    1039.5328426346011
  ],
  [
    1630368000000,
    1005.4177260756778
  ],
  [
    1630454400000,
    1122.99136773894
  ],
  [
    1630540800000,
    1166.86400739226
  ],
  [
    1630627200000,
    1475.406865047059
  ]
]