[
  [
    1545264000000,
    0.026243081974644974
  ],
  [
    1545350400000,
    0.028982052781018112
  ],
  [
    1545436800000,
    0.0234869745692242
  ],
  [
    1545523200000,
    0.02490147908516922
  ],
  [
    1545609600000,
    0.025834399134180057
  ],
  [
    1545696000000,
    0.026818427602416237
  ],
  [
    1545782400000,
    0.02709170677347616
  ],
  [
    1545868800000,
    0.02778486889776544
  ],
  [
    1545955200000,
    0.025707750538664954
  ],
  [
    1546041600000,
    0.03005618382385848
  ],
  [
    1546128000000,
    0.028933388768070504
  ],
  [
    1546214400000,
    0.0282001582454852
  ],
  [
    1546300800000,
    0.030000304160406922
  ],
  [
    1546387200000,
    0.029976705402104294
  ],
  [
    1546473600000,
    0.02889643982456811
  ],
  [
    1546560000000,
    0.02697941224398617
  ],
  [
    1546646400000,
    0.02559305253031608
  ],
  [
    1546732800000,
    0.02525032389529974
  ],
  [
    1546819200000,
    0.02590522150061309
  ],
  [
    1546905600000,
    0.025205827633861536
  ],
  [
    1546992000000,
    0.02573865145141082
  ],
  [
    1547078400000,
    0.027441559650344748
  ],
  [
    1547164800000,
    0.024833190574813035
  ],
  [
    1547251200000,
    0.024339283552211124
  ],
  [
    1547337600000,
    0.024051299006371003
  ],
  [
    1547424000000,
    0.023488661858232784
  ],
  [
    1547510400000,
    0.02745989848018421
  ],
  [
    1547596800000,
    0.025656143982595695
  ],
  [
    1547683200000,
    0.026376663566040234
  ],
  [
    1547769600000,
    0.025733085675228414
  ],
  [
    1547856000000,
    0.025842307557315168
  ],
  [
    1547942400000,
    0.026342876994519142
  ],
  [
    1548028800000,
    0.02587593518833702
  ],
  [
    1548115200000,
    0.02579043994853762
  ],
  [
    1548201600000,
    0.026880922761308417
  ],
  [
    1548288000000,
    0.026594442111408507
  ],
  [
    1548374400000,
    0.02733435345794284
  ],
  [
    1548460800000,
    0.011066236411682613
  ],
  [
    1548547200000,
    0.007847923842908696
  ],
  [
    1548633600000,
    0.006024656685521725
  ],
  [
    1548720000000,
    0.0048072008078181355
  ],
  [
    1548806400000,
    0.005406994674924564
  ],
  [
    1548892800000,
    0.00530479931182251
  ],
  [
    1548979200000,
    0.004701267669436193
  ],
  [
    1549065600000,
    0.004921737001724744
  ],
  [
    1549152000000,
    0.0049127788613348485
  ],
  [
    1549238400000,
    0.004786841608153449
  ],
  [
    1549324800000,
    0.004594142302268344
  ],
  [
    1549411200000,
    0.004676726123966863
  ],
  [
    1549497600000,
    0.004769123074314759
  ],
  [
    1549584000000,
    0.004815193319924695
  ],
  [
    1549670400000,
    0.005059998401512081
  ],
  [
    1549756800000,
    0.004783799397619931
  ],
  [
    1549843200000,
    0.005006880070084623
  ],
  [
    1549929600000,
    0.004787413793643135
  ],
  [
    1550016000000,
    0.004479725654355601
  ],
  [
    1550102400000,
    0.004083307696755762
  ],
  [
    1550188800000,
    0.003784057407734837
  ],
  [
    1550275200000,
    0.00431364045264401
  ],
  [
    1550361600000,
    0.0040725836206856715
  ],
  [
    1550448000000,
    0.004114266475377737
  ],
  [
    1550534400000,
    0.003948845493367714
  ],
  [
    1550620800000,
    0.003926408372025736
  ],
  [
    1550707200000,
    0.0043565006874448755
  ],
  [
    1550793600000,
    0.004075860384381212
  ],
  [
    1550880000000,
    0.0038494533880740864
  ],
  [
    1550966400000,
    0.004155962188335544
  ],
  [
    1551052800000,
    0.003725683415213271
  ],
  [
    1551139200000,
    0.0037780535817953
  ],
  [
    1551225600000,
    0.003979768182513689
  ],
  [
    1551312000000,
    0.003907897740707643
  ],
  [
    1551398400000,
    0.0040032708182746275
  ],
  [
    1551484800000,
    0.003906233829329287
  ],
  [
    1551571200000,
    0.0038659037627322567
  ],
  [
    1551657600000,
    0.003829813871349163
  ],
  [
    1551744000000,
    0.0036211707334376734
  ],
  [
    1551830400000,
    0.004044270852165106
  ],
  [
    1551916800000,
    0.003975021403223448
  ],
  [
    1552003200000,
    0.003866563082270548
  ],
  [
    1552089600000,
    0.003662445858388589
  ],
  [
    1552176000000,
    0.0038965836506268305
  ],
  [
    1552262400000,
    0.0038389909483949242
  ],
  [
    1552348800000,
    0.003774293584619701
  ],
  [
    1552435200000,
    0.003968978780933425
  ],
  [
    1552521600000,
    0.0039038533603248725
  ],
  [
    1552608000000,
    0.003914991945402523
  ],
  [
    1552694400000,
    0.003944699962245448
  ],
  [
    1552780800000,
    0.004041401391631002
  ],
  [
    1552867200000,
    0.004041541496131937
  ],
  [
    1552953600000,
    0.004056415221454897
  ],
  [
    1553040000000,
    0.004013375606290755
  ],
  [
    1553126400000,
    0.004278065890687994
  ],
  [
    1553212800000,
    0.004061337220473802
  ],
  [
    1553299200000,
    0.004126646489133217
  ],
  [
    1553385600000,
    0.004141754664192647
  ],
  [
    1553472000000,
    0.004114710728132588
  ],
  [
    1553558400000,
    0.004045074203690533
  ],
  [
    1553644800000,
    0.004098476019945407
  ],
  [
    1553731200000,
    0.004190701782265389
  ],
  [
    1553817600000,
    0.004156674983878414
  ],
  [
    1553904000000,
    0.004474394019958315
  ],
  [
    1553990400000,
    0.004744127053904399
  ],
  [
    1554076800000,
    0.0067881901072215
  ],
  [
    1554163200000,
    0.007049120542239766
  ],
  [
    1554249600000,
    0.006664190127037983
  ],
  [
    1554336000000,
    0.006745175061263124
  ],
  [
    1554422400000,
    0.006274061230251558
  ],
  [
    1554508800000,
    0.006485415007750392
  ],
  [
    1554595200000,
    0.006641655456675187
  ],
  [
    1554681600000,
    0.008011141435732155
  ],
  [
    1554768000000,
    0.0073970624619501026
  ],
  [
    1554854400000,
    0.0072136971260618535
  ],
  [
    1554940800000,
    0.007548852409774096
  ],
  [
    1555027200000,
    0.0070361741366894185
  ],
  [
    1555113600000,
    0.007212251046816029
  ],
  [
    1555200000000,
    0.007259884031808477
  ],
  [
    1555286400000,
    0.0076895627819501345
  ],
  [
    1555372800000,
    0.007380564915581957
  ],
  [
    1555459200000,
    0.00732405338004249
  ],
  [
    1555545600000,
    0.007405118579599803
  ],
  [
    1555632000000,
    0.007256458193309056
  ],
  [
    1555718400000,
    0.0069892517158156465
  ],
  [
    1555804800000,
    0.006763453613922216
  ],
  [
    1555891200000,
    0.006607154228055575
  ],
  [
    1555977600000,
    0.006372462224726746
  ],
  [
    1556064000000,
    0.006070447720966995
  ],
  [
    1556150400000,
    0.006086665333312794
  ],
  [
    1556236800000,
    0.004816932151945957
  ],
  [
    1556323200000,
    0.004746596228634362
  ],
  [
    1556409600000,
    0.004656009485655176
  ],
  [
    1556496000000,
    0.004698263616501993
  ],
  [
    1556582400000,
    0.002455315255375507
  ],
  [
    1556668800000,
    0.0023708327984437285
  ],
  [
    1556755200000,
    0.0021886496903022433
  ],
  [
    1556841600000,
    0.0019632613795709758
  ],
  [
    1556928000000,
    0.001974355734389005
  ],
  [
    1557014400000,
    0.002028871987939481
  ],
  [
    1557100800000,
    0.002087340827322092
  ],
  [
    1557187200000,
    0.0021413394751068917
  ],
  [
    1557273600000,
    0.0020618479049757978
  ],
  [
    1557360000000,
    0.002556416471761081
  ],
  [
    1557446400000,
    0.002580096466177443
  ],
  [
    1557532800000,
    0.002405783997774084
  ],
  [
    1557619200000,
    0.002552578558595805
  ],
  [
    1557705600000,
    0.0023084675478066666
  ],
  [
    1557792000000,
    0.0024347791082341115
  ],
  [
    1557878400000,
    0.0022195997109004106
  ],
  [
    1557964800000,
    0.002265133430767165
  ],
  [
    1558051200000,
    0.0022152637246620394
  ],
  [
    1558137600000,
    0.00224735045662367
  ],
  [
    1558224000000,
    0.0023832706379103103
  ],
  [
    1558310400000,
    0.0026324223519120955
  ],
  [
    1558396800000,
    0.0023525165833570174
  ],
  [
    1558483200000,
    0.0024983548920825354
  ],
  [
    1558569600000,
    0.0028997420209474854
  ],
  [
    1558656000000,
    0.003041980654887598
  ],
  [
    1558742400000,
    0.0028135686087874534
  ],
  [
    1558828800000,
    0.002977051351290001
  ],
  [
    1558915200000,
    0.002945383939847076
  ],
  [
    1559001600000,
    0.002808041485170134
  ],
  [
    1559088000000,
    0.002781523395767807
  ],
  [
    1559174400000,
    0.002973981476036061
  ],
  [
    1559260800000,
    0.0026594432700905953
  ],
  [
    1559347200000,
    0.002727121935273772
  ],
  [
    1559433600000,
    0.0026912240630852205
  ],
  [
    1559520000000,
    0.0024170145634573414
  ],
  [
    1559606400000,
    0.0022922933867747146
  ],
  [
    1559692800000,
    0.0021157979122451045
  ],
  [
    1559779200000,
    0.0021571591303587894
  ],
  [
    1559865600000,
    0.0021438186832762646
  ],
  [
    1559952000000,
    0.002229551913130085
  ],
  [
    1560038400000,
    0.0021956469732493642
  ],
  [
    1560124800000,
    0.002047407575335127
  ],
  [
    1560211200000,
    0.0020815020134110633
  ],
  [
    1560297600000,
    0.0021040023935484757
  ],
  [
    1560384000000,
    0.0023442301251074887
  ],
  [
    1560470400000,
    0.0023833813832233493
  ],
  [
    1560556800000,
    0.0022979557416701736
  ],
  [
    1560643200000,
    0.0023519017525040565
  ],
  [
    1560729600000,
    0.0023657677115007042
  ],
  [
    1560816000000,
    0.002311397574359373
  ],
  [
    1560902400000,
    0.002593401940667686
  ],
  [
    1560988800000,
    0.0028878355999877605
  ],
  [
    1561075200000,
    0.003016238047989271
  ],
  [
    1561161600000,
    0.003064461213147382
  ],
  [
    1561248000000,
    0.0029038876921908675
  ],
  [
    1561334400000,
    0.0029011765901388975
  ],
  [
    1561420800000,
    0.0030445915390012244
  ],
  [
    1561507200000,
    0.002955907631756207
  ],
  [
    1561593600000,
    0.003056390974215087
  ],
  [
    1561680000000,
    0.00291903326635977
  ],
  [
    1561766400000,
    0.0035227408061270444
  ],
  [
    1561852800000,
    0.003188558432391276
  ],
  [
    1561939200000,
    0.0029525527312039062
  ],
  [
    1562025600000,
    0.0029319580543116213
  ],
  [
    1562112000000,
    0.002922469822010979
  ],
  [
    1562198400000,
    0.003083794398235978
  ],
  [
    1562284800000,
    0.002865624640637973
  ],
  [
    1562371200000,
    0.002963666821726625
  ],
  [
    1562457600000,
    0.003024825465739822
  ],
  [
    1562544000000,
    0.0032820282197281725
  ],
  [
    1562630400000,
    0.0033096891689755573
  ],
  [
    1562716800000,
    0.003608249623419832
  ],
  [
    1562803200000,
    0.003575511826801476
  ],
  [
    1562889600000,
    0.0033880462937809835
  ],
  [
    1562976000000,
    0.0037986287349689343
  ],
  [
    1563062400000,
    0.0034163497223876444
  ],
  [
    1563148800000,
    0.0030459181508107054
  ],
  [
    1563235200000,
    0.0032057577302184786
  ],
  [
    1563321600000,
    0.002788858151397268
  ],
  [
    1563408000000,
    0.0026269751213868916
  ],
  [
    1563494400000,
    0.0027954669983247323
  ],
  [
    1563580800000,
    0.002791744032030704
  ],
  [
    1563667200000,
    0.002874133756891976
  ],
  [
    1563753600000,
    0.0028387340313483253
  ],
  [
    1563840000000,
    0.0026355687821805066
  ],
  [
    1563926400000,
    0.0028012705734513604
  ],
  [
    1564012800000,
    0.0028143814305320483
  ],
  [
    1564099200000,
    0.0027191745948573405
  ],
  [
    1564185600000,
    0.00269977585412411
  ],
  [
    1564272000000,
    0.002518034073621157
  ],
  [
    1564358400000,
    0.0025205900486628212
  ],
  [
    1564444800000,
    0.0024425035621053644
  ],
  [
    1564531200000,
    0.002451900635391242
  ],
  [
    1564617600000,
    0.0024853375185804687
  ],
  [
    1564704000000,
    0.0026025002373002482
  ],
  [
    1564790400000,
    0.0025629274063611414
  ],
  [
    1564876800000,
    0.0022006137206515447
  ],
  [
    1564963200000,
    0.002101339463883937
  ],
  [
    1565049600000,
    0.0017079027100025985
  ],
  [
    1565136000000,
    0.0014353339518142572
  ],
  [
    1565222400000,
    0.0012822642867866155
  ],
  [
    1565308800000,
    0.0012208958916969102
  ],
  [
    1565395200000,
    0.001411050014237734
  ],
  [
    1565481600000,
    0.0015606478941770517
  ],
  [
    1565568000000,
    0.0014711667380677145
  ],
  [
    1565654400000,
    0.0014173501460414916
  ],
  [
    1565740800000,
    0.0013706985527684556
  ],
  [
    1565827200000,
    0.0012461932540713224
  ],
  [
    1565913600000,
    0.0011563551324716437
  ],
  [
    1566000000000,
    0.001124292683847869
  ],
  [
    1566086400000,
    0.0011745061105299956
  ],
  [
    1566172800000,
    0.0012721098634798892
  ],
  [
    1566259200000,
    0.0013135689326036963
  ],
  [
    1566345600000,
    0.0013329048894533293
  ],
  [
    1566432000000,
    0.0013335939744900742
  ],
  [
    1566518400000,
    0.0013362093835874492
  ],
  [
    1566604800000,
    0.0013432659271077644
  ],
  [
    1566691200000,
    0.0014306143702779235
  ],
  [
    1566777600000,
    0.0015113555165961012
  ],
  [
    1566864000000,
    0.001530629008898934
  ],
  [
    1566950400000,
    0.0014815545454729348
  ],
  [
    1567036800000,
    0.00138568637967364
  ],
  [
    1567123200000,
    0.001347499524066796
  ],
  [
    1567209600000,
    0.0014190137886365161
  ],
  [
    1567296000000,
    0.0017938442458904963
  ],
  [
    1567382400000,
    0.001722161047596652
  ],
  [
    1567468800000,
    0.0015040546217997464
  ],
  [
    1567555200000,
    0.0014877761671221175
  ],
  [
    1567641600000,
    0.0016780093880581315
  ],
  [
    1567728000000,
    0.001531888240369182
  ],
  [
    1567814400000,
    0.0015252677457540385
  ],
  [
    1567900800000,
    0.0014879861664115518
  ],
  [
    1567987200000,
    0.0015239041387674526
  ],
  [
    1568073600000,
    0.0014493119131099533
  ],
  [
    1568160000000,
    0.0014727399796994642
  ],
  [
    1568246400000,
    0.0014754794771112039
  ],
  [
    1568332800000,
    0.0014136425986902492
  ],
  [
    1568419200000,
    0.0012600916190974043
  ],
  [
    1568505600000,
    0.0012155248725094108
  ],
  [
    1568592000000,
    0.001316920233817066
  ],
  [
    1568678400000,
    0.0013230751203916764
  ],
  [
    1568764800000,
    0.0014071517110160418
  ],
  [
    1568851200000,
    0.0015078221654508538
  ],
  [
    1568937600000,
    0.001340699156359222
  ],
  [
    1569024000000,
    0.0013119360421227492
  ],
  [
    1569110400000,
    0.0013227503196612505
  ],
  [
    1569196800000,
    0.0012875191415023801
  ],
  [
    1569283200000,
    0.0012457205560087367
  ],
  [
    1569369600000,
    0.0010019835785234495
  ],
  [
    1569456000000,
    0.0009127066472348394
  ],
  [
    1569542400000,
    0.0008977046309743902
  ],
  [
    1569628800000,
    0.0009010154136005742
  ],
  [
    1569715200000,
    0.0008877581109467765
  ],
  [
    1569801600000,
    0.0008839842189847933
  ],
  [
    1569888000000,
    0.0008900638481207715
  ],
  [
    1569974400000,
    0.000893151981991791
  ],
  [
    1570060800000,
    0.000893151981991791
  ],
  [
    1570147200000,
    0.000860215976219329
  ],
  [
    1570233600000,
    0.0008676386524797055
  ],
  [
    1570320000000,
    0.0008529592906433314
  ],
  [
    1570406400000,
    0.0008027528365534832
  ],
  [
    1570492800000,
    0.000843980192396805
  ],
  [
    1570579200000,
    0.0008280143854767923
  ],
  [
    1570665600000,
    0.0008690458385844302
  ],
  [
    1570752000000,
    0.0008682800224675744
  ],
  [
    1570838400000,
    0.0008411915018717607
  ],
  [
    1570924800000,
    0.0008455246252739957
  ],
  [
    1571011200000,
    0.0008242390053569624
  ],
  [
    1571097600000,
    0.0008447116289536995
  ],
  [
    1571184000000,
    0.0008701717732218434
  ],
  [
    1571270400000,
    0.0008209031173773223
  ],
  [
    1571356800000,
    0.000823400680990282
  ],
  [
    1571443200000,
    0.0008477085268789284
  ],
  [
    1571529600000,
    0.0008440340345369954
  ],
  [
    1571616000000,
    0.0008415864565201501
  ],
  [
    1571702400000,
    0.0008668620955182504
  ],
  [
    1571788800000,
    0.0008662767795359504
  ],
  [
    1571875200000,
    0.0008300248714875821
  ],
  [
    1571961600000,
    0.0008326267067795187
  ],
  [
    1572048000000,
    0.0008455009608630393
  ],
  [
    1572134400000,
    0.0008268480799669321
  ],
  [
    1572220800000,
    0.0008299589638807344
  ],
  [
    1572307200000,
    0.000814758266846827
  ],
  [
    1572393600000,
    0.0007949424293682354
  ],
  [
    1572480000000,
    0.000907225089818992
  ],
  [
    1572566400000,
    0.0008728737676606852
  ],
  [
    1572652800000,
    0.0006171851864898877
  ],
  [
    1572739200000,
    0.0006428436083457265
  ],
  [
    1572825600000,
    0.0006579569564889545
  ],
  [
    1572912000000,
    0.000815681777783868
  ],
  [
    1572998400000,
    0.0007406627847372792
  ],
  [
    1573084800000,
    0.0007268639216674326
  ],
  [
    1573171200000,
    0.000541408331389613
  ],
  [
    1573257600000,
    0.000665222441381935
  ],
  [
    1573344000000,
    0.0006863268970769226
  ],
  [
    1573430400000,
    0.0007174853387886143
  ],
  [
    1573516800000,
    0.0007444286128990378
  ],
  [
    1573603200000,
    0.0007210962751973218
  ],
  [
    1573689600000,
    0.0007818908872473696
  ],
  [
    1573776000000,
    0.0007747000271739775
  ],
  [
    1573862400000,
    0.0006961906693946976
  ],
  [
    1573948800000,
    0.0006855406238778195
  ],
  [
    1574035200000,
    0.0006888987846281899
  ],
  [
    1574121600000,
    0.0006622107161968869
  ],
  [
    1574208000000,
    0.0006926264748536195
  ],
  [
    1574294400000,
    0.0006964085185690428
  ],
  [
    1574380800000,
    0.0006302014376964835
  ],
  [
    1574467200000,
    0.0005734039869411496
  ],
  [
    1574553600000,
    0.0005728637777728219
  ],
  [
    1574640000000,
    0.0005316834145929784
  ],
  [
    1574726400000,
    0.000564625153291263
  ],
  [
    1574812800000,
    0.000563504812418836
  ],
  [
    1574899200000,
    0.0006013386927597762
  ],
  [
    1574985600000,
    0.0006168775399024003
  ],
  [
    1575072000000,
    0.0006012042554836622
  ],
  [
    1575158400000,
    0.0005848434103240893
  ],
  [
    1575244800000,
    0.000584673007416708
  ],
  [
    1575331200000,
    0.0005694732805710878
  ],
  [
    1575417600000,
    0.000566552577303075
  ],
  [
    1575504000000,
    0.0005595489960061435
  ],
  [
    1575590400000,
    0.0005418722910318919
  ],
  [
    1575676800000,
    0.0005695795701597446
  ],
  [
    1575763200000,
    0.0005835196251431846
  ],
  [
    1575849600000,
    0.0005871074233794552
  ],
  [
    1575936000000,
    0.0005989071860677768
  ],
  [
    1576022400000,
    0.0006552152646227499
  ],
  [
    1576108800000,
    0.0007979352909217675
  ],
  [
    1576195200000,
    0.0007367490207831804
  ],
  [
    1576281600000,
    0.0008284075645952298
  ],
  [
    1576368000000,
    0.0009100245440455375
  ],
  [
    1576454400000,
    0.001036221422145336
  ],
  [
    1576540800000,
    0.0009674489481513015
  ],
  [
    1576627200000,
    0.0010058143804281786
  ],
  [
    1576713600000,
    0.0010909182568198737
  ],
  [
    1576800000000,
    0.0010810604984113341
  ],
  [
    1576886400000,
    0.001014128929668669
  ],
  [
    1576972800000,
    0.0010555338483977759
  ],
  [
    1577059200000,
    0.0010737473316263589
  ],
  [
    1577145600000,
    0.0010620720803955497
  ],
  [
    1577232000000,
    0.0010260372775959714
  ],
  [
    1577318400000,
    0.0009674449349854324
  ],
  [
    1577404800000,
    0.000983662123950497
  ],
  [
    1577491200000,
    0.0009945641337359187
  ],
  [
    1577577600000,
    0.0010234258821679018
  ],
  [
    1577664000000,
    0.0010021924133099163
  ],
  [
    1577750400000,
    0.0009946099100787231
  ],
  [
    1577836800000,
    0.0009654838362094129
  ],
  [
    1577923200000,
    0.0009056467588575251
  ],
  [
    1578009600000,
    0.0008592012778702566
  ],
  [
    1578096000000,
    0.0007171655426563555
  ],
  [
    1578182400000,
    0.0008491811682851037
  ],
  [
    1578268800000,
    0.000799580874692133
  ],
  [
    1578355200000,
    0.0008107692013571789
  ],
  [
    1578441600000,
    0.0007790894568244552
  ],
  [
    1578528000000,
    0.0007531887844403251
  ],
  [
    1578614400000,
    0.0006898302308112703
  ],
  [
    1578700800000,
    0.0007862674973299126
  ],
  [
    1578787200000,
    0.0007463379388378034
  ],
  [
    1578873600000,
    0.0007977552097757126
  ],
  [
    1578960000000,
    0.0007884092014493348
  ],
  [
    1579046400000,
    0.0008453031544681091
  ],
  [
    1579132800000,
    0.0009288958303321132
  ],
  [
    1579219200000,
    0.000891199933686764
  ],
  [
    1579305600000,
    0.0009799210098061807
  ],
  [
    1579392000000,
    0.0008887694982241995
  ],
  [
    1579478400000,
    0.0009133029659822873
  ],
  [
    1579564800000,
    0.0009309458496592859
  ],
  [
    1579651200000,
    0.0008658441854665395
  ],
  [
    1579737600000,
    0.0008808283620211134
  ],
  [
    1579824000000,
    0.000856779565812296
  ],
  [
    1579910400000,
    0.0008664691154644323
  ],
  [
    1579996800000,
    0.0008760305756936822
  ],
  [
    1580083200000,
    0.00087921352551444
  ],
  [
    1580169600000,
    0.0009832925257370448
  ],
  [
    1580256000000,
    0.001107989606983345
  ],
  [
    1580342400000,
    0.0011730976150807562
  ],
  [
    1580428800000,
    0.0011989910136711575
  ],
  [
    1580515200000,
    0.001158605933312163
  ],
  [
    1580601600000,
    0.0011591505147770925
  ],
  [
    1580688000000,
    0.0010252557973011156
  ],
  [
    1580774400000,
    0.0009920386125865303
  ],
  [
    1580860800000,
    0.0008923348039657017
  ],
  [
    1580947200000,
    0.0009658187482816288
  ],
  [
    1581033600000,
    0.000981018587284698
  ],
  [
    1581120000000,
    0.00100773376289318
  ],
  [
    1581206400000,
    0.000993924067495426
  ],
  [
    1581292800000,
    0.0010419486699244586
  ],
  [
    1581379200000,
    0.001188869467007412
  ],
  [
    1581465600000,
    0.0011623443220841942
  ],
  [
    1581552000000,
    0.0011737432702189831
  ],
  [
    1581638400000,
    0.0010313831873543314
  ],
  [
    1581724800000,
    0.0012368566757548593
  ],
  [
    1581811200000,
    0.0011221171931681774
  ],
  [
    1581897600000,
    0.001047854094124776
  ],
  [
    1581984000000,
    0.0009623765651730549
  ],
  [
    1582070400000,
    0.0009658800468612469
  ],
  [
    1582156800000,
    0.001028482939946235
  ],
  [
    1582243200000,
    0.0009719652627811319
  ],
  [
    1582329600000,
    0.0010627076518471374
  ],
  [
    1582416000000,
    0.0009948966416519188
  ],
  [
    1582502400000,
    0.001002770355938134
  ],
  [
    1582588800000,
    0.001010080774922715
  ],
  [
    1582675200000,
    0.0009301149738449869
  ],
  [
    1582761600000,
    0.000868159792752317
  ],
  [
    1582848000000,
    0.000872754284406408
  ],
  [
    1582934400000,
    0.0008879129937781438
  ],
  [
    1583020800000,
    0.0011957799645999643
  ],
  [
    1583107200000,
    0.0009184574744620088
  ],
  [
    1583193600000,
    0.0009455936932619264
  ],
  [
    1583280000000,
    0.0009186802261614388
  ],
  [
    1583366400000,
    0.0009349870657279759
  ],
  [
    1583452800000,
    0.0010167958816418355
  ],
  [
    1583539200000,
    0.0010459097027268947
  ],
  [
    1583625600000,
    0.0009931050863210035
  ],
  [
    1583712000000,
    0.000886556555365547
  ],
  [
    1583798400000,
    0.0008351895468146128
  ],
  [
    1583884800000,
    0.0008546805247366749
  ],
  [
    1583971200000,
    0.000832509916040244
  ],
  [
    1584057600000,
    0.0004520771992672949
  ],
  [
    1584144000000,
    0.0005782993566710896
  ],
  [
    1584230400000,
    0.0005486469421431063
  ],
  [
    1584316800000,
    0.0005773177417146765
  ],
  [
    1584403200000,
    0.0004953638495098395
  ],
  [
    1584489600000,
    0.0005367570580226215
  ],
  [
    1584576000000,
    0.000546802494035223
  ],
  [
    1584662400000,
    0.0006304054630683758
  ],
  [
    1584748800000,
    0.0006010046980598808
  ],
  [
    1584835200000,
    0.0005995086579866825
  ],
  [
    1584921600000,
    0.0005736881548599445
  ],
  [
    1585008000000,
    0.0006278695191260199
  ],
  [
    1585094400000,
    0.0006419652528114652
  ],
  [
    1585180800000,
    0.0006380747326510876
  ],
  [
    1585267200000,
    0.0006121954718737272
  ],
  [
    1585353600000,
    0.0005978086052186921
  ],
  [
    1585440000000,
    0.0005614442576890898
  ],
  [
    1585526400000,
    0.0005400892951449873
  ],
  [
    1585612800000,
    0.0006212575877388129
  ],
  [
    1585699200000,
    0.0005960091445501495
  ],
  [
    1585785600000,
    0.0005827887473525335
  ],
  [
    1585872000000,
    0.0006132372883327223
  ],
  [
    1585958400000,
    0.0005761812495054535
  ],
  [
    1586044800000,
    0.0005793980634876319
  ],
  [
    1586131200000,
    0.0005731441049937453
  ],
  [
    1586217600000,
    0.0006229472215451804
  ],
  [
    1586304000000,
    0.0006057599063391705
  ],
  [
    1586390400000,
    0.0006364111415210178
  ],
  [
    1586476800000,
    0.0006306457356072163
  ],
  [
    1586563200000,
    0.0006055234217097654
  ],
  [
    1586649600000,
    0.0005972122720208416
  ],
  [
    1586736000000,
    0.0005993129507759342
  ],
  [
    1586822400000,
    0.0005743731069289544
  ],
  [
    1586908800000,
    0.0005841206999420981
  ],
  [
    1586995200000,
    0.0005732803351573879
  ],
  [
    1587081600000,
    0.0006013594367442946
  ],
  [
    1587168000000,
    0.0005853730472777124
  ],
  [
    1587254400000,
    0.0006017035414357212
  ],
  [
    1587340800000,
    0.000606633721596164
  ],
  [
    1587427200000,
    0.0005571159728457914
  ],
  [
    1587513600000,
    0.0005549225766832782
  ],
  [
    1587600000000,
    0.0005651883515092521
  ],
  [
    1587686400000,
    0.0005941661648035957
  ],
  [
    1587772800000,
    0.0006170479063255717
  ],
  [
    1587859200000,
    0.0005996337330871363
  ],
  [
    1587945600000,
    0.0005972826669854602
  ],
  [
    1588032000000,
    0.0006321791214725975
  ],
  [
    1588118400000,
    0.0006501728034001081
  ],
  [
    1588204800000,
    0.0007014882573354739
  ],
  [
    1588291200000,
    0.0006099163592951205
  ],
  [
    1588377600000,
    0.0006786400824517562
  ],
  [
    1588464000000,
    0.000641950644098511
  ],
  [
    1588550400000,
    0.0005956053417027328
  ],
  [
    1588636800000,
    0.0005703741204673148
  ],
  [
    1588723200000,
    0.0005931180006240519
  ],
  [
    1588809600000,
    0.0006528452653640401
  ],
  [
    1588896000000,
    0.0006568235955355262
  ],
  [
    1588982400000,
    0.0006782828864426818
  ],
  [
    1589068800000,
    0.0006525774025548539
  ],
  [
    1589155200000,
    0.000624875619055984
  ],
  [
    1589241600000,
    0.0005946068098698525
  ],
  [
    1589328000000,
    0.0005800670771456615
  ],
  [
    1589414400000,
    0.0005753522632091471
  ],
  [
    1589500800000,
    0.0005889793458651761
  ],
  [
    1589587200000,
    0.000600768659951045
  ],
  [
    1589673600000,
    0.0006475957271179967
  ],
  [
    1589760000000,
    0.0006316299708587029
  ],
  [
    1589846400000,
    0.0006349073993851738
  ],
  [
    1589932800000,
    0.0006281903142025589
  ],
  [
    1590019200000,
    0.0006310679866469608
  ],
  [
    1590105600000,
    0.0006304209846542837
  ],
  [
    1590192000000,
    0.0006263174224738719
  ],
  [
    1590278400000,
    0.0006597372588917677
  ],
  [
    1590364800000,
    0.000671824056180221
  ],
  [
    1590451200000,
    0.0006859101446478565
  ],
  [
    1590537600000,
    0.0006937127332698928
  ],
  [
    1590624000000,
    0.0007611457272408809
  ],
  [
    1590710400000,
    0.0007993555837436733
  ],
  [
    1590796800000,
    0.0007376796629507227
  ],
  [
    1590883200000,
    0.0007804516296916401
  ],
  [
    1590969600000,
    0.0007488825678724192
  ],
  [
    1591056000000,
    0.000800568906423579
  ],
  [
    1591142400000,
    0.000760772809543368
  ],
  [
    1591228800000,
    0.0007529630052546484
  ],
  [
    1591315200000,
    0.0008456771499876805
  ],
  [
    1591401600000,
    0.0008292493944190538
  ],
  [
    1591488000000,
    0.0007685006575164779
  ],
  [
    1591574400000,
    0.0008158440023176817
  ],
  [
    1591660800000,
    0.0007807235076347203
  ],
  [
    1591747200000,
    0.0007947403786246081
  ],
  [
    1591833600000,
    0.0008312750631101296
  ],
  [
    1591920000000,
    0.0007838811773022182
  ],
  [
    1592006400000,
    0.0008072954220090707
  ],
  [
    1592092800000,
    0.000786673542637312
  ],
  [
    1592179200000,
    0.0007990529416382147
  ],
  [
    1592265600000,
    0.0007670885051065629
  ],
  [
    1592352000000,
    0.0007814345106182612
  ],
  [
    1592438400000,
    0.0007710378848823856
  ],
  [
    1592524800000,
    0.000749466210945018
  ],
  [
    1592611200000,
    0.0007344319102077835
  ],
  [
    1592697600000,
    0.0007669698883533016
  ],
  [
    1592784000000,
    0.0007557296246804793
  ],
  [
    1592870400000,
    0.0007905931448081641
  ],
  [
    1592956800000,
    0.0008289541374326677
  ],
  [
    1593043200000,
    0.0008645219431170541
  ],
  [
    1593129600000,
    0.0014781834942054174
  ],
  [
    1593216000000,
    0.0017646440093851796
  ],
  [
    1593302400000,
    0.0016141094897078193
  ],
  [
    1593388800000,
    0.0014990793559207629
  ],
  [
    1593475200000,
    0.0013722090960238003
  ],
  [
    1593561600000,
    0.001353997636149484
  ],
  [
    1593648000000,
    0.0012563635052814618
  ],
  [
    1593734400000,
    0.001446305845742957
  ],
  [
    1593820800000,
    0.0013564674146577579
  ],
  [
    1593907200000,
    0.0013423883897955432
  ],
  [
    1593993600000,
    0.0012103608573989376
  ],
  [
    1594080000000,
    0.001350236652453041
  ],
  [
    1594166400000,
    0.0012721282544221068
  ],
  [
    1594252800000,
    0.0011841191780879016
  ],
  [
    1594339200000,
    0.0011064376407402719
  ],
  [
    1594425600000,
    0.0010600550928168743
  ],
  [
    1594512000000,
    0.0010631255311934554
  ],
  [
    1594598400000,
    0.000992117895640401
  ],
  [
    1594684800000,
    0.0009774682464509727
  ],
  [
    1594771200000,
    0.0014192864074019
  ],
  [
    1594857600000,
    0.0013474804069490266
  ],
  [
    1594944000000,
    0.0012330792908836082
  ],
  [
    1595030400000,
    0.0013392921768043398
  ],
  [
    1595116800000,
    0.0012285659226014824
  ],
  [
    1595203200000,
    0.0012156587768461036
  ],
  [
    1595289600000,
    0.0011924520468587071
  ],
  [
    1595376000000,
    0.0011380323892722925
  ],
  [
    1595462400000,
    0.001160649277464998
  ],
  [
    1595548800000,
    0.001161151071574085
  ],
  [
    1595635200000,
    0.001148635850686767
  ],
  [
    1595721600000,
    0.0012577999657540436
  ],
  [
    1595808000000,
    0.001303998598242269
  ],
  [
    1595894400000,
    0.001154255263679183
  ],
  [
    1595980800000,
    0.0011172116604644586
  ],
  [
    1596067200000,
    0.0010847785498516872
  ],
  [
    1596153600000,
    0.0011337966771835998
  ],
  [
    1596240000000,
    0.0011874129246120851
  ],
  [
    1596326400000,
    0.0012849140651766974
  ],
  [
    1596412800000,
    0.0012638243371325257
  ],
  [
    1596499200000,
    0.0013381295593993857
  ],
  [
    1596585600000,
    0.0013080020139891973
  ],
  [
    1596672000000,
    0.0013629362676869092
  ],
  [
    1596758400000,
    0.001263155908621483
  ],
  [
    1596844800000,
    0.0012221236739455522
  ],
  [
    1596931200000,
    0.0018662472327183586
  ],
  [
    1597017600000,
    0.0014163826014560413
  ],
  [
    1597104000000,
    0.0016035380835087124
  ],
  [
    1597190400000,
    0.001489477374994647
  ],
  [
    1597276800000,
    0.0014251724609020318
  ],
  [
    1597363200000,
    0.0013973100615859958
  ],
  [
    1597449600000,
    0.0013576690805169832
  ],
  [
    1597536000000,
    0.0013430647468461992
  ],
  [
    1597622400000,
    0.0013006198728380848
  ],
  [
    1597708800000,
    0.0013340870466271866
  ],
  [
    1597795200000,
    0.0014072975740326327
  ],
  [
    1597881600000,
    0.0012518741392964668
  ],
  [
    1597968000000,
    0.0011951034537691352
  ],
  [
    1598054400000,
    0.0010334179928551575
  ],
  [
    1598140800000,
    0.0011212970412288414
  ],
  [
    1598227200000,
    0.0011989546962917407
  ],
  [
    1598313600000,
    0.001472536509559446
  ],
  [
    1598400000000,
    0.0015107993375893783
  ],
  [
    1598486400000,
    0.0015872380147114273
  ],
  [
    1598572800000,
    0.0014100426229803394
  ],
  [
    1598659200000,
    0.0014148931913209443
  ],
  [
    1598745600000,
    0.001425875968191906
  ],
  [
    1598832000000,
    0.001441683653934108
  ],
  [
    1598918400000,
    0.0013728379273997364
  ],
  [
    1599004800000,
    0.0016516729457325254
  ],
  [
    1599091200000,
    0.003306938534793834
  ],
  [
    1599177600000,
    0.0025443062596858254
  ],
  [
    1599264000000,
    0.0024200347098154644
  ],
  [
    1599350400000,
    0.0015419070552419932
  ],
  [
    1599436800000,
    0.001651844482433933
  ],
  [
    1599523200000,
    0.0016858788522133175
  ],
  [
    1599609600000,
    0.0018065654544175244
  ],
  [
    1599696000000,
    0.00235411332308255
  ],
  [
    1599782400000,
    0.002014383068906568
  ],
  [
    1599868800000,
    0.0017925146583096362
  ],
  [
    1599955200000,
    0.0015590536215253248
  ],
  [
    1600041600000,
    0.0015307663103047795
  ],
  [
    1600128000000,
    0.0016809151505166565
  ],
  [
    1600214400000,
    0.0016097737839820374
  ],
  [
    1600300800000,
    0.0015257934678266933
  ],
  [
    1600387200000,
    0.001423600133265309
  ],
  [
    1600473600000,
    0.0014941844978881272
  ],
  [
    1600560000000,
    0.0021312338845344853
  ],
  [
    1600646400000,
    0.001809104009073171
  ],
  [
    1600732800000,
    0.0015529399441012465
  ],
  [
    1600819200000,
    0.001559609047935854
  ],
  [
    1600905600000,
    0.0014707021631256984
  ],
  [
    1600992000000,
    0.0016643031266053868
  ],
  [
    1601078400000,
    0.001898054495474423
  ],
  [
    1601164800000,
    0.001899785895933977
  ],
  [
    1601251200000,
    0.0018073908384823902
  ],
  [
    1601337600000,
    0.0017645659984412453
  ],
  [
    1601424000000,
    0.0018110001522300603
  ],
  [
    1601510400000,
    0.00174319195460552
  ],
  [
    1601596800000,
    0.001717799971093021
  ],
  [
    1601683200000,
    0.0017650968857506368
  ],
  [
    1601769600000,
    0.0017234334556401197
  ],
  [
    1601856000000,
    0.0017970339912510786
  ],
  [
    1601942400000,
    0.0018184313317053
  ],
  [
    1602028800000,
    0.0017772941777333471
  ],
  [
    1602115200000,
    0.0017429437793205467
  ],
  [
    1602201600000,
    0.0018059991261559403
  ],
  [
    1602288000000,
    0.0018609297120976455
  ],
  [
    1602374400000,
    0.0020327681654820095
  ],
  [
    1602460800000,
    0.0020494173989265016
  ],
  [
    1602547200000,
    0.0021259169498656894
  ],
  [
    1602633600000,
    0.0020274107212738656
  ],
  [
    1602720000000,
    0.0019905771193054348
  ],
  [
    1602806400000,
    0.002130599164185667
  ],
  [
    1602892800000,
    0.002265360526363282
  ],
  [
    1602979200000,
    0.0024205961853461834
  ],
  [
    1603065600000,
    0.002169957782609095
  ],
  [
    1603152000000,
    0.0023432320560833504
  ],
  [
    1603238400000,
    0.0018068935919394891
  ],
  [
    1603324800000,
    0.001935477859273505
  ],
  [
    1603411200000,
    0.0019244656332475418
  ],
  [
    1603497600000,
    0.0018955228223946896
  ],
  [
    1603584000000,
    0.0020803186287607625
  ],
  [
    1603670400000,
    0.0020958253610082194
  ],
  [
    1603756800000,
    0.0019364673045307959
  ],
  [
    1603843200000,
    0.00195857596108243
  ],
  [
    1603929600000,
    0.0018857849292728403
  ],
  [
    1604016000000,
    0.0018774130857712626
  ],
  [
    1604102400000,
    0.001757374705567864
  ],
  [
    1604188800000,
    0.0019581907946534557
  ],
  [
    1604275200000,
    0.0018686442638805277
  ],
  [
    1604361600000,
    0.0017313051237922458
  ],
  [
    1604448000000,
    0.001502530395152185
  ],
  [
    1604534400000,
    0.001495720228858835
  ],
  [
    1604620800000,
    0.0017301215451414065
  ],
  [
    1604707200000,
    0.0017403056475072845
  ],
  [
    1604793600000,
    0.0014604167733619478
  ],
  [
    1604880000000,
    0.0016044854853540008
  ],
  [
    1604966400000,
    0.001638291352011841
  ],
  [
    1605052800000,
    0.0014401356750352685
  ],
  [
    1605139200000,
    0.0013322200076933124
  ],
  [
    1605225600000,
    0.0013162216748395692
  ],
  [
    1605312000000,
    0.0017096812789212932
  ],
  [
    1605398400000,
    0.001657860270804298
  ],
  [
    1605484800000,
    0.001636305739894769
  ],
  [
    1605571200000,
    0.0014826410442661342
  ],
  [
    1605657600000,
    0.0015680259408751506
  ],
  [
    1605744000000,
    0.0015256496768136763
  ],
  [
    1605830400000,
    0.0017226312044785871
  ],
  [
    1605916800000,
    0.0017233021980714
  ],
  [
    1606003200000,
    0.0017096636236289945
  ],
  [
    1606089600000,
    0.0017022723699222837
  ],
  [
    1606176000000,
    0.001774144470862668
  ],
  [
    1606262400000,
    0.0018191808509747287
  ],
  [
    1606348800000,
    0.00251548614346657
  ],
  [
    1606435200000,
    0.002127399260833262
  ],
  [
    1606521600000,
    0.0020721195339223775
  ],
  [
    1606608000000,
    0.0024204643212059223
  ],
  [
    1606694400000,
    0.0024307299002443252
  ],
  [
    1606780800000,
    0.002358442505408255
  ],
  [
    1606867200000,
    0.0022922914052107917
  ],
  [
    1606953600000,
    0.0023163392301996546
  ],
  [
    1607040000000,
    0.0021107663515990984
  ],
  [
    1607126400000,
    0.002066519804330594
  ],
  [
    1607212800000,
    0.0020554881114237737
  ],
  [
    1607299200000,
    0.0021355446151013874
  ],
  [
    1607385600000,
    0.002082564556365907
  ],
  [
    1607472000000,
    0.0023686439563708047
  ],
  [
    1607558400000,
    0.0018598293859507125
  ],
  [
    1607644800000,
    0.001836687795727842
  ],
  [
    1607731200000,
    0.001844286927898844
  ],
  [
    1607817600000,
    0.0017302989414860247
  ],
  [
    1607904000000,
    0.001783999508715954
  ],
  [
    1607990400000,
    0.001716438128972628
  ],
  [
    1608076800000,
    0.0016909763082746823
  ],
  [
    1608163200000,
    0.0018785188848105035
  ],
  [
    1608249600000,
    0.0019013406551841978
  ],
  [
    1608336000000,
    0.0019921180157267916
  ],
  [
    1608422400000,
    0.0020056742236508993
  ],
  [
    1608508800000,
    0.0020075746992235656
  ],
  [
    1608595200000,
    0.001999716171204574
  ],
  [
    1608681600000,
    0.0020505410485971392
  ],
  [
    1608768000000,
    0.0027068421543817224
  ],
  [
    1608854400000,
    0.0015799189843460086
  ],
  [
    1608940800000,
    0.0014862931480263063
  ],
  [
    1609027200000,
    0.0015120117855835483
  ],
  [
    1609113600000,
    0.0014702067207334097
  ],
  [
    1609200000000,
    0.001416406636798016
  ],
  [
    1609286400000,
    0.0013976815257357293
  ],
  [
    1609372800000,
    0.0014611441884706954
  ],
  [
    1609459200000,
    0.0021016555690317397
  ],
  [
    1609545600000,
    0.0012755421011203007
  ],
  [
    1609632000000,
    0.0013717022554527736
  ],
  [
    1609718400000,
    0.0010673580319809585
  ],
  [
    1609804800000,
    0.0013426601629248497
  ],
  [
    1609891200000,
    0.001535691057583034
  ],
  [
    1609977600000,
    0.001659851071857103
  ],
  [
    1610064000000,
    0.0016349010981286393
  ],
  [
    1610150400000,
    0.0013717491332998336
  ],
  [
    1610236800000,
    0.0015332318044339731
  ],
  [
    1610323200000,
    0.001390710107781584
  ],
  [
    1610409600000,
    0.0012894727562444523
  ],
  [
    1610496000000,
    0.0012208725880043028
  ],
  [
    1610582400000,
    0.001251855454048571
  ],
  [
    1610668800000,
    0.0013018170315634919
  ],
  [
    1610755200000,
    0.0013389733034727491
  ],
  [
    1610841600000,
    0.0013769526955853175
  ],
  [
    1610928000000,
    0.0013262897723888103
  ],
  [
    1611014400000,
    0.001412284825642068
  ],
  [
    1611100800000,
    0.0011481144574795844
  ],
  [
    1611187200000,
    0.001128185366559813
  ],
  [
    1611273600000,
    0.0009457326054185987
  ],
  [
    1611360000000,
    0.0011080252310361942
  ],
  [
    1611446400000,
    0.00115029036899991
  ],
  [
    1611532800000,
    0.0012425628040847792
  ],
  [
    1611619200000,
    0.0012365014934488299
  ],
  [
    1611705600000,
    0.001253456199739432
  ],
  [
    1611792000000,
    0.0011263550362302787
  ],
  [
    1611878400000,
    0.00121836021550657
  ],
  [
    1611964800000,
    0.0011955845146915927
  ],
  [
    1612051200000,
    0.0011964494687012022
  ],
  [
    1612137600000,
    0.0012656815188145307
  ],
  [
    1612224000000,
    0.0012645756690550902
  ],
  [
    1612310400000,
    0.001232759962847652
  ],
  [
    1612396800000,
    0.001073543053534267
  ],
  [
    1612483200000,
    0.0009396732338948496
  ],
  [
    1612569600000,
    0.0009556669124449878
  ],
  [
    1612656000000,
    0.0011319261238863217
  ],
  [
    1612742400000,
    0.0011525543913051244
  ],
  [
    1612828800000,
    0.00113449854020789
  ],
  [
    1612915200000,
    0.0013328125702603793
  ],
  [
    1613001600000,
    0.001233827743187698
  ],
  [
    1613088000000,
    0.0012574819992774938
  ],
  [
    1613174400000,
    0.0017115247153454206
  ],
  [
    1613260800000,
    0.0017181757808006073
  ],
  [
    1613347200000,
    0.0015317737355904483
  ],
  [
    1613433600000,
    0.0015131722128677518
  ],
  [
    1613520000000,
    0.0015877976583270456
  ],
  [
    1613606400000,
    0.0015806596132817204
  ],
  [
    1613692800000,
    0.001655166616975318
  ],
  [
    1613779200000,
    0.00380082312228801
  ],
  [
    1613865600000,
    0.001414313718915412
  ],
  [
    1613952000000,
    0.0015151244844167106
  ],
  [
    1614038400000,
    0.0013225308340112118
  ],
  [
    1614124800000,
    0.0012052732718304733
  ],
  [
    1614211200000,
    0.0013229007621465248
  ],
  [
    1614297600000,
    0.001188521845833826
  ],
  [
    1614384000000,
    0.0012006446656233696
  ],
  [
    1614470400000,
    0.001262998612380279
  ],
  [
    1614556800000,
    0.0011874631737653794
  ],
  [
    1614643200000,
    0.0013073235482231585
  ],
  [
    1614729600000,
    0.0012790662939661309
  ],
  [
    1614816000000,
    0.0013078781413880362
  ],
  [
    1614902400000,
    0.0012720735592749435
  ],
  [
    1614988800000,
    0.0012735785699797368
  ],
  [
    1615075200000,
    0.00138371742489875
  ],
  [
    1615161600000,
    0.001645841656074424
  ],
  [
    1615248000000,
    0.0017609896758989713
  ],
  [
    1615334400000,
    0.0018352596044313955
  ],
  [
    1615420800000,
    0.0017542800867863923
  ],
  [
    1615507200000,
    0.0017552800608814317
  ],
  [
    1615593600000,
    0.0018435506623641494
  ],
  [
    1615680000000,
    0.002098225400464006
  ],
  [
    1615766400000,
    0.0021429514082627905
  ],
  [
    1615852800000,
    0.0035669861159730023
  ],
  [
    1615939200000,
    0.0031787794940479146
  ],
  [
    1616025600000,
    0.003117765846523805
  ],
  [
    1616112000000,
    0.004988224753913488
  ],
  [
    1616198400000,
    0.009008569054560269
  ],
  [
    1616284800000,
    0.006420743532828655
  ],
  [
    1616371200000,
    0.006561511163977285
  ],
  [
    1616457600000,
    0.006230680848614288
  ],
  [
    1616544000000,
    0.005700613762236525
  ],
  [
    1616630400000,
    0.00576695279839018
  ],
  [
    1616716800000,
    0.0058127817255558805
  ],
  [
    1616803200000,
    0.007224609844272826
  ],
  [
    1616889600000,
    0.007614161710941264
  ],
  [
    1616976000000,
    0.006683395627259354
  ],
  [
    1617062400000,
    0.007100950791707173
  ],
  [
    1617148800000,
    0.0071631821924291305
  ],
  [
    1617235200000,
    0.0066646492853756015
  ],
  [
    1617321600000,
    0.009031603785976002
  ],
  [
    1617408000000,
    0.009861127939643286
  ],
  [
    1617494400000,
    0.012315998490084353
  ],
  [
    1617580800000,
    0.014912388163841259
  ],
  [
    1617667200000,
    0.013614129384103653
  ],
  [
    1617753600000,
    0.013683810035951172
  ],
  [
    1617840000000,
    0.01078617583832368
  ],
  [
    1617926400000,
    0.012968761421377822
  ],
  [
    1618012800000,
    0.011674215798029472
  ],
  [
    1618099200000,
    0.011092901482467613
  ],
  [
    1618185600000,
    0.015079053240054945
  ],
  [
    1618272000000,
    0.01207255190428249
  ],
  [
    1618358400000,
    0.011480271803240131
  ],
  [
    1618444800000,
    0.009892943312537858
  ],
  [
    1618531200000,
    0.010216660752164892
  ],
  [
    1618617600000,
    0.008672614240673086
  ],
  [
    1618704000000,
    0.009379307619172595
  ],
  [
    1618790400000,
    0.008336904026932506
  ],
  [
    1618876800000,
    0.0070650417924124406
  ],
  [
    1618963200000,
    0.006980595458610742
  ],
  [
    1619049600000,
    0.0074778291567378
  ],
  [
    1619136000000,
    0.007061070591617011
  ],
  [
    1619222400000,
    0.006418026911891486
  ],
  [
    1619308800000,
    0.006316090794202107
  ],
  [
    1619395200000,
    0.006060029497390645
  ],
  [
    1619481600000,
    0.007235338142241189
  ],
  [
    1619568000000,
    0.007041442643610119
  ],
  [
    1619654400000,
    0.007015370653676175
  ],
  [
    1619740800000,
    0.006462404278851091
  ],
  [
    1619827200000,
    0.006653243176474015
  ],
  [
    1619913600000,
    0.006679424413659647
  ],
  [
    1620000000000,
    0.006686525874280255
  ],
  [
    1620086400000,
    0.006880513337353291
  ],
  [
    1620172800000,
    0.006109464289861815
  ],
  [
    1620259200000,
    0.006024553129870644
  ],
  [
    1620345600000,
    0.006530939229324309
  ],
  [
    1620432000000,
    0.006035154504475376
  ],
  [
    1620518400000,
    0.0063313977416679205
  ],
  [
    1620604800000,
    0.008141120101423658
  ],
  [
    1620691200000,
    0.00698397217135676
  ],
  [
    1620777600000,
    0.007939437302715851
  ],
  [
    1620864000000,
    0.006374919055072856
  ],
  [
    1620950400000,
    0.006018915647045837
  ],
  [
    1621036800000,
    0.006453271295952477
  ],
  [
    1621123200000,
    0.005527579286374119
  ],
  [
    1621209600000,
    0.005362637059788648
  ],
  [
    1621296000000,
    0.00500894788445071
  ],
  [
    1621382400000,
    0.005030765878451885
  ],
  [
    1621468800000,
    0.003175875951989883
  ],
  [
    1621555200000,
    0.0033946678716714725
  ],
  [
    1621641600000,
    0.0029077215683078255
  ],
  [
    1621728000000,
    0.002601061397129261
  ],
  [
    1621814400000,
    0.0023419576745000587
  ],
  [
    1621900800000,
    0.0031207685810379538
  ],
  [
    1621987200000,
    0.0031495994567823545
  ],
  [
    1622073600000,
    0.003381926632732897
  ],
  [
    1622160000000,
    0.003685857104735447
  ],
  [
    1622246400000,
    0.0036733302559056264
  ],
  [
    1622332800000,
    0.0038484356319805663
  ],
  [
    1622419200000,
    0.004096944638907189
  ],
  [
    1622505600000,
    0.0048954745222280745
  ],
  [
    1622592000000,
    0.004039385985703997
  ],
  [
    1622678400000,
    0.0039091486601116375
  ],
  [
    1622764800000,
    0.003724383357576659
  ],
  [
    1622851200000,
    0.003382359844177873
  ],
  [
    1622937600000,
    0.0032573984401097302
  ],
  [
    1623024000000,
    0.003253314812525088
  ],
  [
    1623110400000,
    0.0029254226464188616
  ],
  [
    1623196800000,
    0.002701168207302764
  ],
  [
    1623283200000,
    0.0030070427641732153
  ],
  [
    1623369600000,
    0.0029404227911483845
  ],
  [
    1623456000000,
    0.0026771018040874428
  ],
  [
    1623542400000,
    0.0026570578086221796
  ],
  [
    1623628800000,
    0.0027295342243661594
  ],
  [
    1623715200000,
    0.002917766303706557
  ],
  [
    1623801600000,
    0.002854821288847612
  ],
  [
    1623888000000,
    0.0027241163372756366
  ],
  [
    1623974400000,
    0.002720421336461953
  ],
  [
    1624060800000,
    0.00273419546580102
  ],
  [
    1624147200000,
    0.002563342709311991
  ],
  [
    1624233600000,
    0.0025401842279073076
  ],
  [
    1624320000000,
    0.002013868916721411
  ],
  [
    1624406400000,
    0.0017502051266039937
  ],
  [
    1624492800000,
    0.0019493957057919035
  ],
  [
    1624579200000,
    0.0020158825275168528
  ],
  [
    1624665600000,
    0.001862101112621376
  ],
  [
    1624752000000,
    0.0019017308650961444
  ],
  [
    1624838400000,
    0.0020736839562635985
  ],
  [
    1624924800000,
    0.0021045256604606934
  ],
  [
    1625011200000,
    0.0022180102983515066
  ],
  [
    1625097600000,
    0.0021585043663574334
  ],
  [
    1625184000000,
    0.0019788349055870277
  ],
  [
    1625270400000,
    0.0020882550659659543
  ],
  [
    1625356800000,
    0.0023164919293606327
  ],
  [
    1625443200000,
    0.003523706458710184
  ],
  [
    1625529600000,
    0.0035718562009662996
  ],
  [
    1625616000000,
    0.003795803328386623
  ],
  [
    1625702400000,
    0.00343162277815477
  ],
  [
    1625788800000,
    0.0032314050171945263
  ],
  [
    1625875200000,
    0.0031594403647393593
  ],
  [
    1625961600000,
    0.002722969094203945
  ],
  [
    1626048000000,
    0.0026860820707817214
  ],
  [
    1626134400000,
    0.002529781356026383
  ],
  [
    1626220800000,
    0.0023834931232558547
  ],
  [
    1626307200000,
    0.0024231680645861783
  ],
  [
    1626393600000,
    0.002353361759690792
  ],
  [
    1626480000000,
    0.0024908319735562506
  ],
  [
    1626566400000,
    0.0025296029331820158
  ],
  [
    1626652800000,
    0.002376362417137405
  ],
  [
    1626739200000,
    0.0024818174014819756
  ],
  [
    1626825600000,
    0.002351136148971099
  ],
  [
    1626912000000,
    0.0025587626539572157
  ],
  [
    1626998400000,
    0.0027038575471973773
  ],
  [
    1627084800000,
    0.0027423757736384302
  ],
  [
    1627171200000,
    0.002072982245406183
  ],
  [
    1627257600000,
    0.0037687617965533695
  ],
  [
    1627344000000,
    0.002963936419007326
  ],
  [
    1627430400000,
    0.002758923924342748
  ],
  [
    1627516800000,
    0.002905851254005848
  ],
  [
    1627603200000,
    0.002850603223826003
  ],
  [
    1627689600000,
    0.002958324180505903
  ],
  [
    1627776000000,
    0.0030176963853896033
  ],
  [
    1627862400000,
    0.0029501064102204814
  ],
  [
    1627948800000,
    0.003054981603077777
  ],
  [
    1628035200000,
    0.0029870357019434975
  ],
  [
    1628121600000,
    0.0031292088005436328
  ],
  [
    1628208000000,
    0.0026995086441109163
  ],
  [
    1628294400000,
    0.0028659342542226188
  ],
  [
    1628380800000,
    0.0028847430648029616
  ],
  [
    1628467200000,
    0.0028374919387037685
  ],
  [
    1628553600000,
    0.0038754145570626297
  ],
  [
    1628640000000,
    0.003380523805189655
  ],
  [
    1628726400000,
    0.0037557681059217306
  ],
  [
    1628812800000,
    0.0037342010084736852
  ],
  [
    1628899200000,
    0.003926837839877193
  ],
  [
    1628985600000,
    0.0037935229277524215
  ],
  [
    1629072000000,
    0.004052228961582351
  ],
  [
    1629158400000,
    0.004531064026076498
  ],
  [
    1629244800000,
    0.0040403376864954245
  ],
  [
    1629331200000,
    0.0038402498566571003
  ],
  [
    1629417600000,
    0.003996400143248273
  ],
  [
    1629504000000,
    0.0043307216991294245
  ],
  [
    1629590400000,
    0.004375301085662188
  ],
  [
    1629676800000,
    0.004293114629804707
  ],
  [
    1629763200000,
    0.004231970316829568
  ],
  [
    1629849600000,
    0.0040529805699783565
  ],
  [
    1629936000000,
    0.004001882821815868
  ],
  [
    1630022400000,
    0.003796716093324983
  ],
  [
    1630108800000,
    0.003953003953830611
  ],
  [
    1630195200000,
    0.003911382924702427
  ],
  [
    1630281600000,
    0.003936746722688469
  ],
  [
    1630368000000,
    0.00383358470919805
  ],
  [
    1630454400000,
    0.0034820578509864868
  ],
  [
    1630540800000,
    0.003824822640159997
  ],
  [
    1630627200000,
    0.003932879260368117
  ]
]