[
  [
    1605744000000,
    0.000356275308671952
  ],
  [
    1605830400000,
    0.000356275308671952
  ],
  [
    1605916800000,
    0.0006816628989595566
  ],
  [
    1606003200000,
    0.0007383320514369421
  ],
  [
    1606089600000,
    0.0005510594485796931
  ],
  [
    1606176000000,
    0.003280660800650341
  ],
  [
    1606262400000,
    0.002497670954958316
  ],
  [
    1606348800000,
    0.002630032326927446
  ],
  [
    1606435200000,
    0.000684337810415888
  ],
  [
    1606521600000,
    0.001197530597587187
  ],
  [
    1606608000000,
    0.001238844153730885
  ],
  [
    1606694400000,
    0.001270522212584772
  ],
  [
    1606780800000,
    0.0013730146991238756
  ],
  [
    1606867200000,
    0.0011211412460176067
  ],
  [
    1606953600000,
    0.0009631066343946042
  ],
  [
    1607040000000,
    0.0009967499809053918
  ],
  [
    1607126400000,
    0.0006538484013551997
  ],
  [
    1607212800000,
    0.0005396355417475556
  ],
  [
    1607299200000,
    0.00045095526958359076
  ],
  [
    1607385600000,
    0.0005748676487594395
  ],
  [
    1607472000000,
    0.0005494914098401599
  ],
  [
    1607558400000,
    0.0008501850966185565
  ],
  [
    1607644800000,
    0.0006397098048669418
  ],
  [
    1607731200000,
    0.0006400346088326009
  ],
  [
    1607817600000,
    0.0005607128151887833
  ],
  [
    1607904000000,
    0.0004279028831759848
  ],
  [
    1607990400000,
    0.0003861863064927157
  ],
  [
    1608076800000,
    0.00038829187676542044
  ],
  [
    1608163200000,
    0.00042563134090775986
  ],
  [
    1608249600000,
    0.00023165466623450954
  ],
  [
    1608336000000,
    0.00022491606691799412
  ],
  [
    1608422400000,
    0.0002331574410000703
  ],
  [
    1608508800000,
    0.00028036853939209373
  ],
  [
    1608595200000,
    0.00023668796599528996
  ],
  [
    1608681600000,
    0.000234452268501016
  ],
  [
    1608768000000,
    0.000466973993420122
  ],
  [
    1608854400000,
    0.000237240135490339
  ],
  [
    1608940800000,
    0.0002311083891151273
  ],
  [
    1609459200000,
    0.000292607618826307
  ],
  [
    1609545600000,
    0.000292607618826307
  ],
  [
    1609632000000,
    0.000319840215152242
  ],
  [
    1609891200000,
    0.000363472143866342
  ],
  [
    1609977600000,
    0.000363472143866342
  ],
  [
    1610064000000,
    0.000391027935551421
  ],
  [
    1610150400000,
    0.000402365296140586
  ],
  [
    1610236800000,
    0.000406021221312638
  ],
  [
    1610323200000,
    0.000347615749409222
  ],
  [
    1610409600000,
    0.000347615749409222
  ],
  [
    1610496000000,
    0.000336019208242012
  ],
  [
    1610582400000,
    0.001191845263082475
  ],
  [
    1610668800000,
    0.001191845263082475
  ],
  [
    1610755200000,
    0.000379447443731527
  ],
  [
    1610841600000,
    0.000359079820420203
  ],
  [
    1610928000000,
    0.000359079820420203
  ],
  [
    1611014400000,
    0.000364290045366454
  ],
  [
    1611100800000,
    0.000367414383317821
  ],
  [
    1611187200000,
    0.000654462014377872
  ],
  [
    1611273600000,
    0.000654462014377872
  ],
  [
    1611360000000,
    0.000645630694103306
  ],
  [
    1611619200000,
    0.00032485892902641
  ],
  [
    1611705600000,
    0.00032485892902641
  ],
  [
    1611792000000,
    0.000334540311640891
  ],
  [
    1611878400000,
    0.000334540311640891
  ],
  [
    1611964800000,
    0.000334837259706424
  ],
  [
    1612224000000,
    0.000338840346690837
  ],
  [
    1612310400000,
    0.000338840346690837
  ],
  [
    1612569600000,
    0.000393441032080356
  ],
  [
    1612656000000,
    0.000393441032080356
  ],
  [
    1612742400000,
    0.000380328674026829
  ],
  [
    1613174400000,
    0.000469200369447073
  ],
  [
    1613260800000,
    0.000469200369447073
  ],
  [
    1614470400000,
    0.000435314888628617
  ],
  [
    1614556800000,
    0.000435314888628617
  ],
  [
    1614643200000,
    0.0004924236221061
  ],
  [
    1615766400000,
    0.000569763486426625
  ],
  [
    1615852800000,
    0.000569763486426625
  ],
  [
    1615939200000,
    0.000557431963866344
  ],
  [
    1616025600000,
    0.000580001466695486
  ],
  [
    1616112000000,
    0.000578928657362776
  ],
  [
    1616198400000,
    0.00059157513863741
  ],
  [
    1616371200000,
    0.000574020566244333
  ],
  [
    1616457600000,
    0.000574020566244333
  ],
  [
    1616544000000,
    0.000547238377357303
  ],
  [
    1616630400000,
    0.000529861824312523
  ],
  [
    1616716800000,
    0.000529861824312523
  ],
  [
    1616803200000,
    0.000533448977869861
  ],
  [
    1616889600000,
    0.000560015717058362
  ],
  [
    1616976000000,
    0.000555954607215578
  ],
  [
    1617062400000,
    0.00057478083089814
  ],
  [
    1617148800000,
    0.000585744453071399
  ],
  [
    1617235200000,
    0.000588596914514947
  ],
  [
    1617321600000,
    0.000588596914514947
  ],
  [
    1617580800000,
    0.000577314140992822
  ],
  [
    1617667200000,
    0.000577314140992822
  ],
  [
    1618185600000,
    0.000602027211390778
  ],
  [
    1618272000000,
    0.000602027211390778
  ],
  [
    1618358400000,
    0.000628492154456798
  ],
  [
    1618531200000,
    0.000616455096982718
  ],
  [
    1618617600000,
    0.000616455096982718
  ],
  [
    1618704000000,
    0.000602766002293759
  ],
  [
    1618790400000,
    0.000560670505399873
  ],
  [
    1618876800000,
    0.000560698665206794
  ],
  [
    1618963200000,
    0.000565222522534264
  ],
  [
    1619049600000,
    0.000548867108120212
  ],
  [
    1619136000000,
    0.00052138984222927
  ],
  [
    1619222400000,
    0.000497060809707097
  ],
  [
    1619308800000,
    0.001451832316428189
  ],
  [
    1619395200000,
    0.001451832316428189
  ],
  [
    1619481600000,
    0.001607144118595695
  ],
  [
    1619568000000,
    0.001652928551700663
  ],
  [
    1619654400000,
    0.001091739188360646
  ],
  [
    1619740800000,
    0.000536060654221512
  ],
  [
    1619827200000,
    0.001155599378465516
  ],
  [
    1619913600000,
    0.001156559309337786
  ],
  [
    1620000000000,
    0.000564807397994108
  ],
  [
    1620086400000,
    0.000569028385568382
  ],
  [
    1620172800000,
    0.001089582151427612
  ],
  [
    1620259200000,
    0.00057215491212321
  ],
  [
    1620345600000,
    0.001126256734159926
  ],
  [
    1620432000000,
    0.000577274925087217
  ],
  [
    1620518400000,
    0.000585233609807631
  ],
  [
    1620604800000,
    0.000578660499282729
  ],
  [
    1620691200000,
    0.000554882105421335
  ],
  [
    1620777600000,
    0.00112692330823622
  ],
  [
    1620864000000,
    0.001031098889099802
  ],
  [
    1620950400000,
    0.000493536064173721
  ],
  [
    1621036800000,
    0.000499060743340832
  ],
  [
    1621123200000,
    0.000483940285025104
  ],
  [
    1621209600000,
    0.000450370533098961
  ],
  [
    1621296000000,
    0.00085838840391833
  ],
  [
    1621382400000,
    0.000428908446830556
  ],
  [
    1621468800000,
    0.000391937593825263
  ],
  [
    1621555200000,
    0.000409674690480579
  ],
  [
    1621641600000,
    0.000364023038497629
  ],
  [
    1621728000000,
    0.000376792583102228
  ],
  [
    1621814400000,
    0.000346895392936038
  ],
  [
    1621900800000,
    0.00038210660895569
  ],
  [
    1621987200000,
    0.000752444238930022
  ],
  [
    1622073600000,
    0.000774633180842714
  ],
  [
    1622160000000,
    0.000770714885468118
  ],
  [
    1622246400000,
    0.000706553325813484
  ],
  [
    1622332800000,
    0.000345787140836293
  ],
  [
    1622419200000,
    0.000361330195291854
  ],
  [
    1622505600000,
    0.000366563087688679
  ],
  [
    1622592000000,
    0.000362978835314859
  ],
  [
    1622678400000,
    0.000378479819839722
  ],
  [
    1622764800000,
    0.000389255696490466
  ],
  [
    1622851200000,
    0.000371815567096159
  ],
  [
    1622937600000,
    0.000704938004029306
  ],
  [
    1623024000000,
    0.000359175674120317
  ],
  [
    1623110400000,
    0.000339349822162379
  ],
  [
    1623196800000,
    0.000329395626266908
  ],
  [
    1623283200000,
    0.000365835544237696
  ],
  [
    1623369600000,
    0.000369110470333192
  ],
  [
    1623456000000,
    0.000747357374749614
  ],
  [
    1623542400000,
    0.000715249111634116
  ],
  [
    1623628800000,
    0.000391444914665443
  ],
  [
    1623715200000,
    0.000798636098953826
  ],
  [
    1623801600000,
    0.000400865375415999
  ],
  [
    1623888000000,
    0.000386697823181626
  ],
  [
    1623974400000,
    0.000376934701071484
  ],
  [
    1624060800000,
    0.000709252257328784
  ],
  [
    1624147200000,
    0.000357365922389352
  ],
  [
    1624233600000,
    0.000717832340991446
  ],
  [
    1624320000000,
    0.000316777071515707
  ],
  [
    1624406400000,
    0.000325274161086157
  ],
  [
    1624492800000,
    0.000332173741401727
  ],
  [
    1624579200000,
    0.00034813673068694
  ],
  [
    1624665600000,
    0.000317542720678905
  ],
  [
    1624752000000,
    0.000319858836471627
  ],
  [
    1624838400000,
    0.000653712076931946
  ],
  [
    1624924800000,
    0.000343628667732767
  ],
  [
    1625011200000,
    0.000363412619716118
  ],
  [
    1625097600000,
    0.000348740915842091
  ],
  [
    1625184000000,
    0.000334815681198123
  ],
  [
    1625270400000,
    0.000338428389930274
  ],
  [
    1625356800000,
    0.000346429362947586
  ],
  [
    1625443200000,
    0.000354687736860123
  ],
  [
    1625529600000,
    0.000341746178552882
  ],
  [
    1625616000000,
    0.000340179090284109
  ],
  [
    1625702400000,
    0.00068449778539869
  ],
  [
    1625788800000,
    0.000328245561290539
  ],
  [
    1625875200000,
    0.000680493061905458
  ],
  [
    1625961600000,
    0.000336025041119219
  ],
  [
    1626048000000,
    0.000345864812486266
  ],
  [
    1626134400000,
    0.000331494415243541
  ],
  [
    1626220800000,
    0.000327186312210811
  ],
  [
    1626307200000,
    0.000330279636242081
  ],
  [
    1626393600000,
    0.000319064878683346
  ],
  [
    1626480000000,
    0.000318126924020622
  ],
  [
    1626566400000,
    0.000315971035681702
  ],
  [
    1626652800000,
    0.000316664908891213
  ],
  [
    1626739200000,
    0.000309592344642502
  ],
  [
    1626825600000,
    0.000297472654089025
  ],
  [
    1626912000000,
    0.000320993096748161
  ],
  [
    1626998400000,
    0.000323060385161987
  ],
  [
    1627084800000,
    0.000326498084406824
  ],
  [
    1627171200000,
    0.000339677215432038
  ],
  [
    1627257600000,
    0.000345307781291072
  ],
  [
    1627344000000,
    0.000374108163153354
  ],
  [
    1627430400000,
    0.000390465718700394
  ],
  [
    1627516800000,
    0.000401095187325443
  ],
  [
    1627603200000,
    0.000397656604403757
  ],
  [
    1627689600000,
    0.000412672884039644
  ],
  [
    1627776000000,
    0.000418797695543312
  ],
  [
    1627862400000,
    0.000402219148958395
  ],
  [
    1627948800000,
    0.000792790501708518
  ],
  [
    1628035200000,
    0.000384326086171872
  ],
  [
    1628121600000,
    0.000398331890511123
  ],
  [
    1628208000000,
    0.000410546764971978
  ],
  [
    1628294400000,
    0.000854252551769048
  ],
  [
    1628380800000,
    0.000439927907860791
  ],
  [
    1628467200000,
    0.000443145130638271
  ],
  [
    1628553600000,
    0.000461007894202623
  ],
  [
    1628640000000,
    0.000455279894561683
  ],
  [
    1628726400000,
    0.000464018538312753
  ],
  [
    1628812800000,
    0.000886247570557244
  ],
  [
    1628899200000,
    0.000476383102790485
  ],
  [
    1628985600000,
    0.000470625285693729
  ],
  [
    1629072000000,
    0.000470801877616877
  ],
  [
    1629158400000,
    0.000463990635848721
  ],
  [
    1629244800000,
    0.000448831559584198
  ],
  [
    1629331200000,
    0.000446793428490215
  ],
  [
    1629417600000,
    0.000465565736683658
  ],
  [
    1629504000000,
    0.000486940616843334
  ],
  [
    1629590400000,
    0.000491391308488622
  ],
  [
    1629676800000,
    0.000486491268310059
  ],
  [
    1629763200000,
    0.000493365720404777
  ],
  [
    1629849600000,
    0.000483724593044859
  ],
  [
    1629936000000,
    0.000490313357493644
  ],
  [
    1630022400000,
    0.000472777843413338
  ],
  [
    1630108800000,
    0.000489113545329427
  ],
  [
    1630195200000,
    0.000487979878188539
  ],
  [
    1630281600000,
    0.00048557375741874
  ],
  [
    1630368000000,
    0.000482263667958794
  ],
  [
    1630454400000,
    0.00094516456564767
  ],
  [
    1630540800000,
    0.000485923397063501
  ],
  [
    1630627200000,
    0.000494763236183015
  ]
]