[
  [
    1568073600000,
    0.10217910038391362
  ],
  [
    1568160000000,
    0.09449154342878058
  ],
  [
    1568246400000,
    0.09064743945904005
  ],
  [
    1568332800000,
    0.09134886769201556
  ],
  [
    1568419200000,
    0.08529584095704165
  ],
  [
    1568505600000,
    0.07039124641039314
  ],
  [
    1568592000000,
    0.07246154198846204
  ],
  [
    1568678400000,
    0.07130139013462292
  ],
  [
    1568764800000,
    0.08098285183013218
  ],
  [
    1568851200000,
    0.07815496802985186
  ],
  [
    1568937600000,
    0.07674882518308879
  ],
  [
    1569024000000,
    0.07663984431488702
  ],
  [
    1569110400000,
    0.07531868731545933
  ],
  [
    1569196800000,
    0.07154157438860675
  ],
  [
    1569283200000,
    0.0688221894097797
  ],
  [
    1569369600000,
    0.06192189066490637
  ],
  [
    1569456000000,
    0.05857299273347554
  ],
  [
    1569542400000,
    0.05885120807365838
  ],
  [
    1569628800000,
    0.06141737698133208
  ],
  [
    1569715200000,
    0.05860920488172166
  ],
  [
    1569801600000,
    0.05311678145619774
  ],
  [
    1569888000000,
    0.04835678887066514
  ],
  [
    1569974400000,
    0.04946700464523561
  ],
  [
    1570060800000,
    0.04946700464523561
  ],
  [
    1570147200000,
    0.04421271982508885
  ],
  [
    1570233600000,
    0.043924474843305784
  ],
  [
    1570320000000,
    0.044103393436056765
  ],
  [
    1570406400000,
    0.04181393619977979
  ],
  [
    1570492800000,
    0.042919759370908514
  ],
  [
    1570579200000,
    0.04437257832992014
  ],
  [
    1570665600000,
    0.05466721556036498
  ],
  [
    1570752000000,
    0.04883611845543327
  ],
  [
    1570838400000,
    0.0497599386905077
  ],
  [
    1570924800000,
    0.04850440912827648
  ],
  [
    1571011200000,
    0.0469288029433892
  ],
  [
    1571097600000,
    0.048505783279028485
  ],
  [
    1571184000000,
    0.04621032729292625
  ],
  [
    1571270400000,
    0.04573090890288882
  ],
  [
    1571356800000,
    0.046044919836900816
  ],
  [
    1571443200000,
    0.046405713724304354
  ],
  [
    1571529600000,
    0.046462052103950074
  ],
  [
    1571616000000,
    0.046455224172730285
  ],
  [
    1571702400000,
    0.04622025533169212
  ],
  [
    1571788800000,
    0.045377633430796274
  ],
  [
    1571875200000,
    0.0432108703891855
  ],
  [
    1571961600000,
    0.04179206397938331
  ],
  [
    1572048000000,
    0.04230380701752733
  ],
  [
    1572134400000,
    0.0409570042961802
  ],
  [
    1572220800000,
    0.041232549886093636
  ],
  [
    1572307200000,
    0.046753677308166715
  ],
  [
    1572393600000,
    0.04986253031269141
  ],
  [
    1572480000000,
    0.05186541755884559
  ],
  [
    1572566400000,
    0.05139916820227882
  ],
  [
    1572652800000,
    0.0548128855590195
  ],
  [
    1572739200000,
    0.055609085759843635
  ],
  [
    1572825600000,
    0.0551756733207629
  ],
  [
    1572912000000,
    0.05751446484677187
  ],
  [
    1572998400000,
    0.05512726547108088
  ],
  [
    1573084800000,
    0.06171683270643593
  ],
  [
    1573171200000,
    0.06883203660659891
  ],
  [
    1573257600000,
    0.06585329236607813
  ],
  [
    1573344000000,
    0.06478759532453716
  ],
  [
    1573430400000,
    0.06320328368477703
  ],
  [
    1573516800000,
    0.05651479618882609
  ],
  [
    1573603200000,
    0.05548691114800777
  ],
  [
    1573689600000,
    0.05794750946849111
  ],
  [
    1573776000000,
    0.05658283831715836
  ],
  [
    1573862400000,
    0.04851790445771578
  ],
  [
    1573948800000,
    0.04724827562152011
  ],
  [
    1574035200000,
    0.0559532879566183
  ],
  [
    1574121600000,
    0.05190378400161454
  ],
  [
    1574208000000,
    0.05030967878506616
  ],
  [
    1574294400000,
    0.050500282066242914
  ],
  [
    1574380800000,
    0.04752914086787877
  ],
  [
    1574467200000,
    0.04525938165517879
  ],
  [
    1574553600000,
    0.04032994855987444
  ],
  [
    1574640000000,
    0.03350691602561641
  ],
  [
    1574726400000,
    0.03484206736802843
  ],
  [
    1574812800000,
    0.03309815295618405
  ],
  [
    1574899200000,
    0.0367311101899683
  ],
  [
    1574985600000,
    0.03765637086414406
  ],
  [
    1575072000000,
    0.03807303281535477
  ],
  [
    1575158400000,
    0.037316938648290866
  ],
  [
    1575244800000,
    0.036847859193129544
  ],
  [
    1575331200000,
    0.03511135680882168
  ],
  [
    1575417600000,
    0.03588650435121117
  ],
  [
    1575504000000,
    0.035226415876281614
  ],
  [
    1575590400000,
    0.0347925189820648
  ],
  [
    1575676800000,
    0.0346799936014222
  ],
  [
    1575763200000,
    0.03370410830356554
  ],
  [
    1575849600000,
    0.03355950931487202
  ],
  [
    1575936000000,
    0.03448790385952832
  ],
  [
    1576022400000,
    0.03347810858027031
  ],
  [
    1576108800000,
    0.033860726038741136
  ],
  [
    1576195200000,
    0.033075923691139625
  ],
  [
    1576281600000,
    0.035774123038065736
  ],
  [
    1576368000000,
    0.03347876277427615
  ],
  [
    1576454400000,
    0.03273967974765193
  ],
  [
    1576540800000,
    0.03120147148865367
  ],
  [
    1576627200000,
    0.030195160697137943
  ],
  [
    1576713600000,
    0.030221700987000003
  ],
  [
    1576800000000,
    0.03027965364101498
  ],
  [
    1576886400000,
    0.030322731764537484
  ],
  [
    1576972800000,
    0.029921546663508634
  ],
  [
    1577059200000,
    0.02887796147996045
  ],
  [
    1577145600000,
    0.02987606369059855
  ],
  [
    1577232000000,
    0.028729820356142088
  ],
  [
    1577318400000,
    0.028311476104958155
  ],
  [
    1577404800000,
    0.0275022755590092
  ],
  [
    1577491200000,
    0.02769435376819897
  ],
  [
    1577577600000,
    0.029679449310450298
  ],
  [
    1577664000000,
    0.02821768149913963
  ],
  [
    1577750400000,
    0.027369848437667228
  ],
  [
    1577836800000,
    0.02756195618402057
  ],
  [
    1577923200000,
    0.027077887451781073
  ],
  [
    1578009600000,
    0.026191359245082216
  ],
  [
    1578096000000,
    0.026591490070193305
  ],
  [
    1578182400000,
    0.026390360990941057
  ],
  [
    1578268800000,
    0.02638011239816818
  ],
  [
    1578355200000,
    0.026133699839267742
  ],
  [
    1578441600000,
    0.026820977503312173
  ],
  [
    1578528000000,
    0.027314149929326438
  ],
  [
    1578614400000,
    0.02597989290034877
  ],
  [
    1578700800000,
    0.025853436732273933
  ],
  [
    1578787200000,
    0.025936526584783872
  ],
  [
    1578873600000,
    0.025750741666417994
  ],
  [
    1578960000000,
    0.024599108502415406
  ],
  [
    1579046400000,
    0.02493985068885445
  ],
  [
    1579132800000,
    0.025611090256372405
  ],
  [
    1579219200000,
    0.02575298624493531
  ],
  [
    1579305600000,
    0.02459623933870644
  ],
  [
    1579392000000,
    0.025149943063564554
  ],
  [
    1579478400000,
    0.025109224212909387
  ],
  [
    1579564800000,
    0.02507149863649143
  ],
  [
    1579651200000,
    0.025445652023156476
  ],
  [
    1579737600000,
    0.02545157821567243
  ],
  [
    1579824000000,
    0.024281422662602435
  ],
  [
    1579910400000,
    0.023481066486889284
  ],
  [
    1579996800000,
    0.02329080721882184
  ],
  [
    1580083200000,
    0.023891385131490004
  ],
  [
    1580169600000,
    0.023725433070814962
  ],
  [
    1580256000000,
    0.024296536349984778
  ],
  [
    1580342400000,
    0.023613636343283215
  ],
  [
    1580428800000,
    0.023605090820314784
  ],
  [
    1580515200000,
    0.023438871882521767
  ],
  [
    1580601600000,
    0.023339567573153436
  ],
  [
    1580688000000,
    0.02407056791594557
  ],
  [
    1580774400000,
    0.023405647709809192
  ],
  [
    1580860800000,
    0.02344962545620204
  ],
  [
    1580947200000,
    0.02359311273721628
  ],
  [
    1581033600000,
    0.026543217569858123
  ],
  [
    1581120000000,
    0.030053444951124657
  ],
  [
    1581206400000,
    0.027165791784864522
  ],
  [
    1581292800000,
    0.028920350862957248
  ],
  [
    1581379200000,
    0.03304085039608162
  ],
  [
    1581465600000,
    0.03288193041500252
  ],
  [
    1581552000000,
    0.036004870132767715
  ],
  [
    1581638400000,
    0.031930978883161085
  ],
  [
    1581724800000,
    0.028555112810688732
  ],
  [
    1581811200000,
    0.027895765861879092
  ],
  [
    1581897600000,
    0.025496377525687744
  ],
  [
    1581984000000,
    0.023629799923166796
  ],
  [
    1582070400000,
    0.0241019309829543
  ],
  [
    1582156800000,
    0.022268200309763276
  ],
  [
    1582243200000,
    0.022514634398049852
  ],
  [
    1582329600000,
    0.022089207154452315
  ],
  [
    1582416000000,
    0.02160210656118845
  ],
  [
    1582502400000,
    0.021708675447803027
  ],
  [
    1582588800000,
    0.019275706053693623
  ],
  [
    1582675200000,
    0.01757951466917866
  ],
  [
    1582761600000,
    0.016707922989198917
  ],
  [
    1582848000000,
    0.016787062881371984
  ],
  [
    1582934400000,
    0.016731279506040753
  ],
  [
    1583020800000,
    0.016820166840070348
  ],
  [
    1583107200000,
    0.016146278574517788
  ],
  [
    1583193600000,
    0.01883875378138509
  ],
  [
    1583280000000,
    0.020502806118661263
  ],
  [
    1583366400000,
    0.021441939841132487
  ],
  [
    1583452800000,
    0.022293167981920676
  ],
  [
    1583539200000,
    0.023605667916397562
  ],
  [
    1583625600000,
    0.023736950529650955
  ],
  [
    1583712000000,
    0.019445132915934523
  ],
  [
    1583798400000,
    0.019352704536516854
  ],
  [
    1583884800000,
    0.019828633565680095
  ],
  [
    1583971200000,
    0.019830010894375652
  ],
  [
    1584057600000,
    0.013723618855602757
  ],
  [
    1584144000000,
    0.014798092089466613
  ],
  [
    1584230400000,
    0.014098586595663935
  ],
  [
    1584316800000,
    0.014305593962661161
  ],
  [
    1584403200000,
    0.013019234960740738
  ],
  [
    1584489600000,
    0.014396838190703741
  ],
  [
    1584576000000,
    0.013474838621303517
  ],
  [
    1584662400000,
    0.014992182244583254
  ],
  [
    1584748800000,
    0.014300023677268436
  ],
  [
    1584835200000,
    0.015109426099189204
  ],
  [
    1584921600000,
    0.014281488526516617
  ],
  [
    1585008000000,
    0.015321928226212438
  ],
  [
    1585094400000,
    0.01612698346198593
  ],
  [
    1585180800000,
    0.01412271362411807
  ],
  [
    1585267200000,
    0.014191132502694244
  ],
  [
    1585353600000,
    0.014525728373921246
  ],
  [
    1585440000000,
    0.014164466008963494
  ],
  [
    1585526400000,
    0.013886715532828903
  ],
  [
    1585612800000,
    0.014099005543849673
  ],
  [
    1585699200000,
    0.013905718203064075
  ],
  [
    1585785600000,
    0.014326365418191028
  ],
  [
    1585872000000,
    0.014303109992971876
  ],
  [
    1585958400000,
    0.014401723821621526
  ],
  [
    1586044800000,
    0.014505928986808395
  ],
  [
    1586131200000,
    0.014403466972035695
  ],
  [
    1586217600000,
    0.014686669664741385
  ],
  [
    1586304000000,
    0.014491182116629484
  ],
  [
    1586390400000,
    0.014565402568527609
  ],
  [
    1586476800000,
    0.014008683360180865
  ],
  [
    1586563200000,
    0.01351766081120482
  ],
  [
    1586649600000,
    0.013522790036886554
  ],
  [
    1586736000000,
    0.013118815167922515
  ],
  [
    1586822400000,
    0.013333780172340895
  ],
  [
    1586908800000,
    0.014408100371027568
  ],
  [
    1586995200000,
    0.014307384526276126
  ],
  [
    1587081600000,
    0.014082614002708129
  ],
  [
    1587168000000,
    0.013666122872408594
  ],
  [
    1587254400000,
    0.01360634699958216
  ],
  [
    1587340800000,
    0.013604126046854114
  ],
  [
    1587427200000,
    0.013123167275430985
  ],
  [
    1587513600000,
    0.012591823072357476
  ],
  [
    1587600000000,
    0.012301483543124356
  ],
  [
    1587686400000,
    0.012135136614540644
  ],
  [
    1587772800000,
    0.011996535565040326
  ],
  [
    1587859200000,
    0.010899853234183928
  ],
  [
    1587945600000,
    0.010803477741031445
  ],
  [
    1588032000000,
    0.010006288680207817
  ],
  [
    1588118400000,
    0.010611286572408275
  ],
  [
    1588204800000,
    0.010460620528132208
  ],
  [
    1588291200000,
    0.010808665854572947
  ],
  [
    1588377600000,
    0.010383688888871392
  ],
  [
    1588464000000,
    0.010587278099587304
  ],
  [
    1588550400000,
    0.010120131651480641
  ],
  [
    1588636800000,
    0.010321613270885904
  ],
  [
    1588723200000,
    0.009918369305149407
  ],
  [
    1588809600000,
    0.009958745974898464
  ],
  [
    1588896000000,
    0.00948209085371494
  ],
  [
    1588982400000,
    0.0104108859226059
  ],
  [
    1589068800000,
    0.009426828736227083
  ],
  [
    1589155200000,
    0.008981406091233563
  ],
  [
    1589241600000,
    0.008199575663109726
  ],
  [
    1589328000000,
    0.007805289010453883
  ],
  [
    1589414400000,
    0.00819399213759682
  ],
  [
    1589500800000,
    0.007490242417619448
  ],
  [
    1589587200000,
    0.005894825719224705
  ],
  [
    1589673600000,
    0.005479609128687455
  ],
  [
    1589760000000,
    0.005798422135951896
  ],
  [
    1589846400000,
    0.005592782434427263
  ],
  [
    1589932800000,
    0.005591863926749134
  ],
  [
    1590019200000,
    0.0051963212800386635
  ],
  [
    1590105600000,
    0.005002922102975828
  ],
  [
    1590192000000,
    0.00488070732189654
  ],
  [
    1590278400000,
    0.004891729500545271
  ],
  [
    1590364800000,
    0.005189799909734417
  ],
  [
    1590451200000,
    0.005496743411926992
  ],
  [
    1590537600000,
    0.006192288169514985
  ],
  [
    1590624000000,
    0.0070861491446178445
  ],
  [
    1590710400000,
    0.006795651840576947
  ],
  [
    1590796800000,
    0.006402310177899102
  ],
  [
    1590883200000,
    0.006596390481385821
  ],
  [
    1590969600000,
    0.006281589161076774
  ],
  [
    1591056000000,
    0.00566297056603463
  ],
  [
    1591142400000,
    0.005495464696648048
  ],
  [
    1591228800000,
    0.005795095407067038
  ],
  [
    1591315200000,
    0.006194668817313786
  ],
  [
    1591401600000,
    0.006178882082502444
  ],
  [
    1591488000000,
    0.005902564542196359
  ],
  [
    1591574400000,
    0.0058975222324610405
  ],
  [
    1591660800000,
    0.005797423353281908
  ],
  [
    1591747200000,
    0.005304919534923467
  ],
  [
    1591833600000,
    0.005401098209953846
  ],
  [
    1591920000000,
    0.004995456581369511
  ],
  [
    1592006400000,
    0.004902768535483733
  ],
  [
    1592092800000,
    0.005100983697755381
  ],
  [
    1592179200000,
    0.005098862809617219
  ],
  [
    1592265600000,
    0.005804531794884677
  ],
  [
    1592352000000,
    0.006001542852253049
  ],
  [
    1592438400000,
    0.005596624540412727
  ],
  [
    1592524800000,
    0.005699868032850519
  ],
  [
    1592611200000,
    0.005721628279114883
  ],
  [
    1592697600000,
    0.005599506755620696
  ],
  [
    1592784000000,
    0.005502812545578115
  ],
  [
    1592870400000,
    0.005798607281432685
  ],
  [
    1592956800000,
    0.005696186471219214
  ],
  [
    1593043200000,
    0.0058038344653521465
  ],
  [
    1593129600000,
    0.005399413031818983
  ],
  [
    1593216000000,
    0.0051983298260961965
  ],
  [
    1593302400000,
    0.0050037541429022525
  ],
  [
    1593388800000,
    0.004805148779462837
  ],
  [
    1593475200000,
    0.004997837145523471
  ],
  [
    1593561600000,
    0.005298239549239315
  ],
  [
    1593648000000,
    0.0053007670402775466
  ],
  [
    1593734400000,
    0.004901821107478568
  ],
  [
    1593820800000,
    0.004800124660256847
  ],
  [
    1593907200000,
    0.004705175353120635
  ],
  [
    1593993600000,
    0.0047030146133399875
  ],
  [
    1594080000000,
    0.004796802565538856
  ],
  [
    1594166400000,
    0.005001488287231411
  ],
  [
    1594252800000,
    0.005100317883013852
  ],
  [
    1594339200000,
    0.005096686910292146
  ],
  [
    1594425600000,
    0.005197539689632387
  ],
  [
    1594512000000,
    0.005102588281509784
  ],
  [
    1594598400000,
    0.0049032137893849454
  ],
  [
    1594684800000,
    0.00499813819296558
  ],
  [
    1594771200000,
    0.005095121230816825
  ],
  [
    1594857600000,
    0.005104329039675383
  ],
  [
    1594944000000,
    0.005101160780486568
  ],
  [
    1595030400000,
    0.005098858688704887
  ],
  [
    1595116800000,
    0.0052012382112132625
  ],
  [
    1595203200000,
    0.005093619618732861
  ],
  [
    1595289600000,
    0.0050000476052837195
  ],
  [
    1595376000000,
    0.004903200075765905
  ],
  [
    1595462400000,
    0.005001350680843998
  ],
  [
    1595548800000,
    0.005100315254247711
  ],
  [
    1595635200000,
    0.005000428430170081
  ],
  [
    1595721600000,
    0.004900945469875276
  ],
  [
    1595808000000,
    0.004897389666752915
  ],
  [
    1595894400000,
    0.004873814842383365
  ],
  [
    1595980800000,
    0.0048967207421536105
  ],
  [
    1596067200000,
    0.0050048977303748625
  ],
  [
    1596153600000,
    0.004993799840446076
  ],
  [
    1596240000000,
    0.005100806650921379
  ],
  [
    1596326400000,
    0.005208630817995114
  ],
  [
    1596412800000,
    0.005398975716966185
  ],
  [
    1596499200000,
    0.005798395383122857
  ],
  [
    1596585600000,
    0.005501288858579254
  ],
  [
    1596672000000,
    0.005990636891640708
  ],
  [
    1596758400000,
    0.006098809536201678
  ],
  [
    1596844800000,
    0.007549641285795176
  ],
  [
    1596931200000,
    0.007897477184915621
  ],
  [
    1597017600000,
    0.008494219293380229
  ],
  [
    1597104000000,
    0.008493489955070429
  ],
  [
    1597190400000,
    0.008397897957013855
  ],
  [
    1597276800000,
    0.009102799202655746
  ],
  [
    1597363200000,
    0.00910416205266576
  ],
  [
    1597449600000,
    0.010089675634256673
  ],
  [
    1597536000000,
    0.00980126366319764
  ],
  [
    1597622400000,
    0.009302200808991381
  ],
  [
    1597708800000,
    0.00927967775017268
  ],
  [
    1597795200000,
    0.008806465335154333
  ],
  [
    1597881600000,
    0.008506329326444169
  ],
  [
    1597968000000,
    0.008399659428086318
  ],
  [
    1598054400000,
    0.008292932739211023
  ],
  [
    1598140800000,
    0.00799891924404674
  ],
  [
    1598227200000,
    0.008192965855034012
  ],
  [
    1598313600000,
    0.008304130516308537
  ],
  [
    1598400000000,
    0.006796475618557487
  ],
  [
    1598486400000,
    0.006802246793079051
  ],
  [
    1598572800000,
    0.007194469599263861
  ],
  [
    1598659200000,
    0.007098116886129773
  ],
  [
    1598745600000,
    0.0069994404160693136
  ],
  [
    1598832000000,
    0.007099516853867684
  ],
  [
    1598918400000,
    0.007198044272593908
  ],
  [
    1599004800000,
    0.0067806162598640545
  ],
  [
    1599091200000,
    0.008187776679437363
  ],
  [
    1599177600000,
    0.00757764074415739
  ],
  [
    1599264000000,
    0.007807586727356825
  ],
  [
    1599350400000,
    0.007719388467255043
  ],
  [
    1599436800000,
    0.008099283031902237
  ],
  [
    1599523200000,
    0.007799648627362985
  ],
  [
    1599609600000,
    0.007807096077322148
  ],
  [
    1599696000000,
    0.00820301766885648
  ],
  [
    1599782400000,
    0.007711598797252038
  ],
  [
    1599868800000,
    0.007706433608691581
  ],
  [
    1599955200000,
    0.007900066995951017
  ],
  [
    1600041600000,
    0.007804013212816515
  ],
  [
    1600128000000,
    0.007801904856777248
  ],
  [
    1600214400000,
    0.007797901014847207
  ],
  [
    1600300800000,
    0.008099374350220281
  ],
  [
    1600387200000,
    0.008405854193104618
  ],
  [
    1600473600000,
    0.008204788753121618
  ],
  [
    1600560000000,
    0.00800321461994625
  ],
  [
    1600646400000,
    0.008006891759775887
  ],
  [
    1600732800000,
    0.007690910052758313
  ],
  [
    1600819200000,
    0.0074985248440595734
  ],
  [
    1600905600000,
    0.007991266010624687
  ],
  [
    1600992000000,
    0.007997491615165223
  ],
  [
    1601078400000,
    0.007997458143081967
  ],
  [
    1601164800000,
    0.007397062987727903
  ],
  [
    1601251200000,
    0.007505275541662928
  ],
  [
    1601337600000,
    0.007604075142024628
  ],
  [
    1601424000000,
    0.007299373444650253
  ],
  [
    1601510400000,
    0.007502245568070365
  ],
  [
    1601596800000,
    0.007601728241730485
  ],
  [
    1601683200000,
    0.007301612054963202
  ],
  [
    1601769600000,
    0.007104332143081885
  ],
  [
    1601856000000,
    0.007102533311014408
  ],
  [
    1601942400000,
    0.007299993095370741
  ],
  [
    1602028800000,
    0.007304091892733585
  ],
  [
    1602115200000,
    0.007200616249527276
  ],
  [
    1602201600000,
    0.007101174840590638
  ],
  [
    1602288000000,
    0.007400788959439277
  ],
  [
    1602374400000,
    0.006998426752324689
  ],
  [
    1602460800000,
    0.007397937060369141
  ],
  [
    1602547200000,
    0.007103419506175366
  ],
  [
    1602633600000,
    0.007503280609627677
  ],
  [
    1602720000000,
    0.007400062037609671
  ],
  [
    1602806400000,
    0.007397221836355691
  ],
  [
    1602892800000,
    0.007202067455854299
  ],
  [
    1602979200000,
    0.0073994728407007545
  ],
  [
    1603065600000,
    0.0074142857168996035
  ],
  [
    1603152000000,
    0.0073006315083333035
  ],
  [
    1603238400000,
    0.007304576448858336
  ],
  [
    1603324800000,
    0.007088219172739613
  ],
  [
    1603411200000,
    0.007192199037086492
  ],
  [
    1603497600000,
    0.006999796349377738
  ],
  [
    1603584000000,
    0.007099010404228893
  ],
  [
    1603670400000,
    0.006897389199600627
  ],
  [
    1603756800000,
    0.0068995874011497866
  ],
  [
    1603843200000,
    0.006997449417426379
  ],
  [
    1603929600000,
    0.007298871310021231
  ],
  [
    1604016000000,
    0.007198913178448618
  ],
  [
    1604102400000,
    0.007299626788414379
  ],
  [
    1604188800000,
    0.007297007078763114
  ],
  [
    1604275200000,
    0.0072882616586253295
  ],
  [
    1604361600000,
    0.00718854028148465
  ],
  [
    1604448000000,
    0.007095497922499352
  ],
  [
    1604534400000,
    0.007199101679688594
  ],
  [
    1604620800000,
    0.007198880243155914
  ],
  [
    1604707200000,
    0.006900917064866934
  ],
  [
    1604793600000,
    0.007107010252377161
  ],
  [
    1604880000000,
    0.006996322988534808
  ],
  [
    1604966400000,
    0.006996107532847314
  ],
  [
    1605052800000,
    0.007096375509690121
  ],
  [
    1605139200000,
    0.007001644088456929
  ],
  [
    1605225600000,
    0.00699556522277477
  ],
  [
    1605312000000,
    0.006999117484502028
  ],
  [
    1605398400000,
    0.007002275043986874
  ],
  [
    1605484800000,
    0.006902814072238858
  ],
  [
    1605571200000,
    0.006897154995731175
  ],
  [
    1605657600000,
    0.006896614922465947
  ],
  [
    1605744000000,
    0.007100014834234469
  ],
  [
    1605830400000,
    0.007005013234330212
  ],
  [
    1605916800000,
    0.007197181366413146
  ],
  [
    1606003200000,
    0.0069874831810775
  ],
  [
    1606089600000,
    0.006895656651062844
  ],
  [
    1606176000000,
    0.006898853655216981
  ],
  [
    1606262400000,
    0.006882961521865434
  ],
  [
    1606348800000,
    0.006857405582805529
  ],
  [
    1606435200000,
    0.006909932483477535
  ],
  [
    1606521600000,
    0.006999074791724983
  ],
  [
    1606608000000,
    0.007001575654742049
  ],
  [
    1606694400000,
    0.007006572016639518
  ],
  [
    1606780800000,
    0.006969438437760244
  ],
  [
    1606867200000,
    0.007003129320672359
  ],
  [
    1606953600000,
    0.006994763861561124
  ],
  [
    1607040000000,
    0.006998840147723387
  ],
  [
    1607126400000,
    0.006998143480942299
  ],
  [
    1607212800000,
    0.006809474323682664
  ],
  [
    1607299200000,
    0.006905591740391999
  ],
  [
    1607385600000,
    0.006910851573770787
  ],
  [
    1607472000000,
    0.006908492757236787
  ],
  [
    1607558400000,
    0.00690997296438627
  ],
  [
    1607644800000,
    0.00693476945709679
  ],
  [
    1607731200000,
    0.006927097001479738
  ],
  [
    1607817600000,
    0.007021882516703644
  ],
  [
    1607904000000,
    0.006891871232583369
  ],
  [
    1607990400000,
    0.007007289834749962
  ],
  [
    1608076800000,
    0.0069130235546304725
  ],
  [
    1608163200000,
    0.006849985577447203
  ],
  [
    1608249600000,
    0.006993825619349201
  ],
  [
    1608336000000,
    0.007002049281394242
  ],
  [
    1608422400000,
    0.006984455353958776
  ],
  [
    1608508800000,
    0.00702468081542879
  ],
  [
    1608595200000,
    0.006900020163956918
  ],
  [
    1608681600000,
    0.006908444894046328
  ],
  [
    1608768000000,
    0.006819177136774824
  ],
  [
    1608854400000,
    0.006801193130372358
  ],
  [
    1608940800000,
    0.006797526726898838
  ],
  [
    1609027200000,
    0.006705319200107901
  ],
  [
    1609113600000,
    0.006810108431888557
  ],
  [
    1609200000000,
    0.006805952107300239
  ],
  [
    1609286400000,
    0.006928490765888692
  ],
  [
    1609372800000,
    0.006873032068098504
  ],
  [
    1609459200000,
    0.006887276065775644
  ],
  [
    1609545600000,
    0.007001265137318303
  ],
  [
    1609632000000,
    0.00701353729403418
  ],
  [
    1609718400000,
    0.006908065319794839
  ],
  [
    1609804800000,
    0.0067042822062839515
  ],
  [
    1609891200000,
    0.0068833734154071236
  ],
  [
    1609977600000,
    0.006735863189550096
  ],
  [
    1610064000000,
    0.006506605974127636
  ],
  [
    1610150400000,
    0.006425471561462952
  ],
  [
    1610236800000,
    0.006248497443787953
  ],
  [
    1610323200000,
    0.006465901112904015
  ],
  [
    1610409600000,
    0.00551606422250602
  ],
  [
    1610496000000,
    0.00595403126131017
  ],
  [
    1610582400000,
    0.005929482298061807
  ],
  [
    1610668800000,
    0.005918653534427448
  ],
  [
    1610755200000,
    0.0061096502245107905
  ],
  [
    1610841600000,
    0.0067180138951811255
  ],
  [
    1610928000000,
    0.007046607611295294
  ],
  [
    1611014400000,
    0.007044722366113348
  ],
  [
    1611100800000,
    0.00697685795233689
  ],
  [
    1611187200000,
    0.007311031176880208
  ],
  [
    1611273600000,
    0.006967195034612005
  ],
  [
    1611360000000,
    0.006893843324965587
  ],
  [
    1611446400000,
    0.006883969532094692
  ],
  [
    1611532800000,
    0.006920178480451757
  ],
  [
    1611619200000,
    0.0069054651599259305
  ],
  [
    1611705600000,
    0.006965584426169409
  ],
  [
    1611792000000,
    0.007022153028153174
  ],
  [
    1611878400000,
    0.007154160776969312
  ],
  [
    1611964800000,
    0.007225100612860496
  ],
  [
    1612051200000,
    0.007101171597604983
  ],
  [
    1612137600000,
    0.007197658246976563
  ],
  [
    1612224000000,
    0.007474105816913289
  ],
  [
    1612310400000,
    0.0076928652026674454
  ],
  [
    1612396800000,
    0.007908661882336293
  ],
  [
    1612483200000,
    0.0075701825394812634
  ],
  [
    1612569600000,
    0.007330651937315883
  ],
  [
    1612656000000,
    0.007330431208022342
  ],
  [
    1612742400000,
    0.007261827448496143
  ],
  [
    1612828800000,
    0.0075278098826952996
  ],
  [
    1612915200000,
    0.008371837909469118
  ],
  [
    1613001600000,
    0.009042223995546389
  ],
  [
    1613088000000,
    0.009012095915238187
  ],
  [
    1613174400000,
    0.009379719895431272
  ],
  [
    1613260800000,
    0.009996936395661493
  ],
  [
    1613347200000,
    0.010255245592153149
  ],
  [
    1613433600000,
    0.01007810427501723
  ],
  [
    1613520000000,
    0.010379532926075777
  ],
  [
    1613606400000,
    0.012263704686870795
  ],
  [
    1613692800000,
    0.013912595221641415
  ],
  [
    1613779200000,
    0.016046570422959216
  ],
  [
    1613865600000,
    0.015560541802022489
  ],
  [
    1613952000000,
    0.015871641608111598
  ],
  [
    1614038400000,
    0.015719499555516905
  ],
  [
    1614124800000,
    0.013226464668578568
  ],
  [
    1614211200000,
    0.015373436148369812
  ],
  [
    1614297600000,
    0.017196861519393213
  ],
  [
    1614384000000,
    0.01673198397806325
  ],
  [
    1614470400000,
    0.016843758559570998
  ],
  [
    1614556800000,
    0.014907184951648073
  ],
  [
    1614643200000,
    0.015634479453802284
  ],
  [
    1614729600000,
    0.01540865640950646
  ],
  [
    1614816000000,
    0.015018975573097646
  ],
  [
    1614902400000,
    0.014601656324286429
  ],
  [
    1614988800000,
    0.013600820010842313
  ],
  [
    1615075200000,
    0.013813227863470202
  ],
  [
    1615161600000,
    0.0145851280916414
  ],
  [
    1615248000000,
    0.014355338204103235
  ],
  [
    1615334400000,
    0.014301318860656128
  ],
  [
    1615420800000,
    0.014086192340637207
  ],
  [
    1615507200000,
    0.01370409658338128
  ],
  [
    1615593600000,
    0.012696748737542283
  ],
  [
    1615680000000,
    0.013329068107752291
  ],
  [
    1615766400000,
    0.012986494154734145
  ],
  [
    1615852800000,
    0.012211324790921725
  ],
  [
    1615939200000,
    0.012701437103561595
  ],
  [
    1616025600000,
    0.012755817754797324
  ],
  [
    1616112000000,
    0.01387311230514044
  ],
  [
    1616198400000,
    0.015423894823998195
  ],
  [
    1616284800000,
    0.015544547379445838
  ],
  [
    1616371200000,
    0.01507198739870194
  ],
  [
    1616457600000,
    0.013635154060029362
  ],
  [
    1616544000000,
    0.012915536060744767
  ],
  [
    1616630400000,
    0.013688292076210187
  ],
  [
    1616716800000,
    0.012883344146653956
  ],
  [
    1616803200000,
    0.013812443166247806
  ],
  [
    1616889600000,
    0.01351888235655409
  ],
  [
    1616976000000,
    0.013466395804960365
  ],
  [
    1617062400000,
    0.0138222564778654
  ],
  [
    1617148800000,
    0.015194285949309211
  ],
  [
    1617235200000,
    0.015572852201355123
  ],
  [
    1617321600000,
    0.017059771261541918
  ],
  [
    1617408000000,
    0.017675621749595413
  ],
  [
    1617494400000,
    0.017635682857267895
  ],
  [
    1617580800000,
    0.018656769155443138
  ],
  [
    1617667200000,
    0.01925070156232571
  ],
  [
    1617753600000,
    0.024805571757636504
  ],
  [
    1617840000000,
    0.024060313455974012
  ],
  [
    1617926400000,
    0.03028367935958431
  ],
  [
    1618012800000,
    0.03783011333477426
  ],
  [
    1618099200000,
    0.03247991454278541
  ],
  [
    1618185600000,
    0.036941322577423316
  ],
  [
    1618272000000,
    0.035016529386132735
  ],
  [
    1618358400000,
    0.03378788902226483
  ],
  [
    1618444800000,
    0.03215901221522937
  ],
  [
    1618531200000,
    0.03060990937505176
  ],
  [
    1618617600000,
    0.027198134722929035
  ],
  [
    1618704000000,
    0.026498075276662564
  ],
  [
    1618790400000,
    0.022285802064877715
  ],
  [
    1618876800000,
    0.020939082137855843
  ],
  [
    1618963200000,
    0.021905723486203194
  ],
  [
    1619049600000,
    0.022620024935851895
  ],
  [
    1619136000000,
    0.02163018522880638
  ],
  [
    1619222400000,
    0.021718958509943712
  ],
  [
    1619308800000,
    0.021000789114825825
  ],
  [
    1619395200000,
    0.020515238596994098
  ],
  [
    1619481600000,
    0.020947934792075996
  ],
  [
    1619568000000,
    0.02285679257609452
  ],
  [
    1619654400000,
    0.022721980260973582
  ],
  [
    1619740800000,
    0.025032095355329072
  ],
  [
    1619827200000,
    0.02449921813826952
  ],
  [
    1619913600000,
    0.02626548322432585
  ],
  [
    1620000000000,
    0.030518398698371856
  ],
  [
    1620086400000,
    0.02903332329617959
  ],
  [
    1620172800000,
    0.02613255764386652
  ],
  [
    1620259200000,
    0.03246053317844931
  ],
  [
    1620345600000,
    0.03001722409661997
  ],
  [
    1620432000000,
    0.033584996208021634
  ],
  [
    1620518400000,
    0.03158040363129113
  ],
  [
    1620604800000,
    0.02947182085643099
  ],
  [
    1620691200000,
    0.026252292599587747
  ],
  [
    1620777600000,
    0.03137922732543268
  ],
  [
    1620864000000,
    0.02871170126613723
  ],
  [
    1620950400000,
    0.025077367512838553
  ],
  [
    1621036800000,
    0.029358673932392106
  ],
  [
    1621123200000,
    0.02742489478821758
  ],
  [
    1621209600000,
    0.027190231587538333
  ],
  [
    1621296000000,
    0.02490890333567934
  ],
  [
    1621382400000,
    0.025072449002820935
  ],
  [
    1621468800000,
    0.018426373157608568
  ],
  [
    1621555200000,
    0.018020769531443034
  ],
  [
    1621641600000,
    0.014142190516338929
  ],
  [
    1621728000000,
    0.012557692421605074
  ],
  [
    1621814400000,
    0.010638882835450466
  ],
  [
    1621900800000,
    0.015020887964490737
  ],
  [
    1621987200000,
    0.012468577938196909
  ],
  [
    1622073600000,
    0.0138757713858666
  ],
  [
    1622160000000,
    0.014243009617588733
  ],
  [
    1622246400000,
    0.014495772387952308
  ],
  [
    1622332800000,
    0.01422877840691631
  ],
  [
    1622419200000,
    0.01441997204207425
  ],
  [
    1622505600000,
    0.014979926751585085
  ],
  [
    1622592000000,
    0.017469729576264494
  ],
  [
    1622678400000,
    0.018232504610715773
  ],
  [
    1622764800000,
    0.01804108472450243
  ],
  [
    1622851200000,
    0.015824818895898644
  ],
  [
    1622937600000,
    0.014795289400266599
  ],
  [
    1623024000000,
    0.015069035711514321
  ],
  [
    1623110400000,
    0.014514288036911332
  ],
  [
    1623196800000,
    0.013644663746023434
  ],
  [
    1623283200000,
    0.014079420752282334
  ],
  [
    1623369600000,
    0.014776388177914667
  ],
  [
    1623456000000,
    0.014368241903199568
  ],
  [
    1623542400000,
    0.01439636414348844
  ],
  [
    1623628800000,
    0.014621041404119975
  ],
  [
    1623715200000,
    0.014656900849723846
  ],
  [
    1623801600000,
    0.01487274789757402
  ],
  [
    1623888000000,
    0.01444037203167026
  ],
  [
    1623974400000,
    0.014781425019191233
  ],
  [
    1624060800000,
    0.013982476201720316
  ],
  [
    1624147200000,
    0.014235949983035559
  ],
  [
    1624233600000,
    0.014179467585770952
  ],
  [
    1624320000000,
    0.011660268214302471
  ],
  [
    1624406400000,
    0.010817619648838322
  ],
  [
    1624492800000,
    0.012541655399310419
  ],
  [
    1624579200000,
    0.012321080030532047
  ],
  [
    1624665600000,
    0.011687707411115036
  ],
  [
    1624752000000,
    0.01130831376296099
  ],
  [
    1624838400000,
    0.011307601900559206
  ],
  [
    1624924800000,
    0.011588526569443591
  ],
  [
    1625011200000,
    0.011949646653029526
  ],
  [
    1625097600000,
    0.011603128279833713
  ],
  [
    1625184000000,
    0.010987916304044646
  ],
  [
    1625270400000,
    0.010432430482397573
  ],
  [
    1625356800000,
    0.0111198693018272
  ],
  [
    1625443200000,
    0.011404322446874914
  ],
  [
    1625529600000,
    0.011241416848141167
  ],
  [
    1625616000000,
    0.011515498227415558
  ],
  [
    1625702400000,
    0.011474540257702254
  ],
  [
    1625788800000,
    0.011518725376691187
  ],
  [
    1625875200000,
    0.011671118929225866
  ],
  [
    1625961600000,
    0.012319903593494908
  ],
  [
    1626048000000,
    0.011841421999098016
  ],
  [
    1626134400000,
    0.011748311644451238
  ],
  [
    1626220800000,
    0.011652129870029714
  ],
  [
    1626307200000,
    0.011821636595575509
  ],
  [
    1626393600000,
    0.011539735256108602
  ],
  [
    1626480000000,
    0.011680682963912807
  ],
  [
    1626566400000,
    0.011632117318073914
  ],
  [
    1626652800000,
    0.011873344764898732
  ],
  [
    1626739200000,
    0.011591950491754356
  ],
  [
    1626825600000,
    0.009234857362317175
  ],
  [
    1626912000000,
    0.011446785249138896
  ],
  [
    1626998400000,
    0.010930094092092531
  ],
  [
    1627084800000,
    0.010538088718996402
  ],
  [
    1627171200000,
    0.010610419513102237
  ],
  [
    1627257600000,
    0.010397556836091499
  ],
  [
    1627344000000,
    0.011029476032273179
  ],
  [
    1627430400000,
    0.011713320345431788
  ],
  [
    1627516800000,
    0.012006135316530279
  ],
  [
    1627603200000,
    0.011388749234845461
  ],
  [
    1627689600000,
    0.011451971325186239
  ],
  [
    1627776000000,
    0.010958947809320415
  ],
  [
    1627862400000,
    0.010931954417605342
  ],
  [
    1627948800000,
    0.010459640837168506
  ],
  [
    1628035200000,
    0.009825063495974326
  ],
  [
    1628121600000,
    0.009432884681438361
  ],
  [
    1628208000000,
    0.009936287861653651
  ],
  [
    1628294400000,
    0.009673908313982859
  ],
  [
    1628380800000,
    0.010361212310106073
  ],
  [
    1628467200000,
    0.011037533585776485
  ],
  [
    1628553600000,
    0.012506056861028646
  ],
  [
    1628640000000,
    0.013376165515046903
  ],
  [
    1628726400000,
    0.014330181822480456
  ],
  [
    1628812800000,
    0.01284515300409933
  ],
  [
    1628899200000,
    0.013188960351745549
  ],
  [
    1628985600000,
    0.013342795872831999
  ],
  [
    1629072000000,
    0.012960212171892138
  ],
  [
    1629158400000,
    0.013125996357685901
  ],
  [
    1629244800000,
    0.013291614715336703
  ],
  [
    1629331200000,
    0.01290841172928348
  ],
  [
    1629417600000,
    0.012824693472142878
  ],
  [
    1629504000000,
    0.013116184621856115
  ],
  [
    1629590400000,
    0.0130045194988864
  ],
  [
    1629676800000,
    0.012750914053977954
  ],
  [
    1629763200000,
    0.014141467618457403
  ],
  [
    1629849600000,
    0.013404131832359617
  ],
  [
    1629936000000,
    0.013354200521567054
  ],
  [
    1630022400000,
    0.012822652220903808
  ],
  [
    1630108800000,
    0.012844606898729903
  ],
  [
    1630195200000,
    0.012431034087548466
  ],
  [
    1630281600000,
    0.012253676244854263
  ],
  [
    1630368000000,
    0.011993920289776295
  ],
  [
    1630454400000,
    0.012433132792071993
  ],
  [
    1630540800000,
    0.01213377796628865
  ],
  [
    1630627200000,
    0.012253025920308632
  ]
]