[
  [
    1620432000000,
    1.380819538798755
  ],
  [
    1620518400000,
    1.380819538798755
  ],
  [
    1620604800000,
    1.8878151961560103
  ],
  [
    1620691200000,
    1.7595366678943805
  ],
  [
    1620777600000,
    1.150763008281784
  ],
  [
    1620864000000,
    0.8692363014104735
  ],
  [
    1620950400000,
    0.6983268216079737
  ],
  [
    1621036800000,
    0.6744093631327158
  ],
  [
    1621123200000,
    0.8283397317083497
  ],
  [
    1621209600000,
    0.6802515781257101
  ],
  [
    1621296000000,
    0.7234305069462859
  ],
  [
    1621382400000,
    0.8218904525525051
  ],
  [
    1621468800000,
    0.7195823991522252
  ],
  [
    1621555200000,
    0.6470681834734077
  ],
  [
    1621641600000,
    0.5102937839439863
  ],
  [
    1621728000000,
    0.46995023405124864
  ],
  [
    1621814400000,
    0.3613000162020673
  ],
  [
    1621900800000,
    0.4538277927433178
  ],
  [
    1621987200000,
    0.39598398887873265
  ],
  [
    1622073600000,
    0.4227295668316529
  ],
  [
    1622160000000,
    0.37951594201425265
  ],
  [
    1622246400000,
    0.3809434152589709
  ],
  [
    1622332800000,
    0.3454543526093075
  ],
  [
    1622419200000,
    0.34059967135131564
  ],
  [
    1622505600000,
    0.34734778792243903
  ],
  [
    1622592000000,
    0.34586312705510314
  ],
  [
    1622678400000,
    0.38285833558109733
  ],
  [
    1622764800000,
    0.3753831483431444
  ],
  [
    1622851200000,
    0.37381805998413714
  ],
  [
    1622937600000,
    0.346645320931274
  ],
  [
    1623024000000,
    0.30817795191654174
  ],
  [
    1623110400000,
    0.27035510542531965
  ],
  [
    1623196800000,
    0.23340723898594837
  ],
  [
    1623283200000,
    0.24677184034891106
  ],
  [
    1623369600000,
    0.21347525375943077
  ],
  [
    1623456000000,
    0.19171107629584186
  ],
  [
    1623542400000,
    0.20912269568508693
  ],
  [
    1623628800000,
    0.2011222007236892
  ],
  [
    1623715200000,
    0.2342780582116848
  ],
  [
    1623801600000,
    0.20412918608759714
  ],
  [
    1623888000000,
    0.19647803774622177
  ],
  [
    1623974400000,
    0.18849341116337645
  ],
  [
    1624060800000,
    0.17450397015875274
  ],
  [
    1624147200000,
    0.17214149131266013
  ],
  [
    1624233600000,
    0.15149977495999833
  ],
  [
    1624320000000,
    0.12475734297034852
  ],
  [
    1624406400000,
    0.11505775792932611
  ],
  [
    1624492800000,
    0.11991641021710224
  ],
  [
    1624579200000,
    0.11777773769401081
  ],
  [
    1624665600000,
    0.117445927348346
  ],
  [
    1624752000000,
    0.11439350283808052
  ],
  [
    1624838400000,
    0.1152759463369973
  ],
  [
    1624924800000,
    0.12554333443657378
  ],
  [
    1625011200000,
    0.12618567328278332
  ],
  [
    1625097600000,
    0.12095346569053345
  ],
  [
    1625184000000,
    0.12183048463600224
  ],
  [
    1625270400000,
    0.12327537907573913
  ],
  [
    1625356800000,
    0.12580033524000994
  ],
  [
    1625443200000,
    0.12505785605227568
  ],
  [
    1625529600000,
    0.12323955663545638
  ],
  [
    1625616000000,
    0.12665350882567356
  ],
  [
    1625702400000,
    0.12474452374411275
  ],
  [
    1625788800000,
    0.12135219384303604
  ],
  [
    1625875200000,
    0.12377578190439364
  ],
  [
    1625961600000,
    0.11540116618028327
  ],
  [
    1626048000000,
    0.11572838584560255
  ],
  [
    1626134400000,
    0.11715105734861554
  ],
  [
    1626220800000,
    0.1089452643010896
  ],
  [
    1626307200000,
    0.10665860797727163
  ],
  [
    1626393600000,
    0.10510189458325724
  ],
  [
    1626480000000,
    0.09992199003130614
  ],
  [
    1626566400000,
    0.09168723194063766
  ],
  [
    1626652800000,
    0.09624577796824846
  ],
  [
    1626739200000,
    0.08878228827696891
  ],
  [
    1626825600000,
    0.08989346520771986
  ],
  [
    1626912000000,
    0.09265865855000432
  ],
  [
    1626998400000,
    0.09387956995429879
  ],
  [
    1627084800000,
    0.09386340317766707
  ],
  [
    1627171200000,
    0.09981120666853054
  ],
  [
    1627257600000,
    0.10210480909988905
  ],
  [
    1627344000000,
    0.10751426940174433
  ],
  [
    1627430400000,
    0.10572493849839565
  ],
  [
    1627516800000,
    0.10683632056545098
  ],
  [
    1627603200000,
    0.1250138539358747
  ],
  [
    1627689600000,
    0.2565185540625025
  ],
  [
    1627776000000,
    0.23781506203311575
  ],
  [
    1627862400000,
    0.18493483411908246
  ],
  [
    1627948800000,
    0.17343538412424403
  ],
  [
    1628035200000,
    0.1806375977778276
  ],
  [
    1628121600000,
    0.17010501367952324
  ],
  [
    1628208000000,
    0.16689913339850942
  ],
  [
    1628294400000,
    0.18026953754342498
  ],
  [
    1628380800000,
    0.18400950414328704
  ],
  [
    1628467200000,
    0.17694430046318615
  ],
  [
    1628553600000,
    0.15626833693990289
  ],
  [
    1628640000000,
    0.15678264815923576
  ],
  [
    1628726400000,
    0.14807039871755884
  ],
  [
    1628812800000,
    0.1553566153785963
  ],
  [
    1628899200000,
    0.1478524328620093
  ],
  [
    1628985600000,
    0.24968846473327028
  ],
  [
    1629072000000,
    0.22028444099378877
  ],
  [
    1629158400000,
    0.16728810426563934
  ],
  [
    1629244800000,
    0.18568858559858298
  ],
  [
    1629331200000,
    0.20984070577674763
  ],
  [
    1629417600000,
    0.2091446229775795
  ],
  [
    1629504000000,
    0.24333567920937701
  ],
  [
    1629590400000,
    0.2298661130393304
  ],
  [
    1629676800000,
    0.21763310509008232
  ],
  [
    1629763200000,
    0.21719124921377692
  ],
  [
    1629849600000,
    0.20167205879593642
  ],
  [
    1629936000000,
    0.20336895349636078
  ],
  [
    1630022400000,
    0.19574202488811543
  ],
  [
    1630108800000,
    0.19434138529248257
  ],
  [
    1630195200000,
    0.20683429058488206
  ],
  [
    1630281600000,
    0.2098285839589658
  ],
  [
    1630368000000,
    0.21915693049828813
  ],
  [
    1630454400000,
    0.21164412026751137
  ],
  [
    1630540800000,
    0.21477970154423007
  ],
  [
    1630627200000,
    0.22262325278238776
  ]
]