[
  [
    1552003200000,
    4.270534855265932
  ],
  [
    1552089600000,
    6.650017295862164
  ],
  [
    1552176000000,
    7.092901688680566
  ],
  [
    1552262400000,
    7.051051146730032
  ],
  [
    1552348800000,
    3.636162050734395
  ],
  [
    1552435200000,
    5.829075781008765
  ],
  [
    1552521600000,
    3.86353697686862
  ],
  [
    1552608000000,
    1.5461484144001016
  ],
  [
    1552694400000,
    2.0952438821736514
  ],
  [
    1552780800000,
    1.2417206606483395
  ],
  [
    1552867200000,
    0.7009719430973266
  ],
  [
    1552953600000,
    0.6181546669474821
  ],
  [
    1553040000000,
    0.4071274630457791
  ],
  [
    1553126400000,
    0.28487466354536795
  ],
  [
    1553212800000,
    0.597861867098964
  ],
  [
    1553299200000,
    0.43507434622755603
  ],
  [
    1553385600000,
    0.3647180551242975
  ],
  [
    1553472000000,
    0.4784765102084289
  ],
  [
    1553558400000,
    0.3352207080329026
  ],
  [
    1553644800000,
    0.3355657834580693
  ],
  [
    1553731200000,
    0.4660346202102315
  ],
  [
    1553817600000,
    0.6236544959984954
  ],
  [
    1553904000000,
    0.45470443499575575
  ],
  [
    1553990400000,
    0.2975387785792144
  ],
  [
    1554076800000,
    0.5191597586655828
  ],
  [
    1554163200000,
    0.4017327645990726
  ],
  [
    1554249600000,
    0.44149516356614654
  ],
  [
    1554336000000,
    0.4373529625399331
  ],
  [
    1554422400000,
    0.35583824351853577
  ],
  [
    1554508800000,
    0.2998658261353227
  ],
  [
    1554595200000,
    0.2952648450562527
  ],
  [
    1554681600000,
    0.20076461060120807
  ],
  [
    1554768000000,
    0.2126912364621209
  ],
  [
    1554854400000,
    0.2017930774359591
  ],
  [
    1554940800000,
    0.18013297896441094
  ],
  [
    1555027200000,
    0.12614373346024224
  ],
  [
    1555113600000,
    0.1439903159683809
  ],
  [
    1555200000000,
    0.17686099516903112
  ],
  [
    1555286400000,
    0.2010654169889721
  ],
  [
    1555372800000,
    0.1659575895521908
  ],
  [
    1555459200000,
    0.19971762521224964
  ],
  [
    1555545600000,
    0.17721239297437885
  ],
  [
    1555632000000,
    0.20113444426831212
  ],
  [
    1555718400000,
    0.23088924911033962
  ],
  [
    1555804800000,
    0.22119582173908675
  ],
  [
    1555891200000,
    0.1583279894045142
  ],
  [
    1555977600000,
    0.23703429202914442
  ],
  [
    1556064000000,
    0.16767934133614826
  ],
  [
    1556150400000,
    0.11430424210473869
  ],
  [
    1556236800000,
    0.175309978797198
  ],
  [
    1556323200000,
    0.1739041196920236
  ],
  [
    1556409600000,
    0.13665369218872808
  ],
  [
    1556496000000,
    0.12967235255573492
  ],
  [
    1556582400000,
    0.1594972978448728
  ],
  [
    1556668800000,
    0.11980800088916775
  ],
  [
    1556755200000,
    0.11894530137147352
  ],
  [
    1556841600000,
    0.11423286737921289
  ],
  [
    1556928000000,
    0.11625812926118714
  ],
  [
    1557014400000,
    0.11825874192923258
  ],
  [
    1557100800000,
    0.1178621408807965
  ],
  [
    1557187200000,
    0.23879876133886924
  ],
  [
    1557273600000,
    0.14022916692621834
  ],
  [
    1557360000000,
    0.21531739715054474
  ],
  [
    1557446400000,
    0.24600507754563972
  ],
  [
    1557532800000,
    0.10941199416097952
  ],
  [
    1557619200000,
    0.10612416652861374
  ],
  [
    1557705600000,
    0.32850040245395096
  ],
  [
    1557792000000,
    0.09534261995913954
  ],
  [
    1557878400000,
    0.11809150957054793
  ],
  [
    1557964800000,
    0.11881850577141603
  ],
  [
    1558051200000,
    0.3398143818667594
  ],
  [
    1558137600000,
    0.3341395407012838
  ],
  [
    1558224000000,
    0.1689173022325977
  ],
  [
    1558310400000,
    0.09088528909622222
  ],
  [
    1558396800000,
    0.25368278521388987
  ],
  [
    1558483200000,
    0.10249818513417937
  ],
  [
    1558569600000,
    0.07883843416531552
  ],
  [
    1558656000000,
    0.07507509489023989
  ],
  [
    1558742400000,
    0.11543560713290053
  ],
  [
    1558828800000,
    0.19756436909709993
  ],
  [
    1558915200000,
    0.07891963881330602
  ],
  [
    1559001600000,
    0.13016010440376233
  ],
  [
    1559088000000,
    0.08337228487371756
  ],
  [
    1559174400000,
    0.11144911730921704
  ],
  [
    1559260800000,
    0.12111521863024814
  ],
  [
    1559347200000,
    0.16770965376992547
  ],
  [
    1559433600000,
    0.1645767529307332
  ],
  [
    1559520000000,
    0.12498674532731902
  ],
  [
    1559606400000,
    0.1462890842903243
  ],
  [
    1559692800000,
    0.14938037120332853
  ],
  [
    1559779200000,
    0.13273243702704893
  ],
  [
    1559865600000,
    0.11655761984681655
  ],
  [
    1559952000000,
    0.13070993456686467
  ],
  [
    1560038400000,
    0.13163958555564184
  ],
  [
    1560124800000,
    0.28294974324183936
  ],
  [
    1560211200000,
    0.19890556403221246
  ],
  [
    1560297600000,
    0.15469822240958064
  ],
  [
    1560384000000,
    0.1623920953461858
  ],
  [
    1560470400000,
    0.16177730429725923
  ],
  [
    1560556800000,
    0.12817618473298475
  ],
  [
    1560643200000,
    0.15869418678527383
  ],
  [
    1560729600000,
    0.16029960732658072
  ],
  [
    1560816000000,
    0.1660820504494158
  ],
  [
    1560902400000,
    0.16678714793029414
  ],
  [
    1560988800000,
    0.11543594991924652
  ],
  [
    1561075200000,
    0.1083816648040673
  ],
  [
    1561161600000,
    0.09961434503177169
  ],
  [
    1561248000000,
    0.10412053690265911
  ],
  [
    1561334400000,
    0.11895528689334965
  ],
  [
    1561420800000,
    0.1200447307565649
  ],
  [
    1561507200000,
    0.1119757394663544
  ],
  [
    1561593600000,
    0.1380725493390588
  ],
  [
    1561680000000,
    0.1134204381383238
  ],
  [
    1561766400000,
    0.12844815243688376
  ],
  [
    1561852800000,
    0.08299559386109177
  ],
  [
    1561939200000,
    0.1233002160460971
  ],
  [
    1562025600000,
    0.1080873582396687
  ],
  [
    1562112000000,
    0.10987527766770468
  ],
  [
    1562198400000,
    0.10987527766770468
  ],
  [
    1562371200000,
    0.07971699027873064
  ],
  [
    1562457600000,
    0.1131235510215805
  ],
  [
    1562544000000,
    0.1090585464742118
  ],
  [
    1562630400000,
    0.123466820951421
  ],
  [
    1562716800000,
    0.08801099369051255
  ],
  [
    1562803200000,
    0.0855697418391038
  ],
  [
    1562889600000,
    0.08105444895913728
  ],
  [
    1563062400000,
    0.06290479526737161
  ],
  [
    1563148800000,
    0.0833724148788184
  ],
  [
    1563235200000,
    0.0833724148788184
  ],
  [
    1563321600000,
    0.07983488022877333
  ],
  [
    1563408000000,
    0.07983488022877333
  ],
  [
    1563667200000,
    0.05889230434403887
  ],
  [
    1563753600000,
    0.05889230434403887
  ],
  [
    1563840000000,
    0.014257892751238194
  ],
  [
    1563926400000,
    0.014257892751238194
  ],
  [
    1564012800000,
    0.05355630511353245
  ],
  [
    1564099200000,
    0.05355630511353245
  ],
  [
    1564358400000,
    0.052248159069964994
  ],
  [
    1564444800000,
    0.052248159069964994
  ],
  [
    1564617600000,
    0.05541228862586347
  ],
  [
    1564704000000,
    0.05541228862586347
  ],
  [
    1564790400000,
    0.0580771812150678
  ],
  [
    1564876800000,
    0.0580771812150678
  ],
  [
    1565049600000,
    0.08385765148254098
  ],
  [
    1565136000000,
    0.06346479226108999
  ],
  [
    1565222400000,
    0.08433869705208222
  ],
  [
    1565308800000,
    0.117664323214553
  ],
  [
    1565395200000,
    0.1153622787385341
  ],
  [
    1565481600000,
    0.10898533043116224
  ],
  [
    1565568000000,
    0.07828072314594456
  ],
  [
    1565654400000,
    0.04325506200453424
  ],
  [
    1565740800000,
    0.05124366772489545
  ],
  [
    1565827200000,
    0.0408632371698844
  ],
  [
    1565913600000,
    0.066252172929888
  ],
  [
    1566000000000,
    0.06502672746873765
  ],
  [
    1566086400000,
    0.08382246454080662
  ],
  [
    1566172800000,
    0.0777563255682975
  ],
  [
    1566259200000,
    0.0754399665123643
  ],
  [
    1566345600000,
    0.06922015109496256
  ],
  [
    1566432000000,
    0.06258020992927774
  ],
  [
    1566518400000,
    0.050730740913376
  ],
  [
    1566604800000,
    0.05511704373597868
  ],
  [
    1566691200000,
    0.050636551394165834
  ],
  [
    1566777600000,
    0.04243389661484557
  ],
  [
    1566864000000,
    0.017649841566249495
  ],
  [
    1566950400000,
    0.03970167899297847
  ],
  [
    1567036800000,
    0.044766840021003805
  ],
  [
    1567123200000,
    0.039992734466958
  ],
  [
    1567209600000,
    0.03942722648088615
  ],
  [
    1567296000000,
    0.03870185285922875
  ],
  [
    1567382400000,
    0.04117076222574967
  ],
  [
    1567468800000,
    0.044962628568146625
  ],
  [
    1567555200000,
    0.0370999021145815
  ],
  [
    1567641600000,
    0.08230547093519322
  ],
  [
    1567728000000,
    0.040854838392270595
  ],
  [
    1567814400000,
    0.04088895420626024
  ],
  [
    1567900800000,
    0.0402311243514551
  ],
  [
    1567987200000,
    0.0727985986289163
  ],
  [
    1568073600000,
    0.0593811015446101
  ],
  [
    1568160000000,
    0.029571050448150508
  ],
  [
    1568246400000,
    0.02864189650163356
  ],
  [
    1568332800000,
    0.03436314554148135
  ],
  [
    1568419200000,
    0.1476336938169253
  ],
  [
    1568505600000,
    0.1393383873244021
  ],
  [
    1568592000000,
    0.16125416922061153
  ],
  [
    1568678400000,
    0.11300990904238709
  ],
  [
    1568764800000,
    0.08662224940752188
  ],
  [
    1568851200000,
    0.06270971571547844
  ],
  [
    1568937600000,
    0.06342968715973211
  ],
  [
    1569024000000,
    0.06256375530346482
  ],
  [
    1569110400000,
    0.0600152029288596
  ],
  [
    1569196800000,
    0.048630217915679605
  ],
  [
    1569283200000,
    0.0485685899888434
  ],
  [
    1569369600000,
    0.036153465579164094
  ],
  [
    1569456000000,
    0.026661203895440543
  ],
  [
    1569542400000,
    0.03071560974146337
  ],
  [
    1569628800000,
    0.03617345137952137
  ],
  [
    1569715200000,
    0.03231217062274608
  ],
  [
    1569801600000,
    0.028332718195254163
  ],
  [
    1569888000000,
    0.028071505250810525
  ],
  [
    1569974400000,
    0.015073061684888645
  ],
  [
    1570060800000,
    0.015073061684888645
  ],
  [
    1570147200000,
    0.018914868637515403
  ],
  [
    1570233600000,
    0.018914868637515403
  ],
  [
    1570320000000,
    0.019339737615019423
  ],
  [
    1570406400000,
    0.014451582519377119
  ],
  [
    1570492800000,
    0.018115832033047716
  ],
  [
    1570579200000,
    0.030356737280506252
  ],
  [
    1570665600000,
    0.011812611587473367
  ],
  [
    1570752000000,
    0.012631020627455082
  ],
  [
    1570838400000,
    0.011659534585493746
  ],
  [
    1570924800000,
    0.011676452935627536
  ],
  [
    1571011200000,
    0.004554114072578735
  ],
  [
    1571097600000,
    0.012079424041954808
  ],
  [
    1571184000000,
    0.01295461725940408
  ],
  [
    1571270400000,
    0.023982438274116804
  ],
  [
    1571356800000,
    0.0235425751024262
  ],
  [
    1571443200000,
    0.0235425751024262
  ],
  [
    1571529600000,
    0.0235425751024262
  ],
  [
    1571616000000,
    0.0235425751024262
  ],
  [
    1571702400000,
    0.0235425751024262
  ],
  [
    1571788800000,
    0.0235425751024262
  ],
  [
    1571875200000,
    0.0235425751024262
  ],
  [
    1571961600000,
    0.0235425751024262
  ],
  [
    1572048000000,
    0.0863057843787336
  ],
  [
    1572134400000,
    0.006638036294172874
  ],
  [
    1572220800000,
    0.006702311361762027
  ],
  [
    1572480000000,
    0.006702311361762027
  ],
  [
    1572652800000,
    0.034668286898251764
  ],
  [
    1572739200000,
    0.012113462583212211
  ],
  [
    1572825600000,
    0.012124099592341191
  ],
  [
    1572998400000,
    0.09008663455327275
  ],
  [
    1573516800000,
    0.09008663455327275
  ],
  [
    1573603200000,
    0.04538643792065
  ],
  [
    1573689600000,
    0.07442770856089456
  ],
  [
    1573776000000,
    0.055599062602000156
  ],
  [
    1573862400000,
    0.05904702510742826
  ],
  [
    1573948800000,
    0.05699471823137962
  ],
  [
    1574035200000,
    0.058090395726246025
  ],
  [
    1574121600000,
    0.0465469776959809
  ],
  [
    1574208000000,
    0.06020975047487214
  ],
  [
    1574294400000,
    0.040051378700947056
  ],
  [
    1574380800000,
    0.037420673241697795
  ],
  [
    1574467200000,
    0.03405294899048574
  ],
  [
    1574553600000,
    0.013823270200797655
  ],
  [
    1574640000000,
    0.020744757409257502
  ],
  [
    1574726400000,
    0.017451309765088668
  ],
  [
    1574812800000,
    0.016567052914505154
  ],
  [
    1574899200000,
    0.013966188351194632
  ],
  [
    1574985600000,
    0.013725940977159332
  ],
  [
    1575072000000,
    0.01438512308641922
  ],
  [
    1575158400000,
    0.023750997526924007
  ],
  [
    1575244800000,
    0.036127481328687455
  ],
  [
    1575331200000,
    0.01585411405765165
  ],
  [
    1575417600000,
    0.018383006584616793
  ],
  [
    1575504000000,
    0.014570382998718295
  ],
  [
    1575590400000,
    0.016907114915054026
  ],
  [
    1575676800000,
    0.019303261317690976
  ],
  [
    1575763200000,
    0.01928597244160264
  ],
  [
    1575849600000,
    0.01833476999347549
  ],
  [
    1575936000000,
    0.0185804615647984
  ],
  [
    1576022400000,
    0.012889662728350305
  ],
  [
    1576108800000,
    0.011788225872549959
  ],
  [
    1576195200000,
    0.01642012766845661
  ],
  [
    1576281600000,
    0.01463762969653032
  ],
  [
    1576368000000,
    0.011599293027455647
  ],
  [
    1576454400000,
    0.012738607336249411
  ],
  [
    1576540800000,
    0.009377568034029152
  ],
  [
    1576627200000,
    0.011001100134554478
  ],
  [
    1576713600000,
    0.012811342644854125
  ],
  [
    1576800000000,
    0.010996011600997686
  ],
  [
    1576886400000,
    0.0096222219246867
  ],
  [
    1576972800000,
    0.010917138194666965
  ],
  [
    1577059200000,
    0.011155898569821915
  ],
  [
    1577145600000,
    0.008897159906604984
  ],
  [
    1577232000000,
    0.008329832266099095
  ],
  [
    1577318400000,
    0.006605644547571833
  ],
  [
    1577404800000,
    0.005805291149183972
  ],
  [
    1577491200000,
    0.00723750603136203
  ],
  [
    1577577600000,
    0.007687099002339341
  ],
  [
    1577664000000,
    0.007548648145369709
  ],
  [
    1577750400000,
    0.008976261508849956
  ],
  [
    1577836800000,
    0.007342258369874323
  ],
  [
    1577923200000,
    0.007283237072613042
  ],
  [
    1578009600000,
    0.007798167821805502
  ],
  [
    1578096000000,
    0.008803848399135743
  ],
  [
    1578182400000,
    0.007417789049251816
  ],
  [
    1578268800000,
    0.006978339824138272
  ],
  [
    1578355200000,
    0.007836500905090362
  ],
  [
    1578441600000,
    0.006918269236196334
  ],
  [
    1578528000000,
    0.012541335570023284
  ],
  [
    1578614400000,
    0.011688247271603636
  ],
  [
    1578700800000,
    0.010959240108413103
  ],
  [
    1578787200000,
    0.010072578558998513
  ],
  [
    1578873600000,
    0.012281866909985294
  ],
  [
    1578960000000,
    0.011533070034536685
  ],
  [
    1579046400000,
    0.014759767759317522
  ],
  [
    1579132800000,
    0.011729573158928653
  ],
  [
    1579219200000,
    0.0106305142819496
  ],
  [
    1579305600000,
    0.011915677976813024
  ],
  [
    1579392000000,
    0.010245643140631424
  ],
  [
    1579478400000,
    0.01086220471176015
  ],
  [
    1579564800000,
    0.010360747100973924
  ],
  [
    1579651200000,
    0.009167787423904169
  ],
  [
    1579737600000,
    0.009006807626151931
  ],
  [
    1579824000000,
    0.008571169294914622
  ],
  [
    1579910400000,
    0.009283522794998694
  ],
  [
    1579996800000,
    0.009436262785463886
  ],
  [
    1580083200000,
    0.008765600524130184
  ],
  [
    1580169600000,
    0.009008441204629057
  ],
  [
    1580256000000,
    0.009163388903764579
  ],
  [
    1580342400000,
    0.00873314138581198
  ],
  [
    1580428800000,
    0.009130622605731562
  ],
  [
    1580515200000,
    0.010643249811604631
  ],
  [
    1580601600000,
    0.010111885462360127
  ],
  [
    1580688000000,
    0.009701896877868104
  ],
  [
    1580774400000,
    0.009378879580541457
  ],
  [
    1580860800000,
    0.00817998069194415
  ],
  [
    1580947200000,
    0.010064167536985674
  ],
  [
    1581033600000,
    0.011879798912336405
  ],
  [
    1581120000000,
    0.013135214505527588
  ],
  [
    1581206400000,
    0.013744186612407953
  ],
  [
    1581292800000,
    0.011105983621122173
  ],
  [
    1581379200000,
    0.01025537614748087
  ],
  [
    1581465600000,
    0.013316897338319048
  ],
  [
    1581552000000,
    0.010838034914547639
  ],
  [
    1581638400000,
    0.0091995049201059
  ],
  [
    1581724800000,
    0.011975183348854043
  ],
  [
    1581811200000,
    0.01046238227474296
  ],
  [
    1581897600000,
    0.010248363305770128
  ],
  [
    1581984000000,
    0.011209503865149661
  ],
  [
    1582070400000,
    0.008830410412928067
  ],
  [
    1582156800000,
    0.008357921057714506
  ],
  [
    1582243200000,
    0.013136386043588678
  ],
  [
    1582329600000,
    0.016657562504620322
  ],
  [
    1582416000000,
    0.014881969158661867
  ],
  [
    1582502400000,
    0.02285321122496207
  ],
  [
    1582588800000,
    0.02501404719283958
  ],
  [
    1582675200000,
    0.029917353876524288
  ],
  [
    1582761600000,
    0.011874291591526016
  ],
  [
    1582848000000,
    0.011308445180251921
  ],
  [
    1582934400000,
    0.013418157549477281
  ],
  [
    1583020800000,
    0.011907739326259673
  ],
  [
    1583107200000,
    0.009931971741678258
  ],
  [
    1583193600000,
    0.010425666288574683
  ],
  [
    1583280000000,
    0.00999214696488592
  ],
  [
    1583366400000,
    0.010675468182885086
  ],
  [
    1583452800000,
    0.009595475937084512
  ],
  [
    1583539200000,
    0.009739031750024652
  ],
  [
    1583625600000,
    0.009612466415668432
  ],
  [
    1583712000000,
    0.009338385637353307
  ],
  [
    1583798400000,
    0.01275953693729748
  ],
  [
    1583884800000,
    0.008854488027724662
  ],
  [
    1583971200000,
    0.009208293349031164
  ],
  [
    1584057600000,
    0.004581280491159592
  ],
  [
    1584144000000,
    0.004430048692704632
  ],
  [
    1584230400000,
    0.00456296363166571
  ],
  [
    1584316800000,
    0.00536821207411673
  ],
  [
    1584403200000,
    0.003977818122785949
  ],
  [
    1584489600000,
    0.004249128820679102
  ],
  [
    1584576000000,
    0.00458288678824538
  ],
  [
    1584662400000,
    0.004836692348368881
  ],
  [
    1584748800000,
    0.005013536732790896
  ],
  [
    1584835200000,
    0.005646731594809482
  ],
  [
    1584921600000,
    0.005430842374058304
  ],
  [
    1585008000000,
    0.005639612576943057
  ],
  [
    1585094400000,
    0.005675381655548211
  ],
  [
    1585180800000,
    0.006765419112704884
  ],
  [
    1585267200000,
    0.006820900967420053
  ],
  [
    1585353600000,
    0.005864280645723456
  ],
  [
    1585440000000,
    0.005550470620453527
  ],
  [
    1585526400000,
    0.00526930975864539
  ],
  [
    1585612800000,
    0.006392265651911284
  ],
  [
    1585699200000,
    0.007185705293525305
  ],
  [
    1585785600000,
    0.006889486112647257
  ],
  [
    1585872000000,
    0.00681773788546169
  ],
  [
    1585958400000,
    0.006325130785534143
  ],
  [
    1586044800000,
    0.006445193817709543
  ],
  [
    1586131200000,
    0.006645739454202332
  ],
  [
    1586217600000,
    0.007857913146031119
  ],
  [
    1586304000000,
    0.0069619929535244965
  ],
  [
    1586390400000,
    0.008385807670977132
  ],
  [
    1586476800000,
    0.01006517064059924
  ],
  [
    1586563200000,
    0.009533536586061897
  ],
  [
    1586649600000,
    0.011975801382646874
  ],
  [
    1586736000000,
    0.009775754288965896
  ],
  [
    1586822400000,
    0.009104975340895287
  ],
  [
    1586908800000,
    0.00686271821286363
  ],
  [
    1586995200000,
    0.008755403425150153
  ],
  [
    1587081600000,
    0.007802446124539935
  ],
  [
    1587168000000,
    0.009104581414676897
  ],
  [
    1587254400000,
    0.009990724828241213
  ],
  [
    1587340800000,
    0.007412734573265621
  ],
  [
    1587427200000,
    0.007530270794246728
  ],
  [
    1587513600000,
    0.007735232065046354
  ],
  [
    1587600000000,
    0.00746995942979097
  ],
  [
    1587686400000,
    0.00820365283289398
  ],
  [
    1587772800000,
    0.007570216635376907
  ],
  [
    1587859200000,
    0.007688651629063333
  ],
  [
    1587945600000,
    0.008604313527118232
  ],
  [
    1588032000000,
    0.007307296182495031
  ],
  [
    1588118400000,
    0.00783558158324357
  ],
  [
    1588204800000,
    0.009205716184404873
  ],
  [
    1588291200000,
    0.009740265632800239
  ],
  [
    1588377600000,
    0.012902700876665807
  ],
  [
    1588464000000,
    0.0117572459845517
  ],
  [
    1588550400000,
    0.015115758215924435
  ],
  [
    1588636800000,
    0.009678055401989587
  ],
  [
    1588723200000,
    0.011155681521949106
  ],
  [
    1588809600000,
    0.011241031763550806
  ],
  [
    1588896000000,
    0.010994862142592769
  ],
  [
    1588982400000,
    0.009442642349061255
  ],
  [
    1589068800000,
    0.010323858455189438
  ],
  [
    1589155200000,
    0.009549055724633415
  ],
  [
    1589241600000,
    0.006622756743503061
  ],
  [
    1589328000000,
    0.00785435503544362
  ],
  [
    1589414400000,
    0.007156927237311336
  ],
  [
    1589500800000,
    0.007528976746850967
  ],
  [
    1589587200000,
    0.007522022884272715
  ],
  [
    1589673600000,
    0.0074079372975071785
  ],
  [
    1589760000000,
    0.01153845269969867
  ],
  [
    1589846400000,
    0.010975392074328958
  ],
  [
    1589932800000,
    0.00907487548001869
  ],
  [
    1590019200000,
    0.009997941590282352
  ],
  [
    1590105600000,
    0.009427500203624132
  ],
  [
    1590192000000,
    0.009609680808748923
  ],
  [
    1590278400000,
    0.0096147046006893
  ],
  [
    1590364800000,
    0.007152377260794656
  ],
  [
    1590451200000,
    0.008709498500993867
  ],
  [
    1590537600000,
    0.009015476774952545
  ],
  [
    1590624000000,
    0.008800454454538607
  ],
  [
    1590710400000,
    0.008971208229207607
  ],
  [
    1590796800000,
    0.008853836470176705
  ],
  [
    1590883200000,
    0.0106600640048673
  ],
  [
    1590969600000,
    0.008871864887352074
  ],
  [
    1591056000000,
    0.00978650670367008
  ],
  [
    1591142400000,
    0.007901829782103815
  ],
  [
    1591228800000,
    0.008305608333742553
  ],
  [
    1591315200000,
    0.0076251317281378515
  ],
  [
    1591401600000,
    0.008539420861259542
  ],
  [
    1591488000000,
    0.008515268276117477
  ],
  [
    1591574400000,
    0.007393325210879547
  ],
  [
    1591660800000,
    0.008689901367363782
  ],
  [
    1591747200000,
    0.009672032049179217
  ],
  [
    1591833600000,
    0.009183216725351712
  ],
  [
    1591920000000,
    0.009022357723126838
  ],
  [
    1592006400000,
    0.008033223549821307
  ],
  [
    1592092800000,
    0.008707662470872072
  ],
  [
    1592179200000,
    0.008880488126818086
  ],
  [
    1592265600000,
    0.010840044918946008
  ],
  [
    1592352000000,
    0.009614691784773241
  ],
  [
    1592438400000,
    0.01088005331474958
  ],
  [
    1592524800000,
    0.008928215053507002
  ],
  [
    1592611200000,
    0.008929046900872262
  ],
  [
    1592697600000,
    0.009453509658678591
  ],
  [
    1592784000000,
    0.008918589382789536
  ],
  [
    1592870400000,
    0.009201227172241044
  ],
  [
    1592956800000,
    0.007885152155072558
  ],
  [
    1593043200000,
    0.008464477261989149
  ],
  [
    1593129600000,
    0.0075875846841689555
  ],
  [
    1593216000000,
    0.006975440240731647
  ],
  [
    1593302400000,
    0.006582256596960493
  ],
  [
    1593388800000,
    0.006275204230256265
  ],
  [
    1593475200000,
    0.006339586080746678
  ],
  [
    1593561600000,
    0.006859650214733753
  ],
  [
    1593648000000,
    0.0075678558167908035
  ],
  [
    1593734400000,
    0.006637219496373794
  ],
  [
    1593820800000,
    0.006543879050234779
  ],
  [
    1593907200000,
    0.006203571087512733
  ],
  [
    1593993600000,
    0.00590262679281353
  ],
  [
    1594080000000,
    0.006815685419814052
  ],
  [
    1594166400000,
    0.006386762651896995
  ],
  [
    1594252800000,
    0.00603435458705312
  ],
  [
    1594339200000,
    0.005634495534791308
  ],
  [
    1594425600000,
    0.006034717455509483
  ],
  [
    1594512000000,
    0.008590612790896315
  ],
  [
    1594598400000,
    0.009556662448590344
  ],
  [
    1594684800000,
    0.009796593784006075
  ],
  [
    1594771200000,
    0.00962248942800392
  ],
  [
    1594857600000,
    0.009585679806046594
  ],
  [
    1594944000000,
    0.009501565395536728
  ],
  [
    1595030400000,
    0.008787398656219967
  ],
  [
    1595116800000,
    0.013659092361585207
  ],
  [
    1595203200000,
    0.012242298817991529
  ],
  [
    1595289600000,
    0.011636164643990664
  ],
  [
    1595376000000,
    0.008350291555738857
  ],
  [
    1595462400000,
    0.009796385280824368
  ],
  [
    1595548800000,
    0.008731605732286846
  ],
  [
    1595635200000,
    0.009443351955694249
  ],
  [
    1595721600000,
    0.00968980047632391
  ],
  [
    1595808000000,
    0.010219040306992925
  ],
  [
    1595894400000,
    0.010541570577072576
  ],
  [
    1595980800000,
    0.010567100882956182
  ],
  [
    1596067200000,
    0.01066013084398416
  ],
  [
    1596153600000,
    0.008673043450378068
  ],
  [
    1596240000000,
    0.011940569438804028
  ],
  [
    1596326400000,
    0.00944170608180272
  ],
  [
    1596412800000,
    0.009187026442098681
  ],
  [
    1596499200000,
    0.00822237469080682
  ],
  [
    1596585600000,
    0.00940215582617556
  ],
  [
    1596672000000,
    0.009223925793700165
  ],
  [
    1596758400000,
    0.008423619484823208
  ],
  [
    1596844800000,
    0.010100046771227448
  ],
  [
    1596931200000,
    0.00973879387101804
  ],
  [
    1597017600000,
    0.009805872493653433
  ],
  [
    1597104000000,
    0.010857919071502476
  ],
  [
    1597190400000,
    0.0085531456884939
  ],
  [
    1597276800000,
    0.008322997517050464
  ],
  [
    1597363200000,
    0.007439051463078753
  ],
  [
    1597449600000,
    0.00812217783104438
  ],
  [
    1597536000000,
    0.008066787984045797
  ],
  [
    1597622400000,
    0.00832794969115053
  ],
  [
    1597708800000,
    0.008217797703619249
  ],
  [
    1597795200000,
    0.008133346487332067
  ],
  [
    1597881600000,
    0.00916001766733833
  ],
  [
    1597968000000,
    0.00949045981131296
  ],
  [
    1598054400000,
    0.008753609739629213
  ],
  [
    1598140800000,
    0.008524207376837636
  ],
  [
    1598227200000,
    0.008391002583465937
  ],
  [
    1598313600000,
    0.009759095378549944
  ],
  [
    1598400000000,
    0.00919859535942714
  ],
  [
    1598486400000,
    0.008367846833228477
  ],
  [
    1598572800000,
    0.008251392853895916
  ],
  [
    1598659200000,
    0.00852490290127498
  ],
  [
    1598745600000,
    0.009303384243350596
  ],
  [
    1598832000000,
    0.008181429859517104
  ],
  [
    1598918400000,
    0.00875635620814065
  ],
  [
    1599004800000,
    0.00857798662442256
  ],
  [
    1599091200000,
    0.008658392537148788
  ],
  [
    1599177600000,
    0.00713787248672946
  ],
  [
    1599264000000,
    0.00734081783346408
  ],
  [
    1599350400000,
    0.0065650864839391
  ],
  [
    1599436800000,
    0.00718841443518877
  ],
  [
    1599523200000,
    0.00725842681877173
  ],
  [
    1599609600000,
    0.007281977728341096
  ],
  [
    1599696000000,
    0.007461320297745419
  ],
  [
    1599782400000,
    0.007343626151100208
  ],
  [
    1599868800000,
    0.007578968067181623
  ],
  [
    1599955200000,
    0.007204941158348259
  ],
  [
    1600041600000,
    0.007124387351549316
  ],
  [
    1600128000000,
    0.007147258889161996
  ],
  [
    1600214400000,
    0.006787033544316312
  ],
  [
    1600300800000,
    0.006245966484332535
  ],
  [
    1600387200000,
    0.006889338568360962
  ],
  [
    1600473600000,
    0.01026962980388654
  ],
  [
    1600560000000,
    0.00997152473140083
  ],
  [
    1600646400000,
    0.01048839287832912
  ],
  [
    1600732800000,
    0.010970054710192936
  ],
  [
    1600819200000,
    0.010956206787171671
  ],
  [
    1600905600000,
    0.00973133302228507
  ],
  [
    1600992000000,
    0.008154139115575105
  ],
  [
    1601078400000,
    0.009291428664965034
  ],
  [
    1601164800000,
    0.010761488833254427
  ],
  [
    1601251200000,
    0.013291759180496928
  ],
  [
    1601337600000,
    0.0120404019921136
  ],
  [
    1601424000000,
    0.00964610232993138
  ],
  [
    1601510400000,
    0.009451872516647088
  ],
  [
    1601596800000,
    0.012280474166473132
  ],
  [
    1601683200000,
    0.00917505886041441
  ],
  [
    1601769600000,
    0.009407844550110107
  ],
  [
    1601856000000,
    0.009169152088778238
  ],
  [
    1601942400000,
    0.008415535788732461
  ],
  [
    1602028800000,
    0.007743810421948549
  ],
  [
    1602115200000,
    0.0085279866848672
  ],
  [
    1602201600000,
    0.00838906246769052
  ],
  [
    1602288000000,
    0.007842085717345255
  ],
  [
    1602374400000,
    0.008853538615624794
  ],
  [
    1602460800000,
    0.009180999451984157
  ],
  [
    1602547200000,
    0.00816017383395109
  ],
  [
    1602633600000,
    0.00766361504242736
  ],
  [
    1602720000000,
    0.008456376493106226
  ],
  [
    1602806400000,
    0.009428625126087622
  ],
  [
    1602892800000,
    0.009415605456757504
  ],
  [
    1602979200000,
    0.00907384567183288
  ],
  [
    1603065600000,
    0.00976690148662
  ],
  [
    1603152000000,
    0.013744289688038442
  ],
  [
    1603238400000,
    0.013490961920471887
  ],
  [
    1603324800000,
    0.013715510581051181
  ],
  [
    1603411200000,
    0.01166911344898092
  ],
  [
    1603497600000,
    0.01423346819073839
  ],
  [
    1603584000000,
    0.016640451360257286
  ],
  [
    1603670400000,
    0.0130117542242216
  ],
  [
    1603756800000,
    0.010028926145617996
  ],
  [
    1603843200000,
    0.012213246270170943
  ],
  [
    1603929600000,
    0.011538674908216908
  ],
  [
    1604016000000,
    0.011853535472778296
  ],
  [
    1604102400000,
    0.01151224490782938
  ],
  [
    1604188800000,
    0.011568332903258796
  ],
  [
    1604275200000,
    0.01095745354436616
  ],
  [
    1604361600000,
    0.011256044012276511
  ],
  [
    1604448000000,
    0.009918410126118313
  ],
  [
    1604534400000,
    0.01084714738890498
  ],
  [
    1604620800000,
    0.01134529494510619
  ],
  [
    1604707200000,
    0.010709109125167687
  ],
  [
    1604793600000,
    0.01041038979030372
  ],
  [
    1604880000000,
    0.010374827270449756
  ],
  [
    1604966400000,
    0.009940699830549345
  ],
  [
    1605052800000,
    0.00917239130665614
  ],
  [
    1605139200000,
    0.008335735371848079
  ],
  [
    1605225600000,
    0.00967950575468406
  ],
  [
    1605312000000,
    0.008310353359742745
  ],
  [
    1605398400000,
    0.00965239152353826
  ],
  [
    1605484800000,
    0.009753437346857676
  ],
  [
    1605571200000,
    0.011220372593844908
  ],
  [
    1605657600000,
    0.011402326378823055
  ],
  [
    1605744000000,
    0.0106657725279303
  ],
  [
    1605830400000,
    0.010967532143213783
  ],
  [
    1605916800000,
    0.01298687569034583
  ],
  [
    1606003200000,
    0.012780061296507984
  ],
  [
    1606089600000,
    0.012281920964515422
  ],
  [
    1606176000000,
    0.012293579027424086
  ],
  [
    1606262400000,
    0.010877806889606925
  ],
  [
    1606348800000,
    0.010497591496310184
  ],
  [
    1606435200000,
    0.00903062737424177
  ],
  [
    1606521600000,
    0.010705962234182858
  ],
  [
    1606608000000,
    0.00938215001702161
  ],
  [
    1606694400000,
    0.010353463633317938
  ],
  [
    1606780800000,
    0.011235273804156204
  ],
  [
    1606867200000,
    0.01069947221431035
  ],
  [
    1606953600000,
    0.010985577491404035
  ],
  [
    1607040000000,
    0.010874249570991342
  ],
  [
    1607126400000,
    0.01037878056028649
  ],
  [
    1607212800000,
    0.01052815856720903
  ],
  [
    1607299200000,
    0.010632972122978425
  ],
  [
    1607385600000,
    0.0111894984211116
  ],
  [
    1607472000000,
    0.01102101220370058
  ],
  [
    1607558400000,
    0.010397110264188368
  ],
  [
    1607644800000,
    0.010106841355356075
  ],
  [
    1607731200000,
    0.008824206655785675
  ],
  [
    1607817600000,
    0.009774603416631028
  ],
  [
    1607904000000,
    0.007846526747397928
  ],
  [
    1607990400000,
    0.008663505493376114
  ],
  [
    1608076800000,
    0.011980787979481992
  ],
  [
    1608163200000,
    0.01170440452695987
  ],
  [
    1608249600000,
    0.010634422649096475
  ],
  [
    1608336000000,
    6.611576431429008
  ],
  [
    1608422400000,
    0.010474323724178072
  ],
  [
    1608508800000,
    0.010121346431147586
  ],
  [
    1608595200000,
    0.012291999762859256
  ],
  [
    1608681600000,
    0.00951826009382944
  ],
  [
    1608768000000,
    0.009760981148287445
  ],
  [
    1608854400000,
    0.010344145065874326
  ],
  [
    1608940800000,
    0.010263470104794984
  ],
  [
    1609027200000,
    0.01052889469546168
  ],
  [
    1609113600000,
    0.009461947458441467
  ],
  [
    1609200000000,
    0.00974497172282118
  ],
  [
    1609286400000,
    0.010269084872970203
  ],
  [
    1609372800000,
    0.010915131258137945
  ],
  [
    1609459200000,
    0.009208815186385153
  ],
  [
    1609545600000,
    0.01026943767174003
  ],
  [
    1609632000000,
    0.010241348819036033
  ],
  [
    1609718400000,
    0.010345066783508916
  ],
  [
    1609804800000,
    0.010971427404893881
  ],
  [
    1609891200000,
    0.011561141601748
  ],
  [
    1609977600000,
    0.009778521561394546
  ],
  [
    1610064000000,
    0.01183036934913864
  ],
  [
    1610150400000,
    0.01220266521066654
  ],
  [
    1610236800000,
    0.010982756790060074
  ],
  [
    1610323200000,
    0.008866442990523232
  ],
  [
    1610409600000,
    0.008159753512301096
  ],
  [
    1610496000000,
    0.006403842533478715
  ],
  [
    1610582400000,
    0.008564893023023804
  ],
  [
    1610668800000,
    0.008177864740230549
  ],
  [
    1610755200000,
    0.008458575204399375
  ],
  [
    1610841600000,
    0.00935350455027045
  ],
  [
    1610928000000,
    0.008417352951603138
  ],
  [
    1611014400000,
    0.006888369969656217
  ],
  [
    1611100800000,
    0.006257416200688359
  ],
  [
    1611187200000,
    0.0060653376429362525
  ],
  [
    1611273600000,
    0.005179593014670243
  ],
  [
    1611360000000,
    0.005034133050381987
  ],
  [
    1611446400000,
    0.005778178855928694
  ],
  [
    1611532800000,
    0.006762398387280858
  ],
  [
    1611619200000,
    0.007485646317479985
  ],
  [
    1611705600000,
    0.005803207284954402
  ],
  [
    1611792000000,
    0.00540170863022925
  ],
  [
    1611878400000,
    0.0063827269272881
  ],
  [
    1611964800000,
    0.005204038892310888
  ],
  [
    1612051200000,
    0.006449043033187548
  ],
  [
    1612137600000,
    0.006188546176375306
  ],
  [
    1612224000000,
    0.00642938201268327
  ],
  [
    1612310400000,
    0.00717705622053594
  ],
  [
    1612396800000,
    0.006714491576080158
  ],
  [
    1612483200000,
    0.00737412879901368
  ],
  [
    1612569600000,
    0.00760229055958546
  ],
  [
    1612656000000,
    0.007228169941006818
  ],
  [
    1612742400000,
    0.006906944624913738
  ],
  [
    1612828800000,
    0.00791922717496836
  ],
  [
    1612915200000,
    0.00930981267354392
  ],
  [
    1613001600000,
    0.006758744850737715
  ],
  [
    1613088000000,
    0.005723735963664708
  ],
  [
    1613174400000,
    0.00859029602029389
  ],
  [
    1613260800000,
    0.00886280877956416
  ],
  [
    1613347200000,
    0.006339414380983281
  ],
  [
    1613433600000,
    0.00630107243097917
  ],
  [
    1613520000000,
    0.006482537897584388
  ],
  [
    1613606400000,
    0.007328039834857014
  ],
  [
    1613692800000,
    0.007234800308806929
  ],
  [
    1613779200000,
    0.01117445254028051
  ],
  [
    1613865600000,
    0.010061774588040999
  ],
  [
    1613952000000,
    0.00929263906133211
  ],
  [
    1614038400000,
    0.009762778703605392
  ],
  [
    1614124800000,
    0.008080623076959228
  ],
  [
    1614211200000,
    0.009942729211125918
  ],
  [
    1614297600000,
    0.009123403857592001
  ],
  [
    1614384000000,
    0.00919617768490576
  ],
  [
    1614470400000,
    0.009326010710824466
  ],
  [
    1614556800000,
    0.00906584150446312
  ],
  [
    1614643200000,
    0.008851532863650534
  ],
  [
    1614729600000,
    0.008649601190998092
  ],
  [
    1614816000000,
    0.008612199742277943
  ],
  [
    1614902400000,
    0.009214701137877
  ],
  [
    1614988800000,
    0.009312539283574613
  ],
  [
    1615075200000,
    0.009143996309857658
  ],
  [
    1615161600000,
    0.011149468995179988
  ],
  [
    1615248000000,
    0.01020123878176116
  ],
  [
    1615334400000,
    0.010338687768250853
  ],
  [
    1615420800000,
    0.01017775629590428
  ],
  [
    1615507200000,
    0.009831817279357748
  ],
  [
    1615593600000,
    0.010326213209271582
  ],
  [
    1615680000000,
    0.011007013070855052
  ],
  [
    1615766400000,
    0.010246212882770077
  ],
  [
    1615852800000,
    0.009030381561460831
  ],
  [
    1615939200000,
    0.009618048628053428
  ],
  [
    1616025600000,
    0.009529280051466324
  ],
  [
    1616112000000,
    0.009839570225580435
  ],
  [
    1616198400000,
    0.010515413385093025
  ],
  [
    1616284800000,
    0.010091246336860135
  ],
  [
    1616371200000,
    0.009739876717743108
  ],
  [
    1616457600000,
    0.008375065249100175
  ],
  [
    1616544000000,
    0.007683764034522688
  ],
  [
    1616630400000,
    0.009435025288842217
  ],
  [
    1616716800000,
    0.009284689835577469
  ],
  [
    1616803200000,
    0.009648994424087952
  ],
  [
    1616889600000,
    0.00836899511337834
  ],
  [
    1616976000000,
    0.00879536588203848
  ],
  [
    1617062400000,
    0.008024464749673582
  ],
  [
    1617148800000,
    0.008796670170913306
  ],
  [
    1617235200000,
    0.009490536502773296
  ],
  [
    1617321600000,
    0.01175339821443818
  ],
  [
    1617408000000,
    0.01356967161401658
  ],
  [
    1617494400000,
    0.013248339310513942
  ],
  [
    1617580800000,
    0.014712579916300773
  ],
  [
    1617667200000,
    0.012327542269907038
  ],
  [
    1617753600000,
    0.01161620174588398
  ],
  [
    1617840000000,
    0.013500997096289423
  ],
  [
    1617926400000,
    0.01193142673976631
  ],
  [
    1618012800000,
    0.020301236750645796
  ],
  [
    1618099200000,
    0.02007222938592437
  ],
  [
    1618185600000,
    0.02027479764842184
  ],
  [
    1618272000000,
    0.019747156361316746
  ],
  [
    1618358400000,
    0.017758143169054847
  ],
  [
    1618444800000,
    0.014452983873414343
  ],
  [
    1618531200000,
    0.015159007395765048
  ],
  [
    1618617600000,
    0.014179849696194418
  ],
  [
    1618704000000,
    0.01335402117754452
  ],
  [
    1618790400000,
    0.011299430426523696
  ],
  [
    1618876800000,
    0.01175154776276872
  ],
  [
    1618963200000,
    0.012429680686128663
  ],
  [
    1619049600000,
    0.0122145928984772
  ],
  [
    1619136000000,
    0.011377668743677698
  ],
  [
    1619222400000,
    0.01119205486794032
  ],
  [
    1619308800000,
    0.010374155678406912
  ],
  [
    1619395200000,
    0.00956968020956492
  ],
  [
    1619481600000,
    0.010713001321521
  ],
  [
    1619568000000,
    0.010470227850485327
  ],
  [
    1619654400000,
    0.0103897315360067
  ],
  [
    1619740800000,
    0.007957831097381775
  ],
  [
    1619827200000,
    0.01137791667484008
  ],
  [
    1619913600000,
    0.010413761286835728
  ],
  [
    1620000000000,
    0.010197828051257154
  ],
  [
    1620086400000,
    0.010218735333483903
  ],
  [
    1620172800000,
    0.009247175012621935
  ],
  [
    1620259200000,
    0.009008209910429915
  ],
  [
    1620345600000,
    0.010166841956228585
  ],
  [
    1620432000000,
    0.01040459628537694
  ],
  [
    1620518400000,
    0.009156788939724351
  ],
  [
    1620604800000,
    0.011625613398877898
  ],
  [
    1620691200000,
    0.010066763954655607
  ],
  [
    1620777600000,
    0.010771874575144853
  ],
  [
    1620864000000,
    0.011007728338426198
  ],
  [
    1620950400000,
    0.0097677794078214
  ],
  [
    1621036800000,
    0.010516935244187505
  ],
  [
    1621123200000,
    0.00987815634287823
  ],
  [
    1621209600000,
    0.00972249237769136
  ],
  [
    1621296000000,
    0.008187940714475947
  ],
  [
    1621382400000,
    0.0085155822102658
  ],
  [
    1621468800000,
    0.007244641119742501
  ],
  [
    1621555200000,
    0.007763227438373204
  ],
  [
    1621641600000,
    0.00741668180950142
  ],
  [
    1621728000000,
    0.006857216081587008
  ],
  [
    1621814400000,
    0.006787395472989834
  ],
  [
    1621900800000,
    0.00779710832716478
  ],
  [
    1621987200000,
    0.007219803239955838
  ],
  [
    1622073600000,
    0.00506494571165011
  ],
  [
    1622160000000,
    0.00656306117252355
  ],
  [
    1622246400000,
    0.006310618546074408
  ],
  [
    1622332800000,
    0.00691525536554312
  ],
  [
    1622419200000,
    0.00720919505232504
  ],
  [
    1622505600000,
    0.00739868036579314
  ],
  [
    1622592000000,
    0.0069662803622259255
  ],
  [
    1622678400000,
    0.007192412324359373
  ],
  [
    1622764800000,
    0.006451606168042086
  ],
  [
    1622851200000,
    0.00668805064851843
  ],
  [
    1622937600000,
    0.005631726764174592
  ],
  [
    1623024000000,
    0.006095552630171314
  ],
  [
    1623110400000,
    0.006144448530949511
  ],
  [
    1623196800000,
    0.0061918454779145635
  ],
  [
    1623283200000,
    0.006306644625581196
  ],
  [
    1623369600000,
    0.007152411125626341
  ],
  [
    1623456000000,
    0.00744651413665482
  ],
  [
    1623542400000,
    0.007518990876246969
  ],
  [
    1623628800000,
    0.00971895308519325
  ],
  [
    1623715200000,
    0.010907078511908638
  ],
  [
    1623801600000,
    0.010903440305962518
  ],
  [
    1623888000000,
    0.008459336034765525
  ],
  [
    1623974400000,
    0.00494830467215994
  ],
  [
    1624060800000,
    0.00709161486677804
  ],
  [
    1624147200000,
    0.006430537163115918
  ],
  [
    1624233600000,
    0.005009591987340001
  ],
  [
    1624320000000,
    0.013576656463485045
  ],
  [
    1624406400000,
    0.012497418683077108
  ],
  [
    1624492800000,
    0.014822833820034883
  ],
  [
    1624579200000,
    0.014594366870164452
  ],
  [
    1624665600000,
    0.013982590640663733
  ],
  [
    1624752000000,
    0.008584236538693474
  ],
  [
    1624838400000,
    0.01049174919595024
  ],
  [
    1624924800000,
    0.01034350680083469
  ],
  [
    1625011200000,
    0.011534741392504865
  ],
  [
    1625097600000,
    0.0087785583601682
  ],
  [
    1625184000000,
    0.008741834359623977
  ],
  [
    1625270400000,
    0.009141651445164966
  ],
  [
    1625356800000,
    0.009014856372535051
  ],
  [
    1625443200000,
    0.009221680680530354
  ],
  [
    1625529600000,
    0.006499864265556599
  ],
  [
    1625616000000,
    0.008190324127094063
  ],
  [
    1625702400000,
    0.00681866625152578
  ],
  [
    1625788800000,
    0.005580640022381544
  ],
  [
    1625875200000,
    0.007025805826137483
  ],
  [
    1625961600000,
    0.007032167123366658
  ],
  [
    1626048000000,
    0.00678127561806826
  ],
  [
    1626134400000,
    0.00662959202244224
  ],
  [
    1626220800000,
    0.00651311239238936
  ],
  [
    1626307200000,
    0.00658337726422788
  ],
  [
    1626393600000,
    0.006700158740973264
  ],
  [
    1626480000000,
    0.005689448389363194
  ],
  [
    1626566400000,
    0.00634934582619014
  ],
  [
    1626652800000,
    0.0057256851888074665
  ],
  [
    1626739200000,
    0.00742922741284368
  ],
  [
    1626825600000,
    0.006904228048386928
  ],
  [
    1626912000000,
    0.005813105093697132
  ],
  [
    1626998400000,
    0.004856108520644445
  ],
  [
    1627084800000,
    0.006178960769094776
  ],
  [
    1627171200000,
    0.005430679963662256
  ],
  [
    1627257600000,
    0.006163781912420652
  ],
  [
    1627344000000,
    0.006024571745921136
  ],
  [
    1627430400000,
    0.006113684499576224
  ],
  [
    1627516800000,
    0.005201595459074553
  ],
  [
    1627603200000,
    0.003952760751860709
  ],
  [
    1627689600000,
    0.0059436463157136
  ],
  [
    1627776000000,
    0.005000033025653196
  ],
  [
    1627862400000,
    0.0060574043613435
  ],
  [
    1627948800000,
    0.00584158657657086
  ],
  [
    1628035200000,
    0.0061559113731824
  ],
  [
    1628121600000,
    0.006341101673420157
  ],
  [
    1628208000000,
    0.0040794307827330635
  ],
  [
    1628294400000,
    0.004693930551741543
  ],
  [
    1628380800000,
    0.006128758046735142
  ],
  [
    1628467200000,
    0.004881232143427068
  ],
  [
    1628553600000,
    0.005052966638691983
  ],
  [
    1628640000000,
    0.006741518470930119
  ],
  [
    1628726400000,
    0.005573228534207076
  ],
  [
    1628812800000,
    0.005353850531003532
  ],
  [
    1628899200000,
    0.00665487850644596
  ],
  [
    1628985600000,
    0.007040684229967185
  ],
  [
    1629072000000,
    0.003255573775338227
  ],
  [
    1629158400000,
    0.00462281256849192
  ],
  [
    1629244800000,
    0.00449409602939033
  ],
  [
    1629331200000,
    0.00454539092836888
  ],
  [
    1629417600000,
    0.00490394578201168
  ],
  [
    1629504000000,
    0.00490394578201168
  ],
  [
    1629590400000,
    0.00493057194013205
  ],
  [
    1629676800000,
    0.00483728017195068
  ],
  [
    1629763200000,
    0.00496288593756763
  ],
  [
    1629849600000,
    0.005294926184213996
  ],
  [
    1629936000000,
    0.005882050390958004
  ],
  [
    1630022400000,
    0.005205924841104053
  ],
  [
    1630108800000,
    0.005391460864666459
  ],
  [
    1630281600000,
    0.00483525241239031
  ],
  [
    1630368000000,
    0.00483525241239031
  ],
  [
    1630454400000,
    0.0034067641474734523
  ],
  [
    1630540800000,
    0.00388688194971897
  ],
  [
    1630627200000,
    0.0020839194247551903
  ]
]