[
  [
    1619395200000,
    1118027.7734043847
  ],
  [
    1619481600000,
    1118027.7734043847
  ],
  [
    1619568000000,
    292993.9862247486
  ],
  [
    1619654400000,
    89174.59969359514
  ],
  [
    1619740800000,
    257070.4680995173
  ],
  [
    1619827200000,
    69276.44369857004
  ],
  [
    1619913600000,
    59725.24098607886
  ],
  [
    1620000000000,
    59341.216042766086
  ],
  [
    1620086400000,
    74130.94623578594
  ],
  [
    1620172800000,
    65357.12245017112
  ],
  [
    1620259200000,
    41800.695210410726
  ],
  [
    1620345600000,
    35385.73847128713
  ],
  [
    1620432000000,
    61305.502399030374
  ],
  [
    1620518400000,
    21668.99111412993
  ],
  [
    1620604800000,
    37725.46751488858
  ],
  [
    1620691200000,
    22263.72781686881
  ],
  [
    1620777600000,
    24338.944149394527
  ],
  [
    1620864000000,
    44768.559418153905
  ],
  [
    1620950400000,
    17766.116693339343
  ],
  [
    1621036800000,
    9017.076384775644
  ],
  [
    1621123200000,
    14512.259855106682
  ],
  [
    1621209600000,
    9669.358127768799
  ],
  [
    1621296000000,
    9863.435162729804
  ],
  [
    1621382400000,
    27748.54855472775
  ],
  [
    1621468800000,
    11545.118978202197
  ],
  [
    1621555200000,
    16868.21586649729
  ],
  [
    1621641600000,
    6604.0348759131175
  ],
  [
    1621728000000,
    5431.791669242506
  ],
  [
    1621814400000,
    9546.962090473855
  ],
  [
    1621900800000,
    12023.372595922174
  ],
  [
    1621987200000,
    14604.166163161744
  ],
  [
    1622073600000,
    22121.03725395108
  ],
  [
    1622160000000,
    4927.939696607933
  ],
  [
    1622246400000,
    12461.797021197794
  ],
  [
    1622332800000,
    3329.3864720691236
  ],
  [
    1622419200000,
    4784.945940037844
  ],
  [
    1622505600000,
    2487.644989377144
  ],
  [
    1622592000000,
    39757.34205177055
  ],
  [
    1622678400000,
    12365.34106826776
  ],
  [
    1622764800000,
    12610.8474532642
  ],
  [
    1623715200000,
    11248.460877044561
  ],
  [
    1623801600000,
    11248.460877044561
  ]
]