[
  [
    1618876800000,
    1325570.900666004
  ],
  [
    1618963200000,
    1325570.900666004
  ],
  [
    1619049600000,
    496780.23381549574
  ],
  [
    1619136000000,
    250140.05554397046
  ],
  [
    1619222400000,
    70199.52423787145
  ],
  [
    1619308800000,
    52085.37361904304
  ],
  [
    1619395200000,
    83140.56958946351
  ],
  [
    1619481600000,
    114341.2350812354
  ],
  [
    1619568000000,
    18410.841171592187
  ],
  [
    1619654400000,
    13308.878988144394
  ],
  [
    1619740800000,
    68166.80513708032
  ],
  [
    1619827200000,
    15245.763495740928
  ],
  [
    1619913600000,
    1133871.5187987755
  ],
  [
    1620000000000,
    226729.28741486967
  ],
  [
    1620086400000,
    55083.88117165252
  ],
  [
    1620172800000,
    28644.914877393418
  ],
  [
    1620259200000,
    28039.39107584818
  ],
  [
    1620345600000,
    28036.03348822738
  ],
  [
    1620432000000,
    51221.12077935581
  ],
  [
    1620518400000,
    25364.25131918657
  ],
  [
    1620604800000,
    47388.06330726079
  ],
  [
    1620691200000,
    31416.0391851574
  ],
  [
    1620777600000,
    18218.36656551055
  ],
  [
    1620864000000,
    13800.74471882521
  ],
  [
    1620950400000,
    21132.48966227356
  ],
  [
    1621036800000,
    15329.359562925527
  ],
  [
    1621123200000,
    5884.008627067286
  ],
  [
    1621209600000,
    11121.224506245118
  ],
  [
    1621296000000,
    35919.470204273304
  ],
  [
    1621382400000,
    3444.7065916729216
  ],
  [
    1621468800000,
    2729.513713192956
  ],
  [
    1621555200000,
    1437.7177043232589
  ],
  [
    1621641600000,
    843.8194983970666
  ],
  [
    1621728000000,
    1144.2032953164448
  ],
  [
    1621814400000,
    1077.6638208547631
  ],
  [
    1621900800000,
    766.5280642629967
  ],
  [
    1621987200000,
    619.9377172430064
  ],
  [
    1622073600000,
    562.2593774921185
  ],
  [
    1622160000000,
    379.82800021789336
  ],
  [
    1622246400000,
    73.22699816935324
  ],
  [
    1622332800000,
    2562.631739376201
  ],
  [
    1622419200000,
    1495.1061314491087
  ],
  [
    1622505600000,
    304.0114295299918
  ],
  [
    1622592000000,
    288.4152678917799
  ],
  [
    1622678400000,
    6233.814397048877
  ],
  [
    1622764800000,
    45.74349866634206
  ],
  [
    1622851200000,
    198.29395865020683
  ],
  [
    1622937600000,
    45.760028836126324
  ],
  [
    1623024000000,
    10.134923192321812
  ],
  [
    1623110400000,
    26.033996309164944
  ],
  [
    1623196800000,
    70.93352422473527
  ],
  [
    1623283200000,
    0.029709030106778455
  ],
  [
    1623369600000,
    1.292851042905153
  ],
  [
    1623456000000,
    3.383728911945625
  ],
  [
    1623542400000,
    3.383728911945625
  ],
  [
    1623628800000,
    25.40029592078552
  ],
  [
    1623715200000,
    66.37938867712468
  ],
  [
    1623801600000,
    5593.19425276418
  ],
  [
    1623888000000,
    16.889380327066707
  ],
  [
    1623974400000,
    16.889380327066707
  ],
  [
    1624060800000,
    4.02080927984483
  ],
  [
    1624147200000,
    1.2848265253734814
  ],
  [
    1624233600000,
    2.4882637927711673
  ],
  [
    1624320000000,
    1.3034111426732244
  ],
  [
    1624406400000,
    5.998579026628007
  ],
  [
    1624492800000,
    0.5272378429431674
  ],
  [
    1624579200000,
    1.957650802980469
  ],
  [
    1624665600000,
    4.046189783677892
  ],
  [
    1624752000000,
    3.507779915529621
  ],
  [
    1624838400000,
    7.351990436538411
  ],
  [
    1624924800000,
    11.789715449261417
  ],
  [
    1625011200000,
    0.0058515373518293595
  ],
  [
    1625097600000,
    2.02880173825403
  ],
  [
    1625184000000,
    22.692709803566732
  ],
  [
    1625270400000,
    7.53522322504541
  ],
  [
    1625356800000,
    0.8787789285843017
  ],
  [
    1625443200000,
    7.235617455497149
  ],
  [
    1625529600000,
    5.38418911665522
  ],
  [
    1625616000000,
    4.963154374491694
  ],
  [
    1625702400000,
    19.95757359519308
  ],
  [
    1625788800000,
    7.170714820585535
  ],
  [
    1625875200000,
    6.00378566651837
  ],
  [
    1625961600000,
    4.197461279529221
  ],
  [
    1626048000000,
    1.8166248784225234
  ],
  [
    1626134400000,
    2.0555907114637773
  ],
  [
    1626220800000,
    2.3058281232571343
  ],
  [
    1626307200000,
    0.19619220310480304
  ],
  [
    1626393600000,
    7.750967505366932
  ],
  [
    1626480000000,
    3.660016362399373
  ],
  [
    1626566400000,
    1.5846304423673947
  ],
  [
    1626652800000,
    36.39178565002109
  ],
  [
    1626739200000,
    0.18494406990739276
  ],
  [
    1626825600000,
    0.9033456425694995
  ],
  [
    1626912000000,
    10.572987418726324
  ],
  [
    1626998400000,
    10.29440603359523
  ],
  [
    1627171200000,
    0.09344899582309406
  ],
  [
    1627257600000,
    0.09344899582309406
  ],
  [
    1627516800000,
    0.03300264438199331
  ],
  [
    1627603200000,
    0.03300264438199331
  ],
  [
    1627689600000,
    0.032738833193642555
  ],
  [
    1627776000000,
    0.09021846432012899
  ],
  [
    1627862400000,
    1.1485163116640231
  ],
  [
    1627948800000,
    0.6561299698141577
  ],
  [
    1628035200000,
    0.2731592271923863
  ],
  [
    1628121600000,
    0.021484567166017154
  ],
  [
    1628208000000,
    0.455162669449878
  ],
  [
    1628294400000,
    0.455162669449878
  ],
  [
    1628380800000,
    0.06665288597748624
  ],
  [
    1628467200000,
    0.03139171354255114
  ],
  [
    1628553600000,
    0.010060076178133325
  ],
  [
    1628640000000,
    0.010060076178133325
  ],
  [
    1628726400000,
    0.552921317370775
  ],
  [
    1628812800000,
    1.2652238473897903
  ],
  [
    1628899200000,
    0.04136947263640126
  ],
  [
    1628985600000,
    1.952607374141029
  ],
  [
    1629072000000,
    1.952607374141029
  ],
  [
    1629158400000,
    3.079190666768013
  ],
  [
    1629244800000,
    0.09160659782267862
  ],
  [
    1629331200000,
    0.5360789966661589
  ],
  [
    1629417600000,
    0.5730701070210783
  ],
  [
    1629504000000,
    0.1316238748680864
  ],
  [
    1630022400000,
    0.0004337234380378168
  ],
  [
    1630108800000,
    0.0004337234380378168
  ],
  [
    1630195200000,
    0.050011433783355354
  ],
  [
    1630540800000,
    1.170841185152846
  ],
  [
    1630627200000,
    1.170841185152846
  ]
]