[
  [
    1627862400000,
    0.11236637949218878
  ],
  [
    1627948800000,
    0.11236637949218878
  ],
  [
    1628035200000,
    0.096541812302049
  ],
  [
    1628121600000,
    0.11579927638802753
  ],
  [
    1628208000000,
    0.1159216968940806
  ],
  [
    1628294400000,
    0.11534044496360156
  ],
  [
    1628380800000,
    0.09999502121790217
  ],
  [
    1628467200000,
    0.09794335009539074
  ],
  [
    1628553600000,
    0.1073050494314146
  ],
  [
    1628640000000,
    0.11487243220857254
  ],
  [
    1628726400000,
    0.11811868408733825
  ],
  [
    1628812800000,
    0.10578467842443674
  ],
  [
    1628899200000,
    0.11128887867548283
  ],
  [
    1628985600000,
    0.10422613022752582
  ],
  [
    1629072000000,
    0.12259106381797936
  ],
  [
    1629158400000,
    0.1235804503068179
  ],
  [
    1629244800000,
    0.12002204213308396
  ],
  [
    1629331200000,
    0.12648401828132444
  ],
  [
    1629417600000,
    0.12620726239825408
  ],
  [
    1629504000000,
    0.13306335478421488
  ],
  [
    1629590400000,
    0.13153344968500466
  ],
  [
    1629676800000,
    0.12231952497953318
  ],
  [
    1629763200000,
    0.12751252534572702
  ],
  [
    1629849600000,
    0.12058130993310956
  ],
  [
    1629936000000,
    0.12194053370240998
  ],
  [
    1630022400000,
    0.11759818047057265
  ],
  [
    1630108800000,
    0.12781530544758585
  ],
  [
    1630195200000,
    0.1382499062581777
  ],
  [
    1630281600000,
    0.13661129374142464
  ],
  [
    1630368000000,
    0.12169573343661537
  ],
  [
    1630454400000,
    0.11876397774610943
  ],
  [
    1630540800000,
    0.1190038144848445
  ],
  [
    1630627200000,
    0.12993139563035525
  ]
]