[
  [
    1581292800000,
    3583511.4473974933
  ],
  [
    1581379200000,
    2163702.6081170663
  ],
  [
    1581465600000,
    3120810.685738409
  ],
  [
    1581552000000,
    3410813.705484687
  ],
  [
    1581638400000,
    4150356.410102425
  ],
  [
    1581724800000,
    3473450.0662301145
  ],
  [
    1581811200000,
    5673694.597459571
  ],
  [
    1581897600000,
    8135664.183474508
  ],
  [
    1581984000000,
    26029433.75802668
  ],
  [
    1582070400000,
    19557585.7905769
  ],
  [
    1582156800000,
    14979304.814903589
  ],
  [
    1582243200000,
    15345763.101352641
  ],
  [
    1582329600000,
    6554983.018050433
  ],
  [
    1582416000000,
    5231828.57796882
  ],
  [
    1582502400000,
    2346799.753819047
  ],
  [
    1582588800000,
    5466641.393559492
  ],
  [
    1582675200000,
    5591280.808884203
  ],
  [
    1582761600000,
    6277893.3231701655
  ],
  [
    1582848000000,
    9160964.341385767
  ],
  [
    1582934400000,
    5243868.124780395
  ],
  [
    1583020800000,
    3647407.576336877
  ],
  [
    1583107200000,
    3894191.3951286464
  ],
  [
    1583193600000,
    3143754.727933049
  ],
  [
    1583280000000,
    3484929.8432545536
  ],
  [
    1583366400000,
    3442901.6736479355
  ],
  [
    1583452800000,
    8279203.594282223
  ],
  [
    1583539200000,
    9740084.374254223
  ],
  [
    1583625600000,
    8366654.1505560195
  ],
  [
    1583712000000,
    8207691.270382602
  ],
  [
    1583798400000,
    10516832.572666084
  ],
  [
    1583884800000,
    4078515.363529895
  ],
  [
    1583971200000,
    6263210.5787551
  ],
  [
    1584057600000,
    16976502.13351345
  ],
  [
    1584144000000,
    25803651.95144564
  ],
  [
    1584230400000,
    5585979.851512164
  ],
  [
    1584316800000,
    6009617.836917013
  ],
  [
    1584403200000,
    7154677.845824107
  ],
  [
    1584489600000,
    6689825.890365001
  ],
  [
    1584576000000,
    6012792.898096191
  ],
  [
    1584662400000,
    9833775.741629317
  ],
  [
    1584748800000,
    7489659.45468408
  ],
  [
    1584835200000,
    4714474.445378253
  ],
  [
    1584921600000,
    4774240.870946745
  ],
  [
    1585008000000,
    8083997.279544237
  ],
  [
    1585094400000,
    7559728.592755265
  ],
  [
    1585180800000,
    4801692.253384632
  ],
  [
    1585267200000,
    8817380.210167734
  ],
  [
    1585353600000,
    6223894.3317116015
  ],
  [
    1585440000000,
    6366486.833802063
  ],
  [
    1585526400000,
    7074205.157503504
  ],
  [
    1585612800000,
    10917566.927388135
  ],
  [
    1585699200000,
    13237141.691474074
  ],
  [
    1585785600000,
    7676995.025977942
  ],
  [
    1585872000000,
    5650208.522629245
  ],
  [
    1585958400000,
    5745988.461312247
  ],
  [
    1586044800000,
    5816374.538174998
  ],
  [
    1586131200000,
    9186240.973512882
  ],
  [
    1586217600000,
    7570280.191887706
  ],
  [
    1586304000000,
    4735910.477517662
  ],
  [
    1586390400000,
    7922537.982869065
  ],
  [
    1586476800000,
    5936428.513927893
  ],
  [
    1586563200000,
    7111453.303568881
  ],
  [
    1586649600000,
    11711108.78989417
  ],
  [
    1586736000000,
    6478584.158495428
  ],
  [
    1586822400000,
    5307483.704587594
  ],
  [
    1586908800000,
    3724551.7380129937
  ],
  [
    1586995200000,
    5919346.0110388305
  ],
  [
    1587081600000,
    5054954.477275972
  ],
  [
    1587168000000,
    4945150.094207234
  ],
  [
    1587254400000,
    3183538.1626717313
  ],
  [
    1587340800000,
    2412604.1671023606
  ],
  [
    1587427200000,
    3685218.275201188
  ],
  [
    1587513600000,
    6717505.978928896
  ],
  [
    1587600000000,
    8579729.349608121
  ],
  [
    1587686400000,
    4272881.01881765
  ],
  [
    1587772800000,
    5276205.320410184
  ],
  [
    1587859200000,
    4998068.7876583
  ],
  [
    1587945600000,
    3425790.1266745618
  ],
  [
    1588032000000,
    3800244.596477954
  ],
  [
    1588118400000,
    9065855.374042343
  ],
  [
    1588204800000,
    8083717.807993504
  ],
  [
    1588291200000,
    7105412.913101568
  ],
  [
    1588377600000,
    4272599.586334849
  ],
  [
    1588464000000,
    9574908.817462964
  ],
  [
    1588550400000,
    11219055.1212787
  ],
  [
    1588636800000,
    6735326.123353718
  ],
  [
    1588723200000,
    6739624.160215063
  ],
  [
    1588809600000,
    5344342.698346714
  ],
  [
    1588896000000,
    6450674.376929409
  ],
  [
    1588982400000,
    5599281.957213969
  ],
  [
    1589068800000,
    4552504.098680518
  ],
  [
    1589155200000,
    4485271.054260784
  ],
  [
    1589241600000,
    7417104.744690001
  ],
  [
    1589328000000,
    4609880.580536153
  ],
  [
    1589414400000,
    18659192.26588042
  ],
  [
    1589500800000,
    21026345.35962283
  ],
  [
    1589587200000,
    11395139.850001188
  ],
  [
    1589673600000,
    5556876.785501355
  ],
  [
    1589760000000,
    5766599.928388379
  ],
  [
    1589846400000,
    6128916.815036832
  ],
  [
    1589932800000,
    7911416.07156654
  ],
  [
    1590019200000,
    5019352.569722178
  ],
  [
    1590105600000,
    5373472.262544591
  ],
  [
    1590192000000,
    4282759.217217754
  ],
  [
    1590278400000,
    4215781.015554243
  ],
  [
    1590364800000,
    4673111.352820579
  ],
  [
    1590451200000,
    5661526.453925328
  ],
  [
    1590537600000,
    5120755.047675667
  ],
  [
    1590624000000,
    10533868.719561419
  ],
  [
    1590710400000,
    7106376.523179745
  ],
  [
    1590796800000,
    9425344.450877978
  ],
  [
    1590883200000,
    6852880.353196805
  ],
  [
    1590969600000,
    4902072.457042675
  ],
  [
    1591056000000,
    4861392.855224203
  ],
  [
    1591142400000,
    5448248.148601773
  ],
  [
    1591228800000,
    3664885.3285820386
  ],
  [
    1591315200000,
    4345819.417547316
  ],
  [
    1591401600000,
    3794046.6497628987
  ],
  [
    1591488000000,
    3276170.488301595
  ],
  [
    1591574400000,
    2678717.0998024847
  ],
  [
    1591660800000,
    2828352.6382472217
  ],
  [
    1591747200000,
    3525500.6308620353
  ],
  [
    1591833600000,
    2489172.209451541
  ],
  [
    1591920000000,
    2719805.141390595
  ],
  [
    1592006400000,
    1981719.3022566547
  ],
  [
    1592092800000,
    1951907.6800978137
  ],
  [
    1592179200000,
    1605229.9920885433
  ],
  [
    1592265600000,
    3618133.251628835
  ],
  [
    1592352000000,
    2085124.1476536074
  ],
  [
    1592438400000,
    1922474.5220346164
  ],
  [
    1592524800000,
    2937568.7246567006
  ],
  [
    1592611200000,
    2027683.167286829
  ],
  [
    1592697600000,
    1839668.6147068595
  ],
  [
    1592784000000,
    1513009.2230712036
  ],
  [
    1592870400000,
    1624078.9155387185
  ],
  [
    1592956800000,
    3168515.0750816795
  ],
  [
    1593043200000,
    2381780.579548092
  ],
  [
    1593129600000,
    2217691.130713621
  ],
  [
    1593216000000,
    2465650.311062993
  ],
  [
    1593302400000,
    2615487.333325094
  ],
  [
    1593388800000,
    2838005.6043658685
  ],
  [
    1593475200000,
    3048377.081680658
  ],
  [
    1593561600000,
    3766402.8839676785
  ],
  [
    1593648000000,
    3623052.622062572
  ],
  [
    1593734400000,
    2551599.417511516
  ],
  [
    1593820800000,
    2904666.6758565693
  ],
  [
    1593907200000,
    2803485.840912074
  ],
  [
    1593993600000,
    2664131.223291619
  ],
  [
    1594080000000,
    2977031.6109010843
  ],
  [
    1594166400000,
    2440274.0252179997
  ],
  [
    1594252800000,
    3313700.135418813
  ],
  [
    1594339200000,
    1928414.3105667625
  ],
  [
    1594425600000,
    1675594.3931262433
  ],
  [
    1594512000000,
    1527730.6636021484
  ],
  [
    1594598400000,
    1645680.8561350256
  ],
  [
    1594684800000,
    2348137.2205001255
  ],
  [
    1594771200000,
    1466197.2312467438
  ],
  [
    1594857600000,
    799942.2676894093
  ],
  [
    1594944000000,
    881484.5464237367
  ],
  [
    1595030400000,
    1017142.1990419904
  ],
  [
    1595116800000,
    1212812.8097546531
  ],
  [
    1595203200000,
    983133.1159808924
  ],
  [
    1595289600000,
    1277048.7874640666
  ],
  [
    1595376000000,
    1113798.8348484053
  ],
  [
    1595462400000,
    1374828.6838146523
  ],
  [
    1595548800000,
    1127353.64233353
  ],
  [
    1595635200000,
    3507370.746004028
  ],
  [
    1595721600000,
    2585997.286087139
  ],
  [
    1595808000000,
    1516363.3464933254
  ],
  [
    1595894400000,
    1853731.8092910354
  ],
  [
    1595980800000,
    1226907.6607416098
  ],
  [
    1596067200000,
    1138449.6019152466
  ],
  [
    1596153600000,
    1542640.889430144
  ],
  [
    1596240000000,
    1452925.8097786086
  ],
  [
    1596326400000,
    1665330.4183439028
  ],
  [
    1596412800000,
    1874604.4436403594
  ],
  [
    1596499200000,
    2118751.8465913087
  ],
  [
    1596585600000,
    1497105.9690809122
  ],
  [
    1596672000000,
    2952891.3796214093
  ],
  [
    1596758400000,
    3409891.934715228
  ],
  [
    1596844800000,
    1713532.8807908136
  ],
  [
    1596931200000,
    1924149.601491657
  ],
  [
    1597017600000,
    1468476.8061383222
  ],
  [
    1597104000000,
    1782251.3639797943
  ],
  [
    1597190400000,
    1463413.440247332
  ],
  [
    1597276800000,
    1052202.4444246697
  ],
  [
    1597363200000,
    1055778.5616503875
  ],
  [
    1597449600000,
    936861.3747822839
  ],
  [
    1597536000000,
    876842.4809829359
  ],
  [
    1597622400000,
    931559.2878951397
  ],
  [
    1597708800000,
    947567.1177099497
  ],
  [
    1597795200000,
    2171197.7219544384
  ],
  [
    1597881600000,
    1045233.4763437958
  ],
  [
    1597968000000,
    1582584.759708478
  ],
  [
    1598054400000,
    1462381.4086408783
  ],
  [
    1598140800000,
    809441.2891338151
  ],
  [
    1598227200000,
    748362.6808100584
  ],
  [
    1598313600000,
    1162387.2876036207
  ],
  [
    1598400000000,
    1330198.0170283841
  ],
  [
    1598486400000,
    1492054.6306698758
  ],
  [
    1598572800000,
    978425.0865697192
  ],
  [
    1598659200000,
    1429772.2075429228
  ],
  [
    1598745600000,
    1090467.004453702
  ],
  [
    1598832000000,
    986519.7520860838
  ],
  [
    1598918400000,
    960388.0064280367
  ],
  [
    1599004800000,
    1197493.9131277376
  ],
  [
    1599091200000,
    1246060.4985444518
  ],
  [
    1599177600000,
    1091944.5140727165
  ],
  [
    1599264000000,
    1013483.5247629221
  ],
  [
    1599350400000,
    1026365.027680865
  ],
  [
    1599436800000,
    1464999.9494604426
  ],
  [
    1599523200000,
    978663.0506073873
  ],
  [
    1599609600000,
    1052396.7994806205
  ],
  [
    1599696000000,
    738700.4386505294
  ],
  [
    1599782400000,
    554711.1963474101
  ],
  [
    1599868800000,
    585254.4419814255
  ],
  [
    1599955200000,
    535893.2160391735
  ],
  [
    1600041600000,
    712148.9537241153
  ],
  [
    1600128000000,
    742176.7880271556
  ],
  [
    1600214400000,
    520518.5539217417
  ],
  [
    1600300800000,
    343235.42620823317
  ],
  [
    1600387200000,
    372477.17505869066
  ],
  [
    1600473600000,
    400739.3251765117
  ],
  [
    1600560000000,
    375303.830039113
  ],
  [
    1600646400000,
    828239.1706811733
  ],
  [
    1600732800000,
    711830.8504254058
  ],
  [
    1600819200000,
    567873.6372671382
  ],
  [
    1600905600000,
    587622.324433615
  ],
  [
    1600992000000,
    647729.6784854715
  ],
  [
    1601078400000,
    885402.3661295443
  ],
  [
    1601164800000,
    619273.2317007749
  ],
  [
    1601251200000,
    656659.0562095118
  ],
  [
    1601337600000,
    591995.2288341013
  ],
  [
    1601424000000,
    647209.525403884
  ],
  [
    1601510400000,
    607551.3346461302
  ],
  [
    1601596800000,
    530169.0521379187
  ],
  [
    1601683200000,
    601415.2019714027
  ],
  [
    1601769600000,
    690772.0885799415
  ],
  [
    1601856000000,
    568403.6151696374
  ],
  [
    1601942400000,
    681820.6239311456
  ],
  [
    1602028800000,
    719381.559165105
  ],
  [
    1602115200000,
    640612.5526383712
  ],
  [
    1602201600000,
    1220419.5189076418
  ],
  [
    1602288000000,
    694907.2413155219
  ],
  [
    1602374400000,
    658704.8761301534
  ],
  [
    1602460800000,
    578528.1413904243
  ],
  [
    1602547200000,
    677019.4130781598
  ],
  [
    1602633600000,
    616180.6636232282
  ],
  [
    1602720000000,
    493051.6572749901
  ],
  [
    1602806400000,
    594736.1854529904
  ],
  [
    1602892800000,
    649247.748143326
  ],
  [
    1602979200000,
    697361.5505892931
  ],
  [
    1603065600000,
    1768089.8849446045
  ],
  [
    1603152000000,
    1005586.217795954
  ],
  [
    1603238400000,
    662093.9281919716
  ],
  [
    1603324800000,
    619045.5428609701
  ],
  [
    1603411200000,
    586742.836424882
  ],
  [
    1603497600000,
    512641.82672108815
  ],
  [
    1603584000000,
    661546.4587527234
  ],
  [
    1603670400000,
    498299.3432450798
  ],
  [
    1603756800000,
    597129.4700840472
  ],
  [
    1603843200000,
    539935.6182551488
  ],
  [
    1603929600000,
    517423.45790314017
  ],
  [
    1604016000000,
    417678.6611480159
  ],
  [
    1604102400000,
    371848.68863869284
  ],
  [
    1604188800000,
    380645.8331547192
  ],
  [
    1604275200000,
    406721.13297716307
  ],
  [
    1604361600000,
    491919.5035878518
  ],
  [
    1604448000000,
    500873.1463002784
  ],
  [
    1604534400000,
    456749.9578306141
  ],
  [
    1604620800000,
    474559.2412911665
  ],
  [
    1604707200000,
    446115.66160715866
  ],
  [
    1604793600000,
    373077.68064541946
  ],
  [
    1604880000000,
    338666.7209133206
  ],
  [
    1604966400000,
    457023.52038465254
  ],
  [
    1605052800000,
    549822.7245166196
  ],
  [
    1605139200000,
    428940.4358275867
  ],
  [
    1605225600000,
    439125.36635430594
  ],
  [
    1605312000000,
    529800.0020706495
  ],
  [
    1605398400000,
    428446.220271368
  ],
  [
    1605484800000,
    245680.4264050202
  ],
  [
    1605571200000,
    264235.2376000116
  ],
  [
    1605657600000,
    260322.97225890253
  ],
  [
    1605744000000,
    228348.13580449246
  ],
  [
    1605830400000,
    285472.0727470372
  ],
  [
    1605916800000,
    411990.3852453177
  ],
  [
    1606003200000,
    408194.35744544514
  ],
  [
    1606089600000,
    303402.527954333
  ],
  [
    1606176000000,
    362623.7654593716
  ],
  [
    1606262400000,
    370270.0572657361
  ],
  [
    1606348800000,
    359764.6884524436
  ],
  [
    1606435200000,
    396703.9970260084
  ],
  [
    1606521600000,
    316657.28069504333
  ],
  [
    1606608000000,
    328462.70963129954
  ],
  [
    1606694400000,
    322229.81283736764
  ],
  [
    1606780800000,
    361796.95351764635
  ],
  [
    1606867200000,
    411617.8367977581
  ],
  [
    1606953600000,
    463510.39224171697
  ],
  [
    1607040000000,
    409393.67945813865
  ],
  [
    1607126400000,
    511137.5393334834
  ],
  [
    1607212800000,
    697901.3461138422
  ],
  [
    1607299200000,
    533823.1075163963
  ],
  [
    1607385600000,
    460485.2454489695
  ],
  [
    1607472000000,
    335065.91884328105
  ],
  [
    1607558400000,
    388973.4939343982
  ],
  [
    1607644800000,
    426665.29355490004
  ],
  [
    1607731200000,
    280916.6315573691
  ],
  [
    1607817600000,
    339819.1277294721
  ],
  [
    1607904000000,
    410001.51046159613
  ],
  [
    1607990400000,
    214606.65272077682
  ],
  [
    1608076800000,
    249051.62770764664
  ],
  [
    1608163200000,
    291947.81968017505
  ],
  [
    1608249600000,
    318426.5382571277
  ],
  [
    1608336000000,
    363734.43641447864
  ],
  [
    1608422400000,
    248138.79704845222
  ],
  [
    1608508800000,
    158898.04633577264
  ],
  [
    1608595200000,
    209931.32222579033
  ],
  [
    1608681600000,
    189991.37357326734
  ],
  [
    1608768000000,
    242683.1866057771
  ],
  [
    1608854400000,
    286843.85962827166
  ],
  [
    1608940800000,
    339398.3209482017
  ],
  [
    1609027200000,
    261176.69650194675
  ],
  [
    1609113600000,
    263455.40814342495
  ],
  [
    1609200000000,
    302612.5689031246
  ],
  [
    1609286400000,
    355607.1576778565
  ],
  [
    1609372800000,
    465990.0910926609
  ],
  [
    1609459200000,
    929279.7290855595
  ],
  [
    1609545600000,
    670824.6283482437
  ],
  [
    1609632000000,
    541142.2089400231
  ],
  [
    1609718400000,
    576638.4954897229
  ],
  [
    1609804800000,
    874045.1776599279
  ],
  [
    1609891200000,
    713473.7087146315
  ],
  [
    1609977600000,
    556671.6660589343
  ],
  [
    1610064000000,
    529457.9559000749
  ],
  [
    1610150400000,
    413400.77487261075
  ],
  [
    1610236800000,
    384479.219801325
  ],
  [
    1610323200000,
    452736.50039335794
  ],
  [
    1610409600000,
    577941.7985091987
  ],
  [
    1610496000000,
    400767.71380827687
  ],
  [
    1610582400000,
    360711.57023575116
  ],
  [
    1610668800000,
    410992.3903218333
  ],
  [
    1610755200000,
    586482.1819965804
  ],
  [
    1610841600000,
    634776.916456176
  ],
  [
    1610928000000,
    364958.6118183514
  ],
  [
    1611014400000,
    373900.2548335685
  ],
  [
    1611100800000,
    430518.88094157673
  ],
  [
    1611187200000,
    415966.9107275395
  ],
  [
    1611273600000,
    417284.3246795439
  ],
  [
    1611360000000,
    411627.8368117957
  ],
  [
    1611446400000,
    385903.63275064883
  ],
  [
    1611532800000,
    387996.5155404215
  ],
  [
    1611619200000,
    358777.3951835441
  ],
  [
    1611705600000,
    333116.4746607788
  ],
  [
    1611792000000,
    304351.44670999766
  ],
  [
    1611878400000,
    343279.8011142334
  ],
  [
    1611964800000,
    475843.85763362685
  ],
  [
    1612051200000,
    251732.41933901093
  ],
  [
    1612137600000,
    288166.94343705045
  ],
  [
    1612224000000,
    312812.8712700693
  ],
  [
    1612310400000,
    257875.24580627494
  ],
  [
    1612396800000,
    398221.43288799026
  ],
  [
    1612483200000,
    276279.5331070874
  ],
  [
    1612569600000,
    267892.1860699185
  ],
  [
    1612656000000,
    273685.004414957
  ],
  [
    1612742400000,
    279247.02133247553
  ],
  [
    1612828800000,
    269207.26302896166
  ],
  [
    1612915200000,
    498804.11962465476
  ],
  [
    1613001600000,
    1236415.9580103732
  ],
  [
    1613088000000,
    468902.86357730307
  ],
  [
    1613174400000,
    630741.9269545262
  ],
  [
    1613260800000,
    840996.8558922098
  ],
  [
    1613347200000,
    619529.1815260061
  ],
  [
    1613433600000,
    454622.6022884478
  ],
  [
    1613520000000,
    394160.9649117508
  ],
  [
    1613606400000,
    362800.4918270697
  ],
  [
    1613692800000,
    439151.7648274764
  ],
  [
    1613779200000,
    474689.63076891087
  ],
  [
    1613865600000,
    422838.4130498944
  ],
  [
    1613952000000,
    326890.5943603597
  ],
  [
    1614038400000,
    441965.48859206587
  ],
  [
    1614124800000,
    305325.632341531
  ],
  [
    1614211200000,
    249161.237337187
  ],
  [
    1614297600000,
    235145.54250920066
  ],
  [
    1614384000000,
    205738.36798109362
  ],
  [
    1614470400000,
    140554.25343980148
  ],
  [
    1614556800000,
    123169.59982311515
  ],
  [
    1614643200000,
    233504.0033592301
  ],
  [
    1614729600000,
    199323.94461618472
  ],
  [
    1614816000000,
    231754.6720003749
  ],
  [
    1614902400000,
    290493.79250784183
  ],
  [
    1614988800000,
    1194283.8671472438
  ],
  [
    1615075200000,
    292288.1633060452
  ],
  [
    1615161600000,
    222310.50794981705
  ],
  [
    1615248000000,
    223424.54990847388
  ],
  [
    1615334400000,
    203942.48188816337
  ],
  [
    1615420800000,
    327673.70626122504
  ],
  [
    1615507200000,
    235237.86356730814
  ],
  [
    1615593600000,
    191716.95246681126
  ],
  [
    1615680000000,
    502441.9161088711
  ],
  [
    1615766400000,
    720188.9983856082
  ],
  [
    1615852800000,
    391996.9354566099
  ],
  [
    1615939200000,
    253309.29377245402
  ],
  [
    1616025600000,
    229375.43991835284
  ],
  [
    1616112000000,
    423633.1944672597
  ],
  [
    1616198400000,
    219492.97654716516
  ],
  [
    1616284800000,
    218208.73536164514
  ],
  [
    1616371200000,
    202785.55197413292
  ],
  [
    1616457600000,
    234523.98307389146
  ],
  [
    1616544000000,
    257537.26250117348
  ],
  [
    1616630400000,
    255602.401946015
  ],
  [
    1616716800000,
    283320.04462052364
  ],
  [
    1616803200000,
    164684.7492926109
  ],
  [
    1616889600000,
    269999.1326847392
  ],
  [
    1616976000000,
    200306.3530377244
  ],
  [
    1617062400000,
    211134.7075327057
  ],
  [
    1617148800000,
    302808.09056526737
  ],
  [
    1617235200000,
    328303.70120362897
  ],
  [
    1617321600000,
    392076.9230022708
  ],
  [
    1617408000000,
    435630.21251001826
  ],
  [
    1617494400000,
    264924.0696005174
  ],
  [
    1617580800000,
    274739.9797001096
  ],
  [
    1617667200000,
    767936.5933964654
  ],
  [
    1617753600000,
    612107.3976645524
  ],
  [
    1617840000000,
    399623.1045146091
  ],
  [
    1617926400000,
    281260.3320854429
  ],
  [
    1618012800000,
    478293.0377422099
  ],
  [
    1618099200000,
    313599.6256765959
  ],
  [
    1618185600000,
    349874.67684898706
  ],
  [
    1618272000000,
    301766.5501543719
  ],
  [
    1618358400000,
    284968.336743374
  ],
  [
    1618444800000,
    481867.82479809475
  ],
  [
    1618531200000,
    364289.67809803406
  ],
  [
    1618617600000,
    1603666.379558735
  ],
  [
    1618704000000,
    3091980.692514441
  ],
  [
    1618790400000,
    952657.7952735797
  ],
  [
    1618876800000,
    858396.1378860868
  ],
  [
    1618963200000,
    655287.2584624998
  ],
  [
    1619049600000,
    435596.79847477074
  ],
  [
    1619136000000,
    453764.90426870785
  ],
  [
    1619222400000,
    642740.0665608187
  ],
  [
    1619308800000,
    323554.6644950796
  ],
  [
    1619395200000,
    279660.3030900992
  ],
  [
    1619481600000,
    314251.99312674755
  ],
  [
    1619568000000,
    327428.8931200091
  ],
  [
    1619654400000,
    314976.1452656068
  ],
  [
    1619740800000,
    453865.3728249611
  ],
  [
    1619827200000,
    362701.0681706131
  ],
  [
    1619913600000,
    146322.1576443781
  ],
  [
    1620000000000,
    150402.1755526616
  ],
  [
    1620086400000,
    441470.30491832783
  ],
  [
    1620172800000,
    383874.61565580225
  ],
  [
    1620259200000,
    698106.901270866
  ],
  [
    1620345600000,
    477993.03089544823
  ],
  [
    1620432000000,
    465006.12761209434
  ],
  [
    1620518400000,
    567442.4958225139
  ],
  [
    1620604800000,
    481047.24589839525
  ],
  [
    1620691200000,
    517523.9481096488
  ],
  [
    1620777600000,
    481383.4024033028
  ],
  [
    1620864000000,
    2969.9208096214893
  ],
  [
    1620950400000,
    361221.1287598968
  ],
  [
    1621036800000,
    3549.646347619143
  ],
  [
    1621123200000,
    260747.03591379893
  ],
  [
    1621209600000,
    241719.445804886
  ],
  [
    1621296000000,
    253399.14487476382
  ],
  [
    1621382400000,
    157691.44761145875
  ],
  [
    1621468800000,
    401329.3338420511
  ],
  [
    1621555200000,
    314291.7489067027
  ],
  [
    1621641600000,
    129416.38410013562
  ],
  [
    1621728000000,
    171104.6653060837
  ],
  [
    1621814400000,
    92208.24963407597
  ],
  [
    1621900800000,
    423196.5069263062
  ],
  [
    1621987200000,
    353767.72697859694
  ],
  [
    1622073600000,
    209278.0291525671
  ],
  [
    1622160000000,
    159255.40402753008
  ],
  [
    1622246400000,
    99652.1167205484
  ],
  [
    1622332800000,
    107265.80935121565
  ],
  [
    1622419200000,
    168570.1270651288
  ],
  [
    1622505600000,
    596811.7172898961
  ],
  [
    1622592000000,
    241638.96003513367
  ],
  [
    1622678400000,
    219852.48066900214
  ],
  [
    1622764800000,
    4240560.710547079
  ],
  [
    1622851200000,
    1347064.9611972144
  ],
  [
    1622937600000,
    506165.3844922911
  ],
  [
    1623024000000,
    281696.6886690644
  ],
  [
    1623110400000,
    289727.9296976593
  ],
  [
    1623196800000,
    319867.0818327849
  ],
  [
    1623283200000,
    172997.9704944395
  ],
  [
    1623369600000,
    181683.22059285615
  ],
  [
    1623456000000,
    178090.42703780206
  ],
  [
    1623542400000,
    88279.96885852034
  ],
  [
    1623628800000,
    57353.95383755419
  ],
  [
    1623715200000,
    360656.1260895234
  ],
  [
    1623801600000,
    321328.494781775
  ],
  [
    1623888000000,
    313646.33040285285
  ],
  [
    1623974400000,
    82362.09474807966
  ],
  [
    1624060800000,
    57226.05641938593
  ],
  [
    1624147200000,
    63298.34535810911
  ],
  [
    1624233600000,
    57562.65349439338
  ],
  [
    1624320000000,
    407345.70380378515
  ],
  [
    1624406400000,
    100384.7123238962
  ],
  [
    1624492800000,
    72463.66929665444
  ],
  [
    1624579200000,
    109893.16885384826
  ],
  [
    1624665600000,
    69352.30157920856
  ],
  [
    1624752000000,
    36193.88190344456
  ],
  [
    1624838400000,
    29336.909557917745
  ],
  [
    1624924800000,
    24708.022036261944
  ],
  [
    1625011200000,
    78897.91231783273
  ],
  [
    1625097600000,
    74741.5263922207
  ],
  [
    1625184000000,
    61584.94411958238
  ],
  [
    1625270400000,
    68377.89727464438
  ],
  [
    1625356800000,
    58894.16866801649
  ],
  [
    1625443200000,
    17849.596468780644
  ],
  [
    1625529600000,
    63949.85628278136
  ],
  [
    1625616000000,
    36634.11609579403
  ],
  [
    1625702400000,
    40367.03211838258
  ],
  [
    1625788800000,
    70591.16124949021
  ],
  [
    1625875200000,
    34326.960103699486
  ],
  [
    1625961600000,
    14009.386109578869
  ],
  [
    1626048000000,
    70935.37560268221
  ],
  [
    1626134400000,
    75181.3503308353
  ],
  [
    1626220800000,
    46888.4762504839
  ],
  [
    1626307200000,
    91296.12401781778
  ],
  [
    1626393600000,
    54550.68242897526
  ],
  [
    1626480000000,
    25795.955320461373
  ],
  [
    1626566400000,
    35463.17133223437
  ],
  [
    1626652800000,
    59226.87325955875
  ],
  [
    1626739200000,
    78268.98723897879
  ],
  [
    1626825600000,
    121365.48441194887
  ],
  [
    1626912000000,
    93397.02410124321
  ],
  [
    1626998400000,
    114632.89972180879
  ],
  [
    1627084800000,
    90318.1070081249
  ],
  [
    1627171200000,
    54525.86660154019
  ],
  [
    1627257600000,
    53163.58407110897
  ],
  [
    1627344000000,
    24010.12687939372
  ],
  [
    1627430400000,
    42082.59648821855
  ],
  [
    1627516800000,
    65253.59262981803
  ],
  [
    1627603200000,
    111688.66759122953
  ],
  [
    1627689600000,
    111164.72588396675
  ],
  [
    1627776000000,
    44550.509270226816
  ],
  [
    1627862400000,
    46919.883590534635
  ],
  [
    1627948800000,
    50872.815808162784
  ],
  [
    1628035200000,
    48042.673600539005
  ],
  [
    1628121600000,
    52523.03495019311
  ],
  [
    1628208000000,
    59888.05230769523
  ],
  [
    1628294400000,
    71892.73979830186
  ],
  [
    1628380800000,
    193078.93530593373
  ],
  [
    1628467200000,
    86778.83378475894
  ],
  [
    1628553600000,
    99699.83981608096
  ],
  [
    1628640000000,
    122428.83582925958
  ],
  [
    1628726400000,
    125473.42741357448
  ],
  [
    1628812800000,
    113670.82801114737
  ],
  [
    1628899200000,
    185513.83279391125
  ],
  [
    1628985600000,
    244178.55968964775
  ],
  [
    1629072000000,
    183324.61579859644
  ],
  [
    1629158400000,
    70961.27442442706
  ],
  [
    1629244800000,
    79797.20695887711
  ],
  [
    1629331200000,
    70809.66013559913
  ],
  [
    1629417600000,
    64796.343094224845
  ],
  [
    1629504000000,
    66876.98681471328
  ],
  [
    1629590400000,
    62819.27324478528
  ],
  [
    1629676800000,
    67574.0172581548
  ],
  [
    1629763200000,
    85818.7736930112
  ],
  [
    1629849600000,
    92780.27534173796
  ],
  [
    1629936000000,
    65188.98245495172
  ],
  [
    1630022400000,
    40101.43469542497
  ],
  [
    1630108800000,
    46155.651814969126
  ],
  [
    1630195200000,
    74417.9701278155
  ],
  [
    1630281600000,
    288943.99095548765
  ],
  [
    1630368000000,
    256718.23321186402
  ],
  [
    1630454400000,
    112064.78457623317
  ],
  [
    1630540800000,
    97211.1140018445
  ],
  [
    1630627200000,
    61268.82115668517
  ]
]