[
  [
    1597536000000,
    102391.78655700841
  ],
  [
    1597622400000,
    102391.78655700841
  ],
  [
    1597708800000,
    59697.483128914486
  ],
  [
    1597795200000,
    38223.705818616036
  ],
  [
    1597881600000,
    74938.45470362194
  ],
  [
    1597968000000,
    65458.11201886301
  ],
  [
    1598054400000,
    67690.42420344576
  ],
  [
    1598140800000,
    37569.63123051773
  ],
  [
    1598227200000,
    61058.560198556115
  ],
  [
    1598313600000,
    58112.63874089478
  ],
  [
    1598400000000,
    112684.55241572103
  ],
  [
    1598486400000,
    24869.95056063445
  ],
  [
    1598572800000,
    76184.78942144616
  ],
  [
    1598659200000,
    99309.62240850848
  ],
  [
    1598745600000,
    7415.040549383143
  ],
  [
    1598832000000,
    171057.42109589642
  ],
  [
    1598918400000,
    123112.12561334942
  ],
  [
    1599004800000,
    89547.95860519231
  ],
  [
    1599091200000,
    112158.03948255639
  ],
  [
    1599177600000,
    38346.653564360895
  ],
  [
    1599264000000,
    148252.49557105158
  ],
  [
    1599350400000,
    102069.79766417577
  ],
  [
    1599436800000,
    85677.21690436597
  ],
  [
    1599523200000,
    65525.16037842303
  ],
  [
    1599609600000,
    34126.06849643346
  ],
  [
    1599696000000,
    24403.039557810887
  ],
  [
    1599782400000,
    19151.078209488325
  ],
  [
    1599868800000,
    138294.3010865872
  ],
  [
    1599955200000,
    138623.41385721788
  ],
  [
    1600041600000,
    153643.61961632234
  ],
  [
    1600128000000,
    151656.18398793138
  ],
  [
    1600214400000,
    171271.28071604195
  ],
  [
    1600300800000,
    155428.15287507756
  ],
  [
    1600387200000,
    155163.78357257528
  ],
  [
    1600473600000,
    164923.97677129047
  ],
  [
    1600560000000,
    127754.62503097534
  ],
  [
    1600646400000,
    139268.17808204814
  ],
  [
    1600732800000,
    123517.80425364756
  ],
  [
    1600819200000,
    118907.75936038922
  ],
  [
    1600905600000,
    167535.53529374118
  ],
  [
    1600992000000,
    186436.50156575182
  ],
  [
    1601078400000,
    213533.78033178355
  ],
  [
    1601164800000,
    178695.16287708996
  ],
  [
    1601251200000,
    131579.72313071453
  ],
  [
    1601337600000,
    130394.83681118453
  ],
  [
    1601424000000,
    128681.46468395341
  ],
  [
    1601510400000,
    129959.12735513334
  ],
  [
    1601596800000,
    165032.0280583504
  ],
  [
    1601683200000,
    129407.77019808926
  ],
  [
    1601769600000,
    118579.3076893952
  ],
  [
    1601856000000,
    106834.00531241538
  ],
  [
    1601942400000,
    108144.69887792443
  ],
  [
    1602028800000,
    104610.80472487753
  ],
  [
    1602115200000,
    101930.00285015325
  ],
  [
    1602201600000,
    103997.35514475065
  ],
  [
    1602288000000,
    117830.79574834477
  ],
  [
    1602374400000,
    176123.97774411298
  ],
  [
    1602460800000,
    108038.43433977505
  ],
  [
    1602547200000,
    114166.7271454582
  ],
  [
    1602633600000,
    109618.19177592322
  ],
  [
    1602720000000,
    115800.75076162218
  ],
  [
    1602806400000,
    115676.21669329876
  ],
  [
    1602892800000,
    114308.9234143591
  ],
  [
    1602979200000,
    121035.48945978869
  ],
  [
    1603065600000,
    118695.58688226866
  ],
  [
    1603152000000,
    131272.1776379746
  ],
  [
    1603238400000,
    113087.32078284271
  ],
  [
    1603324800000,
    109226.10803402362
  ],
  [
    1603411200000,
    111628.01024914309
  ],
  [
    1603497600000,
    110640.5274415335
  ],
  [
    1603584000000,
    106097.24157563987
  ],
  [
    1603670400000,
    125313.32549810024
  ],
  [
    1603756800000,
    113294.7992225411
  ],
  [
    1603843200000,
    109694.82533358311
  ],
  [
    1603929600000,
    108464.89926933349
  ],
  [
    1604016000000,
    110195.1069029663
  ],
  [
    1604102400000,
    109775.74620555043
  ],
  [
    1604188800000,
    108240.07065875866
  ],
  [
    1604275200000,
    108530.30681816976
  ],
  [
    1604361600000,
    105965.09456393062
  ],
  [
    1604448000000,
    105077.70260257779
  ],
  [
    1604534400000,
    105441.46935584753
  ],
  [
    1604620800000,
    104789.23015763918
  ],
  [
    1604707200000,
    104250.34256262743
  ],
  [
    1604793600000,
    107958.57579371607
  ],
  [
    1604880000000,
    119955.37582046939
  ],
  [
    1604966400000,
    150515.93905225204
  ],
  [
    1605052800000,
    107221.04138142835
  ],
  [
    1605139200000,
    91648.70232378908
  ],
  [
    1605225600000,
    64404.29010795927
  ],
  [
    1605312000000,
    78226.54571281982
  ],
  [
    1605398400000,
    76296.92996794425
  ],
  [
    1605484800000,
    113362.49827564809
  ],
  [
    1605571200000,
    106174.64618751501
  ],
  [
    1605657600000,
    105997.99421141903
  ],
  [
    1605744000000,
    117772.83511853042
  ],
  [
    1605830400000,
    104882.67449995839
  ],
  [
    1605916800000,
    99895.50567971822
  ],
  [
    1606003200000,
    101104.4108745372
  ],
  [
    1606089600000,
    99894.08573835496
  ],
  [
    1606176000000,
    109287.04891803594
  ],
  [
    1606262400000,
    122485.98409143105
  ],
  [
    1606348800000,
    7740.517149120065
  ],
  [
    1606435200000,
    48796.37065777152
  ],
  [
    1606521600000,
    153006.23664049243
  ],
  [
    1606608000000,
    138327.07339238253
  ],
  [
    1606694400000,
    131895.81391651317
  ],
  [
    1606780800000,
    129625.85752305722
  ],
  [
    1606867200000,
    145147.42060090834
  ],
  [
    1606953600000,
    285682.23138732475
  ],
  [
    1607040000000,
    241434.2463448228
  ],
  [
    1607126400000,
    152875.3574838861
  ],
  [
    1607212800000,
    150355.71671446442
  ],
  [
    1607299200000,
    145100.7481748323
  ],
  [
    1607385600000,
    144298.3451753665
  ],
  [
    1607472000000,
    145098.27052613857
  ],
  [
    1607558400000,
    132305.9600711693
  ],
  [
    1607644800000,
    138858.51487160524
  ],
  [
    1607731200000,
    138971.58862735442
  ],
  [
    1607817600000,
    152122.66029554227
  ],
  [
    1607904000000,
    156065.87264793404
  ],
  [
    1607990400000,
    146692.07599443546
  ],
  [
    1608076800000,
    151741.7791219444
  ],
  [
    1608163200000,
    160110.82146403112
  ],
  [
    1608249600000,
    166052.59317663466
  ],
  [
    1608336000000,
    152177.71734537216
  ],
  [
    1608422400000,
    154235.37497139556
  ],
  [
    1608508800000,
    146841.91080582174
  ],
  [
    1608595200000,
    142860.56868286018
  ],
  [
    1608681600000,
    144315.84750651458
  ],
  [
    1608768000000,
    141894.22664435336
  ],
  [
    1608854400000,
    140185.8894163769
  ],
  [
    1608940800000,
    136900.5706078996
  ],
  [
    1609027200000,
    137828.81712001446
  ],
  [
    1609113600000,
    297311.4894975043
  ],
  [
    1609200000000,
    513735.82672644674
  ],
  [
    1609286400000,
    306942.6037295969
  ],
  [
    1609372800000,
    174741.90899985217
  ],
  [
    1609459200000,
    153799.3489964661
  ],
  [
    1609545600000,
    159224.20190516848
  ],
  [
    1609632000000,
    160197.63744597742
  ],
  [
    1609718400000,
    159129.64592499993
  ],
  [
    1609804800000,
    149882.66590372895
  ],
  [
    1609891200000,
    190334.5455424556
  ],
  [
    1609977600000,
    155380.6224079845
  ],
  [
    1610064000000,
    55006.82283886101
  ],
  [
    1610150400000,
    39473.784459566625
  ],
  [
    1610236800000,
    38580.983458783136
  ],
  [
    1610323200000,
    61020.303853001926
  ],
  [
    1610409600000,
    59837.73016233342
  ],
  [
    1610496000000,
    32019.81761020306
  ],
  [
    1610582400000,
    23510.231640497826
  ],
  [
    1610668800000,
    42881.55278547471
  ],
  [
    1610755200000,
    36752.73159563473
  ],
  [
    1610841600000,
    32848.92793162668
  ],
  [
    1610928000000,
    27280.50045037805
  ],
  [
    1611014400000,
    28985.906407993705
  ],
  [
    1611100800000,
    30656.81935295581
  ],
  [
    1611187200000,
    22918.381267948567
  ],
  [
    1611273600000,
    19421.082966024234
  ],
  [
    1611360000000,
    27505.091667796773
  ],
  [
    1611446400000,
    32016.540608629868
  ],
  [
    1611532800000,
    31971.3876149996
  ],
  [
    1611619200000,
    36361.06053273145
  ],
  [
    1611705600000,
    35539.393474976976
  ],
  [
    1611792000000,
    51600.466034330566
  ],
  [
    1611878400000,
    30082.421618470085
  ],
  [
    1611964800000,
    49219.03516141517
  ],
  [
    1612051200000,
    45941.89189173779
  ],
  [
    1612137600000,
    55029.380289212895
  ],
  [
    1612224000000,
    57468.88912237167
  ],
  [
    1612310400000,
    39216.64791722998
  ],
  [
    1612396800000,
    64930.05592940851
  ],
  [
    1612483200000,
    67662.02871714426
  ],
  [
    1612569600000,
    69047.71085487513
  ],
  [
    1612656000000,
    57103.52485457325
  ],
  [
    1612742400000,
    55495.57657413063
  ],
  [
    1612828800000,
    63343.36666268147
  ],
  [
    1612915200000,
    56697.69317827944
  ],
  [
    1613001600000,
    67037.45323546506
  ],
  [
    1613088000000,
    68160.05568286679
  ],
  [
    1613174400000,
    59153.86344692461
  ],
  [
    1613260800000,
    60825.40163248048
  ],
  [
    1613347200000,
    60614.810093491025
  ],
  [
    1613433600000,
    60244.338091606085
  ],
  [
    1613520000000,
    51889.44444242618
  ],
  [
    1613606400000,
    61407.173754704905
  ],
  [
    1613692800000,
    63787.054171516436
  ],
  [
    1613779200000,
    84506.57710567865
  ],
  [
    1613865600000,
    61869.0341568264
  ],
  [
    1613952000000,
    67407.46934127958
  ],
  [
    1614038400000,
    86598.17374407992
  ],
  [
    1614124800000,
    79490.79954817327
  ],
  [
    1614211200000,
    64045.38470898324
  ],
  [
    1614297600000,
    81128.30997614512
  ],
  [
    1614384000000,
    69904.13043169286
  ],
  [
    1614470400000,
    63057.87084214818
  ],
  [
    1614556800000,
    63098.82030181368
  ],
  [
    1614643200000,
    58858.4252687089
  ],
  [
    1614729600000,
    52651.514514040544
  ],
  [
    1614816000000,
    61529.575722940164
  ],
  [
    1614902400000,
    56194.50766596541
  ],
  [
    1614988800000,
    53435.59369712726
  ],
  [
    1615075200000,
    53060.08706447455
  ],
  [
    1615161600000,
    57761.43445868147
  ],
  [
    1615248000000,
    57658.41402088576
  ],
  [
    1615334400000,
    52877.254639394334
  ],
  [
    1615420800000,
    59921.918202967834
  ],
  [
    1615507200000,
    71869.26383460524
  ],
  [
    1615593600000,
    45081.83813628474
  ],
  [
    1615680000000,
    42899.99808407978
  ],
  [
    1615766400000,
    45721.853850958345
  ],
  [
    1615852800000,
    57025.076327382994
  ],
  [
    1615939200000,
    61282.64811025447
  ],
  [
    1616025600000,
    69540.10546148515
  ],
  [
    1616112000000,
    87300.27315641928
  ],
  [
    1616198400000,
    90335.43529088907
  ],
  [
    1616284800000,
    93555.64650141497
  ],
  [
    1616371200000,
    83520.16096256871
  ],
  [
    1616457600000,
    89052.6013461335
  ],
  [
    1616544000000,
    78136.3464108725
  ],
  [
    1616630400000,
    130684.36007505833
  ],
  [
    1616716800000,
    76253.40513874535
  ],
  [
    1616803200000,
    88668.67917957879
  ],
  [
    1616889600000,
    77328.12719863601
  ],
  [
    1616976000000,
    82674.8665425583
  ],
  [
    1617062400000,
    88299.12532424991
  ],
  [
    1617148800000,
    96046.2305788805
  ],
  [
    1617235200000,
    91177.21720354207
  ],
  [
    1617321600000,
    79059.9693773098
  ],
  [
    1617408000000,
    88182.92159999565
  ],
  [
    1617494400000,
    90274.33725566087
  ],
  [
    1617580800000,
    65617.52737533128
  ],
  [
    1617667200000,
    79687.24660204559
  ],
  [
    1617753600000,
    69008.7603808303
  ],
  [
    1617840000000,
    68041.2389885318
  ],
  [
    1617926400000,
    103737.83995639926
  ],
  [
    1618012800000,
    115158.50653075239
  ],
  [
    1618099200000,
    844494.0525819922
  ],
  [
    1618185600000,
    1981697.6716310938
  ],
  [
    1618272000000,
    391405.2981155927
  ],
  [
    1618358400000,
    205354.2060245641
  ],
  [
    1618444800000,
    157103.94095730968
  ],
  [
    1618531200000,
    157744.60052707954
  ],
  [
    1618617600000,
    425263.5671910567
  ],
  [
    1618704000000,
    129839.97912238284
  ],
  [
    1618790400000,
    89568.47586079445
  ],
  [
    1618876800000,
    1278639.8239901878
  ],
  [
    1618963200000,
    378383.3658252334
  ],
  [
    1619049600000,
    351573.3687187485
  ],
  [
    1619136000000,
    362524.93229864474
  ],
  [
    1619222400000,
    248764.35198564295
  ],
  [
    1619308800000,
    196660.02851429596
  ],
  [
    1619395200000,
    239143.6316321267
  ],
  [
    1619481600000,
    249962.91073596655
  ],
  [
    1619568000000,
    237710.84196194712
  ],
  [
    1619654400000,
    268028.4351913458
  ],
  [
    1619740800000,
    201412.23974619535
  ],
  [
    1619827200000,
    250205.80571617806
  ],
  [
    1619913600000,
    209236.04226752493
  ],
  [
    1620000000000,
    190525.87300033096
  ],
  [
    1620086400000,
    241960.94497663504
  ],
  [
    1620172800000,
    220855.78431156056
  ],
  [
    1620259200000,
    232663.6474880923
  ],
  [
    1620345600000,
    185967.5617450346
  ],
  [
    1620432000000,
    212134.40531851383
  ],
  [
    1620518400000,
    157576.64261076655
  ],
  [
    1620604800000,
    112841.6213199347
  ],
  [
    1620691200000,
    147277.1927475292
  ],
  [
    1620777600000,
    176351.42760840477
  ],
  [
    1620864000000,
    173397.89711571785
  ],
  [
    1620950400000,
    185312.73487532313
  ],
  [
    1621036800000,
    98681.13622339684
  ],
  [
    1621123200000,
    102236.60214241124
  ],
  [
    1621209600000,
    141517.01905459265
  ],
  [
    1621296000000,
    92179.1538257361
  ],
  [
    1621382400000,
    118491.83593188354
  ],
  [
    1621468800000,
    148014.50898783392
  ],
  [
    1621555200000,
    498432.65692623047
  ],
  [
    1621641600000,
    216235.8632505298
  ],
  [
    1621728000000,
    167773.71220096416
  ],
  [
    1621814400000,
    536523.8114434474
  ],
  [
    1621900800000,
    346594.91867716267
  ],
  [
    1621987200000,
    143574.9392708089
  ],
  [
    1622073600000,
    217362.8271265694
  ],
  [
    1622160000000,
    125389.36218105488
  ],
  [
    1622246400000,
    120297.68035747435
  ],
  [
    1622332800000,
    118743.36010453042
  ],
  [
    1622419200000,
    116939.94596985115
  ],
  [
    1622505600000,
    160332.16894272115
  ],
  [
    1622592000000,
    124766.37746653451
  ],
  [
    1622678400000,
    134913.515902567
  ],
  [
    1622764800000,
    115739.85046804832
  ],
  [
    1622851200000,
    133552.55402884667
  ],
  [
    1622937600000,
    119210.11112779529
  ],
  [
    1623024000000,
    110351.22985745363
  ],
  [
    1623110400000,
    114020.11194239762
  ],
  [
    1623196800000,
    115997.44477640835
  ],
  [
    1623283200000,
    114853.06747056954
  ],
  [
    1623369600000,
    104690.30942851257
  ],
  [
    1623456000000,
    105317.55824682477
  ],
  [
    1623542400000,
    103621.55086099716
  ],
  [
    1623628800000,
    113610.99961581912
  ],
  [
    1623715200000,
    123012.47702070429
  ],
  [
    1623801600000,
    148783.06617160133
  ],
  [
    1623888000000,
    150122.8345169008
  ],
  [
    1623974400000,
    142662.84524499264
  ],
  [
    1624060800000,
    150617.7582920954
  ],
  [
    1624147200000,
    134015.5785385804
  ],
  [
    1624233600000,
    138094.39926516858
  ],
  [
    1624320000000,
    158533.06780669506
  ],
  [
    1624406400000,
    158572.03970537204
  ],
  [
    1624492800000,
    136184.8851811862
  ],
  [
    1624579200000,
    146429.31363133035
  ],
  [
    1624665600000,
    166111.6661710494
  ],
  [
    1624752000000,
    152535.64009216925
  ],
  [
    1624838400000,
    145087.7412540455
  ],
  [
    1624924800000,
    144406.67819090188
  ],
  [
    1625011200000,
    144388.3180013929
  ],
  [
    1625097600000,
    139065.91320829547
  ],
  [
    1625184000000,
    146650.8170977208
  ],
  [
    1625270400000,
    144243.89856639004
  ],
  [
    1625356800000,
    142864.8103074349
  ],
  [
    1625443200000,
    144265.61793514836
  ],
  [
    1625529600000,
    151680.09608473972
  ],
  [
    1625616000000,
    145758.15238948978
  ],
  [
    1625702400000,
    136642.18974688934
  ],
  [
    1625788800000,
    139091.27105384716
  ],
  [
    1625875200000,
    142003.03167830964
  ],
  [
    1625961600000,
    146146.07311580644
  ],
  [
    1626048000000,
    149572.2438573909
  ],
  [
    1626134400000,
    163559.95194584833
  ],
  [
    1626220800000,
    112130.05388039158
  ],
  [
    1626307200000,
    102919.40343962041
  ],
  [
    1626393600000,
    101362.0264802078
  ],
  [
    1626480000000,
    96448.02413685036
  ],
  [
    1626566400000,
    90501.15802716158
  ],
  [
    1626652800000,
    106175.74836159142
  ],
  [
    1626739200000,
    103924.62430226587
  ],
  [
    1626825600000,
    81307.72786451757
  ],
  [
    1626912000000,
    181057.9356246413
  ],
  [
    1626998400000,
    235161.40025007713
  ],
  [
    1627084800000,
    228831.92151771346
  ],
  [
    1627171200000,
    128094.9600662881
  ],
  [
    1627257600000,
    102925.67086885276
  ],
  [
    1627344000000,
    39806.04053031585
  ],
  [
    1627430400000,
    27772.90948560099
  ],
  [
    1627516800000,
    55740.262702455875
  ],
  [
    1627603200000,
    163362.03539222115
  ],
  [
    1627689600000,
    140877.4729780613
  ],
  [
    1627776000000,
    143753.9986329954
  ],
  [
    1627862400000,
    153922.2943642124
  ],
  [
    1627948800000,
    152447.86860149782
  ],
  [
    1628035200000,
    185730.71986932572
  ],
  [
    1628121600000,
    160685.74185763398
  ],
  [
    1628208000000,
    156264.1566085759
  ],
  [
    1628294400000,
    161180.0943804017
  ],
  [
    1628380800000,
    145662.37833985183
  ],
  [
    1628467200000,
    151882.14768787017
  ],
  [
    1628553600000,
    121930.15587617928
  ],
  [
    1628640000000,
    100901.37723771702
  ],
  [
    1628726400000,
    123030.73423111052
  ],
  [
    1628812800000,
    135435.39986933576
  ],
  [
    1628899200000,
    1331660.5462619641
  ],
  [
    1628985600000,
    226045.53278973408
  ],
  [
    1629072000000,
    251030.41637601043
  ],
  [
    1629158400000,
    247472.44873769442
  ],
  [
    1629244800000,
    253021.01456746543
  ],
  [
    1629331200000,
    236302.35629627673
  ],
  [
    1629417600000,
    213696.33104442578
  ],
  [
    1629504000000,
    218566.54071386255
  ],
  [
    1629590400000,
    215086.3410964216
  ],
  [
    1629676800000,
    256218.45391160838
  ],
  [
    1629763200000,
    504932.1539968673
  ],
  [
    1629849600000,
    446640.74223718833
  ],
  [
    1629936000000,
    287039.70975399937
  ],
  [
    1630022400000,
    269168.8549497207
  ],
  [
    1630108800000,
    216971.61712862147
  ],
  [
    1630195200000,
    254249.8298298619
  ],
  [
    1630281600000,
    212756.4446423972
  ],
  [
    1630368000000,
    212072.03454184666
  ],
  [
    1630454400000,
    200140.5024998089
  ],
  [
    1630540800000,
    190645.47471080953
  ],
  [
    1630627200000,
    192827.47899111186
  ]
]