[
  [
    1605657600000,
    273391.3100867138
  ],
  [
    1605744000000,
    273391.3100867138
  ],
  [
    1605830400000,
    250379.8537942429
  ],
  [
    1605916800000,
    250944.97002439466
  ],
  [
    1606003200000,
    263705.73168924474
  ],
  [
    1606089600000,
    186815.53907655616
  ],
  [
    1606176000000,
    240293.30467753453
  ],
  [
    1606262400000,
    36244.0461555895
  ],
  [
    1606348800000,
    93211.77985541003
  ],
  [
    1606435200000,
    267541.7228047946
  ],
  [
    1606521600000,
    262508.58883190015
  ],
  [
    1606608000000,
    199616.72257898413
  ],
  [
    1606694400000,
    243034.10155727025
  ],
  [
    1606780800000,
    255534.30880094285
  ],
  [
    1606867200000,
    192740.53412959055
  ],
  [
    1606953600000,
    239740.9122230217
  ],
  [
    1607040000000,
    278018.89289943664
  ],
  [
    1607126400000,
    216086.33476489206
  ],
  [
    1607212800000,
    317897.72595302697
  ],
  [
    1607299200000,
    297304.37853459944
  ],
  [
    1607385600000,
    86451.84697690807
  ],
  [
    1607472000000,
    75626.06735913195
  ],
  [
    1607558400000,
    220555.25816360145
  ],
  [
    1607644800000,
    116817.99822902256
  ],
  [
    1607731200000,
    113020.12462840843
  ],
  [
    1607817600000,
    237708.47817434638
  ],
  [
    1607904000000,
    177461.35813666848
  ],
  [
    1607990400000,
    266328.1761094209
  ],
  [
    1608076800000,
    224127.4649377577
  ],
  [
    1608163200000,
    188791.20070621558
  ],
  [
    1608249600000,
    188525.43082652215
  ],
  [
    1608336000000,
    160318.70857134863
  ],
  [
    1608422400000,
    280278.03630657535
  ],
  [
    1608508800000,
    331566.49087856646
  ],
  [
    1608595200000,
    272452.54312049114
  ],
  [
    1608681600000,
    78577.32655597042
  ],
  [
    1608768000000,
    68667.80800558264
  ],
  [
    1608854400000,
    49517.56883446557
  ],
  [
    1608940800000,
    248252.08150203215
  ],
  [
    1609027200000,
    401563.7593020403
  ],
  [
    1609113600000,
    312601.7560261688
  ],
  [
    1609200000000,
    228396.26194391138
  ],
  [
    1609286400000,
    108300.84952216195
  ],
  [
    1609372800000,
    206788.70426682802
  ],
  [
    1609459200000,
    569004.3451463416
  ],
  [
    1609545600000,
    758576.2790571512
  ],
  [
    1609632000000,
    351419.2938610745
  ],
  [
    1609718400000,
    8764.34836168933
  ],
  [
    1609804800000,
    131948.03388848438
  ],
  [
    1609891200000,
    274556.28355869395
  ],
  [
    1609977600000,
    234330.69427381767
  ],
  [
    1610064000000,
    229128.25903136504
  ],
  [
    1610150400000,
    58401.328299784254
  ],
  [
    1610236800000,
    31995.215170373132
  ],
  [
    1610323200000,
    39514.472697079604
  ],
  [
    1610409600000,
    23812.734508738176
  ],
  [
    1610496000000,
    22484.99299174001
  ],
  [
    1610582400000,
    43927.44299302822
  ],
  [
    1610668800000,
    54919.160473422235
  ],
  [
    1610755200000,
    36197.240282919476
  ],
  [
    1610841600000,
    33886.677239667515
  ],
  [
    1610928000000,
    32452.64121371038
  ],
  [
    1611014400000,
    34657.4043634744
  ],
  [
    1611100800000,
    29563.385998956244
  ],
  [
    1611187200000,
    12993.85448490657
  ],
  [
    1611273600000,
    5222.3700212792955
  ],
  [
    1611360000000,
    25712.71259402809
  ],
  [
    1611446400000,
    42941.72895086631
  ],
  [
    1611532800000,
    751914.822174721
  ],
  [
    1611619200000,
    1892664.9750184577
  ],
  [
    1611705600000,
    57275.455371269956
  ],
  [
    1611792000000,
    5943.822527253042
  ],
  [
    1611878400000,
    4462.009787394074
  ],
  [
    1611964800000,
    4690.889512374648
  ],
  [
    1612051200000,
    5699.978893916591
  ],
  [
    1612137600000,
    606.4140498301515
  ],
  [
    1612224000000,
    1539.4668862360395
  ],
  [
    1612310400000,
    1393.434358942439
  ],
  [
    1612396800000,
    1925.7043047859077
  ],
  [
    1612483200000,
    51566.79511710721
  ],
  [
    1612569600000,
    56081.057066181194
  ],
  [
    1612656000000,
    53604.28170063848
  ],
  [
    1612742400000,
    40096.50542463179
  ],
  [
    1612828800000,
    49136.23913026413
  ],
  [
    1612915200000,
    39332.057527335724
  ],
  [
    1613001600000,
    51077.206378519186
  ],
  [
    1613088000000,
    52424.79560451599
  ],
  [
    1613174400000,
    47059.58977601694
  ],
  [
    1613260800000,
    52970.12997600879
  ],
  [
    1613347200000,
    48375.440626690084
  ],
  [
    1613433600000,
    364499.2013242076
  ],
  [
    1613520000000,
    11502.091427003857
  ],
  [
    1613606400000,
    11112.065785316725
  ],
  [
    1613692800000,
    21703.151744947783
  ],
  [
    1613779200000,
    54189.11355369492
  ],
  [
    1613865600000,
    69963.93162163952
  ],
  [
    1613952000000,
    51581.10595961828
  ],
  [
    1614038400000,
    81982.61214274033
  ],
  [
    1614124800000,
    107537.38922336738
  ],
  [
    1614211200000,
    32955.63159061571
  ],
  [
    1614297600000,
    60835.462810596066
  ],
  [
    1614384000000,
    33546.51143651742
  ],
  [
    1614470400000,
    21819.41286165656
  ],
  [
    1614556800000,
    50632.13556626159
  ],
  [
    1614643200000,
    16430.796924575337
  ],
  [
    1614729600000,
    20538.678914993387
  ],
  [
    1614816000000,
    8732.177094660445
  ],
  [
    1614902400000,
    14831.327015795752
  ],
  [
    1614988800000,
    18997.689041464317
  ],
  [
    1615075200000,
    14770.915763557
  ],
  [
    1615161600000,
    17281.77443228051
  ],
  [
    1615248000000,
    10103.085771208822
  ],
  [
    1615334400000,
    13205.59434440504
  ],
  [
    1615420800000,
    23462.226257976403
  ],
  [
    1615507200000,
    25933.65590642704
  ],
  [
    1615593600000,
    53986.21122214297
  ],
  [
    1615680000000,
    31197.187604323248
  ],
  [
    1615766400000,
    31061.668863932406
  ],
  [
    1615852800000,
    31369.843315504113
  ],
  [
    1615939200000,
    31723.157483296724
  ],
  [
    1616025600000,
    12905.687065979615
  ],
  [
    1616112000000,
    56267.20045378537
  ],
  [
    1616198400000,
    137294.17018534077
  ],
  [
    1616284800000,
    81308.91349964665
  ],
  [
    1616371200000,
    84688.98551704123
  ],
  [
    1616457600000,
    200076.32415633908
  ],
  [
    1616544000000,
    236467.48804889293
  ],
  [
    1616630400000,
    3762345.6057741335
  ],
  [
    1616716800000,
    5922746.9165950855
  ],
  [
    1616803200000,
    3898852.93465274
  ],
  [
    1616889600000,
    1263234.5105553635
  ],
  [
    1616976000000,
    4644515.053495302
  ],
  [
    1617062400000,
    17310434.488757532
  ],
  [
    1617148800000,
    5145750.499280609
  ],
  [
    1617235200000,
    6124531.511428002
  ],
  [
    1617321600000,
    143528398.1317063
  ],
  [
    1617408000000,
    98475907.41790703
  ],
  [
    1617494400000,
    46379380.53036396
  ],
  [
    1617580800000,
    46556035.479556985
  ],
  [
    1617667200000,
    40842101.21409808
  ],
  [
    1617753600000,
    43908507.186266534
  ],
  [
    1617840000000,
    100467494.74842374
  ],
  [
    1617926400000,
    134328671.5626245
  ],
  [
    1618012800000,
    114918246.81596129
  ],
  [
    1618099200000,
    249030561.05325174
  ],
  [
    1618185600000,
    141726718.13903826
  ],
  [
    1618272000000,
    217177572.11308128
  ],
  [
    1618358400000,
    121909686.08667693
  ],
  [
    1618444800000,
    132572594.48510061
  ],
  [
    1618531200000,
    210521856.58711204
  ],
  [
    1618617600000,
    151971767.80538473
  ],
  [
    1618704000000,
    150923768.92961788
  ],
  [
    1618790400000,
    93818094.33958444
  ],
  [
    1618876800000,
    119040720.48339236
  ],
  [
    1618963200000,
    88440109.93871193
  ],
  [
    1619049600000,
    94004747.35107285
  ],
  [
    1619136000000,
    97162358.03443865
  ],
  [
    1619222400000,
    159511222.9484359
  ],
  [
    1619308800000,
    89572427.57359317
  ],
  [
    1619395200000,
    115654752.53298187
  ],
  [
    1619481600000,
    82358554.64467578
  ],
  [
    1619568000000,
    92083323.54177204
  ],
  [
    1619654400000,
    70210674.9948713
  ],
  [
    1619740800000,
    65708605.561351664
  ],
  [
    1619827200000,
    68902832.30923459
  ],
  [
    1619913600000,
    81499799.397045
  ],
  [
    1620000000000,
    69758053.29584214
  ],
  [
    1620086400000,
    65415783.90761476
  ],
  [
    1620172800000,
    52254341.249772124
  ],
  [
    1620259200000,
    41968930.92343884
  ],
  [
    1620345600000,
    42494763.16840325
  ],
  [
    1620432000000,
    39521003.94942928
  ],
  [
    1620518400000,
    59726091.1986209
  ],
  [
    1620604800000,
    130735970.60346116
  ],
  [
    1620691200000,
    90427585.36893518
  ],
  [
    1620777600000,
    56690914.420755
  ],
  [
    1620864000000,
    53936439.500901565
  ],
  [
    1620950400000,
    71746014.80803171
  ],
  [
    1621036800000,
    54377076.9466279
  ],
  [
    1621123200000,
    49222068.26305547
  ],
  [
    1621209600000,
    62717444.876683526
  ],
  [
    1621296000000,
    62062778.39688149
  ],
  [
    1621382400000,
    58821355.947531335
  ],
  [
    1621468800000,
    53553995.75331762
  ],
  [
    1621555200000,
    50159855.1810177
  ],
  [
    1621641600000,
    48029174.47158846
  ],
  [
    1621728000000,
    47500638.75153828
  ],
  [
    1621814400000,
    32100820.485451773
  ],
  [
    1621900800000,
    48093332.16058086
  ],
  [
    1621987200000,
    55806261.855585314
  ],
  [
    1622073600000,
    65111540.0471103
  ],
  [
    1622160000000,
    50699996.90946243
  ],
  [
    1622246400000,
    47134657.47251165
  ],
  [
    1622332800000,
    40355676.14792028
  ],
  [
    1622419200000,
    42427809.494897686
  ],
  [
    1622505600000,
    36111041.06380243
  ],
  [
    1622592000000,
    39571684.88925058
  ],
  [
    1622678400000,
    19637175.021734413
  ],
  [
    1622764800000,
    28273279.515862167
  ],
  [
    1622851200000,
    22928413.099721454
  ],
  [
    1622937600000,
    29277144.006142486
  ],
  [
    1623024000000,
    17567920.771133907
  ],
  [
    1623110400000,
    16663152.369330293
  ],
  [
    1623196800000,
    17038338.155522887
  ],
  [
    1623283200000,
    28143355.743760414
  ],
  [
    1623369600000,
    30596187.17815503
  ],
  [
    1623456000000,
    27470181.389510993
  ],
  [
    1623542400000,
    14745768.648349961
  ],
  [
    1623628800000,
    17552724.80104186
  ],
  [
    1623715200000,
    11051943.078567484
  ],
  [
    1623801600000,
    20402762.479464788
  ],
  [
    1623888000000,
    18543575.028940752
  ],
  [
    1623974400000,
    12429004.26211983
  ],
  [
    1624060800000,
    26084693.901771165
  ],
  [
    1624147200000,
    16576457.967784977
  ],
  [
    1624233600000,
    16054116.862735359
  ],
  [
    1624320000000,
    7244823.315707031
  ],
  [
    1624406400000,
    16337690.689115908
  ],
  [
    1624492800000,
    14939784.791621966
  ],
  [
    1624579200000,
    16403834.56931115
  ],
  [
    1624665600000,
    18549959.622246273
  ],
  [
    1624752000000,
    15065523.047060303
  ],
  [
    1624838400000,
    15147362.889007363
  ],
  [
    1624924800000,
    21370934.136324912
  ],
  [
    1625011200000,
    17735170.90415377
  ],
  [
    1625097600000,
    18947920.47643471
  ],
  [
    1625184000000,
    12508521.364724841
  ],
  [
    1625270400000,
    7959228.132029731
  ],
  [
    1625356800000,
    11564728.353020094
  ],
  [
    1625443200000,
    12437134.260192847
  ],
  [
    1625529600000,
    9441293.023193015
  ],
  [
    1625616000000,
    14639413.851503992
  ],
  [
    1625702400000,
    10505745.698153177
  ],
  [
    1625788800000,
    10741705.640006494
  ],
  [
    1625875200000,
    13132192.373509794
  ],
  [
    1625961600000,
    10947944.794348326
  ],
  [
    1626048000000,
    11757884.993240764
  ],
  [
    1626134400000,
    11400758.432770755
  ],
  [
    1626220800000,
    11803594.770912172
  ],
  [
    1626307200000,
    13121593.42943724
  ],
  [
    1626393600000,
    11590697.72610267
  ],
  [
    1626480000000,
    11169123.578154508
  ],
  [
    1626566400000,
    12157949.596934535
  ],
  [
    1626652800000,
    11057645.872538116
  ],
  [
    1626739200000,
    11650389.77161515
  ],
  [
    1626825600000,
    11670996.773317153
  ],
  [
    1626912000000,
    11450133.748877317
  ],
  [
    1626998400000,
    7847484.264068591
  ],
  [
    1627084800000,
    13854526.416716926
  ],
  [
    1627171200000,
    10801911.1771805
  ],
  [
    1627257600000,
    8008972.195040647
  ],
  [
    1627344000000,
    12239822.717649544
  ],
  [
    1627430400000,
    17452185.65954669
  ],
  [
    1627516800000,
    16651198.451941948
  ],
  [
    1627603200000,
    12950174.243432658
  ],
  [
    1627689600000,
    12445772.720531367
  ],
  [
    1627776000000,
    8940904.920495776
  ],
  [
    1627862400000,
    10468237.415116446
  ],
  [
    1627948800000,
    9995858.364488665
  ],
  [
    1628035200000,
    10859723.291349174
  ],
  [
    1628121600000,
    27467120.433733158
  ],
  [
    1628208000000,
    51676791.30161301
  ],
  [
    1628294400000,
    42602536.12471547
  ],
  [
    1628380800000,
    55774051.84564933
  ],
  [
    1628467200000,
    42497389.78907512
  ],
  [
    1628553600000,
    42171843.992341906
  ],
  [
    1628640000000,
    18833120.090909567
  ],
  [
    1628726400000,
    22377171.56747672
  ],
  [
    1628812800000,
    23378078.811473444
  ],
  [
    1628899200000,
    26575118.325588517
  ],
  [
    1628985600000,
    20759820.28646056
  ],
  [
    1629072000000,
    25234786.79788736
  ],
  [
    1629158400000,
    11207039.875007106
  ],
  [
    1629244800000,
    26019936.554684658
  ],
  [
    1629331200000,
    23138998.068587095
  ],
  [
    1629417600000,
    20563643.130144756
  ],
  [
    1629504000000,
    22990033.3057557
  ],
  [
    1629590400000,
    16238471.789846346
  ],
  [
    1629676800000,
    23119180.52628344
  ],
  [
    1629763200000,
    19681658.75175926
  ],
  [
    1629849600000,
    22804654.846729994
  ],
  [
    1629936000000,
    17642504.970893838
  ],
  [
    1630022400000,
    24849564.013522703
  ],
  [
    1630108800000,
    19465356.168951012
  ],
  [
    1630195200000,
    21153008.488066766
  ],
  [
    1630281600000,
    18538377.373574067
  ],
  [
    1630368000000,
    16397019.5246643
  ],
  [
    1630454400000,
    16007757.571179615
  ],
  [
    1630540800000,
    26070612.538093608
  ],
  [
    1630627200000,
    16303308.509627974
  ]
]