[
  [
    1504483200000,
    608
  ],
  [
    1504569600000,
    2032
  ],
  [
    1504656000000,
    2497
  ],
  [
    1504742400000,
    1429
  ],
  [
    1504828800000,
    1040
  ],
  [
    1504915200000,
    691
  ],
  [
    1505001600000,
    666
  ],
  [
    1505088000000,
    1452
  ],
  [
    1505174400000,
    1530
  ],
  [
    1505260800000,
    792
  ],
  [
    1505347200000,
    589
  ],
  [
    1505433600000,
    4282
  ],
  [
    1505520000000,
    2191.22
  ],
  [
    1505606400000,
    4894.85
  ],
  [
    1505692800000,
    2301.86
  ],
  [
    1505779200000,
    10752.4
  ],
  [
    1505865600000,
    1613.92
  ],
  [
    1505952000000,
    700.575
  ],
  [
    1506038400000,
    1204.9
  ],
  [
    1506124800000,
    520.553
  ],
  [
    1506211200000,
    764.459
  ],
  [
    1506297600000,
    1236.37
  ],
  [
    1506384000000,
    190.158
  ],
  [
    1506470400000,
    24386.2
  ],
  [
    1506556800000,
    303.493
  ],
  [
    1506643200000,
    940.749
  ],
  [
    1506729600000,
    497.751
  ],
  [
    1506816000000,
    327.483
  ],
  [
    1506902400000,
    289.868
  ],
  [
    1506988800000,
    786.724
  ],
  [
    1507075200000,
    549.488
  ],
  [
    1507161600000,
    723.432
  ],
  [
    1507248000000,
    1089.72
  ],
  [
    1507334400000,
    5898.59
  ],
  [
    1507420800000,
    3237.11
  ],
  [
    1507507200000,
    20746.1
  ],
  [
    1507593600000,
    562.901
  ],
  [
    1507680000000,
    1054.08
  ],
  [
    1507766400000,
    2214.07
  ],
  [
    1507852800000,
    1202.89
  ],
  [
    1507939200000,
    437.034
  ],
  [
    1508025600000,
    724.216
  ],
  [
    1508112000000,
    203.081
  ],
  [
    1508198400000,
    1061.11
  ],
  [
    1508284800000,
    770.788
  ],
  [
    1508371200000,
    2002.3
  ],
  [
    1508457600000,
    1275.39
  ],
  [
    1508544000000,
    1481.83
  ],
  [
    1508630400000,
    782.869
  ],
  [
    1508716800000,
    1063.33
  ],
  [
    1508803200000,
    541.993
  ],
  [
    1508889600000,
    432.807
  ],
  [
    1508976000000,
    665.633
  ],
  [
    1509062400000,
    7152.2
  ],
  [
    1509148800000,
    2595.91
  ],
  [
    1509235200000,
    494.28
  ],
  [
    1509321600000,
    10643.6
  ],
  [
    1509408000000,
    2025.32
  ],
  [
    1509494400000,
    3586.32
  ],
  [
    1509580800000,
    2593.06
  ],
  [
    1509667200000,
    5996.4
  ],
  [
    1509753600000,
    725.958
  ],
  [
    1509840000000,
    419.544
  ],
  [
    1509926400000,
    2332.54
  ],
  [
    1510012800000,
    785.967
  ],
  [
    1510099200000,
    1287.46
  ],
  [
    1510185600000,
    2245.63
  ],
  [
    1510272000000,
    1042.69
  ],
  [
    1510358400000,
    558.061
  ],
  [
    1510444800000,
    580.589
  ],
  [
    1510531200000,
    425.029
  ],
  [
    1510617600000,
    1945.14
  ],
  [
    1510704000000,
    786.595
  ],
  [
    1510790400000,
    4721.71
  ],
  [
    1510876800000,
    3779.79
  ],
  [
    1510963200000,
    3630.63
  ],
  [
    1511049600000,
    2284.78
  ],
  [
    1511136000000,
    351.738
  ],
  [
    1511222400000,
    124835
  ],
  [
    1511308800000,
    4568.11
  ],
  [
    1511395200000,
    8563.93
  ],
  [
    1511481600000,
    1340.94
  ],
  [
    1511568000000,
    824.269
  ],
  [
    1511654400000,
    4789.05
  ],
  [
    1511740800000,
    1942.79
  ],
  [
    1511827200000,
    3879.09
  ],
  [
    1511913600000,
    6950.11
  ],
  [
    1512000000000,
    3086.9
  ],
  [
    1512086400000,
    32654.2
  ],
  [
    1512172800000,
    2460.14
  ],
  [
    1512259200000,
    6417.11
  ],
  [
    1512345600000,
    13320.6
  ],
  [
    1512432000000,
    1800.96
  ],
  [
    1512518400000,
    5923.02
  ],
  [
    1512604800000,
    48665.2
  ],
  [
    1512691200000,
    33598.1
  ],
  [
    1512777600000,
    4270.34
  ],
  [
    1512864000000,
    2044.41
  ],
  [
    1512950400000,
    5773.13
  ],
  [
    1513036800000,
    8511.7
  ],
  [
    1513123200000,
    15720.7
  ],
  [
    1513209600000,
    9526.29
  ],
  [
    1513296000000,
    6322.46
  ],
  [
    1513382400000,
    6563.93
  ],
  [
    1513468800000,
    12264.5
  ],
  [
    1513555200000,
    16013.5
  ],
  [
    1513641600000,
    46225.1
  ],
  [
    1513728000000,
    31261.9
  ],
  [
    1513814400000,
    44370
  ],
  [
    1513900800000,
    11105.3
  ],
  [
    1513987200000,
    32340.8
  ],
  [
    1514073600000,
    651698
  ],
  [
    1514160000000,
    577882
  ],
  [
    1514246400000,
    400652
  ],
  [
    1514332800000,
    216706
  ],
  [
    1514419200000,
    162524
  ],
  [
    1514505600000,
    185314
  ],
  [
    1514592000000,
    152185
  ],
  [
    1514678400000,
    152370
  ],
  [
    1514764800000,
    766119
  ],
  [
    1514851200000,
    1983140
  ],
  [
    1514937600000,
    953522
  ],
  [
    1515024000000,
    986336
  ],
  [
    1515110400000,
    1172910
  ],
  [
    1515196800000,
    762989
  ],
  [
    1515283200000,
    11451800
  ],
  [
    1515369600000,
    7068310
  ],
  [
    1515456000000,
    2368550
  ],
  [
    1515542400000,
    2298560
  ],
  [
    1515628800000,
    2099080
  ],
  [
    1515715200000,
    1165960
  ],
  [
    1515801600000,
    1234360
  ],
  [
    1515888000000,
    455231
  ],
  [
    1515974400000,
    475218
  ],
  [
    1516060800000,
    222969
  ],
  [
    1516147200000,
    1248750
  ],
  [
    1516233600000,
    936543
  ],
  [
    1516320000000,
    651458
  ],
  [
    1516406400000,
    424907
  ],
  [
    1516492800000,
    296096
  ],
  [
    1516579200000,
    261712
  ],
  [
    1516665600000,
    139898
  ],
  [
    1516752000000,
    223003
  ],
  [
    1516838400000,
    195730
  ],
  [
    1516924800000,
    176232
  ],
  [
    1517011200000,
    155694
  ],
  [
    1517097600000,
    151049
  ],
  [
    1517184000000,
    114420
  ],
  [
    1517270720417,
    117537
  ],
  [
    1517356800000,
    95545.2
  ],
  [
    1517443200000,
    78573.7
  ],
  [
    1517529600000,
    131631
  ],
  [
    1517616000000,
    70300.3
  ],
  [
    1517702400000,
    74839.2
  ],
  [
    1517788800000,
    38269.3
  ],
  [
    1517875200000,
    25870.3
  ],
  [
    1517961600000,
    66332.3
  ],
  [
    1518048328410,
    39204.9
  ],
  [
    1518134400000,
    22086.2
  ],
  [
    1518220800000,
    43688.5
  ],
  [
    1518307200000,
    21772.4
  ],
  [
    1518393600000,
    100315
  ],
  [
    1518480000000,
    231154
  ],
  [
    1518566400000,
    318109
  ],
  [
    1518652800000,
    150613
  ],
  [
    1518739200000,
    79969.2
  ],
  [
    1518825600000,
    154175
  ],
  [
    1518912000000,
    214256
  ],
  [
    1518998400000,
    187197
  ],
  [
    1519084800000,
    165271
  ],
  [
    1519171200000,
    109886
  ],
  [
    1519257600000,
    163661
  ],
  [
    1519344000000,
    164863
  ],
  [
    1519430400000,
    203715
  ],
  [
    1519516800000,
    127016
  ],
  [
    1519603200000,
    179667
  ],
  [
    1519689600000,
    476332
  ],
  [
    1519776000000,
    746280
  ],
  [
    1519862400000,
    881218
  ],
  [
    1519948800000,
    1926340
  ],
  [
    1520035200000,
    373578
  ],
  [
    1520121600000,
    213015
  ],
  [
    1520208000000,
    343964
  ],
  [
    1520294400000,
    347329
  ],
  [
    1520380800000,
    175348
  ],
  [
    1520467200000,
    118513
  ],
  [
    1520553600000,
    65335.2
  ],
  [
    1520640000000,
    33804.5
  ],
  [
    1520726400000,
    52600.7
  ],
  [
    1520812800000,
    96619.5
  ],
  [
    1520899200000,
    82921.2
  ],
  [
    1520985600000,
    88339.6
  ],
  [
    1521072000000,
    68528.7
  ],
  [
    1521158400000,
    87418.1
  ],
  [
    1521244800000,
    136986
  ],
  [
    1521331200000,
    146309
  ],
  [
    1521417600000,
    72082.5
  ],
  [
    1521504000000,
    122570
  ],
  [
    1521590400000,
    89957.4
  ],
  [
    1521676800000,
    96680.4
  ],
  [
    1521763200000,
    44857.2
  ],
  [
    1521849600000,
    96246.6
  ],
  [
    1521936000000,
    110223
  ],
  [
    1522022400000,
    55167.3
  ],
  [
    1522108800000,
    54959.3
  ],
  [
    1522195200000,
    31694
  ],
  [
    1522281600000,
    27447.6
  ],
  [
    1522368000000,
    20199.4
  ],
  [
    1522454400000,
    77691.6
  ],
  [
    1522540800000,
    12127.2
  ],
  [
    1522627200000,
    39346.2
  ],
  [
    1522713600000,
    9009.23
  ],
  [
    1522800000000,
    27559.5
  ],
  [
    1522886400000,
    69021.8
  ],
  [
    1522972800000,
    14679.8
  ],
  [
    1523059200000,
    42857.8
  ],
  [
    1523145600000,
    26973.5
  ],
  [
    1523232000000,
    22142.1
  ],
  [
    1523318400000,
    14538.8
  ],
  [
    1523404800000,
    14429.1
  ],
  [
    1523491200000,
    25097.1
  ],
  [
    1523577600000,
    33213.8
  ],
  [
    1523664000000,
    12811.22949542223
  ],
  [
    1523750400000,
    10427.126311127451
  ],
  [
    1523836800000,
    10226.949669176784
  ],
  [
    1523923200000,
    14381.979567540899
  ],
  [
    1524009600000,
    10366.893883163135
  ],
  [
    1524096000000,
    13798.815661287437
  ],
  [
    1524182400000,
    38316.1393472794
  ],
  [
    1524268800000,
    72777.83375033626
  ],
  [
    1524355200000,
    23035.869925713614
  ],
  [
    1524441600000,
    88144.23859661829
  ],
  [
    1524528000000,
    26880.87370354962
  ],
  [
    1524614400000,
    41639.05426628966
  ],
  [
    1524700800000,
    18632.856958538243
  ],
  [
    1524787200000,
    38565.699577026346
  ],
  [
    1524873600000,
    19362.571850724238
  ],
  [
    1524960000000,
    11796.10506359254
  ],
  [
    1525046400000,
    33591.01606107867
  ],
  [
    1525132800000,
    66288.96977494084
  ],
  [
    1525219200000,
    63955.2481488629
  ],
  [
    1525305600000,
    17302.36829077715
  ],
  [
    1525392000000,
    2223.394086116556
  ],
  [
    1525478400000,
    26113.24673812717
  ],
  [
    1525564800000,
    17963.566105159098
  ],
  [
    1525651200000,
    5872.585083755697
  ],
  [
    1525737600000,
    5905.472797556086
  ],
  [
    1525824000000,
    8976.980566997292
  ],
  [
    1525910400000,
    20828.815283509048
  ],
  [
    1525996800000,
    13903.804998778132
  ],
  [
    1526083200000,
    6105.442136338341
  ],
  [
    1526169600000,
    16972.246767351757
  ],
  [
    1526256000000,
    10504.702559399211
  ],
  [
    1526342400000,
    4783.315265199708
  ],
  [
    1526428800000,
    5229.378095226964
  ],
  [
    1526515200000,
    7670.122359078166
  ],
  [
    1526601600000,
    10582.101140316234
  ],
  [
    1526688000000,
    51119.32856535607
  ],
  [
    1526774400000,
    5693.151935149872
  ],
  [
    1526860800000,
    31698.299255623915
  ],
  [
    1526947200000,
    7810.380093443324
  ],
  [
    1527033600000,
    3761.8983807335285
  ],
  [
    1527120000000,
    9627.292169082535
  ],
  [
    1527206400000,
    4356.3965989986045
  ],
  [
    1527292800000,
    2041.9798602501783
  ],
  [
    1527379200000,
    1657.820485533205
  ],
  [
    1527465600000,
    5712.236355896665
  ],
  [
    1527552000000,
    4091.1711741618274
  ],
  [
    1527638400000,
    3378.39595618334
  ],
  [
    1527724800000,
    1378.3429142927857
  ],
  [
    1527811200000,
    4763.045147492009
  ],
  [
    1527897600000,
    4848.387693401917
  ],
  [
    1527984000000,
    3110.2388545311996
  ],
  [
    1528070400000,
    2571.627114786472
  ],
  [
    1528156800000,
    5482.891327549244
  ],
  [
    1528243200000,
    1171.996159570832
  ],
  [
    1528329600000,
    4014.552150294567
  ],
  [
    1528416000000,
    3089.3389823919397
  ],
  [
    1528502400000,
    2126.6294432395407
  ],
  [
    1528588800000,
    3353.560465717256
  ],
  [
    1528675200000,
    4082.688948359483
  ],
  [
    1528761600000,
    28757.670942305864
  ],
  [
    1528848000000,
    6085.261539884357
  ],
  [
    1528934400000,
    4902.987936262198
  ],
  [
    1529020800000,
    7526.599787697228
  ],
  [
    1529107200000,
    1963.0780082922263
  ],
  [
    1529193600000,
    3725.955840011999
  ],
  [
    1529280000000,
    567.9279972622911
  ],
  [
    1529366400000,
    1463.170188187982
  ],
  [
    1529452800000,
    3055.7075777582622
  ],
  [
    1529539200000,
    2034.815174684014
  ],
  [
    1529625600000,
    2518.6789818971456
  ],
  [
    1529712000000,
    4682.7677918477275
  ],
  [
    1529798400000,
    822.6434887170195
  ],
  [
    1529884800000,
    4967.292611865724
  ],
  [
    1529971200000,
    1058.4253462744118
  ],
  [
    1530057600000,
    365.7456450778355
  ],
  [
    1530144000000,
    452.33988282903226
  ],
  [
    1530230400000,
    3211.9799402682324
  ],
  [
    1530316800000,
    3933.7478700588863
  ],
  [
    1530403200000,
    1885.4671435122864
  ],
  [
    1530489600000,
    566.808161809611
  ],
  [
    1530576000000,
    1413.1294090322874
  ],
  [
    1530662400000,
    1631.8494023617525
  ],
  [
    1530748800000,
    1310.774219445969
  ],
  [
    1530835200000,
    1407.525682516124
  ],
  [
    1530921600000,
    3208.6258311428605
  ],
  [
    1531008000000,
    325.2566997093684
  ],
  [
    1531094400000,
    1256.614849632221
  ],
  [
    1531180800000,
    1039.4414527577453
  ],
  [
    1531267200000,
    1282.5755258329552
  ],
  [
    1531353600000,
    667.3426196604684
  ],
  [
    1531440000000,
    4328.783239853761
  ],
  [
    1531526400000,
    1974.5348170816349
  ],
  [
    1531612800000,
    425.6420795168315
  ],
  [
    1531699200000,
    480.0416725288992
  ],
  [
    1531785600000,
    320.20692666722874
  ],
  [
    1531872000000,
    2659.7655149777984
  ],
  [
    1531958400000,
    1330.9121334800045
  ],
  [
    1532044800000,
    2538.9388149304027
  ],
  [
    1532131200000,
    2612.1023246112168
  ],
  [
    1532217600000,
    694.7304458556875
  ],
  [
    1532304000000,
    1360.5503905152245
  ],
  [
    1532390400000,
    1278.453015143326
  ],
  [
    1532476800000,
    2498.726568157116
  ],
  [
    1532563200000,
    2105.4434148304954
  ],
  [
    1532649600000,
    1143.959153556273
  ],
  [
    1532736000000,
    2127.5374952851116
  ],
  [
    1532822400000,
    1533.8082845018241
  ],
  [
    1532908800000,
    5255.3486565200965
  ],
  [
    1532995200000,
    1761.9071285273344
  ],
  [
    1533081600000,
    1435.2261173235734
  ],
  [
    1533168000000,
    387.4372433946375
  ],
  [
    1533254400000,
    62062.758731933514
  ],
  [
    1533340800000,
    4038.7552531185597
  ],
  [
    1533427200000,
    942.7228280758153
  ],
  [
    1533513600000,
    828.2439644154387
  ],
  [
    1533600000000,
    8138.607444414954
  ],
  [
    1533686400000,
    772.4728117641052
  ],
  [
    1533772800000,
    2181.718604295189
  ],
  [
    1533859200000,
    1766.037919836673
  ],
  [
    1533945600000,
    1383.1554219770585
  ],
  [
    1534032000000,
    1630.5450507378976
  ],
  [
    1534118400000,
    1057.9768339417328
  ],
  [
    1534204800000,
    203.7071518829949
  ],
  [
    1534291200000,
    1162.862183510565
  ],
  [
    1534377600000,
    402.89415494411446
  ],
  [
    1534464000000,
    1371.0854990503462
  ],
  [
    1534550400000,
    226.9682853213007
  ],
  [
    1534636800000,
    5360.545409069717
  ],
  [
    1534723200000,
    578.8820024657907
  ],
  [
    1534809600000,
    1745.8091188258495
  ],
  [
    1534896000000,
    146.2954935696422
  ],
  [
    1534982400000,
    90.04871571554006
  ],
  [
    1535068800000,
    1711.7617516438925
  ],
  [
    1535155200000,
    1336.1400321381243
  ],
  [
    1535241600000,
    283.84431992587855
  ],
  [
    1535328000000,
    906.3118760390305
  ],
  [
    1535414400000,
    2158.7781223441625
  ],
  [
    1535500800000,
    1861.1031695727668
  ],
  [
    1535587200000,
    1214.109805568142
  ],
  [
    1535673600000,
    1634.1775713016877
  ],
  [
    1535760000000,
    1266.7747437119276
  ],
  [
    1535846400000,
    706.1196723367412
  ],
  [
    1535932800000,
    4206.90806869995
  ],
  [
    1536019200000,
    573.7700450134893
  ],
  [
    1536105600000,
    531.8529156500222
  ],
  [
    1536192000000,
    1250.8272233384712
  ],
  [
    1536278400000,
    1352.4927246461816
  ],
  [
    1536364800000,
    14930.467077911226
  ],
  [
    1536451200000,
    205.46556221409057
  ],
  [
    1536537600000,
    163.5847555364864
  ],
  [
    1536624000000,
    308.3007442436311
  ],
  [
    1536710400000,
    886.893940018139
  ],
  [
    1536796800000,
    3569.7823214219743
  ],
  [
    1536883200000,
    568.6966910380742
  ],
  [
    1536969600000,
    4039.5142453729777
  ],
  [
    1537056000000,
    62.963206302900986
  ],
  [
    1537142400000,
    32669.505164874776
  ],
  [
    1537228800000,
    3370.440148296919
  ],
  [
    1537315200000,
    786.4069032252515
  ],
  [
    1537401600000,
    26.91678277731275
  ],
  [
    1538611200000,
    85.02880674481608
  ],
  [
    1538697600000,
    178.46034734099442
  ],
  [
    1538784000000,
    1584.4652551716067
  ],
  [
    1538870400000,
    1023.391597245502
  ],
  [
    1538956800000,
    5250.375511343643
  ],
  [
    1539043200000,
    1013.1350551311194
  ],
  [
    1539129600000,
    1710.9611649951214
  ],
  [
    1539216000000,
    1497.7608590554744
  ],
  [
    1539302400000,
    1109.6404220131394
  ],
  [
    1539388800000,
    148.10115862565945
  ],
  [
    1539475200000,
    749.1968472216722
  ],
  [
    1539561600000,
    650.7069015109789
  ],
  [
    1539648000000,
    3118.022342491914
  ],
  [
    1539734400000,
    945.5686158383716
  ],
  [
    1539820800000,
    559.895531872257
  ],
  [
    1539907200000,
    13794.13075844525
  ],
  [
    1539993600000,
    1773.2912478835192
  ],
  [
    1540080000000,
    36.00272848664238
  ],
  [
    1540166400000,
    765.8329863570079
  ],
  [
    1540252800000,
    414.70705847926473
  ],
  [
    1540339200000,
    1707.0395779299372
  ],
  [
    1540425600000,
    2428.3895145659685
  ],
  [
    1540512000000,
    107.08802192034806
  ],
  [
    1540598400000,
    466.62138859787456
  ],
  [
    1540684800000,
    558.0140187402199
  ],
  [
    1540771200000,
    281.026393427875
  ],
  [
    1540857600000,
    4170.615771708371
  ],
  [
    1540944000000,
    943.7467868299664
  ],
  [
    1541030400000,
    1623.7063192035105
  ],
  [
    1541116800000,
    820.1787510170127
  ],
  [
    1541203200000,
    12.057690228817172
  ],
  [
    1541289600000,
    205.17189372370845
  ],
  [
    1541376000000,
    2124.0169867900845
  ],
  [
    1541462400000,
    15.32112677351622
  ],
  [
    1541548800000,
    0
  ],
  [
    1541635200000,
    3974.7793937075885
  ],
  [
    1541721600000,
    139.3445040917119
  ],
  [
    1541808000000,
    113.52189494098918
  ],
  [
    1541894400000,
    23.122872187866925
  ],
  [
    1541980800000,
    0
  ],
  [
    1542067200000,
    0
  ],
  [
    1542153600000,
    31.780714990292125
  ],
  [
    1542240000000,
    0
  ],
  [
    1542326400000,
    0
  ],
  [
    1542412800000,
    0
  ],
  [
    1542499200000,
    0
  ],
  [
    1542585600000,
    0.5082256852772472
  ],
  [
    1542672000000,
    0
  ],
  [
    1542758400000,
    0
  ],
  [
    1542844800000,
    0
  ],
  [
    1542931200000,
    0
  ],
  [
    1543017600000,
    236.72187345787725
  ],
  [
    1543104000000,
    0.009395038087351724
  ],
  [
    1543190400000,
    820.2958400127909
  ],
  [
    1543276800000,
    0
  ],
  [
    1543363200000,
    471.83425915762086
  ],
  [
    1543449600000,
    104.38313549206904
  ],
  [
    1543536000000,
    359.66043863078386
  ],
  [
    1543622400000,
    0
  ],
  [
    1543708800000,
    0
  ],
  [
    1543795200000,
    9.291703992059514
  ],
  [
    1543881600000,
    86.86639296886953
  ],
  [
    1543968000000,
    1286.4383277876952
  ],
  [
    1544054400000,
    600.5673216699806
  ],
  [
    1544140800000,
    3.533649778234314
  ],
  [
    1544227200000,
    3.6702081024125754
  ],
  [
    1544313600000,
    1568.3849456905643
  ],
  [
    1544400000000,
    709.8192059380067
  ],
  [
    1544486400000,
    3993.0295588895992
  ],
  [
    1544572800000,
    355.9708339924497
  ],
  [
    1544659200000,
    11.778449855149834
  ],
  [
    1544745600000,
    513.7397712654468
  ],
  [
    1544832000000,
    88.82156984006318
  ],
  [
    1544918400000,
    2.252075117414552
  ],
  [
    1545004800000,
    2.5561443017341756
  ],
  [
    1545091200000,
    0
  ],
  [
    1545177600000,
    0.3814270029811907
  ],
  [
    1545264000000,
    2.1918217756096627
  ],
  [
    1545350400000,
    64.01329735329016
  ],
  [
    1545436800000,
    0.025818396632024253
  ],
  [
    1545523200000,
    0.006832192399233244
  ],
  [
    1545609600000,
    1149.688793034529
  ],
  [
    1545696000000,
    0
  ],
  [
    1545782400000,
    326.9605873013168
  ],
  [
    1545868800000,
    282.59319605696936
  ],
  [
    1545955200000,
    0
  ],
  [
    1546041600000,
    4402.992875742915
  ],
  [
    1546128000000,
    111.17078682152379
  ],
  [
    1546214400000,
    15.19918749985744
  ],
  [
    1546300800000,
    10856.634940928878
  ],
  [
    1546387200000,
    1.140280914613979
  ],
  [
    1546473600000,
    195.64920286690239
  ],
  [
    1546560000000,
    0
  ],
  [
    1546646400000,
    0
  ],
  [
    1546732800000,
    56.439362691513494
  ],
  [
    1546819200000,
    0.4008140122421299
  ],
  [
    1546905600000,
    215.0129483833208
  ],
  [
    1546992000000,
    0
  ],
  [
    1547078400000,
    0.397678457706044
  ],
  [
    1547164800000,
    0.00018497536083018985
  ],
  [
    1547251200000,
    210.1452140682223
  ],
  [
    1547337600000,
    1141.7169598426606
  ],
  [
    1547424000000,
    198.14675876207508
  ],
  [
    1547510400000,
    0.013370264578251074
  ],
  [
    1547596800000,
    13.06491273966164
  ],
  [
    1547683200000,
    1.5993114829374522
  ],
  [
    1547769600000,
    0
  ],
  [
    1547856000000,
    1.6247073276487962
  ],
  [
    1547942400000,
    0
  ],
  [
    1548028800000,
    0.0006717881851168258
  ],
  [
    1548115200000,
    3.6692290501162153
  ],
  [
    1548201600000,
    0
  ],
  [
    1548288000000,
    21.249225881394413
  ],
  [
    1548374400000,
    0
  ],
  [
    1548460800000,
    0.01381518158385436
  ],
  [
    1548547200000,
    0.01931696226397316
  ],
  [
    1548633600000,
    0
  ],
  [
    1548720000000,
    0.09012569434162258
  ],
  [
    1548806400000,
    0.3774745029950319
  ],
  [
    1548892800000,
    0
  ],
  [
    1548979200000,
    7.747031520071227
  ],
  [
    1549065600000,
    1.1016057582579355
  ],
  [
    1549152000000,
    0.5488513332317153
  ],
  [
    1549238400000,
    0.6714761041427122
  ],
  [
    1549324800000,
    0.8918573826675128
  ],
  [
    1549411200000,
    0
  ],
  [
    1549497600000,
    0
  ],
  [
    1549584000000,
    0.010600189264255462
  ],
  [
    1549670400000,
    82.77404624063745
  ],
  [
    1549756800000,
    4.8788003510731315
  ],
  [
    1549843200000,
    0.0045891408477249165
  ],
  [
    1549929600000,
    19.123298038522332
  ],
  [
    1550016000000,
    0
  ],
  [
    1550102400000,
    0.14007118189635476
  ],
  [
    1550188800000,
    0
  ],
  [
    1550275200000,
    0
  ],
  [
    1550361600000,
    49.39374873577888
  ],
  [
    1550448000000,
    0.0006967887523385507
  ],
  [
    1550534400000,
    0.014556171674526662
  ],
  [
    1550620800000,
    0.03289578585812927
  ],
  [
    1550707200000,
    0.4663201878094921
  ],
  [
    1550793600000,
    0
  ],
  [
    1550880000000,
    0.012034829486873467
  ],
  [
    1550966400000,
    4.113480407141756
  ],
  [
    1551052800000,
    0
  ],
  [
    1551139200000,
    4.479301435632081
  ],
  [
    1551225600000,
    0
  ],
  [
    1551312000000,
    31.517548582195566
  ],
  [
    1551398400000,
    0.008584941057059273
  ],
  [
    1551484800000,
    0
  ],
  [
    1551571200000,
    0
  ],
  [
    1551657600000,
    7.225711992815985
  ],
  [
    1551744000000,
    7.262105577846462
  ],
  [
    1551830400000,
    0.01361022826530722
  ],
  [
    1551916800000,
    0
  ],
  [
    1552003200000,
    0
  ],
  [
    1552089600000,
    0.19795321830788298
  ],
  [
    1552176000000,
    1.3483095499499658
  ],
  [
    1552262400000,
    121.83287709658968
  ],
  [
    1552348800000,
    220.7938423292787
  ],
  [
    1552435200000,
    5.513528085549967
  ],
  [
    1552521600000,
    30.022702968081163
  ],
  [
    1552608000000,
    207.70047380405387
  ],
  [
    1552694400000,
    146.6671358009716
  ],
  [
    1552780800000,
    67.99120958483394
  ],
  [
    1552867200000,
    0.013958750252965684
  ],
  [
    1552953600000,
    0.38282530494733136
  ],
  [
    1553040000000,
    196.9017295955526
  ],
  [
    1553126400000,
    35.07272962170901
  ],
  [
    1553212800000,
    154.11182565895723
  ],
  [
    1553299200000,
    0
  ],
  [
    1553385600000,
    0.013681796243246275
  ],
  [
    1553472000000,
    0.19115224549444262
  ],
  [
    1553558400000,
    0
  ],
  [
    1553644800000,
    0
  ],
  [
    1553731200000,
    0
  ],
  [
    1553817600000,
    0.0031966219716629564
  ],
  [
    1553904000000,
    0
  ],
  [
    1553990400000,
    0
  ],
  [
    1554076800000,
    0.09812791293681648
  ],
  [
    1554163200000,
    2.164601132323217
  ],
  [
    1554249600000,
    1.3577058011750012
  ],
  [
    1554336000000,
    6.92353684454224
  ],
  [
    1554422400000,
    6.337645767816177
  ],
  [
    1554508800000,
    62.58037676623627
  ],
  [
    1554595200000,
    182.54549932703944
  ],
  [
    1554681600000,
    0
  ],
  [
    1554768000000,
    0
  ],
  [
    1554854400000,
    0
  ],
  [
    1554940800000,
    28.425276209296015
  ],
  [
    1555027200000,
    0.4990119354500141
  ],
  [
    1555113600000,
    0.2790077487215385
  ],
  [
    1555200000000,
    9.15082909625137
  ],
  [
    1555286400000,
    100.40261829422252
  ],
  [
    1555372800000,
    241.64087396112944
  ],
  [
    1555459200000,
    27.10661166156216
  ],
  [
    1555545600000,
    129.92333024580242
  ],
  [
    1555632000000,
    6.305084368152454
  ],
  [
    1555718400000,
    23.251005667326723
  ],
  [
    1555804800000,
    0
  ],
  [
    1555891200000,
    1.902136069925046
  ],
  [
    1555977600000,
    1.9347867523279871
  ],
  [
    1556064000000,
    476.15327394714285
  ],
  [
    1556150400000,
    173.31279256400106
  ],
  [
    1556236800000,
    45.06194858050717
  ],
  [
    1556323200000,
    29.780082324656473
  ],
  [
    1556409600000,
    64.48613413214639
  ],
  [
    1556496000000,
    199.22005247328025
  ],
  [
    1556582400000,
    3582.1095872860346
  ],
  [
    1556668800000,
    405.5822883703859
  ],
  [
    1556755200000,
    61.707623661535905
  ],
  [
    1556841600000,
    24.29813513357944
  ],
  [
    1556928000000,
    85.78377784750874
  ],
  [
    1557014400000,
    48.80678654751118
  ],
  [
    1557100800000,
    1.976894096349648
  ],
  [
    1557187200000,
    49.31087266640222
  ],
  [
    1557273600000,
    98.21531921723047
  ],
  [
    1557360000000,
    653.3156082339124
  ],
  [
    1557446400000,
    11.158316571976076
  ],
  [
    1557532800000,
    520.7282454990412
  ],
  [
    1557619200000,
    1395.157940910675
  ],
  [
    1557705600000,
    177.08096992227652
  ],
  [
    1557792000000,
    1194.5607124942971
  ],
  [
    1557878400000,
    153.21008503916306
  ],
  [
    1557964800000,
    2807.53753293545
  ],
  [
    1558051200000,
    57.79570495410698
  ],
  [
    1558137600000,
    0.2950940900698946
  ],
  [
    1558224000000,
    0
  ],
  [
    1558310400000,
    321.6183785963393
  ],
  [
    1558396800000,
    3.989423329058555
  ],
  [
    1558483200000,
    0.3767086070670592
  ],
  [
    1558569600000,
    333.3239857168091
  ],
  [
    1558656000000,
    34.650676463261036
  ],
  [
    1558742400000,
    7.2976650437081085
  ],
  [
    1558828800000,
    7.072078683026414
  ],
  [
    1558915200000,
    5.274115586051945
  ],
  [
    1559001600000,
    0.2683223266839273
  ],
  [
    1559088000000,
    18.170734121947678
  ],
  [
    1559174400000,
    21.39765461534345
  ],
  [
    1559260800000,
    2.5723862148652796
  ],
  [
    1559347200000,
    417.80875835923985
  ],
  [
    1559433600000,
    6.626626987823917
  ],
  [
    1559520000000,
    0
  ],
  [
    1559606400000,
    0.1200028350412521
  ],
  [
    1559692800000,
    1.2101837038316852
  ],
  [
    1559779200000,
    196.088477830932
  ],
  [
    1559865600000,
    39.773384482257434
  ],
  [
    1559952000000,
    5.292390637073903
  ],
  [
    1560038400000,
    5.681337149594945
  ],
  [
    1560124800000,
    2.089649713070238
  ],
  [
    1560211200000,
    16.75245622660551
  ],
  [
    1560297600000,
    1.0221385827454832
  ],
  [
    1560384000000,
    247.72095692236653
  ],
  [
    1560470400000,
    229.76446137602755
  ],
  [
    1560556800000,
    233.7845471524253
  ],
  [
    1560643200000,
    0.882475556639746
  ],
  [
    1560729600000,
    53.17151538719845
  ],
  [
    1560816000000,
    881.2663748321872
  ],
  [
    1560902400000,
    6.533030090760288
  ],
  [
    1560988800000,
    0.2781855442221934
  ],
  [
    1561075200000,
    194.07555771394084
  ],
  [
    1561161600000,
    47.88644486500031
  ],
  [
    1561248000000,
    508.49031087339614
  ],
  [
    1561334400000,
    44.13094897942028
  ],
  [
    1561420800000,
    2.236001720661772
  ],
  [
    1561507200000,
    80.1631480793587
  ],
  [
    1561593600000,
    63.07966356898957
  ],
  [
    1561680000000,
    1.418091570795625
  ],
  [
    1561766400000,
    0
  ],
  [
    1561852800000,
    83.766212212611
  ],
  [
    1561939200000,
    6.106337518094822
  ],
  [
    1562025600000,
    0
  ],
  [
    1562112000000,
    0.05891884756799812
  ],
  [
    1562198400000,
    1231.5749553496419
  ],
  [
    1562284800000,
    1225.3677252543937
  ],
  [
    1562371200000,
    0.029125922742930105
  ],
  [
    1562457600000,
    0
  ],
  [
    1562544000000,
    0
  ],
  [
    1562630400000,
    0.00846351869379553
  ],
  [
    1562716800000,
    194.29059347717828
  ],
  [
    1562803200000,
    1272.5001970041276
  ],
  [
    1562889600000,
    64.47642458697705
  ],
  [
    1562976000000,
    134.49011479863634
  ],
  [
    1563062400000,
    51.90894971974416
  ],
  [
    1563148800000,
    0.25270018696733154
  ],
  [
    1563235200000,
    0
  ],
  [
    1563321600000,
    41.453642027741054
  ],
  [
    1563408000000,
    552.1043909803585
  ],
  [
    1563494400000,
    562.9601236830821
  ],
  [
    1563580800000,
    42.80759734456775
  ],
  [
    1563667200000,
    34.660033634890304
  ],
  [
    1563753600000,
    33.84216302933236
  ],
  [
    1563840000000,
    33.62942575132571
  ],
  [
    1563926400000,
    0.004568727851085481
  ],
  [
    1564012800000,
    25.331965377380264
  ],
  [
    1564099200000,
    0
  ],
  [
    1564185600000,
    454.60848430443457
  ],
  [
    1564272000000,
    19.854508252386523
  ],
  [
    1564358400000,
    21.418017552964603
  ],
  [
    1564444800000,
    646.5952109923708
  ],
  [
    1564531200000,
    1422.9984607884064
  ],
  [
    1564617600000,
    1.0078748566568378
  ],
  [
    1564704000000,
    501.03819666414216
  ],
  [
    1564790400000,
    1758.0814509617544
  ],
  [
    1564876800000,
    431.6821365409857
  ],
  [
    1564963200000,
    2.539414467585007
  ],
  [
    1565049600000,
    0.163061634792543
  ],
  [
    1565136000000,
    0.1178274239866375
  ],
  [
    1565222400000,
    678.0109419744582
  ],
  [
    1565308800000,
    0
  ],
  [
    1565395200000,
    1.6432735588691096
  ],
  [
    1565481600000,
    28.670183892756185
  ],
  [
    1565568000000,
    1.7329328503426684
  ],
  [
    1565654400000,
    28.80169256542954
  ],
  [
    1565740800000,
    75.58106812836115
  ],
  [
    1565827200000,
    81.92456887547205
  ],
  [
    1565913600000,
    0.1571736191175014
  ],
  [
    1566000000000,
    132.7212543065954
  ],
  [
    1566086400000,
    10.354852729325112
  ],
  [
    1566172800000,
    0.10321667362239346
  ],
  [
    1566259200000,
    300.4752393569496
  ],
  [
    1566345600000,
    0
  ],
  [
    1566432000000,
    0.06831250753789256
  ],
  [
    1566518400000,
    0.0761889210067021
  ],
  [
    1566604800000,
    365.0920841192634
  ],
  [
    1566691200000,
    39.669378157319585
  ],
  [
    1566777600000,
    161.22946706367543
  ],
  [
    1566864000000,
    194.32340640617943
  ],
  [
    1566950400000,
    210.8360785219645
  ],
  [
    1567036800000,
    74.4162466596746
  ],
  [
    1567123200000,
    0
  ],
  [
    1567209600000,
    0.145885281679447
  ],
  [
    1567296000000,
    0.957946559943322
  ],
  [
    1567382400000,
    2.40123459541036
  ],
  [
    1567468800000,
    5.190356369608841
  ],
  [
    1567555200000,
    0.49172460821224523
  ],
  [
    1567641600000,
    168.95687867686934
  ],
  [
    1567728000000,
    0.020065802091541303
  ],
  [
    1567814400000,
    1.424046427579135
  ],
  [
    1567900800000,
    0.6241346113596401
  ],
  [
    1567987200000,
    0.17645827340868744
  ],
  [
    1568073600000,
    0
  ],
  [
    1568160000000,
    0.1817664083540263
  ],
  [
    1568246400000,
    1.205934808568312
  ],
  [
    1568332800000,
    0.00045491759020410894
  ],
  [
    1568419200000,
    0
  ],
  [
    1568505600000,
    10.07160333254496
  ],
  [
    1568592000000,
    6.237763467469934
  ],
  [
    1568678400000,
    1.8003694895661086
  ],
  [
    1568764800000,
    0.8894358140973164
  ],
  [
    1568851200000,
    11.737911377616724
  ],
  [
    1568937600000,
    6.081741580533843
  ],
  [
    1569024000000,
    0
  ],
  [
    1569110400000,
    3.0257759548978997
  ],
  [
    1569196800000,
    19.928018113765162
  ],
  [
    1569283200000,
    0
  ],
  [
    1569369600000,
    366.15218249895366
  ],
  [
    1569456000000,
    0
  ],
  [
    1569542400000,
    0.00003647618586636281
  ],
  [
    1569628800000,
    10.012286065058017
  ],
  [
    1569715200000,
    0.000019775496871064617
  ],
  [
    1569801600000,
    0.7428070053681561
  ],
  [
    1569888000000,
    0.8282861878163236
  ],
  [
    1569974400000,
    392.9818502440727
  ],
  [
    1570060800000,
    392.9818502440727
  ],
  [
    1570147200000,
    76.39918311506923
  ],
  [
    1570233600000,
    76.39918311506923
  ],
  [
    1570320000000,
    96.1387359866584
  ],
  [
    1570406400000,
    32.856753372553534
  ],
  [
    1570492800000,
    24.977796510805895
  ],
  [
    1570579200000,
    6.3533778787448725
  ],
  [
    1570665600000,
    101.84139917731898
  ],
  [
    1570752000000,
    350.45091453775456
  ],
  [
    1570838400000,
    135.29493607384978
  ],
  [
    1570924800000,
    27.21900446133962
  ],
  [
    1571011200000,
    60.456605374472566
  ],
  [
    1571097600000,
    46.63846233641212
  ],
  [
    1571184000000,
    0.07933974830549614
  ],
  [
    1571270400000,
    0
  ],
  [
    1571356800000,
    0
  ],
  [
    1571443200000,
    0.9353780644363012
  ],
  [
    1571529600000,
    0
  ],
  [
    1571616000000,
    0.261963545902796
  ],
  [
    1571702400000,
    0.010925637838584414
  ],
  [
    1571788800000,
    0
  ],
  [
    1571875200000,
    3.9718457178758344
  ],
  [
    1571961600000,
    0
  ],
  [
    1572048000000,
    0.33758543685512443
  ],
  [
    1572134400000,
    0
  ],
  [
    1572652800000,
    0
  ],
  [
    1572739200000,
    1.840372532029759
  ],
  [
    1572825600000,
    102.03303272680586
  ],
  [
    1572912000000,
    0.05474910049827326
  ],
  [
    1572998400000,
    0
  ],
  [
    1573084800000,
    3.3550598020710183
  ],
  [
    1573171200000,
    8.75133042227654
  ],
  [
    1573257600000,
    6.366663584345854
  ],
  [
    1573344000000,
    60.510056858063685
  ],
  [
    1573430400000,
    1.3590666344354816
  ],
  [
    1573516800000,
    0.11613650339785818
  ],
  [
    1573603200000,
    0.12030890779155048
  ],
  [
    1573689600000,
    0
  ],
  [
    1573776000000,
    52.688601019718696
  ],
  [
    1573862400000,
    0
  ],
  [
    1573948800000,
    0.7163529895308955
  ],
  [
    1574035200000,
    0
  ],
  [
    1574121600000,
    0
  ],
  [
    1574380800000,
    331.70331545106535
  ],
  [
    1574467200000,
    43.271442457016725
  ],
  [
    1574553600000,
    0
  ],
  [
    1574726400000,
    1.058861807177385
  ],
  [
    1574812800000,
    102.84907649208448
  ],
  [
    1574899200000,
    40.247774126122664
  ],
  [
    1574985600000,
    769.7340602207414
  ],
  [
    1575072000000,
    0
  ],
  [
    1575158400000,
    1.6402473614285549
  ],
  [
    1575244800000,
    341.47106833244163
  ],
  [
    1575331200000,
    2.40366007156829
  ],
  [
    1575417600000,
    3.782026587735701
  ],
  [
    1575504000000,
    26.773071957375855
  ],
  [
    1575590400000,
    1.5213432175108452
  ],
  [
    1575676800000,
    7.330684814338128
  ],
  [
    1575763200000,
    0.0003959008914393956
  ],
  [
    1575849600000,
    7.74971628473592
  ],
  [
    1575936000000,
    51.07466541475385
  ],
  [
    1576022400000,
    170.71928434638107
  ],
  [
    1576108800000,
    359.05738124341735
  ],
  [
    1576195200000,
    8.551089091460208
  ],
  [
    1576281600000,
    62.38185917655117
  ],
  [
    1576368000000,
    145.4316814265185
  ],
  [
    1576454400000,
    18.595371232299243
  ],
  [
    1576540800000,
    186.92089572451084
  ],
  [
    1576627200000,
    399.446695779295
  ],
  [
    1576713600000,
    401.66680789193333
  ],
  [
    1576800000000,
    5.837390356692872
  ],
  [
    1576886400000,
    833.7698858714449
  ],
  [
    1576972800000,
    220.92718761138528
  ],
  [
    1577059200000,
    64.11500706273807
  ],
  [
    1577145600000,
    284.02315314306287
  ],
  [
    1577232000000,
    168.11374173586856
  ],
  [
    1577318400000,
    87.97005557032615
  ],
  [
    1577404800000,
    532.299175591265
  ],
  [
    1577491200000,
    406.0035173509594
  ],
  [
    1577577600000,
    490.271941019807
  ],
  [
    1577664000000,
    1270.8308223885813
  ],
  [
    1577750400000,
    8759.681775489953
  ],
  [
    1577836800000,
    32524.057708794986
  ],
  [
    1577923200000,
    1366.4769872308239
  ],
  [
    1578009600000,
    0
  ],
  [
    1578096000000,
    2.105552831100602
  ],
  [
    1578182400000,
    0.0929523932118468
  ],
  [
    1578268800000,
    0
  ],
  [
    1578355200000,
    0.9942820372028698
  ],
  [
    1578441600000,
    4.126494629779082
  ],
  [
    1578528000000,
    0
  ],
  [
    1578614400000,
    12.544115406721835
  ],
  [
    1578700800000,
    187.228926011474
  ],
  [
    1578787200000,
    36.321115643694725
  ],
  [
    1578873600000,
    29.619602942779277
  ],
  [
    1578960000000,
    483.92354171604575
  ],
  [
    1579046400000,
    54.93373224509277
  ],
  [
    1579132800000,
    768.3288687325513
  ],
  [
    1579219200000,
    69.43702007317712
  ],
  [
    1579305600000,
    3.4537567256449857
  ],
  [
    1579392000000,
    0.5664964941904572
  ],
  [
    1579478400000,
    5.651478397396481
  ],
  [
    1579564800000,
    3.0908130061204404
  ],
  [
    1579651200000,
    2.609812043512211
  ],
  [
    1579737600000,
    0.07578527029233452
  ],
  [
    1579824000000,
    0.07570659183798958
  ],
  [
    1579910400000,
    2.2670484169880987
  ],
  [
    1579996800000,
    2.7135060900348664
  ],
  [
    1580083200000,
    2.706670185379496
  ],
  [
    1580169600000,
    9.090484280831323
  ],
  [
    1580256000000,
    1.5450209245977866
  ],
  [
    1580342400000,
    6.051144012476836
  ],
  [
    1580428800000,
    0.08012947965524041
  ],
  [
    1580601600000,
    5.03284394912043
  ],
  [
    1580688000000,
    3.5808725220816617
  ],
  [
    1580774400000,
    0.49889319227932155
  ],
  [
    1580860800000,
    4.434733682355058
  ],
  [
    1580947200000,
    2.2942102422855686
  ],
  [
    1581120000000,
    2.1456479315751102
  ],
  [
    1581206400000,
    0.17860064880571777
  ],
  [
    1581292800000,
    0.5338413126686289
  ],
  [
    1581379200000,
    10.368332871377351
  ],
  [
    1581465600000,
    0.509961196111805
  ],
  [
    1581552000000,
    0.726356807474781
  ],
  [
    1581638400000,
    62.31927564287207
  ],
  [
    1581724800000,
    11.95060171787989
  ],
  [
    1581811200000,
    2.0961960630368504
  ],
  [
    1581897600000,
    0.0008209156396003976
  ],
  [
    1581984000000,
    77.18744074135408
  ],
  [
    1582070400000,
    5.996999778850604
  ],
  [
    1582156800000,
    12.020985724732222
  ],
  [
    1582243200000,
    0.10769489980379401
  ],
  [
    1582329600000,
    0.016831735588997372
  ],
  [
    1582416000000,
    0.3751413265513756
  ],
  [
    1582502400000,
    3251.9680914624964
  ],
  [
    1582588800000,
    945.791775349525
  ],
  [
    1582675200000,
    1.0680304613354348
  ],
  [
    1582761600000,
    6.2513378464436
  ],
  [
    1582848000000,
    0.0020129871370340563
  ],
  [
    1582934400000,
    50.68578840019186
  ],
  [
    1583020800000,
    5.328043891880193
  ],
  [
    1583107200000,
    0.0001407567326293036
  ],
  [
    1583193600000,
    0.01903235808232554
  ],
  [
    1583280000000,
    0.0003394878043190256
  ],
  [
    1583366400000,
    0.016032902494207454
  ],
  [
    1583452800000,
    0.5274628161150979
  ],
  [
    1583539200000,
    1.8145401127913081
  ],
  [
    1583625600000,
    1.7649784632138081
  ],
  [
    1583712000000,
    14.448143853603513
  ],
  [
    1583798400000,
    0.6038016735936884
  ],
  [
    1583884800000,
    0.6065888807795977
  ],
  [
    1584057600000,
    0.8563101800741906
  ],
  [
    1584144000000,
    1.4848747570909298
  ],
  [
    1584230400000,
    0.3117427483752856
  ],
  [
    1584316800000,
    3637.389910765803
  ],
  [
    1584403200000,
    18.329343424545662
  ],
  [
    1584489600000,
    0.010170269211272448
  ],
  [
    1584576000000,
    0.0016017985957906497
  ],
  [
    1584662400000,
    4.762868587344657
  ],
  [
    1584748800000,
    6.590750999903837
  ],
  [
    1584835200000,
    0.3698086182235212
  ],
  [
    1585008000000,
    0.09678520769098703
  ],
  [
    1585094400000,
    0.0003702460882534226
  ],
  [
    1585180800000,
    1280.299732125769
  ],
  [
    1585267200000,
    1.1393348106665653
  ],
  [
    1585353600000,
    1.0583782153234464
  ],
  [
    1585440000000,
    0.00022190136539101154
  ],
  [
    1585612800000,
    0.0015759382874386144
  ],
  [
    1585785600000,
    0.008860259573943444
  ],
  [
    1585872000000,
    2.0127130698611624
  ],
  [
    1585958400000,
    0.02815528893841139
  ],
  [
    1586044800000,
    0.0037362102902345445
  ],
  [
    1586131200000,
    13.159094065344668
  ],
  [
    1586217600000,
    0.001322471503902256
  ],
  [
    1586304000000,
    621.7319666126403
  ],
  [
    1586390400000,
    0.3967211168334348
  ],
  [
    1586476800000,
    0.05090434448839364
  ],
  [
    1586563200000,
    0.02671279490741187
  ],
  [
    1586736000000,
    13.632207007927907
  ],
  [
    1586822400000,
    0.02061072456401458
  ],
  [
    1586908800000,
    5.188493062072519
  ],
  [
    1586995200000,
    8.70340817364003
  ],
  [
    1587081600000,
    2.87346599377685
  ],
  [
    1587168000000,
    0.8449252131156284
  ],
  [
    1587254400000,
    0.0012466947838867789
  ],
  [
    1587340800000,
    0.09419211399257332
  ],
  [
    1587427200000,
    3.632762964165365
  ],
  [
    1587513600000,
    18.68350269335773
  ],
  [
    1587600000000,
    0.9149976484170936
  ],
  [
    1587686400000,
    1.7981048021122477
  ],
  [
    1587772800000,
    6.541255397481978
  ],
  [
    1587859200000,
    2.294652540333044
  ],
  [
    1587945600000,
    2.5068128787810378
  ],
  [
    1588032000000,
    0.4518797838558359
  ],
  [
    1588118400000,
    1.2817615029905869
  ],
  [
    1588204800000,
    36.12073192770054
  ],
  [
    1588291200000,
    1.3665803981935185
  ],
  [
    1588377600000,
    44.65842118753835
  ],
  [
    1588464000000,
    5.8777599897101656
  ],
  [
    1588550400000,
    0.0026745528361063497
  ],
  [
    1588636800000,
    1.1229331075388083
  ],
  [
    1588723200000,
    0.026132890373342148
  ],
  [
    1588809600000,
    0.011321977467156305
  ],
  [
    1588896000000,
    5.918111654928408
  ],
  [
    1588982400000,
    2.4779388710476016
  ],
  [
    1589068800000,
    33.055250799561485
  ],
  [
    1589155200000,
    9.37664043811262
  ],
  [
    1589241600000,
    1.8060166185946813
  ],
  [
    1589328000000,
    1.6317122390941932
  ],
  [
    1589414400000,
    47.53396354517916
  ],
  [
    1589500800000,
    1.4504243077338823
  ],
  [
    1589587200000,
    54.101553124581564
  ],
  [
    1589673600000,
    0.11235126882895947
  ],
  [
    1589760000000,
    0.009784250939000186
  ],
  [
    1589846400000,
    1.1369143830861832
  ],
  [
    1589932800000,
    0.011152693950021645
  ],
  [
    1590019200000,
    4.272025223035932
  ],
  [
    1590105600000,
    3.954539570035838
  ],
  [
    1590192000000,
    0.8518770202456041
  ],
  [
    1590278400000,
    96.9665466350886
  ],
  [
    1590364800000,
    0.000020765299840568497
  ],
  [
    1590451200000,
    0.0025112911145692544
  ],
  [
    1590537600000,
    1.2262213925599605
  ],
  [
    1590624000000,
    1.226999446377405
  ],
  [
    1590710400000,
    0.06031403030929005
  ],
  [
    1590796800000,
    0.026684907362152257
  ],
  [
    1590883200000,
    0.03136983305244295
  ],
  [
    1591056000000,
    0.001595450364377729
  ],
  [
    1591142400000,
    3.038864183900955
  ],
  [
    1591228800000,
    2.496532479640921
  ],
  [
    1591315200000,
    0.009762789409854379
  ],
  [
    1591401600000,
    20.803343111247163
  ],
  [
    1591488000000,
    1.0370876002464144
  ],
  [
    1591574400000,
    1.0370876002464144
  ],
  [
    1591660800000,
    24.440989748633072
  ],
  [
    1591747200000,
    0.015685954376573615
  ],
  [
    1591833600000,
    1.010970830477494
  ],
  [
    1591920000000,
    188.47861560350384
  ],
  [
    1592006400000,
    5.492178296037359
  ],
  [
    1592092800000,
    0.017527707222651893
  ],
  [
    1592179200000,
    0.007389938934987224
  ],
  [
    1592265600000,
    4.723555520161324
  ],
  [
    1592352000000,
    0.006622074136803366
  ],
  [
    1592438400000,
    0.27055113004347503
  ],
  [
    1592524800000,
    0.048488051314017656
  ],
  [
    1592611200000,
    0.10244988907598408
  ],
  [
    1592697600000,
    0.039680767514656094
  ],
  [
    1592784000000,
    21557.63155543594
  ],
  [
    1592870400000,
    0.6299743457678492
  ],
  [
    1592956800000,
    2.5328006096293767
  ],
  [
    1593043200000,
    0.7353401239411449
  ],
  [
    1593129600000,
    45.58726910579827
  ],
  [
    1593216000000,
    0.7207774695572884
  ],
  [
    1593302400000,
    0.7207774695572884
  ],
  [
    1593388800000,
    1.1627807502760195
  ],
  [
    1593475200000,
    1.0985073830762822
  ],
  [
    1593648000000,
    0.004874673134669728
  ],
  [
    1593734400000,
    0.004874673134669728
  ],
  [
    1593820800000,
    0.02628957023930528
  ],
  [
    1593907200000,
    0.0004986141100197104
  ],
  [
    1593993600000,
    0.0000010725860426341544
  ],
  [
    1594080000000,
    214.8848210264231
  ],
  [
    1594166400000,
    0.0009269947289035416
  ],
  [
    1594252800000,
    17.84070322386495
  ],
  [
    1594339200000,
    27.203985778755694
  ],
  [
    1594425600000,
    0.00009433007409647813
  ],
  [
    1594512000000,
    7.722473884668911
  ],
  [
    1594598400000,
    0.2285993859819543
  ],
  [
    1594684800000,
    0.48439465867521386
  ],
  [
    1594771200000,
    0.00045171937735556905
  ],
  [
    1594857600000,
    13.618910794858472
  ],
  [
    1594944000000,
    1.6182977831942305
  ],
  [
    1595030400000,
    0.007314637754261627
  ],
  [
    1595116800000,
    0.006229776339013391
  ],
  [
    1595203200000,
    0.0918691362811048
  ],
  [
    1595289600000,
    0.010371527129286103
  ],
  [
    1595376000000,
    0.938390668966093
  ],
  [
    1595462400000,
    0.43373314663158535
  ],
  [
    1595548800000,
    10.877775969052053
  ],
  [
    1595635200000,
    5.68526648868714
  ],
  [
    1595721600000,
    0.06472609092358181
  ],
  [
    1595808000000,
    29.98571800415079
  ],
  [
    1595894400000,
    27.715124958524026
  ],
  [
    1595980800000,
    152.67076271626348
  ],
  [
    1596067200000,
    934.5409259740593
  ],
  [
    1596153600000,
    0.44082138390282
  ],
  [
    1596240000000,
    1045.6102051700811
  ],
  [
    1596326400000,
    1494.4731711789252
  ],
  [
    1596412800000,
    152.933151942498
  ],
  [
    1596499200000,
    102.59246500079715
  ],
  [
    1596585600000,
    127.76764812036335
  ],
  [
    1596672000000,
    0.09148155339312435
  ],
  [
    1596758400000,
    1.735260185254634
  ],
  [
    1596844800000,
    1160.4983135166253
  ],
  [
    1596931200000,
    627.4125394978748
  ],
  [
    1597017600000,
    546.3608606407355
  ],
  [
    1597104000000,
    190.5182064436643
  ],
  [
    1597190400000,
    0.0325947612456993
  ],
  [
    1597276800000,
    0.0014138485106837825
  ],
  [
    1597363200000,
    4.347276456383028
  ],
  [
    1597449600000,
    0.04846787668292397
  ],
  [
    1597536000000,
    3.55887705178491
  ],
  [
    1597622400000,
    1.468661629697879
  ],
  [
    1597708800000,
    0.17272817998184473
  ],
  [
    1597795200000,
    3.9332435242469206
  ],
  [
    1597881600000,
    4.828014930614157
  ],
  [
    1597968000000,
    4.75966338352807
  ],
  [
    1598054400000,
    4.610206622957156
  ],
  [
    1598140800000,
    35.12160506985913
  ],
  [
    1598227200000,
    11.624238955101157
  ],
  [
    1598313600000,
    11.794569417180218
  ],
  [
    1598400000000,
    4.536828627885078
  ],
  [
    1598486400000,
    4.551271206943103
  ],
  [
    1598572800000,
    8.24753030291159
  ],
  [
    1598659200000,
    3.6650445267338188
  ],
  [
    1598745600000,
    10.829736484040795
  ],
  [
    1598832000000,
    1.5392881357948738
  ],
  [
    1598918400000,
    1.4391767513574072
  ],
  [
    1599004800000,
    21.26275094163596
  ],
  [
    1599091200000,
    35.011905701967926
  ],
  [
    1599177600000,
    1.028170135094519
  ],
  [
    1599264000000,
    1.0931126878935025
  ],
  [
    1599350400000,
    624.5382554902807
  ],
  [
    1599436800000,
    26.63690823155096
  ],
  [
    1599523200000,
    35.74374388411476
  ],
  [
    1599609600000,
    31.94543677606144
  ],
  [
    1599696000000,
    16.439925849007686
  ],
  [
    1599782400000,
    14.002991831253969
  ],
  [
    1599868800000,
    25.88419300835342
  ],
  [
    1599955200000,
    104.43862708663556
  ],
  [
    1600041600000,
    184.12892250772586
  ],
  [
    1600128000000,
    72.34803307699472
  ],
  [
    1600214400000,
    23.833021860430453
  ],
  [
    1600300800000,
    23.051750117907915
  ],
  [
    1600387200000,
    33.955622966588905
  ],
  [
    1600473600000,
    25.981115459841547
  ],
  [
    1600560000000,
    29.78960985269499
  ],
  [
    1600646400000,
    41.45383751740126
  ],
  [
    1600732800000,
    75.36128709583778
  ],
  [
    1600819200000,
    33.966154364965305
  ],
  [
    1600905600000,
    48.64449464763053
  ],
  [
    1600992000000,
    43.0680739521917
  ],
  [
    1601078400000,
    114.85127469690727
  ],
  [
    1601164800000,
    15.22151229202568
  ],
  [
    1601251200000,
    12.117617695365091
  ],
  [
    1601337600000,
    8.971920172989398
  ],
  [
    1601424000000,
    14.723964322078464
  ],
  [
    1601510400000,
    13.849774613982246
  ],
  [
    1601596800000,
    8.2887470988208
  ],
  [
    1601683200000,
    7.898970516950654
  ],
  [
    1601769600000,
    10.427777226206906
  ],
  [
    1601856000000,
    15.606637299901896
  ],
  [
    1601942400000,
    121.65305238068768
  ],
  [
    1602028800000,
    23.703903833919796
  ],
  [
    1602115200000,
    22.161896163647082
  ],
  [
    1602201600000,
    0.922526698234023
  ],
  [
    1602288000000,
    13.464842870868441
  ],
  [
    1602374400000,
    254.10659440446196
  ],
  [
    1602460800000,
    9.162994522631365
  ],
  [
    1602547200000,
    43.25440174921344
  ],
  [
    1602633600000,
    26.44503075180557
  ],
  [
    1602720000000,
    35.312599504830345
  ],
  [
    1602806400000,
    39.58831284933569
  ],
  [
    1602892800000,
    113.14235399192577
  ],
  [
    1602979200000,
    25.313405305854573
  ],
  [
    1603065600000,
    32.560610743565405
  ],
  [
    1603152000000,
    49.42504089789256
  ],
  [
    1603238400000,
    67.96218391615248
  ],
  [
    1603324800000,
    46.760879754954296
  ],
  [
    1603411200000,
    26.778379430911546
  ],
  [
    1603497600000,
    0.645942844752249
  ],
  [
    1603584000000,
    1.6246446613516874
  ],
  [
    1603670400000,
    9.309062018449874
  ],
  [
    1603756800000,
    55.603723609403175
  ],
  [
    1603843200000,
    79.26385311932067
  ],
  [
    1603929600000,
    27.2357907383323
  ],
  [
    1604016000000,
    38.851865906728186
  ],
  [
    1604102400000,
    43.06221887775143
  ],
  [
    1604188800000,
    33.54039213946375
  ],
  [
    1604275200000,
    38.12882773564504
  ],
  [
    1604361600000,
    67.97689655281566
  ],
  [
    1604448000000,
    8.884027902726348
  ],
  [
    1604534400000,
    0.5678110646823901
  ],
  [
    1604620800000,
    0.5927847232941246
  ],
  [
    1604707200000,
    0.00003346412526094518
  ],
  [
    1604793600000,
    0.00004717462308223738
  ],
  [
    1604880000000,
    0.001111093675413489
  ],
  [
    1604966400000,
    139.06437412080408
  ],
  [
    1605052800000,
    0.00042546112594372986
  ],
  [
    1605139200000,
    0.018271209292653804
  ],
  [
    1605225600000,
    0.00047040715219280436
  ],
  [
    1605312000000,
    0.7709416340685507
  ],
  [
    1605398400000,
    0.0018931748241118112
  ],
  [
    1605484800000,
    0.0005918643072199559
  ],
  [
    1605571200000,
    0.5873977519817255
  ],
  [
    1605657600000,
    0.06950949510209473
  ],
  [
    1605744000000,
    0.023646888721349898
  ],
  [
    1605830400000,
    0.03183349263656372
  ],
  [
    1605916800000,
    0.05505778101007962
  ],
  [
    1606003200000,
    0.06486608097991521
  ],
  [
    1606089600000,
    0.010677651537844756
  ],
  [
    1606176000000,
    2.852987380521589
  ],
  [
    1606262400000,
    1.4970073312750352
  ],
  [
    1606348800000,
    0.06381842255683659
  ],
  [
    1606435200000,
    0.017490484891715608
  ],
  [
    1606521600000,
    0.009294952766898677
  ],
  [
    1606608000000,
    4.951242294980087
  ],
  [
    1606694400000,
    25.36295196608697
  ],
  [
    1606780800000,
    0.8217879728182123
  ],
  [
    1606867200000,
    23.431800008997225
  ],
  [
    1606953600000,
    45.64729287457871
  ],
  [
    1607040000000,
    0.0012201055569329698
  ],
  [
    1607126400000,
    0.009075462775824848
  ],
  [
    1607212800000,
    0.004240341395324142
  ],
  [
    1607299200000,
    0.005983163172193152
  ],
  [
    1607385600000,
    0.18252312523942651
  ],
  [
    1607472000000,
    1.0893898634023393
  ],
  [
    1607558400000,
    7.695626320807739
  ],
  [
    1607644800000,
    0.07878916833333063
  ],
  [
    1607731200000,
    70.20356001582154
  ],
  [
    1607817600000,
    22.796037476150566
  ],
  [
    1607904000000,
    4.365307229830663
  ],
  [
    1607990400000,
    0.28705629495610563
  ],
  [
    1608076800000,
    0.000014797895348336766
  ],
  [
    1608163200000,
    0.4705137377283741
  ],
  [
    1608249600000,
    2.0078370452137473
  ],
  [
    1608336000000,
    0.026708279909204855
  ],
  [
    1608422400000,
    3.5614170126553923
  ],
  [
    1608508800000,
    364.9675105207257
  ],
  [
    1608595200000,
    0.016277949534466183
  ],
  [
    1608681600000,
    98.32827270108571
  ],
  [
    1608768000000,
    183.0064385450873
  ],
  [
    1608854400000,
    1.401903193680625
  ],
  [
    1608940800000,
    0.40584403840771316
  ],
  [
    1609027200000,
    2.729899882724389
  ],
  [
    1609113600000,
    4.799708948115692
  ],
  [
    1609200000000,
    0.025752970413517876
  ],
  [
    1609286400000,
    0.18569676610330846
  ],
  [
    1609372800000,
    41.77510006828734
  ],
  [
    1609459200000,
    179.1429004962793
  ],
  [
    1609545600000,
    16.422754127278118
  ],
  [
    1609632000000,
    10.126012064064932
  ],
  [
    1609718400000,
    18.31745271832581
  ],
  [
    1609804800000,
    1477.264110891454
  ],
  [
    1609891200000,
    318.06393756916503
  ],
  [
    1609977600000,
    1115.597138314989
  ],
  [
    1610064000000,
    80.97987679311625
  ],
  [
    1610150400000,
    2.9668680865108765
  ],
  [
    1610236800000,
    37.561587476434106
  ],
  [
    1610323200000,
    47.564603853101914
  ],
  [
    1610409600000,
    1.5269036439894108
  ],
  [
    1610496000000,
    0.08080278096107088
  ],
  [
    1610582400000,
    15.048886588610673
  ],
  [
    1610668800000,
    46.71445720106962
  ],
  [
    1610755200000,
    0.00022652529609296332
  ],
  [
    1610841600000,
    0.00023169247103649505
  ],
  [
    1610928000000,
    3.382582275497774
  ],
  [
    1611014400000,
    0.11502073526325185
  ],
  [
    1611100800000,
    0.0004775245194318045
  ],
  [
    1611187200000,
    1.3391872080914375
  ],
  [
    1611273600000,
    1.3391872080914375
  ],
  [
    1611360000000,
    14.992111310877927
  ],
  [
    1611446400000,
    6.82025061580667
  ],
  [
    1611532800000,
    4.623126462575364
  ],
  [
    1611619200000,
    2.0505170258653407
  ],
  [
    1611705600000,
    29.01139746747293
  ],
  [
    1611792000000,
    1.2406662528286052
  ],
  [
    1611878400000,
    11.312042414671703
  ],
  [
    1611964800000,
    0.9965334525978915
  ],
  [
    1612051200000,
    4.581255647284829
  ],
  [
    1612137600000,
    1.128678952873993
  ],
  [
    1612224000000,
    0.7175421224304098
  ],
  [
    1612310400000,
    1.438512018793831
  ],
  [
    1612396800000,
    0.29146395368910777
  ],
  [
    1612483200000,
    0.001584488303503038
  ],
  [
    1612569600000,
    399.8929016181234
  ],
  [
    1612656000000,
    3.2847318390438067
  ],
  [
    1612742400000,
    9.957102342745618
  ],
  [
    1612828800000,
    0.05406256530186822
  ],
  [
    1612915200000,
    0.001020814164780443
  ],
  [
    1613001600000,
    483.90204061428426
  ],
  [
    1613088000000,
    184.36987468835687
  ],
  [
    1613174400000,
    143.99152007434918
  ],
  [
    1613260800000,
    316.77487779521783
  ],
  [
    1613347200000,
    330.97344291038485
  ],
  [
    1613433600000,
    590.7618684933268
  ],
  [
    1613520000000,
    0.0007550864340316961
  ],
  [
    1613606400000,
    8.0013452920357
  ],
  [
    1613692800000,
    8.0013452920357
  ],
  [
    1613779200000,
    12.860263618616232
  ],
  [
    1613865600000,
    239.44765339831878
  ],
  [
    1613952000000,
    6515.318935084462
  ],
  [
    1614038400000,
    357.07691928464163
  ],
  [
    1614124800000,
    61.75270342316925
  ],
  [
    1614211200000,
    37.60479916477424
  ],
  [
    1614297600000,
    10871.169820792613
  ],
  [
    1614384000000,
    4013.79481938592
  ],
  [
    1614470400000,
    649.4185627253754
  ],
  [
    1614556800000,
    17.71815960570854
  ],
  [
    1614643200000,
    1139.6380777721618
  ],
  [
    1614729600000,
    313.1495872502387
  ],
  [
    1614816000000,
    50.883404215163814
  ],
  [
    1614902400000,
    95.71078836138759
  ],
  [
    1614988800000,
    33.99539693790377
  ],
  [
    1615075200000,
    57.91759456404236
  ],
  [
    1615161600000,
    35.40668812950942
  ],
  [
    1615248000000,
    421.2318284998041
  ],
  [
    1615334400000,
    11.836055154547946
  ],
  [
    1615420800000,
    29.604043674452935
  ],
  [
    1615507200000,
    360.8948987012657
  ],
  [
    1615593600000,
    23.504496814954432
  ],
  [
    1615680000000,
    24.870908006319503
  ],
  [
    1615766400000,
    367.5103575479476
  ],
  [
    1615852800000,
    148.95997471258966
  ],
  [
    1615939200000,
    102.67847488025974
  ],
  [
    1616025600000,
    18.659245788641172
  ],
  [
    1616112000000,
    171.13017199129368
  ],
  [
    1616198400000,
    2.9190302635568006
  ],
  [
    1616284800000,
    2983.4958481403123
  ],
  [
    1616371200000,
    106.6993739127962
  ],
  [
    1616457600000,
    357.1285263708801
  ],
  [
    1616544000000,
    27.88498715198011
  ],
  [
    1616630400000,
    467.47915259008215
  ],
  [
    1616716800000,
    278.44395727468947
  ],
  [
    1616803200000,
    0.061610417188487754
  ],
  [
    1616889600000,
    110.54818549365986
  ],
  [
    1616976000000,
    1421.3112072748463
  ],
  [
    1617062400000,
    14.1463214434147
  ],
  [
    1617148800000,
    0.1571462928555709
  ],
  [
    1617235200000,
    547.3050412752018
  ],
  [
    1617321600000,
    0.5576053757417816
  ],
  [
    1617408000000,
    0.03885685236767841
  ],
  [
    1617494400000,
    3.6189520102194206
  ],
  [
    1617580800000,
    16.414438178035194
  ],
  [
    1617667200000,
    15.934268097443358
  ],
  [
    1617753600000,
    0.2621615838078916
  ],
  [
    1617840000000,
    0.1597833885673525
  ],
  [
    1617926400000,
    0.2141804186615194
  ],
  [
    1618012800000,
    370.47594047100847
  ],
  [
    1618099200000,
    0.020684998741168196
  ],
  [
    1618185600000,
    0.07668268889295325
  ],
  [
    1618272000000,
    0.1004752389184357
  ],
  [
    1618358400000,
    0.33141792455097313
  ],
  [
    1618444800000,
    32.24788235558241
  ],
  [
    1618531200000,
    11.31536765470784
  ],
  [
    1618617600000,
    325.6483959727316
  ],
  [
    1618704000000,
    0.16075414953838776
  ],
  [
    1618790400000,
    0.1782746136732042
  ],
  [
    1618876800000,
    0.020863060308729975
  ],
  [
    1618963200000,
    5.415168433876248
  ],
  [
    1619049600000,
    18.563907164112287
  ],
  [
    1619136000000,
    43.89662076536834
  ],
  [
    1619222400000,
    6.781515708297538
  ],
  [
    1619308800000,
    0.1059336608136925
  ],
  [
    1619395200000,
    55.95797855248779
  ],
  [
    1619481600000,
    1.850151571484002
  ],
  [
    1619568000000,
    149.24439621823583
  ],
  [
    1619654400000,
    23.91805464073858
  ],
  [
    1619740800000,
    77.1002027482078
  ],
  [
    1619827200000,
    8.546174612940558
  ],
  [
    1619913600000,
    19865.941372650705
  ],
  [
    1620000000000,
    6435.182993180762
  ],
  [
    1620086400000,
    146.14887500770152
  ],
  [
    1620172800000,
    1511.0691471832693
  ],
  [
    1620259200000,
    2401.265502280106
  ],
  [
    1620345600000,
    1.0231798030457193
  ],
  [
    1620432000000,
    886.1793942976019
  ],
  [
    1620518400000,
    1046.6290792352759
  ],
  [
    1620604800000,
    1178.8916390979591
  ],
  [
    1620691200000,
    603.5424452666592
  ],
  [
    1620777600000,
    530.6220519919458
  ],
  [
    1620864000000,
    690.7700529631192
  ],
  [
    1620950400000,
    1065.5573991524207
  ],
  [
    1621036800000,
    981.3104737945113
  ],
  [
    1621123200000,
    1424.9577286098538
  ],
  [
    1621209600000,
    1448.4463794700239
  ],
  [
    1621296000000,
    14.008758386121603
  ],
  [
    1621382400000,
    10.387281461426655
  ],
  [
    1621468800000,
    580.9984575330136
  ],
  [
    1621555200000,
    74.96748389913752
  ],
  [
    1621641600000,
    228.21153514864014
  ],
  [
    1621728000000,
    370.1780637789005
  ],
  [
    1621814400000,
    89.7265170143264
  ],
  [
    1621900800000,
    7.839151964886646
  ],
  [
    1621987200000,
    771.2180020575079
  ],
  [
    1622073600000,
    674.5923847943196
  ],
  [
    1622160000000,
    13.404335639579953
  ],
  [
    1622246400000,
    2.687986586182749
  ],
  [
    1622332800000,
    2.2149195831855133
  ],
  [
    1622419200000,
    1214.9572642166586
  ],
  [
    1622505600000,
    106.82203318424081
  ],
  [
    1622592000000,
    32.611792599529515
  ],
  [
    1622678400000,
    61.4940959930618
  ],
  [
    1622764800000,
    27.447233533609904
  ],
  [
    1622851200000,
    0.6559138786235369
  ],
  [
    1622937600000,
    0.18575841587902867
  ],
  [
    1623024000000,
    0.09165942340638601
  ],
  [
    1623110400000,
    9.339444483389162
  ],
  [
    1623196800000,
    222.56254035411482
  ],
  [
    1623283200000,
    2247.244275271434
  ],
  [
    1623369600000,
    1175.447491636184
  ],
  [
    1623456000000,
    296.4540458277921
  ],
  [
    1623542400000,
    2498.701981021374
  ],
  [
    1623628800000,
    1.6639318019843192
  ],
  [
    1623715200000,
    3733.827056277909
  ],
  [
    1623801600000,
    2.333786597389227
  ],
  [
    1623888000000,
    0.023206132528599505
  ],
  [
    1623974400000,
    0.054328690852690584
  ],
  [
    1624060800000,
    92.59474239875767
  ],
  [
    1624147200000,
    13.697775928705576
  ],
  [
    1624233600000,
    24.69167492975995
  ],
  [
    1624320000000,
    220.79772769969966
  ],
  [
    1624406400000,
    190.39464130053102
  ],
  [
    1624492800000,
    1420.4681457974239
  ],
  [
    1624579200000,
    214.6306632462483
  ],
  [
    1624665600000,
    39.713310267401745
  ],
  [
    1624752000000,
    54.07065467953044
  ],
  [
    1624838400000,
    9.868944262683973
  ],
  [
    1624924800000,
    3.303996690442558
  ],
  [
    1625011200000,
    2.0402254385287715
  ],
  [
    1625097600000,
    39.752199246555705
  ],
  [
    1625184000000,
    2.0311512702318444
  ],
  [
    1625270400000,
    5.223078961521987
  ],
  [
    1625356800000,
    8.900728628296239
  ],
  [
    1625443200000,
    241.71678446378368
  ],
  [
    1625529600000,
    2.0137575028279926
  ],
  [
    1625616000000,
    23.309536111065253
  ],
  [
    1625702400000,
    14.080968829080915
  ],
  [
    1625788800000,
    19.819921107501823
  ],
  [
    1625875200000,
    19.48328755399081
  ],
  [
    1625961600000,
    2.314556106194369
  ],
  [
    1626048000000,
    5.6091200983634
  ],
  [
    1626134400000,
    0.016002630769358994
  ],
  [
    1626220800000,
    5.419809672734019
  ],
  [
    1626307200000,
    20.420727316419484
  ],
  [
    1626393600000,
    4.714679213068582
  ],
  [
    1626480000000,
    51.35269325229667
  ],
  [
    1626566400000,
    301.56369563717647
  ],
  [
    1626652800000,
    271.6841161969062
  ],
  [
    1626739200000,
    68.32511198219531
  ],
  [
    1626825600000,
    320.3555873824021
  ],
  [
    1626912000000,
    0.42144023503097655
  ],
  [
    1626998400000,
    27.03990539713322
  ],
  [
    1627084800000,
    26.28017100153612
  ],
  [
    1627171200000,
    11.738631459028017
  ],
  [
    1627257600000,
    17.448764417913615
  ],
  [
    1627344000000,
    9.177565620601719
  ],
  [
    1627430400000,
    13.839288595008345
  ],
  [
    1627516800000,
    1.594205415253449
  ],
  [
    1627603200000,
    42.68721287090587
  ],
  [
    1627689600000,
    35.39017162614836
  ],
  [
    1627776000000,
    2.868961010296392
  ],
  [
    1627862400000,
    28.90289877208019
  ],
  [
    1627948800000,
    10.111783980763754
  ],
  [
    1628035200000,
    67.45950864338016
  ],
  [
    1628121600000,
    78.8633575951102
  ],
  [
    1628208000000,
    21.678436223129708
  ],
  [
    1628294400000,
    0.16912154721935116
  ],
  [
    1628380800000,
    131.8694772575856
  ],
  [
    1628467200000,
    0.05605418657192597
  ],
  [
    1628553600000,
    3.2084760579575424
  ],
  [
    1628640000000,
    0.43198386622698776
  ],
  [
    1628726400000,
    0.6134141747767344
  ],
  [
    1628812800000,
    0.004121523447285581
  ],
  [
    1628899200000,
    1.649259121686956
  ],
  [
    1628985600000,
    11.86044274618356
  ],
  [
    1629072000000,
    51.18064285583665
  ],
  [
    1629158400000,
    58.790410017035676
  ],
  [
    1629244800000,
    58.71485608217712
  ],
  [
    1629331200000,
    60.91188115766183
  ],
  [
    1629417600000,
    3.25891422599491
  ],
  [
    1629504000000,
    1.2751040225376165
  ],
  [
    1629590400000,
    208.69620149175364
  ],
  [
    1629676800000,
    191.83336916960386
  ],
  [
    1630022400000,
    205.450228563532
  ],
  [
    1630108800000,
    205.450228563532
  ],
  [
    1630195200000,
    0.4626911744249551
  ],
  [
    1630281600000,
    1.040673601881334
  ],
  [
    1630368000000,
    1.040673601881334
  ],
  [
    1630454400000,
    0.1554837176418027
  ],
  [
    1630540800000,
    1107.376578993563
  ],
  [
    1630627200000,
    166.42087360757398
  ]
]