[
  [
    1610496000000,
    837.4673251410504
  ],
  [
    1610582400000,
    837.4673251410504
  ],
  [
    1610668800000,
    858.6665572971281
  ],
  [
    1610755200000,
    849.5419222818291
  ],
  [
    1610841600000,
    838.3651023608967
  ],
  [
    1610928000000,
    838.8977222043319
  ],
  [
    1611014400000,
    842.3279563427336
  ],
  [
    1611100800000,
    845.7696789473437
  ],
  [
    1611187200000,
    869.8828358980468
  ],
  [
    1611273600000,
    857.0537819660861
  ],
  [
    1611360000000,
    849.5978669102416
  ],
  [
    1611446400000,
    912.3364048016188
  ],
  [
    1611532800000,
    913.0583507092533
  ],
  [
    1611619200000,
    866.4777208565903
  ],
  [
    1611705600000,
    918.3416037778234
  ],
  [
    1611792000000,
    844.9027974486876
  ],
  [
    1611878400000,
    860.2796884991908
  ],
  [
    1611964800000,
    807.9962247043231
  ],
  [
    1612051200000,
    874.131888336701
  ],
  [
    1612137600000,
    882.9019822605266
  ],
  [
    1612224000000,
    920.4279499540077
  ],
  [
    1612310400000,
    1061.6562705288184
  ],
  [
    1612396800000,
    997.573173069582
  ],
  [
    1612483200000,
    1028.217781547076
  ],
  [
    1612569600000,
    987.3949995321542
  ],
  [
    1612656000000,
    953.3823697097566
  ],
  [
    1612742400000,
    989.1302245422988
  ],
  [
    1612828800000,
    939.3577537171614
  ],
  [
    1612915200000,
    931.0867054782626
  ],
  [
    1613001600000,
    883.1773635120832
  ],
  [
    1613088000000,
    881.3062577747405
  ],
  [
    1613174400000,
    875.9866349530432
  ],
  [
    1613260800000,
    922.1530594900081
  ],
  [
    1613347200000,
    936.0532279687172
  ],
  [
    1613433600000,
    915.213154834582
  ],
  [
    1613520000000,
    831.4566697216932
  ],
  [
    1613606400000,
    802.4458261642354
  ],
  [
    1613692800000,
    792.4632021863861
  ],
  [
    1613779200000,
    797.6885007375611
  ],
  [
    1613865600000,
    817.5429811850864
  ],
  [
    1613952000000,
    859.0206575950826
  ],
  [
    1614038400000,
    725.8492561520532
  ],
  [
    1614124800000,
    715.6023831025158
  ],
  [
    1614211200000,
    755.4629963239273
  ],
  [
    1614297600000,
    691.6629025196243
  ],
  [
    1614384000000,
    682.5563452006627
  ],
  [
    1614470400000,
    686.3781845591158
  ],
  [
    1614556800000,
    674.4439627100853
  ],
  [
    1614643200000,
    734.0962684464033
  ],
  [
    1614729600000,
    713.801812961399
  ],
  [
    1614816000000,
    663.5270557178595
  ],
  [
    1614902400000,
    616.2228588837513
  ],
  [
    1614988800000,
    607.3059451023493
  ],
  [
    1615075200000,
    608.7978722855745
  ],
  [
    1615161600000,
    613.1926073985188
  ],
  [
    1615248000000,
    575.7214247048084
  ],
  [
    1615334400000,
    701.0130445930065
  ],
  [
    1615420800000,
    677.6618296137517
  ],
  [
    1615507200000,
    707.8966316983
  ],
  [
    1615593600000,
    708.9960317368469
  ],
  [
    1615680000000,
    730.8680325660523
  ],
  [
    1615766400000,
    722.6487417801408
  ],
  [
    1615852800000,
    715.940422689315
  ],
  [
    1615939200000,
    693.6775496287012
  ],
  [
    1616025600000,
    717.510876575377
  ],
  [
    1616112000000,
    664.0385104201093
  ],
  [
    1616198400000,
    665.7768262376251
  ],
  [
    1616284800000,
    676.0301706270265
  ],
  [
    1616371200000,
    682.983446973462
  ],
  [
    1616457600000,
    677.2319163797
  ],
  [
    1616544000000,
    675.4123193244253
  ],
  [
    1616630400000,
    643.5953985705856
  ],
  [
    1616716800000,
    655.2943036561633
  ],
  [
    1616803200000,
    633.7864296238115
  ],
  [
    1616889600000,
    633.8652940865888
  ],
  [
    1616976000000,
    643.3414509450546
  ],
  [
    1617062400000,
    617.5201852782988
  ],
  [
    1617148800000,
    646.5905236294008
  ],
  [
    1617235200000,
    671.9595955351849
  ],
  [
    1617321600000,
    669.9396232466439
  ],
  [
    1617408000000,
    672.6317902659579
  ],
  [
    1617494400000,
    692.3616767961469
  ],
  [
    1617580800000,
    693.7185869453722
  ],
  [
    1617667200000,
    699.9267493465383
  ],
  [
    1617753600000,
    693.0276714022061
  ],
  [
    1617840000000,
    664.1270072361161
  ],
  [
    1617926400000,
    688.5028713272146
  ],
  [
    1618012800000,
    686.7135214841007
  ],
  [
    1618099200000,
    703.3541361941304
  ],
  [
    1618185600000,
    690.2355728113245
  ],
  [
    1618272000000,
    696.8716387975662
  ],
  [
    1618358400000,
    763.8087334918999
  ],
  [
    1618444800000,
    742.7424794143072
  ],
  [
    1618531200000,
    740.1741569378893
  ],
  [
    1618617600000,
    754.4615345052183
  ],
  [
    1618704000000,
    742.1767700519299
  ],
  [
    1618790400000,
    732.163031527445
  ],
  [
    1618876800000,
    725.5178415725708
  ],
  [
    1618963200000,
    723.3561934745087
  ],
  [
    1619049600000,
    746.8711630929025
  ],
  [
    1619136000000,
    732.2874439927714
  ],
  [
    1619222400000,
    737.4584166158849
  ],
  [
    1619308800000,
    733.5379114847049
  ],
  [
    1619395200000,
    742.7803599646983
  ],
  [
    1619481600000,
    734.0635536245398
  ],
  [
    1619568000000,
    714.3360699404486
  ],
  [
    1619654400000,
    705.5146677265733
  ],
  [
    1619740800000,
    698.8643930316038
  ],
  [
    1619827200000,
    732.0703352380472
  ],
  [
    1619913600000,
    728.5861334772748
  ],
  [
    1620000000000,
    721.1127999047486
  ],
  [
    1620086400000,
    695.2391626079515
  ],
  [
    1620172800000,
    686.8347629053527
  ],
  [
    1620259200000,
    681.6342812414049
  ],
  [
    1620345600000,
    679.6125434659192
  ],
  [
    1620432000000,
    680.0245801275148
  ],
  [
    1620518400000,
    673.7804799148678
  ],
  [
    1620604800000,
    683.0929533177363
  ],
  [
    1620691200000,
    627.9337902477611
  ],
  [
    1620777600000,
    622.8364026280992
  ],
  [
    1620864000000,
    588.1352640517201
  ],
  [
    1620950400000,
    574.889881766265
  ],
  [
    1621036800000,
    607.5671787475418
  ],
  [
    1621123200000,
    592.6203539711028
  ],
  [
    1621209600000,
    593.1999603343098
  ],
  [
    1621296000000,
    576.2397946174573
  ],
  [
    1621382400000,
    579.6858004741689
  ],
  [
    1621468800000,
    557.388030557823
  ],
  [
    1621555200000,
    584.0927448354657
  ],
  [
    1621641600000,
    565.7820079678391
  ],
  [
    1621728000000,
    574.741691159439
  ],
  [
    1621814400000,
    541.0178235228856
  ],
  [
    1621900800000,
    590.1953986065303
  ],
  [
    1621987200000,
    607.8784073472619
  ],
  [
    1622073600000,
    631.1659744276834
  ],
  [
    1622160000000,
    631.768349211337
  ],
  [
    1622246400000,
    633.0768011851346
  ],
  [
    1622332800000,
    639.6585395734544
  ],
  [
    1622419200000,
    629.292871554043
  ],
  [
    1622505600000,
    641.6364262365768
  ],
  [
    1622592000000,
    631.8746077536954
  ],
  [
    1622678400000,
    611.765229992351
  ],
  [
    1622764800000,
    583.9765099978605
  ],
  [
    1622851200000,
    607.4154003979027
  ],
  [
    1622937600000,
    603.6317804988354
  ],
  [
    1623024000000,
    604.699929576773
  ],
  [
    1623110400000,
    609.0717085897527
  ],
  [
    1623196800000,
    614.3556563295789
  ],
  [
    1623283200000,
    606.1699759140416
  ],
  [
    1623369600000,
    621.1905973689607
  ],
  [
    1623456000000,
    617.3472569658314
  ],
  [
    1623542400000,
    617.6424037525285
  ],
  [
    1623628800000,
    622.2446321062322
  ],
  [
    1623715200000,
    627.1670334105852
  ],
  [
    1623801600000,
    609.4715091457776
  ],
  [
    1623888000000,
    609.5229826052715
  ],
  [
    1623974400000,
    625.77754020622
  ],
  [
    1624060800000,
    631.0897960066454
  ],
  [
    1624147200000,
    634.6715230216945
  ],
  [
    1624233600000,
    635.3177412173237
  ],
  [
    1624320000000,
    629.8103032479452
  ],
  [
    1624406400000,
    632.9128776982363
  ],
  [
    1624492800000,
    662.9498039638954
  ],
  [
    1624579200000,
    686.3579355063083
  ],
  [
    1624665600000,
    675.0286625098528
  ],
  [
    1624752000000,
    673.6999941222317
  ],
  [
    1624838400000,
    675.2608835740662
  ],
  [
    1624924800000,
    696.8188447927063
  ],
  [
    1625011200000,
    687.5633996432633
  ],
  [
    1625097600000,
    685.9362696884506
  ],
  [
    1625184000000,
    689.2754904968717
  ],
  [
    1625270400000,
    691.0512020376484
  ],
  [
    1625356800000,
    690.3298858917228
  ],
  [
    1625443200000,
    687.9023146820368
  ],
  [
    1625529600000,
    688.9489157768672
  ],
  [
    1625616000000,
    667.2413081658847
  ],
  [
    1625702400000,
    653.8873128339866
  ],
  [
    1625788800000,
    659.7913819151635
  ],
  [
    1625875200000,
    664.2201161366905
  ],
  [
    1625961600000,
    666.9722075765659
  ],
  [
    1626048000000,
    667.7579408066744
  ],
  [
    1626134400000,
    698.4855037688865
  ],
  [
    1626220800000,
    680.4779522185268
  ],
  [
    1626307200000,
    669.7383339354205
  ],
  [
    1626393600000,
    667.858158954753
  ],
  [
    1626480000000,
    667.2231069006191
  ],
  [
    1626566400000,
    659.0760371340331
  ],
  [
    1626652800000,
    661.2134739166995
  ],
  [
    1626739200000,
    654.6846575145458
  ],
  [
    1626825600000,
    669.9788689710662
  ],
  [
    1626912000000,
    669.0443901476397
  ],
  [
    1626998400000,
    661.3080805967866
  ],
  [
    1627084800000,
    656.3482794012962
  ],
  [
    1627171200000,
    653.3141107071339
  ],
  [
    1627257600000,
    660.6907318180549
  ],
  [
    1627344000000,
    673.3835869325245
  ],
  [
    1627430400000,
    656.0035089948104
  ],
  [
    1627516800000,
    659.6060528063638
  ],
  [
    1627603200000,
    680.6167293831145
  ],
  [
    1627689600000,
    701.6118349624927
  ],
  [
    1627776000000,
    695.2167767048932
  ],
  [
    1627862400000,
    700.244740388242
  ],
  [
    1627948800000,
    715.3874828430266
  ],
  [
    1628035200000,
    717.5848615690752
  ],
  [
    1628121600000,
    727.1117893647064
  ],
  [
    1628208000000,
    728.1220986911926
  ],
  [
    1628294400000,
    716.1454847327327
  ],
  [
    1628380800000,
    719.0335170364722
  ],
  [
    1628467200000,
    719.6501446143637
  ],
  [
    1628553600000,
    724.8653793619276
  ],
  [
    1628640000000,
    728.1473547954838
  ],
  [
    1628726400000,
    719.5164623740316
  ],
  [
    1628812800000,
    732.0867098045205
  ],
  [
    1628899200000,
    732.8979063354419
  ],
  [
    1628985600000,
    730.4670015161411
  ],
  [
    1629072000000,
    729.3619071474507
  ],
  [
    1629158400000,
    697.6677404211772
  ],
  [
    1629244800000,
    672.4403710955784
  ],
  [
    1629331200000,
    697.8410461865233
  ],
  [
    1629417600000,
    702.4832892180244
  ],
  [
    1629504000000,
    691.9057325149579
  ],
  [
    1629590400000,
    695.5949182112928
  ],
  [
    1629676800000,
    689.6535263186237
  ],
  [
    1629763200000,
    711.1361653094981
  ],
  [
    1629849600000,
    712.3006802258816
  ],
  [
    1629936000000,
    719.7881056720364
  ],
  [
    1630022400000,
    717.7673029973001
  ],
  [
    1630108800000,
    723.4082720592473
  ],
  [
    1630195200000,
    724.3733242878924
  ],
  [
    1630281600000,
    730.2307003038097
  ],
  [
    1630368000000,
    730.6794515403049
  ],
  [
    1630454400000,
    739.8130766070914
  ],
  [
    1630540800000,
    751.0648338107112
  ],
  [
    1630627200000,
    749.6206676036443
  ]
]