[
  [
    1560988800000,
    0.30025718818323355
  ],
  [
    1561075200000,
    0.20122691011399763
  ],
  [
    1561161600000,
    0.1528043770623839
  ],
  [
    1561248000000,
    0.14833671162026243
  ],
  [
    1561334400000,
    0.11452003847813624
  ],
  [
    1561420800000,
    0.1479287234913579
  ],
  [
    1561507200000,
    0.14268490622275642
  ],
  [
    1561593600000,
    0.16519548445922935
  ],
  [
    1561680000000,
    0.18959731228318794
  ],
  [
    1561766400000,
    0.21861656412961533
  ],
  [
    1561852800000,
    0.20392799723867305
  ],
  [
    1561939200000,
    0.1862133631953529
  ],
  [
    1562025600000,
    0.19916627005823512
  ],
  [
    1562112000000,
    0.22864997238822315
  ],
  [
    1562198400000,
    0.23862291270286315
  ],
  [
    1562284800000,
    0.2601537886178444
  ],
  [
    1562371200000,
    0.26908551985679036
  ],
  [
    1562457600000,
    0.2697138626113173
  ],
  [
    1562544000000,
    0.28070820792319107
  ],
  [
    1562630400000,
    0.29558213568440717
  ],
  [
    1562716800000,
    0.292187000640367
  ],
  [
    1562803200000,
    0.2754818598082698
  ],
  [
    1562889600000,
    0.2540106414374604
  ],
  [
    1562976000000,
    0.2606361234859019
  ],
  [
    1563062400000,
    0.28984148152472405
  ],
  [
    1563148800000,
    0.2432619231626767
  ],
  [
    1563235200000,
    0.25021821894043983
  ],
  [
    1563321600000,
    0.21346559325329117
  ],
  [
    1563408000000,
    0.22716034505685492
  ],
  [
    1563494400000,
    0.23863755071973822
  ],
  [
    1563580800000,
    0.23718697154287308
  ],
  [
    1563667200000,
    0.24336395393579846
  ],
  [
    1563753600000,
    0.23760228556266483
  ],
  [
    1563840000000,
    0.23204096744022862
  ],
  [
    1563926400000,
    0.22149271123333036
  ],
  [
    1564012800000,
    0.23345764022836193
  ],
  [
    1564099200000,
    0.261529743637017
  ],
  [
    1564185600000,
    0.2635757354341509
  ],
  [
    1564272000000,
    0.24641528008763258
  ],
  [
    1564358400000,
    0.2536727440645388
  ],
  [
    1564444800000,
    0.25206541614458866
  ],
  [
    1564531200000,
    0.2516134492892987
  ],
  [
    1564617600000,
    0.2590103477312589
  ],
  [
    1564704000000,
    0.2626680587219156
  ],
  [
    1564790400000,
    0.24315103938327026
  ],
  [
    1564876800000,
    0.24458832827004465
  ],
  [
    1564963200000,
    0.24586432246517884
  ],
  [
    1565049600000,
    0.2644375794612753
  ],
  [
    1565136000000,
    0.25511109170625773
  ],
  [
    1565222400000,
    0.23027932401753928
  ],
  [
    1565308800000,
    0.2253871715122558
  ],
  [
    1565395200000,
    0.2148028357403858
  ],
  [
    1565481600000,
    0.2105643876514157
  ],
  [
    1565568000000,
    0.22041574887208262
  ],
  [
    1565654400000,
    0.2143554888525448
  ],
  [
    1565740800000,
    0.22203119079808104
  ],
  [
    1565827200000,
    0.21361205388653948
  ],
  [
    1565913600000,
    0.21647614193089373
  ],
  [
    1566000000000,
    0.21299804209038536
  ],
  [
    1566086400000,
    0.193817074785934
  ],
  [
    1566172800000,
    0.20881482356119307
  ],
  [
    1566259200000,
    0.21287521704440124
  ],
  [
    1566345600000,
    0.20971911397814977
  ],
  [
    1566432000000,
    0.21008547005384437
  ],
  [
    1566518400000,
    0.22766209475688187
  ],
  [
    1566604800000,
    0.23207769295183045
  ],
  [
    1566691200000,
    0.2272636695830831
  ],
  [
    1566777600000,
    0.22229143420272218
  ],
  [
    1566864000000,
    0.18846094160124635
  ],
  [
    1566950400000,
    0.17185900557540545
  ],
  [
    1567036800000,
    0.16747846824731133
  ],
  [
    1567123200000,
    0.1687026626776409
  ],
  [
    1567209600000,
    0.17154870405052036
  ],
  [
    1567296000000,
    0.17734449612272282
  ],
  [
    1567382400000,
    0.1753011200605569
  ],
  [
    1567468800000,
    0.1826018963309726
  ],
  [
    1567555200000,
    0.18352151024406374
  ],
  [
    1567641600000,
    0.17890784464182788
  ],
  [
    1567728000000,
    0.17926660358679145
  ],
  [
    1567814400000,
    0.17409896624798996
  ],
  [
    1567900800000,
    0.178256269198862
  ],
  [
    1567987200000,
    0.1848318097649881
  ],
  [
    1568073600000,
    0.18399995816800258
  ],
  [
    1568160000000,
    0.18487983145514508
  ],
  [
    1568246400000,
    0.18252118202050263
  ],
  [
    1568332800000,
    0.1860814318164765
  ],
  [
    1568419200000,
    0.178630828777639
  ],
  [
    1568505600000,
    0.18885951368768789
  ],
  [
    1568592000000,
    0.18445991397622058
  ],
  [
    1568678400000,
    0.19442443182911054
  ],
  [
    1568764800000,
    0.20653033113181532
  ],
  [
    1568851200000,
    0.20672688026936098
  ],
  [
    1568937600000,
    0.21747517250508858
  ],
  [
    1569024000000,
    0.16136074751473425
  ],
  [
    1569110400000,
    0.1523506846383092
  ],
  [
    1569196800000,
    0.12883078086855856
  ],
  [
    1569283200000,
    0.12441969907441876
  ],
  [
    1569369600000,
    0.11202755072579167
  ],
  [
    1569456000000,
    0.09805349835142824
  ],
  [
    1569542400000,
    0.10593789139731201
  ],
  [
    1569628800000,
    0.09243354481018118
  ],
  [
    1569715200000,
    0.08238553281944476
  ],
  [
    1569801600000,
    0.06884436473087137
  ],
  [
    1569888000000,
    0.06228608041593914
  ],
  [
    1569974400000,
    0.062003561686092765
  ],
  [
    1570060800000,
    0.06991200232149972
  ],
  [
    1570147200000,
    0.0685572600366633
  ],
  [
    1570233600000,
    0.0682123285077159
  ],
  [
    1570320000000,
    0.06831185581153289
  ],
  [
    1570406400000,
    0.06603978153190528
  ],
  [
    1570492800000,
    0.0698811039146881
  ],
  [
    1570579200000,
    0.07015376562930324
  ],
  [
    1570665600000,
    0.07481167555975536
  ],
  [
    1570752000000,
    0.04790652815013134
  ],
  [
    1570838400000,
    0.031726617771711874
  ],
  [
    1570924800000,
    0.032032665811137936
  ],
  [
    1571011200000,
    0.028950617933809354
  ],
  [
    1571097600000,
    0.029798141637885876
  ],
  [
    1571184000000,
    0.03135621268681848
  ],
  [
    1571270400000,
    0.04161635978636197
  ],
  [
    1571356800000,
    0.03270700916571761
  ],
  [
    1571443200000,
    0.032362699000731666
  ],
  [
    1571529600000,
    0.031143327559690362
  ],
  [
    1571616000000,
    0.02482011457536552
  ],
  [
    1571702400000,
    0.025588501709661732
  ],
  [
    1571788800000,
    0.024493655052815373
  ],
  [
    1571875200000,
    0.023262828192958527
  ],
  [
    1571961600000,
    0.023269791918734576
  ],
  [
    1572048000000,
    0.026404434981266725
  ],
  [
    1572134400000,
    0.026088711647427355
  ],
  [
    1572220800000,
    0.028743270497792815
  ],
  [
    1572307200000,
    0.03355619068844083
  ],
  [
    1572393600000,
    0.03601881202878553
  ],
  [
    1572480000000,
    0.03340977297828748
  ],
  [
    1572566400000,
    0.034231345660626016
  ],
  [
    1572652800000,
    0.03416504348115189
  ],
  [
    1572739200000,
    0.03420191566888441
  ],
  [
    1572825600000,
    0.03578747970820733
  ],
  [
    1572912000000,
    0.0363183589559446
  ],
  [
    1572998400000,
    0.03758040866966219
  ],
  [
    1573084800000,
    0.03926010454295328
  ],
  [
    1573171200000,
    0.0402168575045979
  ],
  [
    1573257600000,
    0.03869985750280023
  ],
  [
    1573344000000,
    0.03932017873602379
  ],
  [
    1573430400000,
    0.04201778700504788
  ],
  [
    1573516800000,
    0.041077032702861845
  ],
  [
    1573603200000,
    0.04187623878943129
  ],
  [
    1573689600000,
    0.04485549041920548
  ],
  [
    1573776000000,
    0.04652074917005118
  ],
  [
    1573862400000,
    0.04496899665729888
  ],
  [
    1573948800000,
    0.04586236086972914
  ],
  [
    1574035200000,
    0.04599066526809857
  ],
  [
    1574121600000,
    0.04728948989289268
  ],
  [
    1574208000000,
    0.046227871808057215
  ],
  [
    1574294400000,
    0.04622601992139904
  ],
  [
    1574380800000,
    0.0460729621488432
  ],
  [
    1574467200000,
    0.045349978327866115
  ],
  [
    1574553600000,
    0.04586477760230016
  ],
  [
    1574640000000,
    0.04593441616045046
  ],
  [
    1574726400000,
    0.060577044414240284
  ],
  [
    1574812800000,
    0.07544237798750822
  ],
  [
    1574899200000,
    0.07707969886761924
  ],
  [
    1574985600000,
    0.07625453787737424
  ],
  [
    1575072000000,
    0.08082680699850626
  ],
  [
    1575158400000,
    0.07920905324241902
  ],
  [
    1575244800000,
    0.07810507345141236
  ],
  [
    1575331200000,
    0.0772992390609478
  ],
  [
    1575417600000,
    0.07599804618232169
  ],
  [
    1575504000000,
    0.07517569001691385
  ],
  [
    1575590400000,
    0.0748717321891053
  ],
  [
    1575676800000,
    0.0779765205693196
  ],
  [
    1575763200000,
    0.07190715628285221
  ],
  [
    1575849600000,
    0.07894484543458735
  ],
  [
    1575936000000,
    0.08133427326886472
  ],
  [
    1576022400000,
    0.07924796224251424
  ],
  [
    1576108800000,
    0.07722695060174482
  ],
  [
    1576195200000,
    0.07720375417577668
  ],
  [
    1576281600000,
    0.07883344646427158
  ],
  [
    1576368000000,
    0.07711973607408686
  ],
  [
    1576454400000,
    0.07613917015476143
  ],
  [
    1576540800000,
    0.07147834360150904
  ],
  [
    1576627200000,
    0.06564236132620296
  ],
  [
    1576713600000,
    0.07169271252763885
  ],
  [
    1576800000000,
    0.06922420051920039
  ],
  [
    1576886400000,
    0.0628760791759925
  ],
  [
    1576972800000,
    0.0646170663137064
  ],
  [
    1577059200000,
    0.06519136881879664
  ],
  [
    1577145600000,
    0.06390353849745006
  ],
  [
    1577232000000,
    0.06298298179311684
  ],
  [
    1577318400000,
    0.0698776850429249
  ],
  [
    1577404800000,
    0.0693266938462119
  ],
  [
    1577491200000,
    0.068693796903177
  ],
  [
    1577577600000,
    0.06960045952323472
  ],
  [
    1577664000000,
    0.07141062934488482
  ],
  [
    1577750400000,
    0.06749056398538668
  ],
  [
    1577836800000,
    0.06563600178699491
  ],
  [
    1577923200000,
    0.06523860828317367
  ],
  [
    1578009600000,
    0.06347887929817266
  ],
  [
    1578096000000,
    0.06636250436731553
  ],
  [
    1578182400000,
    0.0656424311776815
  ],
  [
    1578268800000,
    0.0660556241169383
  ],
  [
    1578355200000,
    0.07028890185442832
  ],
  [
    1578441600000,
    0.0697451361190964
  ],
  [
    1578528000000,
    0.069020619910454
  ],
  [
    1578614400000,
    0.06698925347862575
  ],
  [
    1578700800000,
    0.07995967429955665
  ],
  [
    1578787200000,
    0.09454309081566863
  ],
  [
    1578873600000,
    0.08416509298938882
  ],
  [
    1578960000000,
    0.07745354227239463
  ],
  [
    1579046400000,
    0.08769467957934456
  ],
  [
    1579132800000,
    0.09076519094876083
  ],
  [
    1579219200000,
    0.0883281643933383
  ],
  [
    1579305600000,
    0.0853431373308784
  ],
  [
    1579392000000,
    0.08635756337318719
  ],
  [
    1579478400000,
    0.08191069651556482
  ],
  [
    1579564800000,
    0.08321867065337779
  ],
  [
    1579651200000,
    0.08408170251474473
  ],
  [
    1579737600000,
    0.0803151689407144
  ],
  [
    1579824000000,
    0.08116995050420323
  ],
  [
    1579910400000,
    0.08072315228890878
  ],
  [
    1579996800000,
    0.07842218661554551
  ],
  [
    1580083200000,
    0.08149015068352551
  ],
  [
    1580169600000,
    0.08361456176647936
  ],
  [
    1580256000000,
    0.08602147149675697
  ],
  [
    1580342400000,
    0.08559906464896999
  ],
  [
    1580428800000,
    0.09024723950193356
  ],
  [
    1580515200000,
    0.08366438721526347
  ],
  [
    1580601600000,
    0.08516745203139962
  ],
  [
    1580688000000,
    0.08461172525023962
  ],
  [
    1580774400000,
    0.08372883499016133
  ],
  [
    1580860800000,
    0.0828309328533216
  ],
  [
    1580947200000,
    0.08846098734141516
  ],
  [
    1581033600000,
    0.08557322129790323
  ],
  [
    1581120000000,
    0.08330690260947167
  ],
  [
    1581206400000,
    0.022413154873346927
  ],
  [
    1581292800000,
    0.09242823659985175
  ],
  [
    1581379200000,
    0.07871911115243302
  ],
  [
    1581465600000,
    0.07302282535814013
  ],
  [
    1581552000000,
    0.0790771035002414
  ],
  [
    1581638400000,
    0.07895426800436384
  ],
  [
    1581724800000,
    0.08359298264993152
  ],
  [
    1581811200000,
    0.07841721070766533
  ],
  [
    1581897600000,
    0.07579284661175649
  ],
  [
    1581984000000,
    0.07505439835474163
  ],
  [
    1582070400000,
    0.07773273188007143
  ],
  [
    1582156800000,
    0.07110117305865359
  ],
  [
    1582243200000,
    0.10219134116813394
  ],
  [
    1582329600000,
    0.10349460671138866
  ],
  [
    1582416000000,
    0.09947915625873428
  ],
  [
    1582502400000,
    0.09556251493582657
  ],
  [
    1582588800000,
    0.09057027733599997
  ],
  [
    1582675200000,
    0.09537036331275753
  ],
  [
    1582761600000,
    0.07407985962362798
  ],
  [
    1582848000000,
    0.06977716027403132
  ],
  [
    1582934400000,
    0.07449123738251649
  ],
  [
    1583020800000,
    0.0703096938187838
  ],
  [
    1583107200000,
    0.07074974200877455
  ],
  [
    1583193600000,
    0.07506479727773772
  ],
  [
    1583280000000,
    0.0652276588422791
  ],
  [
    1583366400000,
    0.06475816523768958
  ],
  [
    1583452800000,
    0.06592051878504555
  ],
  [
    1583539200000,
    0.07561834892294299
  ],
  [
    1583625600000,
    0.07396435465513106
  ],
  [
    1583712000000,
    0.06198202232296527
  ],
  [
    1583798400000,
    0.06305707345067933
  ],
  [
    1583884800000,
    0.06266182030194759
  ],
  [
    1583971200000,
    0.060072646166494895
  ],
  [
    1584057600000,
    0.04065647517218386
  ],
  [
    1584144000000,
    0.047961462195281385
  ],
  [
    1584230400000,
    0.042492805448478964
  ],
  [
    1584316800000,
    0.04260416012897877
  ],
  [
    1584403200000,
    0.04092734917948934
  ],
  [
    1584489600000,
    0.04499966329457995
  ],
  [
    1584576000000,
    0.047405276827278194
  ],
  [
    1584662400000,
    0.05525999357510009
  ],
  [
    1584748800000,
    0.053042749823106104
  ],
  [
    1584835200000,
    0.05586371610632571
  ],
  [
    1584921600000,
    0.051168564085454823
  ],
  [
    1585008000000,
    0.05525778775527478
  ],
  [
    1585094400000,
    0.05840595907525752
  ],
  [
    1585180800000,
    0.05715078819554865
  ],
  [
    1585267200000,
    0.05807059058457961
  ],
  [
    1585353600000,
    0.05716703792109875
  ],
  [
    1585440000000,
    0.05500919972746424
  ],
  [
    1585526400000,
    0.05263919920885601
  ],
  [
    1585612800000,
    0.08302257050253756
  ],
  [
    1585699200000,
    0.08255578302772504
  ],
  [
    1585785600000,
    0.08367786348753226
  ],
  [
    1585872000000,
    0.06987987131152107
  ],
  [
    1585958400000,
    0.07110172225249098
  ],
  [
    1586044800000,
    0.07264489302948511
  ],
  [
    1586131200000,
    0.07193453735308895
  ],
  [
    1586217600000,
    0.08566002344798267
  ],
  [
    1586304000000,
    0.08291943207374902
  ],
  [
    1586390400000,
    0.08645289566268105
  ],
  [
    1586476800000,
    0.0850863045492049
  ],
  [
    1586563200000,
    0.07831316866370423
  ],
  [
    1586649600000,
    0.07931462048789419
  ],
  [
    1586736000000,
    0.08015347728530393
  ],
  [
    1586822400000,
    0.07748666598278196
  ],
  [
    1586908800000,
    0.07805988165434816
  ],
  [
    1586995200000,
    0.07530338756290549
  ],
  [
    1587081600000,
    0.06846190363468753
  ],
  [
    1587168000000,
    0.06832931342754939
  ],
  [
    1587254400000,
    0.08298200840865057
  ],
  [
    1587340800000,
    0.07059557307809455
  ],
  [
    1587427200000,
    0.07644626321166255
  ],
  [
    1587513600000,
    0.07562170128180806
  ],
  [
    1587600000000,
    0.079994323039534
  ],
  [
    1587686400000,
    0.08058565758193123
  ],
  [
    1587772800000,
    0.08185818271499745
  ],
  [
    1587859200000,
    0.08403769276482495
  ],
  [
    1587945600000,
    0.08469256092090063
  ],
  [
    1588032000000,
    0.08277446480700912
  ],
  [
    1588118400000,
    0.06318651403994005
  ],
  [
    1588204800000,
    0.04731151563560562
  ],
  [
    1588291200000,
    0.06428988179839093
  ],
  [
    1588377600000,
    0.06543529783783356
  ],
  [
    1588464000000,
    0.06606445305606737
  ],
  [
    1588550400000,
    0.06453643066062048
  ],
  [
    1588636800000,
    0.0630336170936957
  ],
  [
    1588723200000,
    0.062168154141698205
  ],
  [
    1588809600000,
    0.06106197984354607
  ],
  [
    1588896000000,
    0.06409701923032685
  ],
  [
    1588982400000,
    0.06362031870526395
  ],
  [
    1589068800000,
    0.060408257392762114
  ],
  [
    1589155200000,
    0.056390249435026005
  ],
  [
    1589241600000,
    0.0507679876006799
  ],
  [
    1589328000000,
    0.056654162418156226
  ],
  [
    1589414400000,
    0.05307451107632207
  ],
  [
    1589500800000,
    0.05034937307584024
  ],
  [
    1589587200000,
    0.048109788316066854
  ],
  [
    1589673600000,
    0.04959338601285998
  ],
  [
    1589760000000,
    0.051653973085602
  ],
  [
    1589846400000,
    0.05203072830573608
  ],
  [
    1589932800000,
    0.05057463357976318
  ],
  [
    1590019200000,
    0.04753293827425395
  ],
  [
    1590105600000,
    0.04468260742259509
  ],
  [
    1590192000000,
    0.050290016539520414
  ],
  [
    1590278400000,
    0.05025193081807211
  ],
  [
    1590364800000,
    0.04861172914886035
  ],
  [
    1590451200000,
    0.04970951959527853
  ],
  [
    1590537600000,
    0.04861065298998817
  ],
  [
    1590624000000,
    0.04931356851299631
  ],
  [
    1590710400000,
    0.05236112882116481
  ],
  [
    1590796800000,
    0.05206612046786522
  ],
  [
    1590883200000,
    0.05652572486427516
  ],
  [
    1590969600000,
    0.05375879374372182
  ],
  [
    1591056000000,
    0.05788768444411447
  ],
  [
    1591142400000,
    0.05574514974419354
  ],
  [
    1591228800000,
    0.056367469484527075
  ],
  [
    1591315200000,
    0.05651020809772508
  ],
  [
    1591401600000,
    0.055026450933445555
  ],
  [
    1591488000000,
    0.05569370707846938
  ],
  [
    1591574400000,
    0.05642919165321734
  ],
  [
    1591660800000,
    0.057108260104647125
  ],
  [
    1591747200000,
    0.05697124658316922
  ],
  [
    1591833600000,
    0.0553844873921436
  ],
  [
    1591920000000,
    0.05092901023264918
  ],
  [
    1592006400000,
    0.05140291985516358
  ],
  [
    1592092800000,
    0.05123058894589424
  ],
  [
    1592179200000,
    0.049581410661256604
  ],
  [
    1592265600000,
    0.048968267128332035
  ],
  [
    1592352000000,
    0.04970341572729614
  ],
  [
    1592438400000,
    0.04948638794157529
  ],
  [
    1592524800000,
    0.04897844886404351
  ],
  [
    1592611200000,
    0.04843160334712765
  ],
  [
    1592697600000,
    0.048956721497955595
  ],
  [
    1592784000000,
    0.048622298707671624
  ],
  [
    1592870400000,
    0.05228026477121203
  ],
  [
    1592956800000,
    0.052391472903840934
  ],
  [
    1593043200000,
    0.04955533574268327
  ],
  [
    1593129600000,
    0.05024682924454533
  ],
  [
    1593216000000,
    0.049884660215570586
  ],
  [
    1593302400000,
    0.047962708582104704
  ],
  [
    1593388800000,
    0.04922340659976898
  ],
  [
    1593475200000,
    0.04957929092436842
  ],
  [
    1593561600000,
    0.04903286444244268
  ],
  [
    1593648000000,
    0.04986194168965249
  ],
  [
    1593734400000,
    0.04910707696976631
  ],
  [
    1593820800000,
    0.048493676100953724
  ],
  [
    1593907200000,
    0.048714010624120396
  ],
  [
    1593993600000,
    0.04944408684035028
  ],
  [
    1594080000000,
    0.05216691934700411
  ],
  [
    1594166400000,
    0.05151965813302053
  ],
  [
    1594252800000,
    0.045641515148427805
  ],
  [
    1594339200000,
    0.04324484427402054
  ],
  [
    1594425600000,
    0.05400351350011688
  ],
  [
    1594512000000,
    0.05895728667226005
  ],
  [
    1594598400000,
    0.05934558479667089
  ],
  [
    1594684800000,
    0.05765440906158757
  ],
  [
    1594771200000,
    0.057996511131080355
  ],
  [
    1594857600000,
    0.05760768328848875
  ],
  [
    1594944000000,
    0.056011483886571685
  ],
  [
    1595030400000,
    0.0555512734848807
  ],
  [
    1595116800000,
    0.0556780542676734
  ],
  [
    1595203200000,
    0.05666369915178949
  ],
  [
    1595289600000,
    0.055364085247819037
  ],
  [
    1595376000000,
    0.057778285009315776
  ],
  [
    1595462400000,
    0.06299042215629672
  ],
  [
    1595548800000,
    0.06617614138873368
  ],
  [
    1595635200000,
    0.06765324590998292
  ],
  [
    1595721600000,
    0.07493606520079063
  ],
  [
    1595808000000,
    0.07629164135260441
  ],
  [
    1595894400000,
    0.07915549957293407
  ],
  [
    1595980800000,
    0.08424787200118176
  ],
  [
    1596067200000,
    0.0793766291894452
  ],
  [
    1596153600000,
    0.08252511606108551
  ],
  [
    1596240000000,
    0.08594150602419232
  ],
  [
    1596326400000,
    0.09585890288557797
  ],
  [
    1596412800000,
    0.09118466287539984
  ],
  [
    1596499200000,
    0.09440510073145902
  ],
  [
    1596585600000,
    0.09630001698826308
  ],
  [
    1596672000000,
    0.09469811014202943
  ],
  [
    1596758400000,
    0.09469811014202943
  ],
  [
    1596844800000,
    0.08624810018130276
  ],
  [
    1596931200000,
    0.08899616920046485
  ],
  [
    1597017600000,
    0.08794567007408531
  ],
  [
    1597104000000,
    0.08889463264264173
  ],
  [
    1597190400000,
    0.0843528479216262
  ],
  [
    1597276800000,
    0.08542830823066018
  ],
  [
    1597363200000,
    0.09379519886891183
  ],
  [
    1597449600000,
    0.0951549391610898
  ],
  [
    1597536000000,
    0.093788013445056
  ],
  [
    1597622400000,
    0.09043744531270503
  ],
  [
    1597708800000,
    0.08940357044006081
  ],
  [
    1597795200000,
    0.08758355264799746
  ],
  [
    1597881600000,
    0.08457319528579858
  ],
  [
    1597968000000,
    0.08541488567552678
  ],
  [
    1598054400000,
    0.07826773419880238
  ],
  [
    1598140800000,
    0.07825498461179464
  ],
  [
    1598227200000,
    0.07765664994317385
  ],
  [
    1598313600000,
    0.07726456060513838
  ],
  [
    1598400000000,
    0.07299833106004613
  ],
  [
    1598486400000,
    0.07333418871732673
  ],
  [
    1598572800000,
    0.07551347623023635
  ],
  [
    1598659200000,
    0.07737386237175602
  ],
  [
    1598745600000,
    0.0786504112700815
  ],
  [
    1598832000000,
    0.08406469139547025
  ],
  [
    1598918400000,
    0.08279778812836416
  ],
  [
    1599004800000,
    0.09060299445638371
  ],
  [
    1599091200000,
    0.09623557708160935
  ],
  [
    1599177600000,
    0.08399999479785171
  ],
  [
    1599264000000,
    0.08426633854612657
  ],
  [
    1599350400000,
    0.07195712354257572
  ],
  [
    1599436800000,
    0.07692802062413234
  ],
  [
    1599523200000,
    0.07642196564552543
  ],
  [
    1599609600000,
    0.07271969459062128
  ],
  [
    1599696000000,
    0.07529372954151152
  ],
  [
    1599782400000,
    0.07728654021672705
  ],
  [
    1599868800000,
    0.07700346833745521
  ],
  [
    1599955200000,
    0.07994155380409396
  ],
  [
    1600041600000,
    0.074829589073415
  ],
  [
    1600128000000,
    0.07701552587157422
  ],
  [
    1600214400000,
    0.07227172165761934
  ],
  [
    1600300800000,
    0.07121013909791528
  ],
  [
    1600387200000,
    0.07583489613126572
  ],
  [
    1600473600000,
    0.07307845510186867
  ],
  [
    1600560000000,
    0.07304086816815945
  ],
  [
    1600646400000,
    0.0717108395368361
  ],
  [
    1600732800000,
    0.06441154745264405
  ],
  [
    1600819200000,
    0.06280277585646178
  ],
  [
    1600905600000,
    0.05554910155990594
  ],
  [
    1600992000000,
    0.06943027256621302
  ],
  [
    1601078400000,
    0.06975295716328414
  ],
  [
    1601164800000,
    0.07062305834589881
  ],
  [
    1601251200000,
    0.07115812872549368
  ],
  [
    1601337600000,
    0.07056479137411638
  ],
  [
    1601424000000,
    0.07132330048030192
  ],
  [
    1601510400000,
    0.07153337438822449
  ],
  [
    1601596800000,
    0.07586376436655998
  ],
  [
    1601683200000,
    0.07366844433245444
  ],
  [
    1601769600000,
    0.07326746898215745
  ],
  [
    1601856000000,
    0.07521377298948165
  ],
  [
    1601942400000,
    0.07599498765498397
  ],
  [
    1602028800000,
    0.07197982540460032
  ],
  [
    1602115200000,
    0.0732440142007703
  ],
  [
    1602201600000,
    0.0748316177529732
  ],
  [
    1602288000000,
    0.07825648531119575
  ],
  [
    1602374400000,
    0.0797109882490069
  ],
  [
    1602460800000,
    0.07944929145062576
  ],
  [
    1602547200000,
    0.08127801378372777
  ],
  [
    1602633600000,
    0.0803467662028073
  ],
  [
    1602720000000,
    0.08079986241182034
  ],
  [
    1602806400000,
    0.08140272494322831
  ],
  [
    1602892800000,
    0.07791688818289594
  ],
  [
    1602979200000,
    0.07832131567971015
  ],
  [
    1603065600000,
    0.0804174045931556
  ],
  [
    1603152000000,
    0.07989893783839527
  ],
  [
    1603238400000,
    0.07956266433304074
  ],
  [
    1603324800000,
    0.08185552450332582
  ],
  [
    1603411200000,
    0.08623774185965964
  ],
  [
    1603497600000,
    0.08709219225665367
  ],
  [
    1603584000000,
    0.089109220790494
  ],
  [
    1603670400000,
    0.08809847841675562
  ],
  [
    1603756800000,
    0.08319438543412178
  ],
  [
    1603843200000,
    0.08237767023716921
  ],
  [
    1603929600000,
    0.0800624158375783
  ],
  [
    1604016000000,
    0.07972575966642638
  ],
  [
    1604102400000,
    0.07974616887062315
  ],
  [
    1604188800000,
    0.08076403702988012
  ],
  [
    1604275200000,
    0.08189220920759643
  ],
  [
    1604361600000,
    0.07789764851858008
  ],
  [
    1604448000000,
    0.07819536831256145
  ],
  [
    1604534400000,
    0.07711390347556436
  ],
  [
    1604620800000,
    0.0816693452070851
  ],
  [
    1604707200000,
    0.09472277813829351
  ],
  [
    1604793600000,
    0.08997606077237726
  ],
  [
    1604880000000,
    0.09352907024247316
  ],
  [
    1604966400000,
    0.07884979323715785
  ],
  [
    1605052800000,
    0.08006036402628795
  ],
  [
    1605139200000,
    0.08243730460520232
  ],
  [
    1605225600000,
    0.08232100322093065
  ],
  [
    1605312000000,
    0.08530559066631833
  ],
  [
    1605398400000,
    0.08266207682006778
  ],
  [
    1605484800000,
    0.07994606597851764
  ],
  [
    1605571200000,
    0.08200103552764011
  ],
  [
    1605657600000,
    0.08538963451782103
  ],
  [
    1605744000000,
    0.08548942083142572
  ],
  [
    1605830400000,
    0.08438756795072738
  ],
  [
    1605916800000,
    0.08983452825488797
  ],
  [
    1606003200000,
    0.09806551963418207
  ],
  [
    1606089600000,
    0.09991725164809218
  ],
  [
    1606176000000,
    0.10810761736380217
  ],
  [
    1606262400000,
    0.10686124694988111
  ],
  [
    1606348800000,
    0.10029799071374162
  ],
  [
    1606435200000,
    0.08219003440761842
  ],
  [
    1606521600000,
    0.07647590404920691
  ],
  [
    1606608000000,
    0.07729888823203931
  ],
  [
    1606694400000,
    0.08057376408934126
  ],
  [
    1606780800000,
    0.08079058359430862
  ],
  [
    1606867200000,
    0.07708805026869768
  ],
  [
    1606953600000,
    0.08813543273955857
  ],
  [
    1607040000000,
    0.008649602278303173
  ],
  [
    1607126400000,
    0.043255169660904674
  ],
  [
    1607212800000,
    0.03385289575124659
  ],
  [
    1607299200000,
    0.04922938497273535
  ],
  [
    1607385600000,
    0.05330496013391795
  ],
  [
    1607472000000,
    0.05184764995324681
  ],
  [
    1607558400000,
    0.024333494660944956
  ],
  [
    1607644800000,
    0.0612875826542883
  ],
  [
    1607731200000,
    0.06546473533098504
  ],
  [
    1607817600000,
    0.07382398785677423
  ],
  [
    1607904000000,
    0.05305316036780359
  ],
  [
    1607990400000,
    0.054624020677971834
  ],
  [
    1608076800000,
    0.06370555742653825
  ],
  [
    1608163200000,
    0.05173085779646989
  ],
  [
    1608249600000,
    0.06311883068738672
  ],
  [
    1608336000000,
    0.06546261163424834
  ],
  [
    1608422400000,
    0.06507857863835503
  ],
  [
    1608508800000,
    0.06359062598938803
  ],
  [
    1608595200000,
    0.061423063828511544
  ],
  [
    1608681600000,
    0.0638525065969984
  ],
  [
    1608768000000,
    0.05990841988024939
  ],
  [
    1608854400000,
    0.0628957687143709
  ],
  [
    1608940800000,
    0.06332841253539763
  ],
  [
    1609027200000,
    0.06502174218635762
  ],
  [
    1609113600000,
    0.07508267289752392
  ],
  [
    1609200000000,
    0.07961863152168477
  ],
  [
    1609286400000,
    0.08036394991755218
  ],
  [
    1609372800000,
    0.0820935777908174
  ],
  [
    1609459200000,
    0.06946643523369087
  ],
  [
    1609545600000,
    0.06691441937617844
  ],
  [
    1609632000000,
    0.07636206746510087
  ],
  [
    1609718400000,
    0.11029645163495706
  ],
  [
    1609804800000,
    0.10047124144578123
  ],
  [
    1609891200000,
    0.10933623034534688
  ],
  [
    1609977600000,
    0.11873863091524037
  ],
  [
    1610064000000,
    0.11843974935625536
  ],
  [
    1610150400000,
    0.10621953953528723
  ],
  [
    1610236800000,
    0.11182856566350394
  ],
  [
    1610323200000,
    0.09346681345377984
  ],
  [
    1610409600000,
    0.08000024492243699
  ],
  [
    1610496000000,
    0.0755852103195376
  ],
  [
    1610582400000,
    0.08373558190116327
  ],
  [
    1610668800000,
    0.10541938027730766
  ],
  [
    1610755200000,
    0.06912112617232918
  ],
  [
    1610841600000,
    0.07099481494571339
  ],
  [
    1610928000000,
    0.07253140983032712
  ],
  [
    1611014400000,
    0.07045576319115
  ],
  [
    1611100800000,
    0.07768346990833074
  ],
  [
    1611187200000,
    0.07571074277705861
  ],
  [
    1611273600000,
    0.06215486236414958
  ],
  [
    1611360000000,
    0.06931464688677402
  ],
  [
    1611446400000,
    0.06898157915214408
  ],
  [
    1611532800000,
    0.07765392699013614
  ],
  [
    1611619200000,
    0.06687999277527326
  ],
  [
    1611705600000,
    0.06850926927725362
  ],
  [
    1611792000000,
    0.06586140110306855
  ],
  [
    1611878400000,
    0.07183738374747535
  ],
  [
    1611964800000,
    0.07275194851103237
  ],
  [
    1612051200000,
    0.07388556187704517
  ],
  [
    1612137600000,
    0.07010734220532273
  ],
  [
    1612224000000,
    0.11843040552020873
  ],
  [
    1612310400000,
    0.12793110819275866
  ],
  [
    1612396800000,
    0.13893730186824094
  ],
  [
    1612483200000,
    0.1321901133141989
  ],
  [
    1612569600000,
    0.1359963133540613
  ],
  [
    1612656000000,
    0.11764258729088962
  ],
  [
    1612742400000,
    0.08562309376887192
  ],
  [
    1612828800000,
    0.08652359459548854
  ],
  [
    1612915200000,
    0.08497442508737962
  ],
  [
    1613001600000,
    0.08355173695030016
  ],
  [
    1613088000000,
    0.08725629186534828
  ],
  [
    1613174400000,
    0.08991681806322065
  ],
  [
    1613260800000,
    0.06791027616449966
  ],
  [
    1613347200000,
    0.06136514072095575
  ],
  [
    1613433600000,
    0.060545139173461736
  ],
  [
    1613520000000,
    0.06098789886612876
  ],
  [
    1613606400000,
    0.06279106446251555
  ],
  [
    1613692800000,
    0.06155949797514018
  ],
  [
    1613779200000,
    0.06023336515582117
  ],
  [
    1613865600000,
    0.05773327429806673
  ],
  [
    1613952000000,
    0.055519434466142756
  ],
  [
    1614038400000,
    0.049777103717389276
  ],
  [
    1614124800000,
    0.04395768771704941
  ],
  [
    1614211200000,
    0.05464286620244833
  ],
  [
    1614297600000,
    0.046438667939453046
  ],
  [
    1614384000000,
    0.042906424781918334
  ],
  [
    1614470400000,
    0.052744131577779935
  ],
  [
    1614556800000,
    0.05128942633782792
  ],
  [
    1614643200000,
    0.06102200143607182
  ],
  [
    1614729600000,
    0.061381204614717425
  ],
  [
    1614816000000,
    0.06970626411250722
  ],
  [
    1614902400000,
    0.0679408186577599
  ],
  [
    1614988800000,
    0.07186280227413785
  ],
  [
    1615075200000,
    0.0730340588383533
  ],
  [
    1615161600000,
    0.07651883878263016
  ],
  [
    1615248000000,
    0.07786162582099938
  ],
  [
    1615334400000,
    0.08196682921034462
  ],
  [
    1615420800000,
    0.0759992107427853
  ],
  [
    1615507200000,
    0.077346111459435
  ],
  [
    1615593600000,
    0.07697197552467928
  ],
  [
    1615680000000,
    0.08778968401035539
  ],
  [
    1615766400000,
    0.09028555484044035
  ],
  [
    1615852800000,
    0.08688793389418308
  ],
  [
    1615939200000,
    0.06499685652895204
  ],
  [
    1616025600000,
    0.06613631390329062
  ],
  [
    1616112000000,
    0.06698618122569329
  ],
  [
    1616198400000,
    0.06547500871487191
  ],
  [
    1616284800000,
    0.06688142367412549
  ],
  [
    1616371200000,
    0.06494850511260557
  ],
  [
    1616457600000,
    0.05848997606559985
  ],
  [
    1616544000000,
    0.05537056855498975
  ],
  [
    1616630400000,
    0.05154091745276431
  ],
  [
    1616716800000,
    0.05773494312585556
  ],
  [
    1616803200000,
    0.05773494312585556
  ],
  [
    1616889600000,
    0.05711617260018334
  ],
  [
    1616976000000,
    0.05995945044285104
  ],
  [
    1617062400000,
    0.061988843345386985
  ],
  [
    1617148800000,
    0.06771993359184846
  ],
  [
    1617235200000,
    0.06409519918470476
  ],
  [
    1617321600000,
    0.06272012737187543
  ],
  [
    1617408000000,
    0.060008944892632164
  ],
  [
    1617494400000,
    0.05380631241700251
  ],
  [
    1617580800000,
    0.05464621759825001
  ],
  [
    1617667200000,
    0.056277267277800004
  ],
  [
    1617753600000,
    0.05604927187169404
  ],
  [
    1617840000000,
    0.05330174390539565
  ],
  [
    1617926400000,
    0.05282446942353682
  ],
  [
    1618012800000,
    0.04968901669796363
  ],
  [
    1618099200000,
    0.04577579855478762
  ],
  [
    1618185600000,
    0.051151292173421764
  ],
  [
    1618272000000,
    0.05320786709422752
  ],
  [
    1618358400000,
    0.05357932003116502
  ],
  [
    1618444800000,
    0.04681230504646036
  ],
  [
    1618531200000,
    0.056551199953141444
  ],
  [
    1618617600000,
    0.05978850023795123
  ],
  [
    1618704000000,
    0.053937524396192045
  ],
  [
    1618790400000,
    0.04766251767380289
  ],
  [
    1618876800000,
    0.03391293616143264
  ],
  [
    1618963200000,
    0.04657760654438478
  ],
  [
    1619049600000,
    0.029994656399854235
  ],
  [
    1619136000000,
    0.03222453738289869
  ],
  [
    1619222400000,
    0.033455472052887326
  ],
  [
    1619308800000,
    0.03028861941174971
  ],
  [
    1619395200000,
    0.03412024691359214
  ],
  [
    1619481600000,
    0.039087700151844026
  ],
  [
    1619568000000,
    0.04775593542454211
  ],
  [
    1619654400000,
    0.03883101493329857
  ],
  [
    1619740800000,
    0.038258624331722786
  ],
  [
    1619827200000,
    0.04191743710637137
  ],
  [
    1619913600000,
    0.0521655611463476
  ],
  [
    1620000000000,
    0.05279356850430641
  ],
  [
    1620086400000,
    0.057485904573347825
  ],
  [
    1620172800000,
    0.046233115705817215
  ],
  [
    1620259200000,
    0.14778001753888084
  ],
  [
    1620345600000,
    0.1539019014192938
  ],
  [
    1620432000000,
    0.19922427114309485
  ],
  [
    1620518400000,
    0.19239778348944991
  ],
  [
    1620604800000,
    0.19081249423370739
  ],
  [
    1620691200000,
    0.08993219625495298
  ],
  [
    1620777600000,
    0.06657181552147771
  ],
  [
    1620864000000,
    0.1387613026229116
  ],
  [
    1620950400000,
    0.12727214243112792
  ],
  [
    1621036800000,
    0.0823623208408121
  ],
  [
    1621123200000,
    0.05568017818015879
  ],
  [
    1621209600000,
    0.16866920673415162
  ],
  [
    1621296000000,
    0.09787108327026303
  ],
  [
    1621382400000,
    0.09749800645136221
  ],
  [
    1621468800000,
    0.09670853881774885
  ],
  [
    1621555200000,
    0.08755244323306889
  ],
  [
    1621641600000,
    0.09233273356884522
  ],
  [
    1621728000000,
    0.09009599792637472
  ],
  [
    1621814400000,
    0.0882753901819461
  ],
  [
    1621900800000,
    0.08579070040811436
  ],
  [
    1621987200000,
    0.08233142929386136
  ],
  [
    1622073600000,
    0.08088791015760609
  ],
  [
    1622160000000,
    0.07806851854584883
  ],
  [
    1622246400000,
    0.024585854510670135
  ],
  [
    1622332800000,
    0.06601630107679185
  ],
  [
    1622419200000,
    0.07776977591175774
  ],
  [
    1622505600000,
    0.07240872991532663
  ],
  [
    1622592000000,
    0.0688276393744892
  ],
  [
    1622678400000,
    0.06562999090136687
  ],
  [
    1622764800000,
    0.050018912395419605
  ],
  [
    1622851200000,
    0.04901079627360875
  ],
  [
    1622937600000,
    0.040886688150116986
  ],
  [
    1623024000000,
    0.04527910834813598
  ],
  [
    1623110400000,
    0.040034673696969156
  ],
  [
    1623196800000,
    0.04388073056110461
  ],
  [
    1623283200000,
    0.04266315901446795
  ],
  [
    1623369600000,
    0.03638936928948949
  ],
  [
    1623456000000,
    0.030623257591031763
  ],
  [
    1623542400000,
    0.02959974962540649
  ],
  [
    1623628800000,
    0.030894594151377342
  ],
  [
    1623715200000,
    0.030443378232581305
  ],
  [
    1623801600000,
    0.02786466476825304
  ],
  [
    1623888000000,
    0.06581400341254065
  ],
  [
    1623974400000,
    0.03105924619081964
  ],
  [
    1624060800000,
    0.019812815649883807
  ],
  [
    1624147200000,
    0.02463467016786019
  ],
  [
    1624233600000,
    0.024196496108174242
  ],
  [
    1624320000000,
    0.023586801718268647
  ],
  [
    1624406400000,
    0.02177015615167254
  ],
  [
    1624492800000,
    0.019751641558225327
  ],
  [
    1624579200000,
    0.017871745576526713
  ],
  [
    1624665600000,
    0.01720181314183424
  ],
  [
    1624752000000,
    0.018725241593471702
  ],
  [
    1624838400000,
    0.015733706977154673
  ],
  [
    1624924800000,
    0.02053123839309672
  ],
  [
    1625011200000,
    0.01875498145022603
  ],
  [
    1625097600000,
    0.021207909952904894
  ],
  [
    1625184000000,
    0.017813189479787127
  ],
  [
    1625270400000,
    0.018129994964612116
  ],
  [
    1625356800000,
    0.016647210059128725
  ],
  [
    1625443200000,
    0.01708605582066335
  ],
  [
    1625529600000,
    0.020587979983570388
  ],
  [
    1625616000000,
    0.019599240922020447
  ],
  [
    1625702400000,
    0.01913684405482051
  ],
  [
    1625788800000,
    0.02094923776432501
  ],
  [
    1625875200000,
    0.021229753078869554
  ],
  [
    1625961600000,
    0.021158281206482155
  ],
  [
    1626048000000,
    0.021059949654625664
  ],
  [
    1626134400000,
    0.020602854839635976
  ],
  [
    1626220800000,
    0.02115391159525174
  ],
  [
    1626307200000,
    0.020686327992194647
  ],
  [
    1626393600000,
    0.020613280897883984
  ],
  [
    1626480000000,
    0.020865946665925995
  ],
  [
    1626566400000,
    0.02075638280456956
  ],
  [
    1626652800000,
    0.018933114957220505
  ],
  [
    1626739200000,
    0.019141664029899138
  ],
  [
    1626825600000,
    0.01971008298942631
  ],
  [
    1626912000000,
    0.020098664608428827
  ],
  [
    1626998400000,
    0.019726841289624125
  ],
  [
    1627084800000,
    0.01970818644903938
  ],
  [
    1627171200000,
    0.019661385813140718
  ],
  [
    1627257600000,
    0.018957677598869186
  ],
  [
    1627344000000,
    0.018269052805794866
  ],
  [
    1627430400000,
    0.018018336910907692
  ],
  [
    1627516800000,
    0.020043305305985994
  ],
  [
    1627603200000,
    0.021500267297036222
  ],
  [
    1627689600000,
    0.02143668473811236
  ],
  [
    1627776000000,
    0.021151678940545947
  ],
  [
    1627862400000,
    0.02059213463385449
  ],
  [
    1627948800000,
    0.021141733789550577
  ],
  [
    1628035200000,
    0.02171387015236637
  ],
  [
    1628121600000,
    0.02241862771114572
  ],
  [
    1628208000000,
    0.020544120870029547
  ],
  [
    1628294400000,
    0.02000815586002135
  ],
  [
    1628380800000,
    0.020137308584116397
  ],
  [
    1628467200000,
    0.01998995167750833
  ],
  [
    1628553600000,
    0.01938061395649127
  ],
  [
    1628640000000,
    0.018722526114011564
  ],
  [
    1628726400000,
    0.024291879215112295
  ],
  [
    1628812800000,
    0.028387150512264057
  ],
  [
    1628899200000,
    0.028324171326389043
  ],
  [
    1628985600000,
    0.026913677094894378
  ],
  [
    1629072000000,
    0.02526940068167261
  ],
  [
    1629158400000,
    0.026039777434371202
  ],
  [
    1629244800000,
    0.024852699922438586
  ],
  [
    1629331200000,
    0.026133730699035476
  ],
  [
    1629417600000,
    0.02590237432765094
  ],
  [
    1629504000000,
    0.029024405603640446
  ],
  [
    1629590400000,
    0.028605146280460552
  ],
  [
    1629676800000,
    0.02847580356282889
  ],
  [
    1629763200000,
    0.026999498685278754
  ],
  [
    1629849600000,
    0.0277597526878135
  ],
  [
    1629936000000,
    0.027343881385229852
  ],
  [
    1630022400000,
    0.027466889434423405
  ],
  [
    1630108800000,
    0.027465002194253237
  ],
  [
    1630195200000,
    0.027054752382999665
  ],
  [
    1630281600000,
    0.026542473826201347
  ],
  [
    1630368000000,
    0.026066951970876894
  ],
  [
    1630454400000,
    0.025988636900850893
  ],
  [
    1630540800000,
    0.02576746142203137
  ],
  [
    1630627200000,
    0.02633787425864681
  ]
]