[
  [
    1597363200000,
    619143.7359660567
  ],
  [
    1597449600000,
    2038799.7835976055
  ],
  [
    1597536000000,
    2788512.0446944055
  ],
  [
    1597622400000,
    2936269.651275636
  ],
  [
    1597708800000,
    1843922.0207567427
  ],
  [
    1597795200000,
    1114363.745293377
  ],
  [
    1597881600000,
    2853736.0732545503
  ],
  [
    1597968000000,
    1436456.4369794081
  ],
  [
    1598054400000,
    638420.276696037
  ],
  [
    1598140800000,
    551186.5163881866
  ],
  [
    1598227200000,
    665761.9269549026
  ],
  [
    1598313600000,
    208834.904277896
  ],
  [
    1598400000000,
    232995.42608937586
  ],
  [
    1598486400000,
    164674.62371001425
  ],
  [
    1598572800000,
    206618.03071311378
  ],
  [
    1598659200000,
    189503.95696474993
  ],
  [
    1598745600000,
    81689.1747668961
  ],
  [
    1598832000000,
    91539.65288132698
  ],
  [
    1598918400000,
    65959.65219701825
  ],
  [
    1599004800000,
    55000.33485394193
  ],
  [
    1599091200000,
    48400.719782180975
  ],
  [
    1599177600000,
    85390.3137366155
  ],
  [
    1599264000000,
    82136.2974024599
  ],
  [
    1599350400000,
    65549.73959898404
  ],
  [
    1599436800000,
    54833.33395224506
  ],
  [
    1599523200000,
    41352.15032524528
  ],
  [
    1599609600000,
    51547.09767560636
  ],
  [
    1599696000000,
    42715.046327265816
  ],
  [
    1599782400000,
    38913.75701262938
  ],
  [
    1599868800000,
    49757.332418374346
  ],
  [
    1599955200000,
    44759.27136055833
  ],
  [
    1600041600000,
    38132.58502058741
  ],
  [
    1600128000000,
    39593.01719510645
  ],
  [
    1600214400000,
    33928.51181166757
  ],
  [
    1600300800000,
    31759.02119874165
  ],
  [
    1600387200000,
    20129.202574150106
  ],
  [
    1600473600000,
    7539.307603719511
  ],
  [
    1600560000000,
    26224.420281775478
  ],
  [
    1600646400000,
    22679.124529009823
  ],
  [
    1600732800000,
    21016.16609145372
  ],
  [
    1600819200000,
    20594.290556013282
  ],
  [
    1600905600000,
    24141.882917873176
  ],
  [
    1600992000000,
    16626.649239296617
  ],
  [
    1601078400000,
    22161.758229913252
  ],
  [
    1601164800000,
    1077.0846937141125
  ],
  [
    1601251200000,
    18934.448223477186
  ],
  [
    1601337600000,
    30892.4726183989
  ],
  [
    1601424000000,
    15776.902921577974
  ],
  [
    1601510400000,
    19125.30021138895
  ],
  [
    1601596800000,
    19810.346672411906
  ],
  [
    1601683200000,
    18422.843368643727
  ],
  [
    1601769600000,
    15630.33705962
  ],
  [
    1601856000000,
    29218.088063112136
  ],
  [
    1601942400000,
    21772.05776103563
  ],
  [
    1602028800000,
    18707.86793677304
  ],
  [
    1602115200000,
    20362.63432234374
  ],
  [
    1602201600000,
    19699.88661684344
  ],
  [
    1602288000000,
    16707.935573027164
  ],
  [
    1602374400000,
    12939.050886884601
  ],
  [
    1602460800000,
    10567.727162624602
  ],
  [
    1602547200000,
    8862.306654781574
  ],
  [
    1602633600000,
    13911.778598579618
  ],
  [
    1602720000000,
    21475.989952035427
  ],
  [
    1602806400000,
    1824.0585168979087
  ],
  [
    1602892800000,
    10214.221407723726
  ],
  [
    1602979200000,
    10214.792441276375
  ],
  [
    1603065600000,
    17701.498725139856
  ],
  [
    1603152000000,
    1325.6971149629976
  ],
  [
    1603238400000,
    2902.5474509301175
  ],
  [
    1603324800000,
    13119.113979790407
  ],
  [
    1603411200000,
    16526.337610416173
  ],
  [
    1603497600000,
    15916.254387973648
  ],
  [
    1603584000000,
    18584.309745835708
  ],
  [
    1603670400000,
    45427.29619703327
  ],
  [
    1603756800000,
    27166.313118095302
  ],
  [
    1603843200000,
    11879.2593648203
  ],
  [
    1603929600000,
    11304.330829266173
  ],
  [
    1604016000000,
    11884.068369348868
  ],
  [
    1604102400000,
    10699.101739560178
  ],
  [
    1604188800000,
    13416.901117436077
  ],
  [
    1604275200000,
    12338.5801632764
  ],
  [
    1604361600000,
    11289.833672550118
  ],
  [
    1604448000000,
    12062.42575933755
  ],
  [
    1604534400000,
    9636.394018502231
  ],
  [
    1604620800000,
    12399.802877586853
  ],
  [
    1604707200000,
    11678.199650039702
  ],
  [
    1604793600000,
    17500.434310742174
  ],
  [
    1604880000000,
    15245.589304853616
  ],
  [
    1604966400000,
    15962.827491840186
  ],
  [
    1605052800000,
    20729.692406199378
  ],
  [
    1605139200000,
    1103.5474821960374
  ],
  [
    1605225600000,
    1585.0235802022426
  ],
  [
    1605312000000,
    3577.6513166535306
  ],
  [
    1605398400000,
    6564.348068589867
  ],
  [
    1605484800000,
    2350.6809063247542
  ],
  [
    1605571200000,
    2969.5848182768405
  ],
  [
    1605657600000,
    2211.6164263914407
  ],
  [
    1605744000000,
    12789.117276383753
  ],
  [
    1605830400000,
    3699.9991340776014
  ],
  [
    1605916800000,
    5453.658581013732
  ],
  [
    1606003200000,
    4829.457159718319
  ],
  [
    1606089600000,
    3673.227080292157
  ],
  [
    1606176000000,
    5793.920172446457
  ],
  [
    1606262400000,
    27576.775692788793
  ],
  [
    1606348800000,
    2668.4175004155168
  ],
  [
    1606435200000,
    344.61185344298974
  ],
  [
    1606521600000,
    1582.9780369820128
  ],
  [
    1606608000000,
    2468.1980089333515
  ],
  [
    1606694400000,
    3282.1021893743978
  ],
  [
    1606780800000,
    3943.6232686873286
  ],
  [
    1606867200000,
    2178.3602777075557
  ],
  [
    1606953600000,
    69.43663081750766
  ],
  [
    1607040000000,
    2493.598414653336
  ],
  [
    1607126400000,
    6862.890163068066
  ],
  [
    1607212800000,
    3818.461445529851
  ],
  [
    1607299200000,
    10462.50559497164
  ],
  [
    1607385600000,
    9787.089201159157
  ],
  [
    1607472000000,
    14670.674579886627
  ],
  [
    1607558400000,
    8480.590697674132
  ],
  [
    1607644800000,
    8756.607307750342
  ],
  [
    1607731200000,
    8442.569684708898
  ],
  [
    1607817600000,
    9094.892835975588
  ],
  [
    1607904000000,
    10941.0781304818
  ],
  [
    1607990400000,
    11782.938004728674
  ],
  [
    1608076800000,
    8186.053059561046
  ],
  [
    1608163200000,
    9329.405248988447
  ],
  [
    1608249600000,
    7691.1148842175435
  ],
  [
    1608336000000,
    7662.200022949964
  ],
  [
    1608422400000,
    8125.110616089327
  ],
  [
    1608508800000,
    6985.371873175343
  ],
  [
    1608595200000,
    7083.084528046324
  ],
  [
    1608681600000,
    7015.633860356422
  ],
  [
    1608768000000,
    8503.185234630495
  ],
  [
    1608854400000,
    8612.123786727187
  ],
  [
    1608940800000,
    8500.718260427357
  ],
  [
    1609027200000,
    8618.538057170812
  ],
  [
    1609113600000,
    6889.460243705476
  ],
  [
    1609200000000,
    6821.869675347289
  ],
  [
    1609286400000,
    7052.7877145186885
  ],
  [
    1609372800000,
    8185.999320214665
  ],
  [
    1609459200000,
    11172.297266825255
  ],
  [
    1609545600000,
    7373.402435525513
  ],
  [
    1609632000000,
    502.116610972567
  ],
  [
    1609718400000,
    8447.751489001095
  ],
  [
    1609804800000,
    7400.547529896674
  ],
  [
    1609891200000,
    10764.448543458288
  ],
  [
    1609977600000,
    13420.189472396536
  ],
  [
    1610064000000,
    14033.134011800505
  ],
  [
    1610150400000,
    12386.717339536744
  ],
  [
    1610236800000,
    13718.534986018834
  ],
  [
    1610323200000,
    11472.623331162846
  ],
  [
    1610409600000,
    9830.460006735035
  ],
  [
    1610496000000,
    9587.395309931395
  ],
  [
    1610582400000,
    14367.654864337945
  ],
  [
    1610668800000,
    21482.098932078014
  ],
  [
    1610755200000,
    21216.386115731424
  ],
  [
    1610841600000,
    21102.278133443095
  ],
  [
    1610928000000,
    23406.531853899578
  ],
  [
    1611014400000,
    23674.041949293616
  ],
  [
    1611100800000,
    21294.69985180904
  ],
  [
    1611187200000,
    26761.819876952213
  ],
  [
    1611273600000,
    20887.51047258935
  ],
  [
    1611360000000,
    23405.225564409462
  ],
  [
    1611446400000,
    19444.02889681225
  ],
  [
    1611532800000,
    23255.441485231295
  ],
  [
    1611619200000,
    21748.255006300184
  ],
  [
    1611705600000,
    21476.3853704245
  ],
  [
    1611792000000,
    31.580972353898662
  ],
  [
    1611878400000,
    83.01712389278188
  ],
  [
    1611964800000,
    1730.0081557553776
  ],
  [
    1612051200000,
    393.3256042229154
  ],
  [
    1612137600000,
    115.64422272470203
  ],
  [
    1612224000000,
    113.48583923953709
  ],
  [
    1612310400000,
    1872.2771298283865
  ],
  [
    1612396800000,
    11.721109143822815
  ],
  [
    1612483200000,
    1257.427318713463
  ],
  [
    1612569600000,
    1257.427318713463
  ],
  [
    1612656000000,
    5078.707284799645
  ],
  [
    1612742400000,
    525.5945483500329
  ],
  [
    1612828800000,
    458.9814922541115
  ],
  [
    1612915200000,
    841.2434179648192
  ],
  [
    1613001600000,
    1404.403973306014
  ],
  [
    1613088000000,
    69.22365928004125
  ],
  [
    1613174400000,
    2935.8475725404005
  ],
  [
    1613260800000,
    1721.6098072777572
  ],
  [
    1613347200000,
    1954.7348499999835
  ],
  [
    1613433600000,
    241.3795841666766
  ],
  [
    1613520000000,
    247.34955034110547
  ],
  [
    1613606400000,
    247.34955034110547
  ],
  [
    1613692800000,
    425.24437203409866
  ],
  [
    1613779200000,
    191.06063970072967
  ],
  [
    1613865600000,
    1559.6630956548004
  ],
  [
    1613952000000,
    2339.293010158656
  ],
  [
    1614038400000,
    1774.5928706105587
  ],
  [
    1614124800000,
    2.4454930483782427
  ],
  [
    1614211200000,
    2.4454930483782427
  ],
  [
    1614297600000,
    1856.3195570954717
  ],
  [
    1614384000000,
    1856.3195570954717
  ],
  [
    1614470400000,
    247.97611487668723
  ],
  [
    1614556800000,
    61.749483881808445
  ],
  [
    1614643200000,
    709.4068843190818
  ],
  [
    1614729600000,
    54.19877926803973
  ],
  [
    1614816000000,
    87.93407500937283
  ],
  [
    1614902400000,
    87.93407500937283
  ],
  [
    1615075200000,
    223.9402799407295
  ],
  [
    1615161600000,
    223.9402799407295
  ],
  [
    1615248000000,
    4.3785551913932647e-8
  ],
  [
    1615334400000,
    752.884031869215
  ],
  [
    1615420800000,
    172.09734182115415
  ],
  [
    1615507200000,
    34.13567457381947
  ],
  [
    1615593600000,
    230.33365923529487
  ],
  [
    1615766400000,
    602.9085588400056
  ],
  [
    1615852800000,
    602.9085588400056
  ],
  [
    1615939200000,
    90.9276120685686
  ],
  [
    1616025600000,
    278.1854741586638
  ],
  [
    1616112000000,
    267.1061932225757
  ],
  [
    1616198400000,
    181.87167356567377
  ],
  [
    1616284800000,
    1407.719488897343
  ],
  [
    1616371200000,
    174.78432386556963
  ],
  [
    1616457600000,
    98.2891691992517
  ],
  [
    1616716800000,
    799.3683617938162
  ],
  [
    1616803200000,
    799.3683617938162
  ],
  [
    1616889600000,
    141.738667067465
  ],
  [
    1616976000000,
    182.44171006723553
  ],
  [
    1617062400000,
    182.44171006723553
  ],
  [
    1617148800000,
    551.5156422559705
  ],
  [
    1617494400000,
    1497.8443556695115
  ],
  [
    1617580800000,
    1497.8443556695115
  ],
  [
    1617667200000,
    1351.7250900262266
  ],
  [
    1618012800000,
    357.5347902079134
  ],
  [
    1618099200000,
    357.5347902079134
  ],
  [
    1618185600000,
    9306.052632524137
  ],
  [
    1618272000000,
    8056.016081214146
  ],
  [
    1618358400000,
    341.4180511227967
  ],
  [
    1618444800000,
    252.47253179631625
  ],
  [
    1618531200000,
    153.01495761763462
  ],
  [
    1618617600000,
    153.01495761763462
  ],
  [
    1618704000000,
    1408.2338559145164
  ],
  [
    1618790400000,
    368.2119095392226
  ],
  [
    1618876800000,
    2816.874827362632
  ],
  [
    1618963200000,
    1204.350525612435
  ],
  [
    1619049600000,
    308.5326789464726
  ],
  [
    1619136000000,
    991.2258586557577
  ],
  [
    1619222400000,
    558.2386003348447
  ],
  [
    1619308800000,
    62.46733302705257
  ],
  [
    1619395200000,
    107.7082946260045
  ],
  [
    1619481600000,
    45.97938056667533
  ],
  [
    1619568000000,
    230.94146195849382
  ],
  [
    1619654400000,
    154.5063276644558
  ],
  [
    1619740800000,
    157.7947646996244
  ],
  [
    1619827200000,
    354.23683846496124
  ],
  [
    1619913600000,
    1439.6098544636855
  ],
  [
    1620000000000,
    1168.2441122029447
  ],
  [
    1620086400000,
    5566.061556068202
  ],
  [
    1620172800000,
    245.4596123953508
  ],
  [
    1620259200000,
    2467.9462210524443
  ],
  [
    1620345600000,
    98.35401862566695
  ],
  [
    1620432000000,
    860.5654824226865
  ],
  [
    1620518400000,
    1030.5450466983762
  ],
  [
    1620604800000,
    958.0354251049564
  ],
  [
    1620777600000,
    207.61306668059302
  ],
  [
    1620864000000,
    207.61306668059302
  ],
  [
    1620950400000,
    894.8868495728132
  ],
  [
    1621036800000,
    19050.492513194335
  ],
  [
    1621296000000,
    756.5198496500635
  ],
  [
    1621382400000,
    756.5198496500635
  ],
  [
    1621468800000,
    226.35851325420867
  ],
  [
    1621555200000,
    226.35851325420867
  ],
  [
    1621641600000,
    285.72042441029157
  ],
  [
    1621728000000,
    41.35381429551047
  ],
  [
    1621814400000,
    879.3255220681755
  ],
  [
    1621900800000,
    226.3036548451074
  ],
  [
    1621987200000,
    21.328179702263224
  ],
  [
    1622246400000,
    473.37628974471477
  ],
  [
    1622332800000,
    473.37628974471477
  ],
  [
    1622419200000,
    64.85226837272744
  ],
  [
    1622505600000,
    631.7358226147866
  ],
  [
    1622592000000,
    312.07571504418985
  ],
  [
    1622678400000,
    1652.2187576639828
  ],
  [
    1622764800000,
    170.9486954711352
  ],
  [
    1622851200000,
    187.45107012579456
  ],
  [
    1622937600000,
    461.39571470700633
  ],
  [
    1623024000000,
    881.1182227473247
  ],
  [
    1623110400000,
    32.07817411156625
  ],
  [
    1623196800000,
    186.8623526017353
  ],
  [
    1623283200000,
    364.1240127209851
  ],
  [
    1623369600000,
    23.02862999751529
  ],
  [
    1623456000000,
    171.03882717048478
  ],
  [
    1623542400000,
    171.03882717048478
  ],
  [
    1623628800000,
    538.1898605492103
  ],
  [
    1623715200000,
    435.3683750147815
  ],
  [
    1623801600000,
    201.20354183664656
  ],
  [
    1623888000000,
    334.91852611138023
  ],
  [
    1623974400000,
    74.25892601728545
  ],
  [
    1624060800000,
    180.30186708256855
  ],
  [
    1624147200000,
    180.30186708256855
  ],
  [
    1624233600000,
    22.16900452128593
  ],
  [
    1624492800000,
    39.26852941969041
  ],
  [
    1624579200000,
    39.26852941969041
  ],
  [
    1624665600000,
    18.5274462345262
  ],
  [
    1624752000000,
    609.6390906687393
  ],
  [
    1624838400000,
    298.0983828759844
  ],
  [
    1624924800000,
    320.46797796327763
  ],
  [
    1625011200000,
    19.752587658407457
  ],
  [
    1625097600000,
    419.43886874622734
  ],
  [
    1625184000000,
    419.43886874622734
  ],
  [
    1625270400000,
    12.834257848516584
  ],
  [
    1625356800000,
    163.0373754530986
  ],
  [
    1625443200000,
    163.0373754530986
  ],
  [
    1625529600000,
    94.64321032837046
  ],
  [
    1625616000000,
    393.60995593234776
  ],
  [
    1625702400000,
    162.90061046806045
  ],
  [
    1625788800000,
    1087.572662863969
  ],
  [
    1625875200000,
    330.13954168352035
  ],
  [
    1625961600000,
    330.13954168352035
  ],
  [
    1626048000000,
    279.5776455106579
  ],
  [
    1626307200000,
    6949.025432323073
  ],
  [
    1626393600000,
    305.2769529502345
  ],
  [
    1626480000000,
    110.62015661104743
  ],
  [
    1626566400000,
    161.47297642255654
  ],
  [
    1626652800000,
    162.77809881222794
  ],
  [
    1626739200000,
    112.94962975921636
  ],
  [
    1626998400000,
    27.90683055536242
  ],
  [
    1627084800000,
    27.90683055536242
  ],
  [
    1627171200000,
    308.6050335747376
  ],
  [
    1627257600000,
    49.89012391925015
  ],
  [
    1627344000000,
    141.8738744297281
  ],
  [
    1627430400000,
    23.16797417128892
  ],
  [
    1627516800000,
    53.1353286023608
  ],
  [
    1627603200000,
    181.20687484906097
  ],
  [
    1627689600000,
    67.37695948189922
  ],
  [
    1627776000000,
    18.76409740867877
  ],
  [
    1627862400000,
    1642.6306444578252
  ],
  [
    1627948800000,
    47.934099501136096
  ],
  [
    1628035200000,
    111.18675451470722
  ],
  [
    1628121600000,
    111.18675451470722
  ],
  [
    1628208000000,
    25.971376379699752
  ],
  [
    1628294400000,
    300.5033181846877
  ],
  [
    1628380800000,
    114.82046627393171
  ],
  [
    1628467200000,
    114.82046627393171
  ],
  [
    1628553600000,
    121.19897547443728
  ],
  [
    1628812800000,
    222.62862209630686
  ],
  [
    1628899200000,
    222.62862209630686
  ],
  [
    1628985600000,
    302.59815344865524
  ],
  [
    1629072000000,
    75.18727553352174
  ],
  [
    1629158400000,
    427.4783861116413
  ],
  [
    1629244800000,
    29.870310512994784
  ],
  [
    1629331200000,
    196.83590877950016
  ],
  [
    1629417600000,
    196.83590877950016
  ],
  [
    1629590400000,
    927.8581239858767
  ],
  [
    1629676800000,
    927.8581239858767
  ],
  [
    1629763200000,
    400.10543188279155
  ],
  [
    1630022400000,
    6631.714082782911
  ],
  [
    1630108800000,
    6631.714082782911
  ],
  [
    1630195200000,
    4770.998735107107
  ],
  [
    1630281600000,
    2965.382873147001
  ],
  [
    1630368000000,
    2939.8480090955723
  ],
  [
    1630540800000,
    0
  ],
  [
    1630627200000,
    0
  ]
]