[
  [
    1546473600000,
    0.6687100188611493
  ],
  [
    1546560000000,
    1.4247765068035132
  ],
  [
    1546646400000,
    0.2957010675835637
  ],
  [
    1546732800000,
    0.01136724416666688
  ],
  [
    1546819200000,
    7.3495802434423965
  ],
  [
    1546905600000,
    2.303188122424939
  ],
  [
    1546992000000,
    2.0126016153000523
  ],
  [
    1547078400000,
    2.1238190582075624
  ],
  [
    1547164800000,
    0.4316623855803192
  ],
  [
    1547251200000,
    0.001446514217098936
  ],
  [
    1547337600000,
    231.861172484828
  ],
  [
    1547424000000,
    44.727902214451376
  ],
  [
    1547510400000,
    34.59263287422401
  ],
  [
    1547596800000,
    12.331897937819715
  ],
  [
    1547683200000,
    12.339974209383069
  ],
  [
    1547769600000,
    25.565016718863887
  ],
  [
    1547856000000,
    3.4542106614012575
  ],
  [
    1547942400000,
    8.36751274523103
  ],
  [
    1548028800000,
    32.71978037903459
  ],
  [
    1548115200000,
    0.00350952101955482
  ],
  [
    1548201600000,
    24.349148778245574
  ],
  [
    1548288000000,
    50.91310079690415
  ],
  [
    1548374400000,
    26.06557410285663
  ],
  [
    1548460800000,
    0.002852823967674792
  ],
  [
    1548547200000,
    8.94616621288862
  ],
  [
    1548633600000,
    6.831087449495128
  ],
  [
    1548720000000,
    7.140849703179471
  ],
  [
    1548806400000,
    8.120024440172887
  ],
  [
    1548892800000,
    15.769491364996352
  ],
  [
    1548979200000,
    4.556722383119809
  ],
  [
    1549065600000,
    30.976795196664998
  ],
  [
    1549152000000,
    82.3664842327915
  ],
  [
    1549238400000,
    55.37838077279899
  ],
  [
    1549324800000,
    18.39801645585369
  ],
  [
    1549411200000,
    25.102171525354027
  ],
  [
    1549497600000,
    4.404750505640685
  ],
  [
    1549584000000,
    1.639765978637096
  ],
  [
    1549670400000,
    14.05868069291821
  ],
  [
    1549756800000,
    0.00475632454895676
  ],
  [
    1549843200000,
    166.71573208662542
  ],
  [
    1549929600000,
    19.15159832250899
  ],
  [
    1550016000000,
    50.68557877778325
  ],
  [
    1550102400000,
    43.20636985007024
  ],
  [
    1550188800000,
    12.710642350010916
  ],
  [
    1550275200000,
    22.809100109339557
  ],
  [
    1550361600000,
    19.00103697026904
  ],
  [
    1550448000000,
    12.289505733272799
  ],
  [
    1550534400000,
    25.486988319273465
  ],
  [
    1550620800000,
    6.8875907841798805
  ],
  [
    1550707200000,
    12.386360134264429
  ],
  [
    1550793600000,
    43.38773074150508
  ],
  [
    1550880000000,
    99.43639042192088
  ],
  [
    1550966400000,
    230.7061897123269
  ],
  [
    1551052800000,
    171.4473685942553
  ],
  [
    1551139200000,
    127.53986069921815
  ],
  [
    1551225600000,
    404.96658913525766
  ],
  [
    1551312000000,
    100.88302684898474
  ],
  [
    1551398400000,
    342.8745465685672
  ],
  [
    1551484800000,
    68.97647573856335
  ],
  [
    1551571200000,
    269.17639904795135
  ],
  [
    1551657600000,
    41.61393625125296
  ],
  [
    1551744000000,
    95.72879112297274
  ],
  [
    1551830400000,
    97.61152808593263
  ],
  [
    1551916800000,
    352.72662415076223
  ],
  [
    1552003200000,
    172.1441823441928
  ],
  [
    1552089600000,
    336.818987473648
  ],
  [
    1552176000000,
    24.727523581139142
  ],
  [
    1552262400000,
    241.43067695942875
  ],
  [
    1552348800000,
    288.41792183854244
  ],
  [
    1552435200000,
    1092.2798464751468
  ],
  [
    1552521600000,
    184.89383615872137
  ],
  [
    1552608000000,
    652.0786892642681
  ],
  [
    1552694400000,
    895.87929937265
  ],
  [
    1552780800000,
    62.19852436774702
  ],
  [
    1552867200000,
    103.49465453762319
  ],
  [
    1552953600000,
    359.5652297610311
  ],
  [
    1553040000000,
    497.3053441714491
  ],
  [
    1553126400000,
    194.08900685551933
  ],
  [
    1553212800000,
    944.930800098033
  ],
  [
    1553299200000,
    258.87798430429837
  ],
  [
    1553385600000,
    168.67024881541957
  ],
  [
    1553472000000,
    382.3234485750729
  ],
  [
    1553558400000,
    250.48950189253034
  ],
  [
    1553731200000,
    482.6346042801029
  ],
  [
    1553817600000,
    348.498580783543
  ],
  [
    1553904000000,
    738.1585703137645
  ],
  [
    1553990400000,
    191.13768298504667
  ],
  [
    1554076800000,
    967.9821251257678
  ],
  [
    1554163200000,
    148.69846532814665
  ],
  [
    1554249600000,
    249.81281534308317
  ],
  [
    1554336000000,
    115.15693258668527
  ],
  [
    1554422400000,
    108.58146980932194
  ],
  [
    1554508800000,
    1245.7289476811075
  ],
  [
    1554595200000,
    952.8532219169894
  ],
  [
    1554681600000,
    4164.03142969242
  ],
  [
    1554768000000,
    440.90558684896104
  ],
  [
    1554854400000,
    2500.020323042355
  ],
  [
    1554940800000,
    939.1653530857486
  ],
  [
    1555027200000,
    1193.6609589783411
  ],
  [
    1555113600000,
    1810.068559871478
  ],
  [
    1555200000000,
    1281.0759290161482
  ],
  [
    1555286400000,
    111.88352389579433
  ],
  [
    1555372800000,
    1045.6491683336853
  ],
  [
    1555459200000,
    1596.1321222468239
  ],
  [
    1555545600000,
    1376.0325738234385
  ],
  [
    1555632000000,
    5753.532787200378
  ],
  [
    1555718400000,
    20639.881133022165
  ],
  [
    1555804800000,
    1455.5421637204001
  ],
  [
    1555891200000,
    697.5990901192228
  ],
  [
    1555977600000,
    131.08616825294442
  ],
  [
    1556064000000,
    197.38029717972577
  ],
  [
    1556150400000,
    66.53935368881406
  ],
  [
    1556236800000,
    109.71495114569946
  ],
  [
    1556323200000,
    0
  ],
  [
    1556409600000,
    621.4190532843043
  ],
  [
    1556496000000,
    770.1649101893413
  ],
  [
    1556582400000,
    455.4301715155162
  ],
  [
    1556668800000,
    840.1004610418032
  ],
  [
    1556755200000,
    1369.5977981084238
  ],
  [
    1556841600000,
    999.469291319564
  ],
  [
    1556928000000,
    1441.1129247822648
  ],
  [
    1557014400000,
    694.9605545927277
  ],
  [
    1557100800000,
    668.5581762121501
  ],
  [
    1557187200000,
    1300.0382074495558
  ],
  [
    1557273600000,
    497.343544311075
  ],
  [
    1557360000000,
    383.5811250093541
  ],
  [
    1557446400000,
    622.5370881655859
  ],
  [
    1557532800000,
    427.2871786866589
  ],
  [
    1557619200000,
    739.1096835640666
  ],
  [
    1557705600000,
    293.33866648889284
  ],
  [
    1557792000000,
    626.4126517381125
  ],
  [
    1557878400000,
    308.10899109841546
  ],
  [
    1557964800000,
    204.12259329374533
  ],
  [
    1558051200000,
    156.31807879570295
  ],
  [
    1558137600000,
    66.09074904630013
  ],
  [
    1558224000000,
    68.2472097500616
  ],
  [
    1558310400000,
    187.93877048924952
  ],
  [
    1558396800000,
    102.36510325724032
  ],
  [
    1558483200000,
    74.88648587018764
  ],
  [
    1558569600000,
    191.05928282004547
  ],
  [
    1558656000000,
    162.5911902258033
  ],
  [
    1558742400000,
    173.98104026245701
  ],
  [
    1558828800000,
    204.8366664093443
  ],
  [
    1558915200000,
    221.37690457207023
  ],
  [
    1559001600000,
    294.1443412354424
  ],
  [
    1559088000000,
    187.96858442633635
  ],
  [
    1559174400000,
    122.31083976927879
  ],
  [
    1559260800000,
    276.23177044687003
  ],
  [
    1559347200000,
    307.1120610275065
  ],
  [
    1559433600000,
    280.79575187146463
  ],
  [
    1559520000000,
    1186.5495767882871
  ],
  [
    1559606400000,
    160.1712702034101
  ],
  [
    1559692800000,
    175.04892698688886
  ],
  [
    1559779200000,
    249.90749176761918
  ],
  [
    1559865600000,
    289.39053396332093
  ],
  [
    1559952000000,
    663.3704938361614
  ],
  [
    1560038400000,
    836.4424910021853
  ],
  [
    1560124800000,
    587.6439617737259
  ],
  [
    1560211200000,
    1731.6581748773397
  ],
  [
    1560297600000,
    428.24446508923717
  ],
  [
    1560384000000,
    596.6347238799154
  ],
  [
    1560470400000,
    559.0595472631226
  ],
  [
    1560556800000,
    597.005277620278
  ],
  [
    1560643200000,
    320.7672208781135
  ],
  [
    1560729600000,
    506.8425486067247
  ],
  [
    1560816000000,
    290.3660286391969
  ],
  [
    1560902400000,
    533.3840597133028
  ],
  [
    1560988800000,
    129.5994538947729
  ],
  [
    1561075200000,
    284.68549953042174
  ],
  [
    1561161600000,
    338.15735024926676
  ],
  [
    1561248000000,
    774.7489106139656
  ],
  [
    1561334400000,
    106.9378465033138
  ],
  [
    1561420800000,
    175.86586688983343
  ],
  [
    1561507200000,
    302.1507065041751
  ],
  [
    1561593600000,
    166.82561707276878
  ],
  [
    1561680000000,
    190.78819553962418
  ],
  [
    1561766400000,
    643.8508002051634
  ],
  [
    1561852800000,
    162.08196776922043
  ],
  [
    1561939200000,
    89.01755695057643
  ],
  [
    1562025600000,
    73.97154755702753
  ],
  [
    1562112000000,
    114.51054342781232
  ],
  [
    1562198400000,
    246.18131275813036
  ],
  [
    1562284800000,
    411.13266195204585
  ],
  [
    1562371200000,
    136.65495110205433
  ],
  [
    1562457600000,
    79.92480181887048
  ],
  [
    1562544000000,
    380.95985767734794
  ],
  [
    1562630400000,
    100.46979937278671
  ],
  [
    1562716800000,
    193.14241793536831
  ],
  [
    1562803200000,
    147.7811309121133
  ],
  [
    1562889600000,
    50.002153710720656
  ],
  [
    1562976000000,
    193.88719388637807
  ],
  [
    1563062400000,
    63.18813978231842
  ],
  [
    1563148800000,
    140.90491875200254
  ],
  [
    1563235200000,
    0.00325498748665647
  ],
  [
    1563321600000,
    1008.3815218678676
  ],
  [
    1563408000000,
    231.21750467677305
  ],
  [
    1563494400000,
    379.98923912545126
  ],
  [
    1563580800000,
    176.87531535454252
  ],
  [
    1563667200000,
    407.578890790279
  ],
  [
    1563753600000,
    383.1210971424743
  ],
  [
    1563840000000,
    295.1618936247818
  ],
  [
    1563926400000,
    115.00675723276038
  ],
  [
    1564012800000,
    508.38801751579643
  ],
  [
    1564099200000,
    2185.498436909711
  ],
  [
    1564185600000,
    697.2929785429975
  ],
  [
    1564272000000,
    360.6892475408813
  ],
  [
    1564358400000,
    265.8886766664907
  ],
  [
    1564444800000,
    1941.25275727778
  ],
  [
    1564531200000,
    1963.8063985783442
  ],
  [
    1564617600000,
    348.932355571932
  ],
  [
    1564704000000,
    942.028178577229
  ],
  [
    1564790400000,
    332.2647980747323
  ],
  [
    1564876800000,
    379.58805677064487
  ],
  [
    1564963200000,
    388.7446304055602
  ],
  [
    1565049600000,
    305.04265698888213
  ],
  [
    1565136000000,
    365.16715282881523
  ],
  [
    1565222400000,
    281.2033481610048
  ],
  [
    1565308800000,
    222.30211145881373
  ],
  [
    1565395200000,
    193.47849196863967
  ],
  [
    1565481600000,
    743.3642600403587
  ],
  [
    1565568000000,
    446.92873539754004
  ],
  [
    1565654400000,
    609.4115668714788
  ],
  [
    1565740800000,
    135.9440189497956
  ],
  [
    1565827200000,
    730.0554378951498
  ],
  [
    1565913600000,
    247.16906125913778
  ],
  [
    1566000000000,
    165.86449256424882
  ],
  [
    1566086400000,
    451.3047273667647
  ],
  [
    1566172800000,
    435.66632786720186
  ],
  [
    1566259200000,
    306.531620060342
  ],
  [
    1566345600000,
    705.9038573559487
  ],
  [
    1566432000000,
    1285.0230009542818
  ],
  [
    1566518400000,
    365.5087315618632
  ],
  [
    1566604800000,
    205.8531795498794
  ],
  [
    1566691200000,
    130.47724991688173
  ],
  [
    1566777600000,
    249.45990149843354
  ],
  [
    1566864000000,
    840.2402007931756
  ],
  [
    1566950400000,
    248.85850474293926
  ],
  [
    1567036800000,
    331.0132326523028
  ],
  [
    1567123200000,
    978.9869738441876
  ],
  [
    1567209600000,
    1610.5384113236212
  ],
  [
    1567296000000,
    624.1050738213314
  ],
  [
    1567382400000,
    690.4574074007684
  ],
  [
    1567468800000,
    499.36598208014004
  ],
  [
    1567555200000,
    2024.5424758599065
  ],
  [
    1567641600000,
    17265.363359391675
  ],
  [
    1567728000000,
    45664.79523866153
  ],
  [
    1567814400000,
    28150.49467416198
  ],
  [
    1567900800000,
    2938.746550094319
  ],
  [
    1567987200000,
    11417.87919494533
  ],
  [
    1568073600000,
    12355.920532533417
  ],
  [
    1568160000000,
    9278.177316229054
  ],
  [
    1568246400000,
    6749.945266617804
  ],
  [
    1568332800000,
    7822.129420718366
  ],
  [
    1568419200000,
    7403.021711233773
  ],
  [
    1568505600000,
    5572.24715855195
  ],
  [
    1568592000000,
    460.12023122582417
  ],
  [
    1568678400000,
    486.99254917188415
  ],
  [
    1568764800000,
    2693.523889595178
  ],
  [
    1568851200000,
    5535.946212154214
  ],
  [
    1568937600000,
    6090.389174291998
  ],
  [
    1569024000000,
    6034.32467564767
  ],
  [
    1569110400000,
    7049.4043841328785
  ],
  [
    1569196800000,
    7911.024253936363
  ],
  [
    1569283200000,
    5510.595711088446
  ],
  [
    1569369600000,
    7283.937897099655
  ],
  [
    1569456000000,
    13444.801547244591
  ],
  [
    1569542400000,
    10098.752534422681
  ],
  [
    1569628800000,
    11211.859888844081
  ],
  [
    1569715200000,
    11286.74260552297
  ],
  [
    1569801600000,
    10274.89598930595
  ],
  [
    1569888000000,
    4806.855395513495
  ],
  [
    1569974400000,
    9219.30127358892
  ],
  [
    1570060800000,
    9219.30127358892
  ],
  [
    1570147200000,
    13233.632516749169
  ],
  [
    1570233600000,
    13233.632516749169
  ],
  [
    1570320000000,
    6.511094337781516
  ],
  [
    1570406400000,
    8674.02102764594
  ],
  [
    1570492800000,
    8646.952227053285
  ],
  [
    1570579200000,
    30.4824892608044
  ],
  [
    1570665600000,
    8039.739384201255
  ],
  [
    1570752000000,
    0
  ],
  [
    1570838400000,
    7698.874293913357
  ],
  [
    1570924800000,
    7684.070523061027
  ],
  [
    1571011200000,
    4456.967962736705
  ],
  [
    1571097600000,
    9045.344126626713
  ],
  [
    1571184000000,
    643.4036293360551
  ],
  [
    1571270400000,
    142.83801257297603
  ],
  [
    1571356800000,
    8.90696777546584
  ],
  [
    1571443200000,
    3498.8169972631067
  ],
  [
    1571529600000,
    37.103523921305715
  ],
  [
    1571616000000,
    8.311830704256257
  ],
  [
    1571702400000,
    13911.352474726827
  ],
  [
    1571788800000,
    47593.23040808858
  ],
  [
    1571875200000,
    31647.698953090337
  ],
  [
    1571961600000,
    10872.580346658777
  ],
  [
    1572048000000,
    22811.002891941596
  ],
  [
    1572134400000,
    19657.81198731086
  ],
  [
    1572220800000,
    23890.80397652748
  ],
  [
    1572307200000,
    14745.998423693401
  ],
  [
    1572393600000,
    9995.167008083426
  ],
  [
    1572480000000,
    7783.438312377259
  ],
  [
    1572566400000,
    323.65641691735783
  ],
  [
    1572652800000,
    10344.568035130353
  ],
  [
    1572739200000,
    6495.414429153735
  ],
  [
    1572825600000,
    13815.363595289235
  ],
  [
    1572912000000,
    13085.975727475334
  ],
  [
    1572998400000,
    19483.62025862432
  ],
  [
    1573084800000,
    20335.494678144478
  ],
  [
    1573171200000,
    21813.107665715714
  ],
  [
    1573257600000,
    24282.256031787932
  ],
  [
    1573344000000,
    28579.159513736216
  ],
  [
    1573430400000,
    11878.341239269108
  ],
  [
    1573516800000,
    65.27672733194292
  ],
  [
    1573603200000,
    15134.335972321838
  ],
  [
    1573689600000,
    18263.042877462743
  ],
  [
    1573776000000,
    9333.854225781492
  ],
  [
    1573862400000,
    903.6209791508966
  ],
  [
    1573948800000,
    68.81192167540894
  ],
  [
    1574035200000,
    66.99294110128844
  ],
  [
    1574121600000,
    7187.519179136529
  ],
  [
    1574208000000,
    35396.58662352164
  ],
  [
    1574294400000,
    51611.084817669136
  ],
  [
    1574380800000,
    30033.1440764673
  ],
  [
    1574467200000,
    35341.28390213535
  ],
  [
    1574553600000,
    14412.799237037938
  ],
  [
    1574640000000,
    96.28924512778605
  ],
  [
    1574726400000,
    120.18870024417595
  ],
  [
    1574812800000,
    32.13458426427744
  ],
  [
    1574899200000,
    189.6820566704928
  ],
  [
    1574985600000,
    1807.0124317533057
  ],
  [
    1575072000000,
    12832.585343577754
  ],
  [
    1575158400000,
    5951.8344718630315
  ],
  [
    1575244800000,
    267.0695777316777
  ],
  [
    1575331200000,
    54.33466427084178
  ],
  [
    1575417600000,
    25.051822234740996
  ],
  [
    1575504000000,
    16787.667035755425
  ],
  [
    1575590400000,
    47402.42839895208
  ],
  [
    1575676800000,
    22524.60755525748
  ],
  [
    1575763200000,
    25412.352461683007
  ],
  [
    1575849600000,
    31138.0457760446
  ],
  [
    1575936000000,
    34273.83780687545
  ],
  [
    1576022400000,
    9829.579852179975
  ],
  [
    1576108800000,
    12399.22770194067
  ],
  [
    1576195200000,
    16137.521111533057
  ],
  [
    1576281600000,
    13596.87732693041
  ],
  [
    1576368000000,
    13689.31272030746
  ],
  [
    1576454400000,
    31.0520024779256
  ],
  [
    1576540800000,
    596.7852761880044
  ],
  [
    1576627200000,
    4163.321018795711
  ],
  [
    1576713600000,
    39.149617925136184
  ],
  [
    1576800000000,
    43.93478055379766
  ],
  [
    1576886400000,
    21.032543353904426
  ],
  [
    1576972800000,
    33.51214980353985
  ],
  [
    1577059200000,
    46.4663373859379
  ],
  [
    1577145600000,
    41.476595356885056
  ],
  [
    1577232000000,
    304.28331530753064
  ],
  [
    1577318400000,
    30.113807230466975
  ],
  [
    1577404800000,
    11586.888685681886
  ],
  [
    1577491200000,
    3439.708443278374
  ],
  [
    1577577600000,
    50.84383973747637
  ],
  [
    1577664000000,
    289.9075163224486
  ],
  [
    1577750400000,
    10892.096001828791
  ],
  [
    1577836800000,
    4172.1808772817085
  ],
  [
    1577923200000,
    4337.20324726877
  ],
  [
    1578009600000,
    8992.142666256204
  ],
  [
    1578096000000,
    4615.712587102741
  ],
  [
    1578182400000,
    2838.654262921073
  ],
  [
    1578268800000,
    11445.535119959643
  ],
  [
    1578355200000,
    12560.357382368842
  ],
  [
    1578441600000,
    7501.744337064858
  ],
  [
    1578528000000,
    22.804123239055297
  ],
  [
    1578614400000,
    19.04709375899472
  ],
  [
    1578700800000,
    27.596084245752163
  ],
  [
    1578787200000,
    39.9809533862764
  ],
  [
    1578873600000,
    43.14586031258977
  ],
  [
    1578960000000,
    24.110532059060603
  ],
  [
    1579046400000,
    7874.183340385917
  ],
  [
    1579132800000,
    26322.692096009432
  ],
  [
    1579219200000,
    28162.07755074033
  ],
  [
    1579305600000,
    20271.43231836306
  ],
  [
    1579392000000,
    1669.4423295160966
  ],
  [
    1579478400000,
    22.930085661413596
  ],
  [
    1579564800000,
    25.418868633289183
  ],
  [
    1579651200000,
    17.77010010006139
  ],
  [
    1579737600000,
    30.701905954254453
  ],
  [
    1579824000000,
    21.415688072098398
  ],
  [
    1579910400000,
    38.95579875506838
  ],
  [
    1579996800000,
    25.25512331227288
  ],
  [
    1580083200000,
    28.978745640226528
  ],
  [
    1580169600000,
    37.90923540675566
  ],
  [
    1580256000000,
    22.656712824478934
  ],
  [
    1580342400000,
    19.383096979225954
  ],
  [
    1580428800000,
    35.88934826359029
  ],
  [
    1580515200000,
    13553.954300242958
  ],
  [
    1580601600000,
    1697.621761631345
  ],
  [
    1580688000000,
    17.073099605768356
  ],
  [
    1580774400000,
    37.85838858947064
  ],
  [
    1580860800000,
    24.30494044785287
  ],
  [
    1580947200000,
    6048.169050030844
  ],
  [
    1581033600000,
    4253.871061320786
  ],
  [
    1581120000000,
    9612.13125068991
  ],
  [
    1581206400000,
    26235.52731265752
  ],
  [
    1581292800000,
    22512.874548438573
  ],
  [
    1581379200000,
    43421.20495755944
  ],
  [
    1581465600000,
    9717.493338351216
  ],
  [
    1581552000000,
    8038.153717372902
  ],
  [
    1581638400000,
    14133.505264923344
  ],
  [
    1581724800000,
    8782.337146143052
  ],
  [
    1581811200000,
    19849.45731167928
  ],
  [
    1581897600000,
    20727.452070386244
  ],
  [
    1581984000000,
    31385.15271018285
  ],
  [
    1582070400000,
    43953.978750420596
  ],
  [
    1582156800000,
    27112.232714140053
  ],
  [
    1582243200000,
    13177.244802650204
  ],
  [
    1582329600000,
    3719.125001586258
  ],
  [
    1582416000000,
    9342.051758679543
  ],
  [
    1582502400000,
    18639.69722060283
  ],
  [
    1582588800000,
    21713.160062598497
  ],
  [
    1582675200000,
    18183.656675192135
  ],
  [
    1582761600000,
    24884.78404154587
  ],
  [
    1582848000000,
    14406.764782576336
  ],
  [
    1582934400000,
    13898.197632375095
  ],
  [
    1583020800000,
    14042.793711530998
  ],
  [
    1583107200000,
    14509.281693993178
  ],
  [
    1583193600000,
    13169.751625144088
  ],
  [
    1583280000000,
    13653.0387027182
  ],
  [
    1583366400000,
    12008.29094843432
  ],
  [
    1583452800000,
    8413.029858179934
  ],
  [
    1583539200000,
    13086.769963110306
  ],
  [
    1583625600000,
    12938.792674575423
  ],
  [
    1583712000000,
    11942.826542617782
  ],
  [
    1583798400000,
    2459.6788311490486
  ],
  [
    1583884800000,
    505.27033170357464
  ],
  [
    1583971200000,
    15691.094272466318
  ],
  [
    1584057600000,
    5958.98761812338
  ],
  [
    1584144000000,
    3332.895026637439
  ],
  [
    1584230400000,
    776.2982931679996
  ],
  [
    1584316800000,
    766.9055531385245
  ],
  [
    1584403200000,
    721.5572581662443
  ],
  [
    1584489600000,
    775.8499151743388
  ],
  [
    1584576000000,
    795.3655782331317
  ],
  [
    1584662400000,
    831.806571652447
  ],
  [
    1584748800000,
    890.226974628885
  ],
  [
    1584835200000,
    907.2543472527269
  ],
  [
    1584921600000,
    826.2644970585266
  ],
  [
    1585008000000,
    906.8219500880538
  ],
  [
    1585094400000,
    4525.191215011167
  ],
  [
    1585180800000,
    602.592021014502
  ],
  [
    1585267200000,
    142.7432153136912
  ],
  [
    1585353600000,
    0.2018110287619002
  ],
  [
    1585440000000,
    3519.357540206369
  ],
  [
    1585526400000,
    13827.440283931139
  ],
  [
    1585612800000,
    8872.354062082279
  ],
  [
    1585699200000,
    2146.1734253214604
  ],
  [
    1585785600000,
    527.4333899281797
  ],
  [
    1585872000000,
    3306.3472352670965
  ],
  [
    1585958400000,
    5.330377390041785
  ],
  [
    1586044800000,
    617.9762643814428
  ],
  [
    1586131200000,
    21.755001895882838
  ],
  [
    1586217600000,
    4979.544415548338
  ],
  [
    1586304000000,
    6417.681055600166
  ],
  [
    1586390400000,
    3078.1191618292787
  ],
  [
    1586476800000,
    3655.9272573903613
  ],
  [
    1586563200000,
    0.0709559212769217
  ],
  [
    1586649600000,
    0.9634230705433559
  ],
  [
    1586736000000,
    0.43350202996629356
  ],
  [
    1586822400000,
    45.52415150173924
  ],
  [
    1586908800000,
    0.14851689283723196
  ],
  [
    1586995200000,
    0.00134478884916516
  ],
  [
    1587081600000,
    95.33791038137582
  ],
  [
    1587168000000,
    0
  ],
  [
    1587254400000,
    17.10151455751025
  ],
  [
    1587340800000,
    0.9608026537272313
  ],
  [
    1587427200000,
    2.7048165732381766
  ],
  [
    1587513600000,
    0.9644737164967163
  ],
  [
    1587600000000,
    0.581954540995543
  ],
  [
    1587686400000,
    9.729277589004464
  ],
  [
    1587772800000,
    0.5098853606905889
  ],
  [
    1587859200000,
    0.32297683567626373
  ],
  [
    1587945600000,
    0.43436408098104623
  ],
  [
    1588032000000,
    1.1203526293996586
  ],
  [
    1588118400000,
    51.303248433364764
  ],
  [
    1588204800000,
    3.167485147961113
  ],
  [
    1588291200000,
    122.0430294532027
  ],
  [
    1588377600000,
    6.743625694348409
  ],
  [
    1588464000000,
    0.4478497341638097
  ],
  [
    1588550400000,
    0.6923017262893392
  ],
  [
    1588636800000,
    1.1468229535445522
  ],
  [
    1588723200000,
    42.586863458867015
  ],
  [
    1588809600000,
    46.89469331094149
  ],
  [
    1588896000000,
    0.9660387182446745
  ],
  [
    1588982400000,
    0.40382176537342046
  ],
  [
    1589068800000,
    4.102908919587797
  ],
  [
    1589155200000,
    41.72192847376794
  ],
  [
    1589241600000,
    1.0942687800331423
  ],
  [
    1589328000000,
    821.6331530453127
  ],
  [
    1589500800000,
    21.68611196769367
  ],
  [
    1589587200000,
    9.44049327926513
  ],
  [
    1589846400000,
    0.3370778187118224
  ],
  [
    1589932800000,
    0
  ],
  [
    1590019200000,
    0
  ],
  [
    1590105600000,
    0
  ],
  [
    1590192000000,
    172.9306187510281
  ],
  [
    1590278400000,
    237.24582141311782
  ],
  [
    1590364800000,
    236.55475419092775
  ],
  [
    1590451200000,
    225.57513526337772
  ],
  [
    1590537600000,
    220.32093490170064
  ],
  [
    1590624000000,
    79.59934499523065
  ],
  [
    1590710400000,
    68.45060311889188
  ],
  [
    1590796800000,
    64.45735324852136
  ],
  [
    1590883200000,
    81.35382839304168
  ],
  [
    1590969600000,
    42.519565847297386
  ],
  [
    1591056000000,
    37.65847083054637
  ],
  [
    1591142400000,
    13.808135226926716
  ],
  [
    1591228800000,
    47.88953600258683
  ],
  [
    1591315200000,
    91.00094703862636
  ],
  [
    1591401600000,
    133.4472049646199
  ],
  [
    1591488000000,
    108.67065540948107
  ],
  [
    1591574400000,
    41.355206689762504
  ],
  [
    1591660800000,
    84.83057090624028
  ],
  [
    1591747200000,
    146.7685118182256
  ],
  [
    1591833600000,
    62.4733468689664
  ],
  [
    1591920000000,
    175.7175992316255
  ],
  [
    1592006400000,
    65.93881132443921
  ],
  [
    1592092800000,
    66.93258573883375
  ],
  [
    1592179200000,
    55.05636803499526
  ],
  [
    1592265600000,
    51.84760693296753
  ],
  [
    1592352000000,
    86.40058974297378
  ],
  [
    1592438400000,
    41.449195298234656
  ],
  [
    1592524800000,
    126.906383962744
  ],
  [
    1592611200000,
    37.70655663098892
  ],
  [
    1592697600000,
    32.61999605928391
  ],
  [
    1592784000000,
    49.40196454624131
  ],
  [
    1592870400000,
    41.0213867474911
  ],
  [
    1592956800000,
    35.296095620787185
  ],
  [
    1593043200000,
    303.1260264188129
  ],
  [
    1593129600000,
    276.6145152316335
  ],
  [
    1593216000000,
    50.844135676087234
  ],
  [
    1593302400000,
    62.298476628138935
  ],
  [
    1593388800000,
    97.05784434723307
  ],
  [
    1593475200000,
    40.110906078404476
  ],
  [
    1593561600000,
    90.82197260422254
  ],
  [
    1593648000000,
    46.868241531236386
  ],
  [
    1593734400000,
    81.03356391444319
  ],
  [
    1593820800000,
    196.66638572106206
  ],
  [
    1593907200000,
    166.32347959985415
  ],
  [
    1593993600000,
    41.80464019849891
  ],
  [
    1594080000000,
    27.72846815265807
  ],
  [
    1594166400000,
    113.35464751555719
  ],
  [
    1594252800000,
    61.75511074453943
  ],
  [
    1594339200000,
    17.09723107860913
  ],
  [
    1594425600000,
    198.92150062683976
  ],
  [
    1594512000000,
    25.537541837427113
  ],
  [
    1594598400000,
    59.08488092680604
  ],
  [
    1594684800000,
    34.45023247044396
  ],
  [
    1594771200000,
    101.16547580332713
  ],
  [
    1594857600000,
    9.166916328300797
  ],
  [
    1594944000000,
    32.123847930556344
  ],
  [
    1595030400000,
    25.700803053820092
  ],
  [
    1595116800000,
    58.818510644796994
  ],
  [
    1595203200000,
    25.60280862455207
  ],
  [
    1595289600000,
    82.62003117937023
  ],
  [
    1595376000000,
    78.24890118176081
  ],
  [
    1595462400000,
    34.58894712480264
  ],
  [
    1595548800000,
    29.492956268814126
  ],
  [
    1595635200000,
    54.63092401358164
  ],
  [
    1595721600000,
    45.77873865019182
  ],
  [
    1595808000000,
    53.9844421582868
  ],
  [
    1595894400000,
    164.2091931114298
  ],
  [
    1595980800000,
    165.68366606228955
  ],
  [
    1596067200000,
    35.323050650174395
  ],
  [
    1596153600000,
    30.66257111921522
  ],
  [
    1596240000000,
    27.099117691778474
  ],
  [
    1596326400000,
    39.55088562982953
  ],
  [
    1596412800000,
    111.52857297788925
  ],
  [
    1596499200000,
    24.157323879611717
  ],
  [
    1596585600000,
    29.276207224022254
  ],
  [
    1596672000000,
    24.481778249160783
  ],
  [
    1596758400000,
    23.290790584415692
  ],
  [
    1596844800000,
    76.35317495084989
  ],
  [
    1596931200000,
    94.48860490897033
  ],
  [
    1597017600000,
    55.01051813394228
  ],
  [
    1597104000000,
    22.913950980701443
  ],
  [
    1597190400000,
    22.07065926427692
  ],
  [
    1597276800000,
    46.89624497521
  ],
  [
    1597363200000,
    29.15886792706512
  ],
  [
    1597449600000,
    43.950303169425126
  ],
  [
    1597536000000,
    32.11835904756305
  ],
  [
    1597622400000,
    110.25205101204807
  ],
  [
    1597708800000,
    27.676093351690547
  ],
  [
    1597795200000,
    108.35270170329065
  ],
  [
    1597881600000,
    24.250039875123196
  ],
  [
    1597968000000,
    51.33697719268794
  ],
  [
    1598054400000,
    25.2417249787897
  ],
  [
    1598140800000,
    19.090125218089945
  ],
  [
    1598227200000,
    32.93925777507255
  ],
  [
    1598313600000,
    64.35546502354175
  ],
  [
    1598400000000,
    56.40099529465074
  ],
  [
    1598486400000,
    346.00125269690966
  ],
  [
    1598572800000,
    10.311456170572328
  ],
  [
    1598659200000,
    10.924682021385564
  ],
  [
    1598745600000,
    6.986688388529731
  ],
  [
    1598832000000,
    24.654997878104112
  ],
  [
    1598918400000,
    21.769908050892845
  ],
  [
    1599004800000,
    47.32285783027549
  ],
  [
    1599091200000,
    27.096851876910005
  ],
  [
    1599177600000,
    23.388329016891678
  ],
  [
    1599264000000,
    13.538203278429608
  ],
  [
    1599350400000,
    15.59948729924991
  ],
  [
    1599436800000,
    13.734800769680394
  ],
  [
    1599523200000,
    10.233377896950548
  ],
  [
    1599609600000,
    9.552984711207015
  ],
  [
    1599696000000,
    8.844997986496725
  ],
  [
    1599782400000,
    9.029749337782498
  ],
  [
    1599868800000,
    9.39017430977749
  ],
  [
    1599955200000,
    8.526548695405454
  ],
  [
    1600041600000,
    11.178750095155538
  ],
  [
    1600128000000,
    23.304429651538968
  ],
  [
    1600214400000,
    6.773900736874758
  ],
  [
    1600300800000,
    7.971582552802699
  ],
  [
    1600387200000,
    7.319743845306331
  ],
  [
    1600473600000,
    19.371801960031963
  ],
  [
    1600560000000,
    14.978656523775783
  ],
  [
    1600646400000,
    11.973244298336184
  ],
  [
    1600732800000,
    28.776938767554306
  ],
  [
    1600819200000,
    8.596126898939616
  ],
  [
    1600905600000,
    5.627524955715352
  ],
  [
    1600992000000,
    26.81123747355238
  ],
  [
    1601078400000,
    11.141756607694631
  ],
  [
    1601164800000,
    5.98000087806396
  ],
  [
    1601251200000,
    6.870287716126351
  ],
  [
    1601337600000,
    21.75567793927523
  ],
  [
    1601424000000,
    7.47188467019716
  ],
  [
    1601510400000,
    12.20206322091787
  ],
  [
    1601596800000,
    17.80110936267737
  ],
  [
    1601683200000,
    10.081400766612614
  ],
  [
    1601769600000,
    8.314447978417135
  ],
  [
    1601856000000,
    23.81530607832042
  ],
  [
    1601942400000,
    38.325343310769384
  ],
  [
    1602028800000,
    3.7136246035630522
  ],
  [
    1602115200000,
    24.037280865827665
  ],
  [
    1602201600000,
    5.042001189965822
  ],
  [
    1602288000000,
    6.682793521220217
  ],
  [
    1602374400000,
    5.088686801879483
  ],
  [
    1602460800000,
    6.901447622916482
  ],
  [
    1602547200000,
    28.635659729144688
  ],
  [
    1602633600000,
    7.168827826109243
  ],
  [
    1602720000000,
    8.98189493756378
  ],
  [
    1602806400000,
    10.873148323961901
  ],
  [
    1602892800000,
    42.13118240991118
  ],
  [
    1602979200000,
    8.578704590907167
  ],
  [
    1603065600000,
    9.69663576402259
  ],
  [
    1603152000000,
    7.3196973608179885
  ],
  [
    1603238400000,
    6.816549670135398
  ],
  [
    1603324800000,
    10.943734989422019
  ],
  [
    1603411200000,
    74.12659637636796
  ],
  [
    1603497600000,
    13.97403162325202
  ],
  [
    1603584000000,
    6.06185848600682
  ],
  [
    1603670400000,
    6.48482940370831
  ],
  [
    1603756800000,
    6.317340546434
  ],
  [
    1603843200000,
    8.031104945315546
  ],
  [
    1603929600000,
    25.00365749019967
  ],
  [
    1604016000000,
    7.207563308533193
  ],
  [
    1604102400000,
    7.231718816818048
  ],
  [
    1604188800000,
    92.78476815169373
  ],
  [
    1604275200000,
    26.63262100673921
  ],
  [
    1604361600000,
    15.295414464828744
  ],
  [
    1604448000000,
    35.200380464726436
  ],
  [
    1604534400000,
    23.85285996148521
  ],
  [
    1604620800000,
    22.859809471353618
  ],
  [
    1604707200000,
    19.168901348000514
  ],
  [
    1604793600000,
    15.421638596931686
  ],
  [
    1604880000000,
    14.794083996749277
  ],
  [
    1604966400000,
    11.834759642714388
  ],
  [
    1605052800000,
    12.103717560785288
  ],
  [
    1605139200000,
    12.111450105298829
  ],
  [
    1605225600000,
    19.21042448060396
  ],
  [
    1605312000000,
    14.1971119983523
  ],
  [
    1605398400000,
    13.401744540866707
  ],
  [
    1605484800000,
    49.191487726467756
  ],
  [
    1605571200000,
    54.5108303453126
  ],
  [
    1605657600000,
    20.613851561222
  ],
  [
    1605744000000,
    33.30518027151807
  ],
  [
    1605830400000,
    16.203818441646007
  ],
  [
    1605916800000,
    18.24263548523886
  ],
  [
    1606003200000,
    15.583283087303352
  ],
  [
    1606089600000,
    11.941425608201396
  ],
  [
    1606176000000,
    13.648936582943836
  ],
  [
    1606262400000,
    231.7468379428639
  ],
  [
    1606348800000,
    12.855096221372566
  ],
  [
    1606435200000,
    11.250538133323928
  ],
  [
    1606521600000,
    116.93644547591985
  ],
  [
    1606608000000,
    9.118718495167942
  ],
  [
    1606694400000,
    9.62982707427424
  ],
  [
    1606780800000,
    10.988282563542112
  ],
  [
    1606867200000,
    9.096859406490308
  ],
  [
    1606953600000,
    9.079504546657365
  ],
  [
    1607040000000,
    9.358056901701845
  ],
  [
    1607126400000,
    78.16274814859848
  ],
  [
    1607212800000,
    123.9576014139448
  ],
  [
    1607299200000,
    46.23362418482176
  ],
  [
    1607385600000,
    11.232248650861518
  ],
  [
    1607472000000,
    16.36105998346697
  ],
  [
    1607558400000,
    14.195809445385631
  ],
  [
    1607644800000,
    4.590303496412681
  ],
  [
    1607731200000,
    5.905940434126342
  ],
  [
    1607817600000,
    81.48789315702665
  ],
  [
    1607904000000,
    9.104627986713963
  ],
  [
    1607990400000,
    8.508507279904512
  ],
  [
    1608076800000,
    9.283886576854632
  ],
  [
    1608163200000,
    9.877634037356533
  ],
  [
    1608249600000,
    81.47004139843841
  ],
  [
    1608336000000,
    168.83217582599028
  ],
  [
    1608422400000,
    6.560138295065457
  ],
  [
    1608508800000,
    32.25092523377958
  ],
  [
    1608595200000,
    28.74830819340765
  ],
  [
    1608681600000,
    49.54669951174412
  ],
  [
    1608768000000,
    118.22906583576577
  ],
  [
    1608854400000,
    7.107212702548049
  ],
  [
    1608940800000,
    9.738454981148106
  ],
  [
    1609027200000,
    9.95903084796008
  ],
  [
    1609113600000,
    8.98327700934385
  ],
  [
    1609200000000,
    13.513282297916763
  ],
  [
    1609286400000,
    16.29324251508307
  ],
  [
    1609372800000,
    11.026544696574774
  ],
  [
    1609459200000,
    8.906862949597265
  ],
  [
    1609545600000,
    6.765398919777342
  ],
  [
    1609632000000,
    8.501022994425485
  ],
  [
    1609718400000,
    11.59611098630749
  ],
  [
    1609804800000,
    14.088493989964478
  ],
  [
    1609891200000,
    8.999837401615125
  ],
  [
    1609977600000,
    36.638795793717016
  ],
  [
    1610064000000,
    25.122285629323372
  ],
  [
    1610150400000,
    16.382665464480198
  ],
  [
    1610236800000,
    10.97086188077977
  ],
  [
    1610323200000,
    258.69111240599045
  ],
  [
    1610409600000,
    13.518080447150517
  ],
  [
    1610496000000,
    8.560247172881562
  ],
  [
    1610582400000,
    6.7983790480958355
  ],
  [
    1610668800000,
    8.4026045974726
  ],
  [
    1610755200000,
    261.8798024792817
  ],
  [
    1610841600000,
    65.6640821170766
  ],
  [
    1610928000000,
    16.766373482587632
  ],
  [
    1611014400000,
    1.3651655637580522
  ],
  [
    1611100800000,
    1.549797438038701
  ],
  [
    1611187200000,
    0
  ],
  [
    1611273600000,
    1.1381195269031397
  ],
  [
    1611360000000,
    0
  ],
  [
    1611446400000,
    1.2313196771869648
  ],
  [
    1611532800000,
    1.1511384089983314
  ],
  [
    1611619200000,
    1.3050731507498146
  ],
  [
    1611705600000,
    1.3563126277916393
  ],
  [
    1611792000000,
    18.854727733530186
  ],
  [
    1611878400000,
    3.14238470402175
  ],
  [
    1611964800000,
    371.6329665395958
  ],
  [
    1612051200000,
    97.07659923101195
  ],
  [
    1612137600000,
    39.647403156743756
  ],
  [
    1612224000000,
    18.87322434465057
  ],
  [
    1612310400000,
    27.03025518540366
  ],
  [
    1612396800000,
    20.764916468248693
  ],
  [
    1612483200000,
    19.03963367298914
  ],
  [
    1612569600000,
    23.025927995029402
  ],
  [
    1612656000000,
    21.456570779177554
  ],
  [
    1612742400000,
    22.112696109039582
  ],
  [
    1612828800000,
    25.696638307703928
  ],
  [
    1612915200000,
    22.65680378526573
  ],
  [
    1613001600000,
    16.252005591059774
  ],
  [
    1613088000000,
    18.28319392928501
  ],
  [
    1613174400000,
    1.9310779653430694
  ],
  [
    1613260800000,
    6.022125342142397
  ],
  [
    1613347200000,
    5.818123479381774
  ],
  [
    1613433600000,
    8.75346588598191
  ],
  [
    1613520000000,
    9.584108341671007
  ],
  [
    1613606400000,
    15.965586616431185
  ],
  [
    1613692800000,
    9.99791079024454
  ],
  [
    1613779200000,
    60.20359246196459
  ],
  [
    1613865600000,
    2.2456275228522427
  ],
  [
    1613952000000,
    2.3211326353161845
  ],
  [
    1614038400000,
    2.18920047492188
  ],
  [
    1614124800000,
    1.8689667477085707
  ],
  [
    1614211200000,
    1.8491580949235609
  ],
  [
    1614297600000,
    8.937482039037631
  ],
  [
    1614384000000,
    5.397487589468893
  ],
  [
    1614470400000,
    2.1121210133692414
  ],
  [
    1614556800000,
    1.5411638783160795
  ],
  [
    1614643200000,
    69.04488057901972
  ],
  [
    1614729600000,
    5.568026093282079
  ],
  [
    1614816000000,
    60.370995994321966
  ],
  [
    1614902400000,
    0.0048217786102784
  ],
  [
    1615852800000,
    6.18774291828343
  ],
  [
    1615939200000,
    6.18774291828343
  ],
  [
    1616025600000,
    1.969234733346169
  ],
  [
    1616112000000,
    2.009263194606734
  ],
  [
    1616198400000,
    22.455222356630326
  ],
  [
    1616284800000,
    106.16563436849272
  ],
  [
    1616371200000,
    86.50322504829096
  ],
  [
    1616457600000,
    39.204382960379405
  ],
  [
    1616544000000,
    4.33816697666065
  ],
  [
    1616630400000,
    31.226971024312995
  ],
  [
    1616716800000,
    67.56637736484872
  ],
  [
    1616803200000,
    4.365605633697226
  ],
  [
    1616889600000,
    27.277315233437818
  ],
  [
    1616976000000,
    13.32539114100697
  ],
  [
    1617062400000,
    2.080722797925951
  ],
  [
    1617148800000,
    2.0973814896676535
  ],
  [
    1617235200000,
    1.9992832013851987
  ],
  [
    1617321600000,
    5.572105641884409
  ],
  [
    1617408000000,
    7.510827902900764
  ],
  [
    1617494400000,
    2.226427718068234
  ],
  [
    1617580800000,
    11.71814987948516
  ],
  [
    1617667200000,
    3.7115771983469967
  ],
  [
    1617753600000,
    16.728862670283274
  ],
  [
    1617840000000,
    0.00567230928044587
  ],
  [
    1617926400000,
    1.9012353697267077
  ],
  [
    1618012800000,
    2.1536895970504237
  ],
  [
    1618099200000,
    1.9819570862966005
  ],
  [
    1618185600000,
    1.950393319654211
  ],
  [
    1618272000000,
    2.1960996910499704
  ],
  [
    1618358400000,
    64.31324971953862
  ],
  [
    1618444800000,
    231.63405867626253
  ],
  [
    1618531200000,
    62.188450759705034
  ],
  [
    1618617600000,
    23.581795004144208
  ],
  [
    1618704000000,
    2.5487504469820554
  ],
  [
    1618790400000,
    2.0803115984216656
  ],
  [
    1618876800000,
    3.7020641218133856
  ],
  [
    1618963200000,
    3.307455678903145
  ],
  [
    1619049600000,
    185.45792956766957
  ],
  [
    1619136000000,
    11.439346427806033
  ],
  [
    1619222400000,
    2.0266431490458854
  ],
  [
    1619308800000,
    4.026154541486764
  ],
  [
    1619395200000,
    24.225586902663583
  ],
  [
    1619481600000,
    9.83509953835329
  ],
  [
    1619568000000,
    2.169471042099395
  ],
  [
    1619654400000,
    12.875653390263404
  ],
  [
    1619740800000,
    2.2067044175228308
  ],
  [
    1619827200000,
    2.6243031743287926
  ],
  [
    1619913600000,
    1.97710573497439
  ],
  [
    1620000000000,
    2.751978739334971
  ],
  [
    1620086400000,
    36.77994193134606
  ],
  [
    1620172800000,
    3.715592707534304
  ],
  [
    1620259200000,
    2.3715525299856393
  ],
  [
    1620345600000,
    2.1494147500558904
  ],
  [
    1620432000000,
    1.9608178331635873
  ],
  [
    1620518400000,
    2.109855155636248
  ],
  [
    1620604800000,
    15.041641419289274
  ],
  [
    1620691200000,
    1.8025713122893927
  ],
  [
    1620777600000,
    2.144878804847979
  ],
  [
    1620864000000,
    2.0253948609978405
  ],
  [
    1620950400000,
    1.7554737518751713
  ],
  [
    1621036800000,
    4.50587714543182
  ],
  [
    1621123200000,
    1.6330589630848753
  ],
  [
    1621209600000,
    24.931604201807787
  ],
  [
    1621296000000,
    1.5441973994198488
  ],
  [
    1621382400000,
    1.5542676868238465
  ],
  [
    1621468800000,
    0.8312272442651922
  ],
  [
    1621555200000,
    1.4316177051945689
  ],
  [
    1621641600000,
    1.1588005881591563
  ],
  [
    1621728000000,
    1.3132343071491843
  ],
  [
    1621814400000,
    1.12590770684118
  ],
  [
    1621900800000,
    1.4075778761511855
  ],
  [
    1621987200000,
    1.5155376951830488
  ],
  [
    1622073600000,
    1.3301232225101274
  ],
  [
    1622160000000,
    1.4943598709452814
  ],
  [
    1622246400000,
    1.6981293672291222
  ],
  [
    1622332800000,
    1.1775339877833222
  ],
  [
    1622419200000,
    1.2466993993771922
  ],
  [
    1622505600000,
    1.3197096578231966
  ],
  [
    1622592000000,
    1.3069707686780705
  ],
  [
    1622678400000,
    1.3611044085398292
  ],
  [
    1622764800000,
    2.332754912000324
  ],
  [
    1622851200000,
    2.2087333379283667
  ],
  [
    1622937600000,
    1.1806008713538163
  ],
  [
    1623024000000,
    1.4039523719254143
  ],
  [
    1623110400000,
    11.104193800503907
  ],
  [
    1623196800000,
    9.689795153510056
  ],
  [
    1623283200000,
    1.9388550371520519
  ],
  [
    1623369600000,
    1.45842237083546
  ],
  [
    1623456000000,
    1.347949225782436
  ],
  [
    1623542400000,
    1.2667984847582476
  ],
  [
    1623628800000,
    3.9610399486458694
  ],
  [
    1623715200000,
    1.222853119934696
  ],
  [
    1623801600000,
    1.3861498493878126
  ],
  [
    1623888000000,
    1.2808381323824456
  ],
  [
    1623974400000,
    1.7975459059349113
  ],
  [
    1624060800000,
    1.1843302535808196
  ],
  [
    1624147200000,
    1.2966280196108904
  ],
  [
    1624233600000,
    1.3144986973906954
  ],
  [
    1624320000000,
    0.7988178206743012
  ],
  [
    1624406400000,
    1.0029563644428432
  ],
  [
    1624492800000,
    2.015973346635196
  ],
  [
    1624579200000,
    11.716182628904471
  ],
  [
    1624665600000,
    0.9999083571419547
  ],
  [
    1624752000000,
    1.1233582299690026
  ],
  [
    1624838400000,
    1.2525075695998427
  ],
  [
    1624924800000,
    1.1602468546562363
  ],
  [
    1625011200000,
    1.2833435281315044
  ],
  [
    1625097600000,
    1.2261524665262549
  ],
  [
    1625184000000,
    1.0543634591364812
  ],
  [
    1625270400000,
    1.0195363710752678
  ],
  [
    1625356800000,
    1.1893489230745515
  ],
  [
    1625443200000,
    4.9346861650301035
  ],
  [
    1625529600000,
    1.1759786863205413
  ],
  [
    1625616000000,
    1.2292350141445902
  ],
  [
    1625702400000,
    1.2271136862454373
  ],
  [
    1625788800000,
    14.688733326838804
  ],
  [
    1625875200000,
    1.2622477802196186
  ],
  [
    1625961600000,
    1.24429344110784
  ],
  [
    1626048000000,
    4.767638005707478
  ],
  [
    1626134400000,
    1.1055459030534311
  ],
  [
    1626220800000,
    1.1619023345028903
  ],
  [
    1626307200000,
    1.0726045058348561
  ],
  [
    1626393600000,
    0.996404028420521
  ],
  [
    1626480000000,
    1.0269133628374758
  ],
  [
    1626566400000,
    0.9838123447055462
  ],
  [
    1626652800000,
    1.0215530257982166
  ],
  [
    1626739200000,
    1.1037367450448226
  ],
  [
    1626825600000,
    1.0096321107021162
  ],
  [
    1626912000000,
    1.0222622914266541
  ],
  [
    1626998400000,
    4.5200391824466575
  ],
  [
    1627084800000,
    1.1393878305644478
  ],
  [
    1627171200000,
    1.0628163870643361
  ],
  [
    1627257600000,
    1.2778929083382966
  ],
  [
    1627344000000,
    11.114477958340178
  ],
  [
    1627430400000,
    1.3460142627249532
  ],
  [
    1627516800000,
    1.4287154992647917
  ],
  [
    1627603200000,
    6.187777985647748
  ],
  [
    1627689600000,
    6.404999500388862
  ],
  [
    1627776000000,
    1.6174924928163774
  ],
  [
    1627862400000,
    0.8808666299778746
  ],
  [
    1627948800000,
    0.0039321942844358
  ],
  [
    1629244800000,
    1.4796314746607
  ],
  [
    1629331200000,
    1.4796314746607
  ],
  [
    1629417600000,
    1.4186940598520392
  ],
  [
    1629504000000,
    14.114916984649572
  ],
  [
    1629590400000,
    3.5588405041434608
  ],
  [
    1629676800000,
    1.6221885997523564
  ],
  [
    1629763200000,
    1.9846382822900006
  ],
  [
    1629849600000,
    2.1273086580696123
  ],
  [
    1629936000000,
    1.8627350315655833
  ],
  [
    1630022400000,
    1.8121158080701971
  ],
  [
    1630108800000,
    3.682955446116733
  ],
  [
    1630195200000,
    3.3780451032363197
  ],
  [
    1630281600000,
    1.8862526086247615
  ],
  [
    1630368000000,
    1.7776682992882462
  ],
  [
    1630454400000,
    3.7687543222341007
  ],
  [
    1630540800000,
    4.0224543351740465
  ],
  [
    1630627200000,
    2.2174555569328094
  ]
]