[
  [
    1629676800000,
    0.9842819374851787
  ],
  [
    1629763200000,
    0.9842819374851787
  ],
  [
    1629849600000,
    1.0811262022975063
  ],
  [
    1629936000000,
    0.7988301335506325
  ],
  [
    1630022400000,
    1.0481011493095633
  ],
  [
    1630108800000,
    1.2420059817769467
  ],
  [
    1630195200000,
    1.073222264701309
  ],
  [
    1630281600000,
    1.138681884121928
  ],
  [
    1630368000000,
    1.2749699457940296
  ],
  [
    1630454400000,
    0.9960350223485044
  ],
  [
    1630540800000,
    1.0486531363297347
  ],
  [
    1630627200000,
    0.9080591149289405
  ]
]