[
  [
    1609545600000,
    173447.82055548497
  ],
  [
    1609632000000,
    173447.82055548497
  ],
  [
    1609718400000,
    244976.3266052021
  ],
  [
    1609804800000,
    36398.759437555054
  ],
  [
    1609891200000,
    48213.53633321831
  ],
  [
    1609977600000,
    7691.61634669709
  ],
  [
    1610064000000,
    15647.155192715009
  ],
  [
    1610150400000,
    24472.357486697947
  ],
  [
    1610236800000,
    8856.203985741065
  ],
  [
    1610323200000,
    13232.97747807989
  ],
  [
    1610409600000,
    6493.482728851751
  ],
  [
    1610496000000,
    30872.104424125304
  ],
  [
    1610582400000,
    18489.76788757571
  ],
  [
    1610668800000,
    11160.666958123717
  ],
  [
    1610755200000,
    9904.415542830708
  ],
  [
    1610841600000,
    8815.808535871916
  ],
  [
    1610928000000,
    11092.829451690182
  ],
  [
    1611014400000,
    12865.082038324183
  ],
  [
    1611100800000,
    19590.640872517826
  ],
  [
    1611187200000,
    31125.17836621031
  ],
  [
    1611273600000,
    14270.39016969457
  ],
  [
    1611360000000,
    28462.478159768933
  ],
  [
    1611446400000,
    21944.440214890757
  ],
  [
    1611532800000,
    174914.0601752245
  ],
  [
    1611619200000,
    50262.97170594958
  ],
  [
    1611705600000,
    51109.79016539496
  ],
  [
    1611792000000,
    22602.81451903632
  ],
  [
    1611878400000,
    11647.288883462343
  ],
  [
    1611964800000,
    25204.01421724334
  ],
  [
    1612051200000,
    13600.062261521147
  ],
  [
    1612137600000,
    43135.17839024292
  ],
  [
    1612224000000,
    50102.72140555207
  ],
  [
    1612310400000,
    13478.175270492888
  ],
  [
    1612396800000,
    18937.837512270205
  ],
  [
    1612483200000,
    18643.295323400678
  ],
  [
    1612569600000,
    12110.621809022921
  ],
  [
    1612656000000,
    17042.212977527008
  ],
  [
    1612742400000,
    5438.349001345608
  ],
  [
    1612828800000,
    821.4414815261159
  ],
  [
    1612915200000,
    7510.065959401847
  ],
  [
    1613001600000,
    458.7855018457609
  ],
  [
    1613088000000,
    5294.835407866777
  ],
  [
    1613174400000,
    685.1253753380286
  ],
  [
    1613260800000,
    200558.40824318214
  ],
  [
    1613347200000,
    78322.89390466099
  ],
  [
    1613433600000,
    112904.23955720324
  ],
  [
    1613520000000,
    33416.02347691714
  ],
  [
    1613606400000,
    50081.1249832706
  ],
  [
    1613692800000,
    16346.1666959469
  ],
  [
    1613779200000,
    2937.88525752953
  ],
  [
    1613865600000,
    912.9355119223673
  ],
  [
    1613952000000,
    12729.421215579328
  ],
  [
    1614038400000,
    1076.3325221163927
  ],
  [
    1614124800000,
    4338.516725528347
  ],
  [
    1614211200000,
    3632.863493650235
  ],
  [
    1614297600000,
    7618.914571540228
  ],
  [
    1614384000000,
    4821.231292629755
  ],
  [
    1614470400000,
    5191.174591838579
  ],
  [
    1614556800000,
    3509.5582494186306
  ],
  [
    1614643200000,
    3230.59806579135
  ],
  [
    1614729600000,
    575.0641447475383
  ],
  [
    1614816000000,
    7767.879322506041
  ],
  [
    1614902400000,
    7859.3475404138035
  ],
  [
    1614988800000,
    1680.899055949914
  ],
  [
    1615075200000,
    640.0476573498787
  ],
  [
    1615161600000,
    190.20143238313096
  ],
  [
    1615248000000,
    2527.527792923981
  ],
  [
    1615334400000,
    4037.5953975479433
  ],
  [
    1615420800000,
    191.3259689850392
  ],
  [
    1615507200000,
    3820.9810197790193
  ],
  [
    1615593600000,
    3820.9810197790193
  ],
  [
    1615680000000,
    1.5267027390138626
  ],
  [
    1615852800000,
    787.3708920893741
  ],
  [
    1615939200000,
    787.3708920893741
  ],
  [
    1616025600000,
    2766.9902428589007
  ],
  [
    1616112000000,
    2766.9902428589007
  ],
  [
    1616198400000,
    41.46626754811001
  ],
  [
    1616284800000,
    1547.9490524245643
  ],
  [
    1616371200000,
    1547.9490524245643
  ],
  [
    1616457600000,
    11.405971849793733
  ],
  [
    1616803200000,
    176.07776758315265
  ],
  [
    1616889600000,
    176.07776758315265
  ],
  [
    1616976000000,
    4.117454479246308
  ],
  [
    1617062400000,
    4.117454479246308
  ],
  [
    1617580800000,
    4199.734397005054
  ],
  [
    1617667200000,
    4199.734397005054
  ],
  [
    1617753600000,
    3917.501797020369
  ],
  [
    1618444800000,
    1642.2303745242068
  ],
  [
    1618531200000,
    1642.2303745242068
  ],
  [
    1618617600000,
    11.616915052940707
  ],
  [
    1618704000000,
    11.616915052940707
  ],
  [
    1618963200000,
    1713.2401124641751
  ],
  [
    1619049600000,
    1713.2401124641751
  ],
  [
    1619136000000,
    290.4878237057513
  ],
  [
    1619222400000,
    1059.3155951858453
  ],
  [
    1619308800000,
    640.7519761160289
  ],
  [
    1619395200000,
    298.5264495899283
  ],
  [
    1619481600000,
    1236.449401268987
  ],
  [
    1619568000000,
    529.6772408669365
  ],
  [
    1619740800000,
    365.7799251177339
  ],
  [
    1619827200000,
    365.7799251177339
  ],
  [
    1619913600000,
    4.113599296132519
  ],
  [
    1620000000000,
    273.49644282478033
  ],
  [
    1620086400000,
    261.783565141222
  ],
  [
    1620172800000,
    261.783565141222
  ],
  [
    1620259200000,
    128.48239280060287
  ],
  [
    1620345600000,
    15.559635513228464
  ],
  [
    1620604800000,
    1835.6044071865906
  ],
  [
    1620691200000,
    1835.6044071865906
  ],
  [
    1621296000000,
    271.9019531141861
  ],
  [
    1621382400000,
    271.9019531141861
  ],
  [
    1622246400000,
    327.3451263699439
  ],
  [
    1622332800000,
    327.3451263699439
  ],
  [
    1622419200000,
    195.0531721069871
  ],
  [
    1622505600000,
    571.6082960603761
  ],
  [
    1622592000000,
    571.6082960603761
  ],
  [
    1622937600000,
    100.14321639786708
  ],
  [
    1623024000000,
    100.14321639786708
  ],
  [
    1623110400000,
    80.08989380576416
  ],
  [
    1623196800000,
    74.52808463982397
  ],
  [
    1623283200000,
    20.989485065220073
  ],
  [
    1623369600000,
    1167.1439788291973
  ],
  [
    1623456000000,
    85.84999924947309
  ],
  [
    1623542400000,
    1187.9063954879446
  ],
  [
    1623628800000,
    34.185230506836106
  ],
  [
    1623715200000,
    34.185230506836106
  ],
  [
    1623801600000,
    67.41625640479165
  ],
  [
    1623888000000,
    37.533631088749615
  ],
  [
    1623974400000,
    93.69616595913052
  ],
  [
    1624060800000,
    137.6067086283217
  ],
  [
    1624147200000,
    137.6067086283217
  ],
  [
    1624406400000,
    118.12674730330875
  ],
  [
    1624492800000,
    118.12674730330875
  ],
  [
    1624752000000,
    613.7382512125528
  ],
  [
    1624838400000,
    613.7382512125528
  ],
  [
    1625011200000,
    58.97006703535159
  ],
  [
    1625097600000,
    58.97006703535159
  ],
  [
    1625270400000,
    77.27105204047517
  ],
  [
    1625356800000,
    77.27105204047517
  ],
  [
    1625443200000,
    46.21408731066696
  ],
  [
    1626134400000,
    144.80602535905834
  ],
  [
    1626220800000,
    144.80602535905834
  ],
  [
    1626307200000,
    421.4465106667554
  ],
  [
    1626393600000,
    421.4465106667554
  ],
  [
    1626480000000,
    246.7420630807462
  ],
  [
    1626566400000,
    246.7420630807462
  ],
  [
    1626652800000,
    161.9539251784006
  ],
  [
    1626739200000,
    161.9539251784006
  ],
  [
    1627516800000,
    90.52981463347012
  ],
  [
    1627603200000,
    90.52981463347012
  ],
  [
    1628035200000,
    133.2847282762156
  ],
  [
    1628121600000,
    133.2847282762156
  ],
  [
    1628812800000,
    106.02236045451636
  ],
  [
    1628899200000,
    106.02236045451636
  ],
  [
    1628985600000,
    683.9569453113866
  ],
  [
    1629072000000,
    683.9569453113866
  ],
  [
    1629158400000,
    253.87587231344315
  ],
  [
    1629244800000,
    235.1497994273163
  ],
  [
    1630540800000,
    0
  ],
  [
    1630627200000,
    0
  ]
]