[
  [
    1609718400000,
    1.9518931821649321
  ],
  [
    1609804800000,
    1.9518931821649321
  ],
  [
    1609891200000,
    1.8613059114020678
  ],
  [
    1609977600000,
    2.143148889704156
  ],
  [
    1610064000000,
    40.61154453487364
  ],
  [
    1610150400000,
    15.43980492203062
  ],
  [
    1610236800000,
    14.71970191590937
  ],
  [
    1610323200000,
    10.083064861983901
  ],
  [
    1610409600000,
    4.568901461402078
  ],
  [
    1610496000000,
    5.6796496282739675
  ],
  [
    1610582400000,
    6.107583283500283
  ],
  [
    1610668800000,
    7.0824277614118865
  ],
  [
    1610755200000,
    6.381894172279687
  ],
  [
    1610928000000,
    6.5552289969580615
  ],
  [
    1611014400000,
    6.5552289969580615
  ],
  [
    1611100800000,
    6.5354126812421836
  ],
  [
    1611187200000,
    6.518495068948898
  ],
  [
    1611273600000,
    6.518495068948898
  ],
  [
    1611360000000,
    8.302311665354491
  ],
  [
    1611446400000,
    18.324493138957106
  ],
  [
    1611532800000,
    26.35252544997198
  ],
  [
    1611619200000,
    14.449116129439576
  ],
  [
    1611705600000,
    107.78319268809048
  ],
  [
    1611792000000,
    58.299605021227215
  ],
  [
    1611878400000,
    84.43696275804916
  ],
  [
    1611964800000,
    41.192967144133114
  ],
  [
    1612051200000,
    47.96998536931932
  ],
  [
    1612137600000,
    54.697098412243236
  ],
  [
    1612224000000,
    55.231283254892254
  ],
  [
    1612310400000,
    87.93708793110444
  ],
  [
    1612396800000,
    111.76193070131596
  ],
  [
    1612483200000,
    83.79240182193399
  ],
  [
    1612569600000,
    100.58544503565578
  ],
  [
    1612656000000,
    120.71074152220265
  ],
  [
    1612742400000,
    101.52220961703944
  ],
  [
    1612828800000,
    406.2662337759259
  ],
  [
    1612915200000,
    402.899204365404
  ],
  [
    1613001600000,
    356.1676195649318
  ],
  [
    1613088000000,
    373.79352559413417
  ],
  [
    1613692800000,
    166.51562783727456
  ],
  [
    1613779200000,
    166.51562783727456
  ],
  [
    1613865600000,
    334.8423510474386
  ],
  [
    1613952000000,
    358.9122404477564
  ],
  [
    1614038400000,
    264.1032265972852
  ],
  [
    1614124800000,
    489.4247227721351
  ],
  [
    1614211200000,
    239.73918547827455
  ],
  [
    1614297600000,
    190.53189748164417
  ],
  [
    1614384000000,
    147.4317087735761
  ],
  [
    1614470400000,
    133.03217290388804
  ],
  [
    1614556800000,
    311.25678023613915
  ],
  [
    1614643200000,
    484.95487508182265
  ],
  [
    1614729600000,
    195.6511524617021
  ],
  [
    1614816000000,
    221.3953255618018
  ],
  [
    1614902400000,
    184.45692598965707
  ],
  [
    1614988800000,
    183.72892263846654
  ],
  [
    1615075200000,
    183.61380663812636
  ],
  [
    1615161600000,
    211.77840468947258
  ],
  [
    1615248000000,
    216.98604137415518
  ],
  [
    1615334400000,
    271.63974468469206
  ],
  [
    1615420800000,
    301.68852527942977
  ],
  [
    1615507200000,
    335.0288641496907
  ],
  [
    1615593600000,
    295.20324261306297
  ],
  [
    1615680000000,
    391.7035898455678
  ],
  [
    1615766400000,
    358.70343237350176
  ],
  [
    1615852800000,
    262.85045879162897
  ],
  [
    1615939200000,
    283.90576485239967
  ],
  [
    1616025600000,
    325.32859741058724
  ],
  [
    1616112000000,
    299.0805908089671
  ],
  [
    1616198400000,
    309.54797626336693
  ],
  [
    1616284800000,
    307.2254836653831
  ],
  [
    1616371200000,
    291.26818798994606
  ],
  [
    1616457600000,
    287.7008286044805
  ],
  [
    1616544000000,
    227.32939095875054
  ],
  [
    1616630400000,
    189.45098409624626
  ],
  [
    1616716800000,
    167.104736135285
  ],
  [
    1616803200000,
    200.99471325688785
  ],
  [
    1616889600000,
    218.8823784604038
  ],
  [
    1616976000000,
    213.3141859637006
  ],
  [
    1617062400000,
    244.95958036890835
  ],
  [
    1617148800000,
    258.4660923928261
  ],
  [
    1617235200000,
    256.1111744069363
  ],
  [
    1617321600000,
    253.76832826082503
  ],
  [
    1617408000000,
    257.08016476436217
  ],
  [
    1617494400000,
    220.11023686852934
  ],
  [
    1617580800000,
    236.50450731275836
  ],
  [
    1617667200000,
    245.42952339463253
  ],
  [
    1617753600000,
    230.6478718935988
  ],
  [
    1617840000000,
    197.94790926892082
  ],
  [
    1617926400000,
    227.0670325687453
  ],
  [
    1618012800000,
    227.10606047671786
  ],
  [
    1618099200000,
    241.18140218831635
  ],
  [
    1618185600000,
    252.77726660157893
  ],
  [
    1618272000000,
    249.84392076905493
  ],
  [
    1618358400000,
    307.23029860422884
  ],
  [
    1618444800000,
    288.705799575342
  ],
  [
    1618531200000,
    295.01054689908887
  ],
  [
    1618617600000,
    265.20133238014097
  ],
  [
    1618704000000,
    243.16172119753753
  ],
  [
    1618790400000,
    234.8097094945569
  ],
  [
    1618876800000,
    165.17776634009647
  ],
  [
    1618963200000,
    189.97163342344487
  ],
  [
    1619049600000,
    203.20943453501042
  ],
  [
    1619136000000,
    217.8101799253746
  ],
  [
    1619222400000,
    255.7774585624825
  ],
  [
    1619308800000,
    290.21167155460046
  ],
  [
    1619395200000,
    315.7563499485098
  ],
  [
    1619481600000,
    374.38816254854515
  ],
  [
    1619568000000,
    380.6141941897573
  ],
  [
    1619654400000,
    381.5132473584183
  ],
  [
    1619740800000,
    379.3762976153549
  ],
  [
    1619827200000,
    395.5655063044545
  ],
  [
    1619913600000,
    393.6399947910105
  ],
  [
    1620000000000,
    386.25720305268527
  ],
  [
    1620086400000,
    373.2546576903729
  ],
  [
    1620172800000,
    321.78424140367156
  ],
  [
    1620259200000,
    347.3622740234115
  ],
  [
    1620345600000,
    348.68351308964566
  ],
  [
    1620432000000,
    348.2951442627508
  ],
  [
    1620518400000,
    354.7442752002193
  ],
  [
    1620604800000,
    351.5359826609135
  ],
  [
    1620691200000,
    335.55443122795276
  ],
  [
    1620777600000,
    333.8693621668032
  ],
  [
    1620864000000,
    306.6257069982001
  ],
  [
    1620950400000,
    376.30447195898347
  ],
  [
    1621036800000,
    381.11853256292824
  ],
  [
    1621123200000,
    281.63489149970775
  ],
  [
    1621209600000,
    200.53548635464458
  ],
  [
    1621296000000,
    372.9527972873258
  ],
  [
    1621382400000,
    358.34419882504073
  ],
  [
    1621468800000,
    569.7553177707357
  ],
  [
    1621555200000,
    285.2116897963579
  ],
  [
    1621641600000,
    267.28121833419164
  ],
  [
    1621728000000,
    265.49038001053384
  ],
  [
    1621814400000,
    251.71132922984492
  ],
  [
    1621900800000,
    268.4262836589894
  ],
  [
    1621987200000,
    265.6604261985982
  ],
  [
    1622073600000,
    268.45117210993124
  ],
  [
    1622160000000,
    267.49525357624674
  ],
  [
    1622246400000,
    259.88585512073126
  ],
  [
    1622332800000,
    254.6273152455323
  ],
  [
    1622419200000,
    259.3635928727289
  ],
  [
    1622505600000,
    263.4633305238051
  ],
  [
    1622592000000,
    261.84317085505876
  ],
  [
    1622678400000,
    263.8552444718544
  ],
  [
    1622764800000,
    266.0904044410154
  ],
  [
    1622851200000,
    261.63844745518634
  ],
  [
    1622937600000,
    258.62725780956185
  ],
  [
    1623024000000,
    257.4432506002002
  ],
  [
    1623110400000,
    253.75433995191588
  ],
  [
    1623196800000,
    250.5034175292943
  ],
  [
    1623283200000,
    252.94288577968686
  ],
  [
    1623369600000,
    253.34795650066624
  ],
  [
    1623456000000,
    251.99039715275094
  ],
  [
    1623542400000,
    251.85034059851824
  ],
  [
    1623628800000,
    254.79216180915438
  ],
  [
    1623715200000,
    254.20829614827426
  ],
  [
    1623801600000,
    254.5435276975964
  ],
  [
    1623888000000,
    251.65512174622884
  ],
  [
    1623974400000,
    252.00178854905602
  ],
  [
    1624060800000,
    252.91910436036943
  ],
  [
    1624147200000,
    250.46408283620934
  ],
  [
    1624233600000,
    252.146605797385
  ],
  [
    1624320000000,
    248.23174371527116
  ],
  [
    1624406400000,
    245.75176676941288
  ],
  [
    1624492800000,
    247.93366277912133
  ],
  [
    1624579200000,
    246.37017178180002
  ],
  [
    1624665600000,
    245.30249860445977
  ],
  [
    1624752000000,
    245.69272220684175
  ],
  [
    1624838400000,
    248.25419837270772
  ],
  [
    1624924800000,
    247.22096269753465
  ],
  [
    1625011200000,
    248.26783351987243
  ],
  [
    1625097600000,
    247.90670222996388
  ],
  [
    1625184000000,
    245.73259522627453
  ],
  [
    1625270400000,
    246.28944559480203
  ],
  [
    1625356800000,
    246.3163651855849
  ],
  [
    1625443200000,
    247.20034058060656
  ],
  [
    1625529600000,
    246.5492967803331
  ],
  [
    1625616000000,
    247.90898762102262
  ],
  [
    1625702400000,
    242.96359997328494
  ],
  [
    1625788800000,
    247.47506428398873
  ],
  [
    1625875200000,
    250.19557203616054
  ],
  [
    1625961600000,
    249.47055499578371
  ],
  [
    1626134400000,
    245.60924888123967
  ],
  [
    1626220800000,
    245.60924888123967
  ],
  [
    1626307200000,
    245.56306097587446
  ],
  [
    1626393600000,
    246.51977493665308
  ],
  [
    1626480000000,
    243.4603595338382
  ],
  [
    1626566400000,
    244.4273822388932
  ],
  [
    1626652800000,
    245.6819515193467
  ],
  [
    1626739200000,
    244.0275661736649
  ],
  [
    1626825600000,
    243.58415432131702
  ],
  [
    1626912000000,
    246.13488597705106
  ],
  [
    1626998400000,
    245.4742611145116
  ],
  [
    1627084800000,
    245.48774146248854
  ],
  [
    1627171200000,
    247.3970103684598
  ],
  [
    1627257600000,
    247.62756907381763
  ],
  [
    1627344000000,
    246.84531321188663
  ],
  [
    1627430400000,
    248.98541887915835
  ],
  [
    1627516800000,
    250.3520131832611
  ],
  [
    1627603200000,
    248.75414844279993
  ],
  [
    1627689600000,
    251.73401781066744
  ],
  [
    1627776000000,
    250.68846852097843
  ],
  [
    1627862400000,
    248.99985182852498
  ],
  [
    1627948800000,
    250.0284701540451
  ],
  [
    1628035200000,
    249.66730761410975
  ],
  [
    1628121600000,
    249.38481360984616
  ],
  [
    1628208000000,
    249.70356658133588
  ],
  [
    1628294400000,
    251.6254974250049
  ],
  [
    1628380800000,
    252.61153868068791
  ],
  [
    1628467200000,
    251.8922023973595
  ],
  [
    1628553600000,
    254.4152218459715
  ],
  [
    1628640000000,
    253.36325682308876
  ],
  [
    1628726400000,
    253.96831050057648
  ],
  [
    1628812800000,
    251.55319324842108
  ],
  [
    1628899200000,
    254.42995842895996
  ],
  [
    1628985600000,
    254.42995842895996
  ],
  [
    1629072000000,
    251.0777318054892
  ],
  [
    1629244800000,
    259.1593409069021
  ],
  [
    1629331200000,
    259.1593409069021
  ],
  [
    1629417600000,
    266.6464440182777
  ],
  [
    1629504000000,
    267.6486050389256
  ],
  [
    1629590400000,
    268.8015772290232
  ],
  [
    1629676800000,
    267.9872598347318
  ],
  [
    1629763200000,
    269.8274462220914
  ],
  [
    1629849600000,
    265.3877589635258
  ],
  [
    1629936000000,
    267.9581288887472
  ],
  [
    1630022400000,
    263.6026445860227
  ],
  [
    1630108800000,
    267.481742602443
  ],
  [
    1630195200000,
    267.26323555870175
  ],
  [
    1630281600000,
    267.19016348513344
  ],
  [
    1630368000000,
    262.9429567846225
  ],
  [
    1630454400000,
    264.5620315029928
  ],
  [
    1630540800000,
    268.0973413598881
  ],
  [
    1630627200000,
    269.775417538709
  ]
]