[
  [
    1615939200000,
    1.7163767492742215
  ],
  [
    1616025600000,
    1.7163767492742215
  ],
  [
    1616112000000,
    1.5413664779622298
  ],
  [
    1616198400000,
    1.5846920044982864
  ],
  [
    1616284800000,
    1.631852271900475
  ],
  [
    1616371200000,
    1.7270870572112498
  ],
  [
    1616457600000,
    1.9742260585499836
  ],
  [
    1616544000000,
    1.9451604030409781
  ],
  [
    1616630400000,
    2.0379606816812372
  ],
  [
    1616716800000,
    1.9977598815029438
  ],
  [
    1616803200000,
    2.1257928782347144
  ],
  [
    1616889600000,
    2.095601145987696
  ],
  [
    1616976000000,
    2.3298575488961166
  ],
  [
    1617062400000,
    2.6081130581527616
  ],
  [
    1617148800000,
    2.7387867742450607
  ],
  [
    1617235200000,
    2.6427001464611504
  ],
  [
    1617321600000,
    2.7012898044824376
  ],
  [
    1617408000000,
    2.713723103816414
  ],
  [
    1617494400000,
    2.755548006167834
  ],
  [
    1617580800000,
    2.9085720587634434
  ],
  [
    1617667200000,
    3.6246541099647485
  ],
  [
    1617753600000,
    3.7015053362174806
  ],
  [
    1617840000000,
    3.9005145215840784
  ],
  [
    1617926400000,
    4.659802046912924
  ],
  [
    1618012800000,
    5.0596356259611
  ],
  [
    1618099200000,
    5.6788506780160075
  ],
  [
    1618185600000,
    7.299245376068258
  ],
  [
    1618272000000,
    6.087552944443419
  ],
  [
    1618358400000,
    6.2019702853470555
  ],
  [
    1618444800000,
    6.6259878027534675
  ],
  [
    1618531200000,
    6.791268485672108
  ],
  [
    1618617600000,
    7.182120237867237
  ],
  [
    1618704000000,
    7.446927820190392
  ],
  [
    1618790400000,
    5.776018012781281
  ],
  [
    1618876800000,
    5.7788674541400065
  ],
  [
    1618963200000,
    5.4527663961867345
  ],
  [
    1619049600000,
    5.654766565633839
  ],
  [
    1619136000000,
    5.186590389536436
  ],
  [
    1619222400000,
    4.265057833063135
  ],
  [
    1619308800000,
    4.621898569957833
  ],
  [
    1619395200000,
    4.796814433800829
  ],
  [
    1619481600000,
    4.686760210270672
  ],
  [
    1619568000000,
    4.534852722579466
  ],
  [
    1619654400000,
    4.554154946765909
  ],
  [
    1619740800000,
    4.667637588709926
  ],
  [
    1619827200000,
    4.734244268043714
  ],
  [
    1619913600000,
    4.671131491606522
  ],
  [
    1620000000000,
    4.682932799520528
  ],
  [
    1620086400000,
    4.475368203816427
  ],
  [
    1620172800000,
    4.203948977373424
  ],
  [
    1620259200000,
    4.107886187972179
  ],
  [
    1620345600000,
    4.120470642065717
  ],
  [
    1620432000000,
    4.290894644050478
  ],
  [
    1620518400000,
    4.220185226093372
  ],
  [
    1620604800000,
    4.426029119493188
  ],
  [
    1620691200000,
    4.448829531861175
  ],
  [
    1620777600000,
    4.454383070633329
  ],
  [
    1620864000000,
    4.451726901266898
  ],
  [
    1620950400000,
    4.405703814619418
  ],
  [
    1621036800000,
    4.254834277806664
  ],
  [
    1621123200000,
    4.167846327417867
  ],
  [
    1621209600000,
    4.114189697798315
  ],
  [
    1621296000000,
    4.190107496967969
  ],
  [
    1621382400000,
    4.212224126745523
  ],
  [
    1621468800000,
    4.08730507303433
  ],
  [
    1621555200000,
    4.299296798167119
  ],
  [
    1621641600000,
    4.396755470767567
  ],
  [
    1621728000000,
    4.200230582084521
  ],
  [
    1621814400000,
    4.669285668721155
  ],
  [
    1621900800000,
    4.320269772452601
  ],
  [
    1621987200000,
    4.43894825642603
  ],
  [
    1622073600000,
    4.317928357611663
  ],
  [
    1622160000000,
    4.759847066948533
  ],
  [
    1622246400000,
    4.850279570929037
  ],
  [
    1622332800000,
    4.735729597862889
  ],
  [
    1622419200000,
    4.673625780850657
  ],
  [
    1622505600000,
    4.673876479199416
  ],
  [
    1622592000000,
    4.660674468185497
  ],
  [
    1622678400000,
    4.6980561067305855
  ],
  [
    1622764800000,
    4.772584908907251
  ],
  [
    1622851200000,
    4.643152075275448
  ],
  [
    1622937600000,
    4.705416493618016
  ],
  [
    1623024000000,
    4.806891152548933
  ],
  [
    1623110400000,
    4.719426145461335
  ],
  [
    1623196800000,
    4.72057370859971
  ],
  [
    1623283200000,
    4.878916437322341
  ],
  [
    1623369600000,
    4.866395454749712
  ],
  [
    1623456000000,
    5.0565375167256335
  ],
  [
    1623542400000,
    5.009384576122178
  ],
  [
    1623628800000,
    4.850525003569876
  ],
  [
    1623715200000,
    4.813318990549518
  ],
  [
    1623801600000,
    4.8544757859362235
  ],
  [
    1623888000000,
    4.899229585457247
  ],
  [
    1623974400000,
    4.962218659591629
  ],
  [
    1624060800000,
    5.030694519034697
  ],
  [
    1624147200000,
    5.28194474542779
  ],
  [
    1624233600000,
    5.215446000984107
  ],
  [
    1624320000000,
    5.406868445364234
  ],
  [
    1624406400000,
    5.180041855252077
  ],
  [
    1624492800000,
    5.290208867327219
  ],
  [
    1624579200000,
    5.3759891355163765
  ],
  [
    1624665600000,
    5.538242346660505
  ],
  [
    1624752000000,
    5.538149381036416
  ],
  [
    1624838400000,
    5.579144310931378
  ],
  [
    1624924800000,
    5.576566701399578
  ],
  [
    1625011200000,
    5.599999445991472
  ],
  [
    1625097600000,
    5.971356324869548
  ],
  [
    1625184000000,
    5.79029564271358
  ],
  [
    1625270400000,
    5.945156739396825
  ],
  [
    1625356800000,
    6.262894756663774
  ],
  [
    1625443200000,
    6.318335746447347
  ],
  [
    1625529600000,
    6.4281935458621025
  ],
  [
    1625616000000,
    6.751780878390705
  ],
  [
    1625702400000,
    6.986922198006455
  ],
  [
    1625788800000,
    7.377138833936832
  ],
  [
    1625875200000,
    5.908077447114968
  ],
  [
    1625961600000,
    6.30687598535296
  ],
  [
    1626048000000,
    6.388556504807089
  ],
  [
    1626134400000,
    6.520004818497982
  ],
  [
    1626220800000,
    6.106595425985742
  ],
  [
    1626307200000,
    6.086762602555315
  ],
  [
    1626393600000,
    5.99190025374726
  ],
  [
    1626480000000,
    6.17454681574023
  ],
  [
    1626566400000,
    6.177273987088918
  ],
  [
    1626652800000,
    6.2261605855179285
  ],
  [
    1626739200000,
    6.204572106453449
  ],
  [
    1626825600000,
    5.754489304744518
  ],
  [
    1626912000000,
    5.848949771101296
  ],
  [
    1626998400000,
    5.885630202604535
  ],
  [
    1627084800000,
    5.868574946743078
  ],
  [
    1627171200000,
    5.861500000776151
  ],
  [
    1627257600000,
    5.820781909759669
  ],
  [
    1627344000000,
    5.3843354702053405
  ],
  [
    1627430400000,
    5.173018917932764
  ],
  [
    1627516800000,
    5.200909795817246
  ],
  [
    1627603200000,
    5.097427680512125
  ],
  [
    1627689600000,
    4.549920812553874
  ],
  [
    1627776000000,
    3.8713779371558603
  ],
  [
    1627862400000,
    3.7808860317142443
  ],
  [
    1627948800000,
    4.063512562231086
  ],
  [
    1628035200000,
    4.074339645333052
  ],
  [
    1628121600000,
    4.0451571581144
  ],
  [
    1628208000000,
    3.656721503108107
  ],
  [
    1628294400000,
    3.512642770530644
  ],
  [
    1628380800000,
    3.5151208281739055
  ],
  [
    1628467200000,
    3.4759292662252443
  ],
  [
    1628553600000,
    3.560357924963527
  ],
  [
    1628640000000,
    3.5085594725962124
  ],
  [
    1628726400000,
    3.3665995550473045
  ],
  [
    1628812800000,
    3.3043099261608457
  ],
  [
    1628899200000,
    3.146488762826036
  ],
  [
    1628985600000,
    3.1157350809954347
  ],
  [
    1629072000000,
    3.09508700022975
  ],
  [
    1629158400000,
    3.182786105463293
  ],
  [
    1629244800000,
    3.2698569308846146
  ],
  [
    1629331200000,
    3.292007825998524
  ],
  [
    1629417600000,
    3.3503086243486826
  ],
  [
    1629504000000,
    3.3329757162172675
  ],
  [
    1629590400000,
    3.349412908813459
  ],
  [
    1629676800000,
    3.3473481847222195
  ],
  [
    1629763200000,
    3.3268745012115257
  ],
  [
    1629849600000,
    3.282603235551652
  ],
  [
    1629936000000,
    3.2135915268677766
  ],
  [
    1630022400000,
    3.103409925679244
  ],
  [
    1630108800000,
    3.0473268912489733
  ],
  [
    1630195200000,
    3.0344304245070015
  ],
  [
    1630281600000,
    2.9377014356053865
  ],
  [
    1630368000000,
    3.0713043067079924
  ],
  [
    1630454400000,
    3.090313140129144
  ],
  [
    1630540800000,
    3.0706730275956753
  ],
  [
    1630627200000,
    3.0851107308382515
  ]
]