[
  [
    1626652800000,
    79153.30911351276
  ],
  [
    1626739200000,
    79153.30911351276
  ],
  [
    1626825600000,
    21236.195835706858
  ],
  [
    1626912000000,
    45828.90570666413
  ],
  [
    1626998400000,
    35343.77877143777
  ],
  [
    1627084800000,
    60742.80547642672
  ],
  [
    1627171200000,
    73387.9338688749
  ],
  [
    1627257600000,
    44466.295450237194
  ],
  [
    1627344000000,
    67944.1095321939
  ],
  [
    1627430400000,
    51520.796376996856
  ],
  [
    1627516800000,
    10189.452710051095
  ],
  [
    1627603200000,
    57929.51075741532
  ],
  [
    1627689600000,
    33378.16785559056
  ],
  [
    1627776000000,
    27717.105099211883
  ],
  [
    1627862400000,
    19498.22383991444
  ],
  [
    1627948800000,
    38750.1236178192
  ],
  [
    1628035200000,
    12476.4497908342
  ],
  [
    1628121600000,
    46371.782445107565
  ],
  [
    1628208000000,
    34182.79967630616
  ],
  [
    1628294400000,
    34859.77744379124
  ],
  [
    1628380800000,
    49182.87000996261
  ],
  [
    1628467200000,
    35711.46110488964
  ],
  [
    1628553600000,
    24193.768153608165
  ],
  [
    1628640000000,
    6142.439082280505
  ],
  [
    1628726400000,
    176.1372933687161
  ],
  [
    1628812800000,
    173.03261379030315
  ],
  [
    1628899200000,
    30.553213351154053
  ],
  [
    1628985600000,
    30.553213351154053
  ],
  [
    1629072000000,
    0.03340038695775592
  ],
  [
    1629158400000,
    0.03395069791107741
  ],
  [
    1629849600000,
    14.406344530628946
  ],
  [
    1629936000000,
    14.406344530628946
  ],
  [
    1630022400000,
    41.586198281522016
  ]
]