[
  [
    1522540800000,
    0
  ],
  [
    1522627200000,
    0
  ],
  [
    1523404800000,
    0
  ],
  [
    1523491200000,
    0
  ],
  [
    1523577600000,
    0
  ],
  [
    1523664000000,
    0
  ],
  [
    1523750400000,
    0
  ],
  [
    1523836800000,
    0
  ],
  [
    1523923200000,
    0
  ],
  [
    1524009600000,
    0
  ],
  [
    1524096000000,
    1756148.1008414396
  ],
  [
    1524182400000,
    1865357.629092871
  ],
  [
    1524268800000,
    1690016.4309663575
  ],
  [
    1524355200000,
    1596480.3431500734
  ],
  [
    1524441600000,
    0
  ],
  [
    1524528000000,
    1120776.741690964
  ],
  [
    1524614400000,
    1560674.320699989
  ],
  [
    1524700800000,
    1318598.8275617196
  ],
  [
    1524787200000,
    1089148.8041191525
  ],
  [
    1524873600000,
    876157.8831464697
  ],
  [
    1524960000000,
    959631.2274820231
  ],
  [
    1525046400000,
    1005669.7375244366
  ],
  [
    1525132800000,
    789801.5450914559
  ],
  [
    1525219200000,
    867899.311620145
  ],
  [
    1525305600000,
    1352553.17561665
  ],
  [
    1525392000000,
    1409744.4984454918
  ],
  [
    1525478400000,
    980749.4205854831
  ],
  [
    1525564800000,
    1006666.5980281396
  ],
  [
    1525651200000,
    873597.176641887
  ],
  [
    1525737600000,
    850089.4980777794
  ],
  [
    1525824000000,
    44041.90551640797
  ],
  [
    1525910400000,
    1024911.8944048656
  ],
  [
    1525996800000,
    821055.3622873046
  ],
  [
    1526083200000,
    878205.6789645819
  ],
  [
    1526169600000,
    865304.0646174244
  ],
  [
    1526256000000,
    841886.8352111928
  ],
  [
    1526342400000,
    539949.094753761
  ],
  [
    1526428800000,
    846844.4806895741
  ],
  [
    1526515200000,
    442789.910965716
  ],
  [
    1526601600000,
    769716.7844984023
  ],
  [
    1526688000000,
    745653.1171051591
  ],
  [
    1526774400000,
    521971.42159130925
  ],
  [
    1526860800000,
    571276.3636444012
  ],
  [
    1526947200000,
    528478.5323799625
  ],
  [
    1527033600000,
    536460.6901503478
  ],
  [
    1527120000000,
    502317.945202144
  ],
  [
    1527206400000,
    345916.70965209726
  ],
  [
    1527292800000,
    236425.60367844085
  ],
  [
    1527379200000,
    0
  ],
  [
    1527465600000,
    0
  ],
  [
    1527552000000,
    0
  ],
  [
    1527638400000,
    0
  ],
  [
    1527724800000,
    0
  ],
  [
    1527811200000,
    0
  ],
  [
    1527897600000,
    0
  ],
  [
    1527984000000,
    0
  ],
  [
    1528070400000,
    0
  ],
  [
    1528156800000,
    0
  ],
  [
    1528243200000,
    0
  ],
  [
    1528329600000,
    0
  ],
  [
    1528416000000,
    0
  ],
  [
    1528502400000,
    0
  ],
  [
    1528588800000,
    0
  ],
  [
    1528675200000,
    0
  ],
  [
    1528761600000,
    0
  ],
  [
    1528848000000,
    0
  ],
  [
    1528934400000,
    0
  ],
  [
    1529020800000,
    0
  ],
  [
    1529107200000,
    0
  ],
  [
    1529193600000,
    0
  ],
  [
    1529280000000,
    204323.82313348178
  ],
  [
    1529366400000,
    233190.51628516905
  ],
  [
    1529452800000,
    207303.66930385143
  ],
  [
    1529539200000,
    177677.00284206995
  ],
  [
    1529625600000,
    248413.50302035312
  ],
  [
    1529712000000,
    188955.45260346515
  ],
  [
    1529798400000,
    290870.20642265474
  ],
  [
    1529884800000,
    467117.4984615556
  ],
  [
    1529971200000,
    385026.6822565514
  ],
  [
    1530057600000,
    241022.83829578856
  ],
  [
    1530144000000,
    268224.05058574624
  ],
  [
    1530230400000,
    263101.0388007749
  ],
  [
    1530316800000,
    398609.5839121273
  ],
  [
    1530403200000,
    397266.6339302362
  ],
  [
    1530489600000,
    324482.57897775504
  ],
  [
    1530576000000,
    216019.6504822841
  ],
  [
    1530662400000,
    278468.09117764665
  ],
  [
    1530748800000,
    190189.47710656584
  ],
  [
    1530835200000,
    127760.50327618864
  ],
  [
    1530921600000,
    333589.85261624027
  ],
  [
    1531008000000,
    347775.4845459753
  ],
  [
    1531094400000,
    164171.49942822088
  ],
  [
    1531180800000,
    298939.4615543418
  ],
  [
    1531267200000,
    249605.44412130493
  ],
  [
    1531353600000,
    333810.20147806284
  ],
  [
    1531440000000,
    192571.42392835874
  ],
  [
    1531526400000,
    251869.78703493648
  ],
  [
    1531612800000,
    128340.58308577999
  ],
  [
    1531699200000,
    215818.70470164277
  ],
  [
    1531785600000,
    205266.7918223525
  ],
  [
    1531872000000,
    361719.3062168428
  ],
  [
    1531958400000,
    154619.13610185328
  ],
  [
    1532044800000,
    72596.48653827171
  ],
  [
    1532131200000,
    205692.788876298
  ],
  [
    1532217600000,
    248511.3020848029
  ],
  [
    1532304000000,
    231050.977775982
  ],
  [
    1532390400000,
    234776.89884306202
  ],
  [
    1532476800000,
    257400.766304615
  ],
  [
    1532563200000,
    249397.60740563064
  ],
  [
    1532649600000,
    245823.98514130389
  ],
  [
    1532736000000,
    252349.90061864423
  ],
  [
    1532822400000,
    251393.92778193404
  ],
  [
    1532908800000,
    250372.32156100418
  ],
  [
    1532995200000,
    273682.8028945406
  ],
  [
    1533081600000,
    261618.35732748537
  ],
  [
    1533168000000,
    250112.5816415778
  ],
  [
    1533254400000,
    251019.7469994618
  ],
  [
    1533340800000,
    217693.40081150376
  ],
  [
    1533427200000,
    226347.7596172661
  ],
  [
    1533513600000,
    230996.2729190248
  ],
  [
    1533600000000,
    227631.77602137192
  ],
  [
    1533686400000,
    227042.48774249156
  ],
  [
    1533772800000,
    208598.03434608926
  ],
  [
    1533859200000,
    231044.82584451203
  ],
  [
    1533945600000,
    187077.30521051446
  ],
  [
    1534032000000,
    213778.30443807883
  ],
  [
    1534118400000,
    215233.52147355393
  ],
  [
    1534204800000,
    285570.1822810173
  ],
  [
    1534291200000,
    189539.82345097157
  ],
  [
    1534377600000,
    331645.3102190637
  ],
  [
    1534464000000,
    380011.3358734043
  ],
  [
    1534550400000,
    521810.5340200355
  ],
  [
    1534636800000,
    384874.0030627348
  ],
  [
    1534723200000,
    266053.0258912335
  ],
  [
    1534809600000,
    289389.1292016582
  ],
  [
    1534896000000,
    288607.3080521735
  ],
  [
    1534982400000,
    334894.8357169013
  ],
  [
    1535068800000,
    352507.79854364024
  ],
  [
    1535155200000,
    335027.4893712937
  ],
  [
    1535241600000,
    358616.5879585719
  ],
  [
    1535328000000,
    329406.6269296877
  ],
  [
    1535414400000,
    372114.5617058872
  ],
  [
    1535500800000,
    307494.8293338557
  ],
  [
    1535587200000,
    359990.98161365057
  ],
  [
    1535673600000,
    371915.28177477716
  ],
  [
    1535760000000,
    216802.85718848452
  ],
  [
    1535846400000,
    221728.55171917393
  ],
  [
    1535932800000,
    369096.47251102113
  ],
  [
    1536019200000,
    292382.5919135527
  ],
  [
    1536105600000,
    358153.5635608145
  ],
  [
    1536192000000,
    304331.3787049619
  ],
  [
    1536278400000,
    287039.9019187401
  ],
  [
    1536364800000,
    292699.3061797979
  ],
  [
    1536451200000,
    129638.9030120126
  ],
  [
    1536537600000,
    135122.00188885018
  ],
  [
    1536624000000,
    262261.1625164045
  ],
  [
    1536710400000,
    23237.73599657154
  ],
  [
    1536796800000,
    76200.42337694154
  ],
  [
    1536883200000,
    156197.98683160776
  ],
  [
    1536969600000,
    252823.40485793553
  ],
  [
    1537056000000,
    282044.8383497051
  ],
  [
    1537142400000,
    239455.7993656192
  ],
  [
    1537228800000,
    166256.59096654537
  ],
  [
    1537315200000,
    259583.19920985593
  ],
  [
    1537401600000,
    380915.39307081833
  ],
  [
    1537488000000,
    311236.26088263607
  ],
  [
    1537574400000,
    820656.0970358237
  ],
  [
    1537660800000,
    158251.15310529363
  ],
  [
    1537747200000,
    161621.04192286852
  ],
  [
    1537833600000,
    154522.8638380754
  ],
  [
    1537920000000,
    148795.55636152945
  ],
  [
    1538006400000,
    173852.53140252715
  ],
  [
    1538092800000,
    55778.082505533996
  ],
  [
    1538179200000,
    174272.93898128523
  ],
  [
    1538265600000,
    254783.53779921183
  ],
  [
    1538352000000,
    327150.1270898462
  ],
  [
    1538438400000,
    264894.27210179484
  ],
  [
    1538524800000,
    264211.51010380854
  ],
  [
    1538611200000,
    280047.25306267
  ],
  [
    1538697600000,
    350531.91789772495
  ],
  [
    1538784000000,
    184087.97584852498
  ],
  [
    1538870400000,
    183259.8564842708
  ],
  [
    1538956800000,
    183499.35464662104
  ],
  [
    1539043200000,
    170781.24781257097
  ],
  [
    1539129600000,
    172402.5499371783
  ],
  [
    1539216000000,
    171309.41037070146
  ],
  [
    1539302400000,
    158381.81272072784
  ],
  [
    1539388800000,
    159565.2276757425
  ],
  [
    1539475200000,
    230571.96905989805
  ],
  [
    1539561600000,
    244518.61130399187
  ],
  [
    1539648000000,
    206991.11512341443
  ],
  [
    1539734400000,
    210745.67644048025
  ],
  [
    1539820800000,
    165190.89620578897
  ],
  [
    1539907200000,
    259306.30096578453
  ],
  [
    1539993600000,
    152944.35678121756
  ],
  [
    1540080000000,
    160117.4628311373
  ],
  [
    1540166400000,
    241357.91986391775
  ],
  [
    1540252800000,
    260938.10294393112
  ],
  [
    1540339200000,
    181057.93572733758
  ],
  [
    1540425600000,
    181342.7244663051
  ],
  [
    1540512000000,
    168693.26722570197
  ],
  [
    1540598400000,
    168809.86329999394
  ],
  [
    1540684800000,
    164247.41868325268
  ],
  [
    1540771200000,
    144506.47095244707
  ],
  [
    1540857600000,
    140660.27730521144
  ],
  [
    1540944000000,
    211721.5886981207
  ],
  [
    1541030400000,
    826118.0925284361
  ],
  [
    1541116800000,
    237813.35124017572
  ],
  [
    1541203200000,
    250799.09728559008
  ],
  [
    1541289600000,
    905506.604154722
  ],
  [
    1541376000000,
    407062.40168035164
  ],
  [
    1541462400000,
    415952.5334048857
  ],
  [
    1541548800000,
    264599.7054567957
  ],
  [
    1541635200000,
    422721.25672454346
  ],
  [
    1541721600000,
    373709.5463392152
  ],
  [
    1541808000000,
    311976.2968335518
  ],
  [
    1541894400000,
    494634.1387838729
  ],
  [
    1541980800000,
    490951.14437330276
  ],
  [
    1542067200000,
    204802.05530995876
  ],
  [
    1542153600000,
    204648.60342203523
  ],
  [
    1542240000000,
    191599.38482774966
  ],
  [
    1542326400000,
    174570.33393293555
  ],
  [
    1542412800000,
    174434.0840843671
  ],
  [
    1542499200000,
    174661.2328540933
  ],
  [
    1542585600000,
    176362.28114249342
  ],
  [
    1542672000000,
    152351.14360008194
  ],
  [
    1542758400000,
    138147.1913257135
  ],
  [
    1542844800000,
    139089.90168399768
  ],
  [
    1542931200000,
    68468.09152984041
  ],
  [
    1543017600000,
    65731.23292418139
  ],
  [
    1543104000000,
    68042.96341027337
  ],
  [
    1543190400000,
    62545.362716533054
  ],
  [
    1543276800000,
    58175.83439872855
  ],
  [
    1543363200000,
    50129.19939936671
  ],
  [
    1543449600000,
    51647.70509062925
  ],
  [
    1543536000000,
    53080.31867132296
  ],
  [
    1543622400000,
    49165.74581295711
  ],
  [
    1543708800000,
    55846.68542756583
  ],
  [
    1543795200000,
    51914.26943778377
  ],
  [
    1543881600000,
    20733.62404126974
  ],
  [
    1543968000000,
    21899.664406396092
  ],
  [
    1544054400000,
    27393.450302747653
  ],
  [
    1544140800000,
    27371.999564017508
  ],
  [
    1544227200000,
    27098.199986079922
  ],
  [
    1544313600000,
    16723.301648468925
  ],
  [
    1544400000000,
    71695.99097888143
  ],
  [
    1544486400000,
    19134.13767210098
  ],
  [
    1544572800000,
    105283.62797849978
  ],
  [
    1544659200000,
    158911.68904884937
  ],
  [
    1544745600000,
    102056.74541599194
  ],
  [
    1544832000000,
    100032.50739923176
  ],
  [
    1544918400000,
    99789.5008422937
  ],
  [
    1545004800000,
    101034.7769774714
  ],
  [
    1545091200000,
    108772.96537080183
  ],
  [
    1545177600000,
    90632.02367485518
  ],
  [
    1545264000000,
    114603.14733341314
  ],
  [
    1545350400000,
    100538.29927900323
  ],
  [
    1545436800000,
    149129.15502319782
  ],
  [
    1545523200000,
    99066.8961673531
  ],
  [
    1545609600000,
    97618.22880264763
  ],
  [
    1545696000000,
    101215.27717506306
  ],
  [
    1545782400000,
    96266.19553427622
  ],
  [
    1545868800000,
    95242.27423568688
  ],
  [
    1545955200000,
    94405.32060847695
  ],
  [
    1546041600000,
    96721.39643445225
  ],
  [
    1546128000000,
    95470.85886222405
  ],
  [
    1546214400000,
    94326.91063878736
  ],
  [
    1546300800000,
    91677.55757977976
  ],
  [
    1546387200000,
    58865.59134460137
  ],
  [
    1546473600000,
    59186.69736181879
  ],
  [
    1546560000000,
    59189.53608692379
  ],
  [
    1546646400000,
    59192.445302609085
  ],
  [
    1546732800000,
    59195.31337575921
  ],
  [
    1546819200000,
    59402.530253964
  ],
  [
    1546905600000,
    19788.473946857404
  ],
  [
    1546992000000,
    19789.53635724074
  ],
  [
    1547078400000,
    19790.491535523288
  ],
  [
    1547164800000,
    26900.96146694915
  ],
  [
    1547251200000,
    25901.93537825245
  ],
  [
    1547337600000,
    25903.19340258415
  ],
  [
    1547424000000,
    25904.45018158957
  ],
  [
    1547510400000,
    14689.011299793348
  ],
  [
    1547596800000,
    14363.533441712205
  ],
  [
    1547683200000,
    14541.41020843657
  ],
  [
    1547769600000,
    15707.375679084198
  ],
  [
    1547856000000,
    15648.25523819722
  ],
  [
    1547942400000,
    15678.048676821714
  ],
  [
    1548028800000,
    15294.638320068707
  ],
  [
    1548115200000,
    16494.82425005299
  ],
  [
    1548201600000,
    17848.24027503382
  ],
  [
    1548288000000,
    18846.97182811576
  ],
  [
    1548374400000,
    20019.09144966153
  ],
  [
    1548460800000,
    19845.27058873549
  ],
  [
    1548547200000,
    105226.76626283026
  ],
  [
    1548633600000,
    20984.86840682949
  ],
  [
    1548720000000,
    20212.44602959278
  ],
  [
    1548806400000,
    23395.43104132417
  ],
  [
    1548892800000,
    26884.02577494119
  ],
  [
    1548979200000,
    26717.666337105577
  ],
  [
    1549065600000,
    27900.793964638364
  ],
  [
    1549152000000,
    29123.10019006142
  ],
  [
    1549238400000,
    29238.061143483465
  ],
  [
    1549324800000,
    98237.18755237354
  ],
  [
    1549411200000,
    31218.036027635124
  ],
  [
    1549497600000,
    31772.45407637704
  ],
  [
    1549584000000,
    184715.80090992202
  ],
  [
    1549670400000,
    199236.20049092197
  ],
  [
    1549756800000,
    64559.52477812922
  ],
  [
    1549843200000,
    65690.26765443142
  ],
  [
    1549929600000,
    65451.97118408431
  ],
  [
    1550016000000,
    65563.35848568541
  ],
  [
    1550102400000,
    65437.95340767532
  ],
  [
    1550188800000,
    63938.98965157001
  ],
  [
    1550275200000,
    31342.900829254686
  ],
  [
    1550361600000,
    32828.09772628899
  ],
  [
    1550448000000,
    181205.3330864748
  ],
  [
    1550534400000,
    54327.830328023396
  ],
  [
    1550620800000,
    54686.31079209343
  ],
  [
    1550707200000,
    54688.943345036314
  ],
  [
    1550793600000,
    54691.582697966376
  ],
  [
    1550880000000,
    34589.82116700297
  ],
  [
    1550966400000,
    35839.97303987573
  ],
  [
    1551052800000,
    35841.70148642461
  ],
  [
    1551139200000,
    36632.30650776963
  ],
  [
    1551225600000,
    35603.570292142926
  ],
  [
    1551312000000,
    38112.8945194822
  ],
  [
    1551398400000,
    38070.061527263686
  ],
  [
    1551484800000,
    38200.27941698791
  ],
  [
    1551571200000,
    37915.71049197491
  ],
  [
    1551657600000,
    35526.02161613529
  ],
  [
    1551744000000,
    34681.409076198084
  ],
  [
    1551830400000,
    28735.263035730604
  ],
  [
    1551916800000,
    28830.920413449643
  ],
  [
    1552003200000,
    28832.315648736276
  ],
  [
    1552089600000,
    359591.4169187248
  ],
  [
    1552176000000,
    366078.81691957696
  ],
  [
    1552262400000,
    366096.4304178778
  ],
  [
    1552348800000,
    366113.93781428493
  ],
  [
    1552435200000,
    366131.5395330706
  ],
  [
    1552521600000,
    366149.2470422767
  ],
  [
    1552608000000,
    36239.72057273
  ],
  [
    1552694400000,
    36659.83799859007
  ],
  [
    1552780800000,
    111796.6712777926
  ],
  [
    1552867200000,
    37257.57240115062
  ],
  [
    1552953600000,
    37155.15666653632
  ],
  [
    1553040000000,
    37317.097553297855
  ],
  [
    1553126400000,
    108933.02855437376
  ],
  [
    1553212800000,
    105120.14043675047
  ],
  [
    1553299200000,
    104589.21790475282
  ],
  [
    1553385600000,
    41028.789523708685
  ],
  [
    1553472000000,
    39738.23371229357
  ],
  [
    1553558400000,
    91939.75760933556
  ],
  [
    1553644800000,
    91836.31435354757
  ],
  [
    1553731200000,
    45064.81869788952
  ],
  [
    1553817600000,
    45135.47472980136
  ],
  [
    1553904000000,
    45855.935282247156
  ],
  [
    1553990400000,
    44738.02463642445
  ],
  [
    1554076800000,
    89513.86701306354
  ],
  [
    1554163200000,
    19391.22932151851
  ],
  [
    1554249600000,
    23903.349153153045
  ],
  [
    1554336000000,
    16954.547955055416
  ],
  [
    1554422400000,
    7640.392575235497
  ],
  [
    1554508800000,
    12490.891832301546
  ],
  [
    1554595200000,
    14209.580328032653
  ],
  [
    1554681600000,
    16025.644366147832
  ],
  [
    1554768000000,
    16026.02943484948
  ],
  [
    1554854400000,
    16026.413461821867
  ],
  [
    1554940800000,
    16026.799173307034
  ],
  [
    1555027200000,
    16148.847194464928
  ],
  [
    1555113600000,
    15793.085813536758
  ],
  [
    1555200000000,
    15871.771222063267
  ],
  [
    1555286400000,
    15871.771222063267
  ],
  [
    1555372800000,
    15871.771222063267
  ],
  [
    1555459200000,
    15871.771222063267
  ],
  [
    1555545600000,
    15871.771222063267
  ],
  [
    1555632000000,
    15871.771222063267
  ],
  [
    1555718400000,
    15871.771222063267
  ],
  [
    1555804800000,
    15871.771222063267
  ],
  [
    1555891200000,
    15871.771222063267
  ],
  [
    1555977600000,
    15871.941247693787
  ],
  [
    1556064000000,
    17326.173825673173
  ],
  [
    1556150400000,
    17326.173825673173
  ],
  [
    1556236800000,
    17326.17521517465
  ],
  [
    1556323200000,
    17326.178827888758
  ],
  [
    1556409600000,
    17326.179383685536
  ],
  [
    1556496000000,
    16462.13701606659
  ],
  [
    1556582400000,
    16278.439751397715
  ],
  [
    1556668800000,
    24672.517378665845
  ],
  [
    1556755200000,
    30849.86902454894
  ],
  [
    1556841600000,
    30880.85034814688
  ],
  [
    1556928000000,
    28339.374544770362
  ],
  [
    1557014400000,
    29886.723718786103
  ],
  [
    1557100800000,
    29984.341208047426
  ],
  [
    1557187200000,
    21675.10756788043
  ],
  [
    1557273600000,
    21958.676203883955
  ],
  [
    1557360000000,
    20914.30810257393
  ],
  [
    1557792000000,
    18477.895024735284
  ],
  [
    1557878400000,
    18466.624340411698
  ],
  [
    1558310400000,
    27011.891957934226
  ],
  [
    1558396800000,
    26630.516796084154
  ],
  [
    1558483200000,
    24693.56943718975
  ],
  [
    1558569600000,
    24611.081100140615
  ],
  [
    1558656000000,
    24625.538413517734
  ],
  [
    1558915200000,
    19903.524412575975
  ],
  [
    1559001600000,
    24600.09467864639
  ],
  [
    1559088000000,
    67927.76707752926
  ],
  [
    1559174400000,
    29675.303403617236
  ],
  [
    1559260800000,
    29903.148292888352
  ],
  [
    1559347200000,
    29903.864243461074
  ],
  [
    1559433600000,
    29904.58070772374
  ],
  [
    1559520000000,
    29905.295254992947
  ],
  [
    1559606400000,
    29514.356341348474
  ],
  [
    1559692800000,
    26129.151554553217
  ],
  [
    1559779200000,
    55633.90611750641
  ],
  [
    1559865600000,
    55635.25126750139
  ],
  [
    1559952000000,
    55636.571559354714
  ],
  [
    1560038400000,
    55637.908339144706
  ],
  [
    1560124800000,
    2397.03116872702
  ],
  [
    1560211200000,
    2397.0877996675645
  ],
  [
    1560297600000,
    2397.1439696650286
  ],
  [
    1560902400000,
    2397.4331329441466
  ],
  [
    1560988800000,
    2865.932614023086
  ],
  [
    1561075200000,
    32030.314265910903
  ],
  [
    1561161600000,
    33509.72132372325
  ],
  [
    1561248000000,
    33510.40303936214
  ],
  [
    1561334400000,
    3348.388106873342
  ],
  [
    1561420800000,
    37095.437202497335
  ],
  [
    1561507200000,
    39231.40970451832
  ],
  [
    1561593600000,
    43883.350114040404
  ],
  [
    1561680000000,
    42697.108671810776
  ],
  [
    1561766400000,
    37069.223286843655
  ],
  [
    1561852800000,
    36739.00180841705
  ],
  [
    1561939200000,
    29041.656362364643
  ],
  [
    1562025600000,
    63535.15995623405
  ],
  [
    1562112000000,
    25258.546523125286
  ],
  [
    1562198400000,
    3523.402421366241
  ],
  [
    1562284800000,
    3523.48614742349
  ],
  [
    1562371200000,
    17705.117945024747
  ],
  [
    1562457600000,
    14203.297476047761
  ],
  [
    1562544000000,
    13985.436343201913
  ],
  [
    1562630400000,
    13985.779181829292
  ],
  [
    1562716800000,
    7154.834333410505
  ],
  [
    1562803200000,
    16323.054867447672
  ],
  [
    1562889600000,
    14596.98126024181
  ],
  [
    1562976000000,
    14597.239761168927
  ],
  [
    1563235200000,
    9523.799336256625
  ],
  [
    1563321600000,
    9524.088333596632
  ],
  [
    1563408000000,
    9966.513550791857
  ],
  [
    1563840000000,
    26427.463219814323
  ],
  [
    1563926400000,
    26428.087750788953
  ],
  [
    1565827200000,
    59641.27948826615
  ],
  [
    1565913600000,
    15195.342298868496
  ],
  [
    1566000000000,
    15195.66506341701
  ],
  [
    1566172800000,
    15196.574254256679
  ],
  [
    1566259200000,
    15196.794843429558
  ],
  [
    1567900800000,
    15203.746143192539
  ],
  [
    1568419200000,
    16137.282925190377
  ],
  [
    1568592000000,
    16137.839632390298
  ],
  [
    1568678400000,
    16104.942814970886
  ],
  [
    1568764800000,
    15925.526530950106
  ],
  [
    1569715200000,
    12844.391187447356
  ],
  [
    1569801600000,
    12844.776319039433
  ],
  [
    1569974400000,
    12926.994262882688
  ],
  [
    1570060800000,
    12927.032246613631
  ],
  [
    1570147200000,
    12803.684500137546
  ],
  [
    1570233600000,
    12803.684500137546
  ],
  [
    1571616000000,
    5012.057963359114
  ],
  [
    1571702400000,
    5012.115641301089
  ],
  [
    1571788800000,
    12874.340749209103
  ],
  [
    1571875200000,
    12874.51627572379
  ],
  [
    1572134400000,
    12875.002432221898
  ],
  [
    1572220800000,
    14288.634730642147
  ],
  [
    1572652800000,
    23214.12298369812
  ],
  [
    1572739200000,
    23214.12298369812
  ],
  [
    1572825600000,
    23214.39277140065
  ],
  [
    1573516800000,
    13669.178293709208
  ],
  [
    1573603200000,
    13705.879043412226
  ],
  [
    1574035200000,
    13706.64180019639
  ],
  [
    1574121600000,
    18477.48612554749
  ],
  [
    1574208000000,
    18477.562844000942
  ],
  [
    1574812800000,
    18478.642034423865
  ],
  [
    1574899200000,
    17968.976867037072
  ],
  [
    1575158400000,
    18804.30899161295
  ],
  [
    1575244800000,
    18291.052805481137
  ],
  [
    1575417600000,
    18291.052805481137
  ],
  [
    1576540800000,
    18291.052805481137
  ],
  [
    1577145600000,
    18291.052805481137
  ],
  [
    1577232000000,
    9471.56977673013
  ],
  [
    1577577600000,
    25164.887264890043
  ],
  [
    1577664000000,
    25164.887264890043
  ],
  [
    1579824000000,
    715686.7648192474
  ],
  [
    1579910400000,
    0
  ],
  [
    1579996800000,
    0
  ],
  [
    1580083200000,
    0
  ],
  [
    1580169600000,
    0
  ],
  [
    1580256000000,
    0
  ],
  [
    1580515200000,
    0
  ],
  [
    1580601600000,
    0
  ],
  [
    1580688000000,
    0
  ],
  [
    1580860800000,
    0
  ],
  [
    1580947200000,
    0
  ],
  [
    1581033600000,
    0
  ],
  [
    1581120000000,
    0
  ],
  [
    1581206400000,
    0
  ],
  [
    1582156800000,
    0
  ],
  [
    1582243200000,
    0
  ],
  [
    1582416000000,
    0
  ],
  [
    1582502400000,
    0
  ],
  [
    1582588800000,
    0
  ],
  [
    1583366400000,
    0
  ],
  [
    1584144000000,
    0
  ],
  [
    1584230400000,
    0
  ],
  [
    1584576000000,
    0
  ],
  [
    1585008000000,
    0
  ],
  [
    1585958400000,
    0
  ],
  [
    1586390400000,
    0
  ],
  [
    1586476800000,
    0
  ],
  [
    1586736000000,
    0
  ],
  [
    1587254400000,
    0
  ],
  [
    1587859200000,
    0
  ],
  [
    1587945600000,
    0
  ],
  [
    1588291200000,
    0
  ],
  [
    1588377600000,
    0
  ],
  [
    1588550400000,
    0
  ],
  [
    1588723200000,
    0
  ],
  [
    1588809600000,
    0
  ],
  [
    1588982400000,
    0
  ],
  [
    1589068800000,
    0
  ],
  [
    1589155200000,
    0
  ],
  [
    1589328000000,
    0
  ],
  [
    1589414400000,
    0
  ],
  [
    1589500800000,
    0
  ],
  [
    1589587200000,
    0
  ],
  [
    1589673600000,
    0
  ],
  [
    1589760000000,
    0
  ],
  [
    1589846400000,
    0
  ],
  [
    1590451200000,
    0
  ],
  [
    1590537600000,
    0
  ],
  [
    1590624000000,
    0
  ],
  [
    1590710400000,
    0
  ],
  [
    1590796800000,
    0
  ],
  [
    1590883200000,
    0
  ],
  [
    1590969600000,
    0
  ],
  [
    1591056000000,
    0
  ],
  [
    1591228800000,
    0
  ],
  [
    1591315200000,
    0
  ],
  [
    1591488000000,
    0
  ],
  [
    1591574400000,
    0
  ],
  [
    1591660800000,
    0
  ],
  [
    1591833600000,
    0
  ],
  [
    1591920000000,
    0
  ],
  [
    1592006400000,
    0
  ],
  [
    1592092800000,
    0
  ],
  [
    1592179200000,
    0
  ],
  [
    1592265600000,
    0
  ],
  [
    1592352000000,
    0
  ],
  [
    1592438400000,
    0
  ],
  [
    1592524800000,
    0
  ],
  [
    1592611200000,
    0
  ],
  [
    1592697600000,
    0
  ],
  [
    1592784000000,
    0
  ],
  [
    1592956800000,
    0
  ],
  [
    1593043200000,
    0
  ],
  [
    1593216000000,
    0
  ],
  [
    1593302400000,
    0
  ],
  [
    1593388800000,
    0
  ],
  [
    1593561600000,
    0
  ],
  [
    1593648000000,
    0
  ],
  [
    1593734400000,
    0
  ],
  [
    1593820800000,
    0
  ],
  [
    1593907200000,
    0
  ],
  [
    1594166400000,
    0
  ],
  [
    1594252800000,
    0
  ],
  [
    1594339200000,
    0
  ],
  [
    1594684800000,
    0
  ],
  [
    1594771200000,
    0
  ],
  [
    1594857600000,
    0
  ],
  [
    1594944000000,
    0
  ],
  [
    1595030400000,
    0
  ],
  [
    1595116800000,
    0
  ],
  [
    1595203200000,
    0
  ],
  [
    1595289600000,
    0
  ],
  [
    1595376000000,
    0
  ],
  [
    1595462400000,
    0
  ],
  [
    1595548800000,
    0
  ],
  [
    1595635200000,
    0
  ],
  [
    1595721600000,
    0
  ],
  [
    1595808000000,
    0
  ],
  [
    1595894400000,
    0
  ],
  [
    1595980800000,
    0
  ],
  [
    1596326400000,
    0
  ],
  [
    1596412800000,
    0
  ],
  [
    1596499200000,
    0
  ],
  [
    1596585600000,
    0
  ],
  [
    1596672000000,
    0
  ],
  [
    1596758400000,
    0
  ],
  [
    1596844800000,
    0
  ],
  [
    1596931200000,
    0
  ],
  [
    1597104000000,
    0
  ],
  [
    1597190400000,
    0
  ],
  [
    1597276800000,
    0
  ],
  [
    1597881600000,
    0
  ],
  [
    1597968000000,
    0
  ],
  [
    1598313600000,
    0
  ],
  [
    1598400000000,
    0
  ],
  [
    1598832000000,
    0
  ],
  [
    1598918400000,
    0
  ],
  [
    1599004800000,
    0
  ],
  [
    1599091200000,
    0
  ],
  [
    1599177600000,
    0
  ],
  [
    1599264000000,
    0
  ],
  [
    1599350400000,
    0
  ],
  [
    1599436800000,
    0
  ],
  [
    1599523200000,
    0
  ],
  [
    1600214400000,
    0
  ],
  [
    1600300800000,
    0
  ],
  [
    1600387200000,
    0
  ],
  [
    1600646400000,
    0
  ],
  [
    1600732800000,
    0
  ],
  [
    1600819200000,
    0
  ],
  [
    1600905600000,
    0
  ],
  [
    1601164800000,
    0
  ],
  [
    1601251200000,
    0
  ],
  [
    1601337600000,
    0
  ],
  [
    1601424000000,
    0
  ],
  [
    1601510400000,
    0
  ],
  [
    1601596800000,
    0
  ],
  [
    1601683200000,
    0
  ],
  [
    1601769600000,
    0
  ],
  [
    1601856000000,
    0
  ],
  [
    1601942400000,
    0
  ],
  [
    1602028800000,
    0
  ],
  [
    1602115200000,
    0
  ],
  [
    1602201600000,
    0
  ],
  [
    1602288000000,
    0
  ],
  [
    1602374400000,
    0
  ],
  [
    1602460800000,
    0
  ],
  [
    1602547200000,
    0
  ],
  [
    1602633600000,
    0
  ],
  [
    1602720000000,
    0
  ],
  [
    1602806400000,
    0
  ],
  [
    1602892800000,
    0
  ],
  [
    1602979200000,
    0
  ],
  [
    1603065600000,
    0
  ],
  [
    1603152000000,
    0
  ],
  [
    1603238400000,
    0
  ],
  [
    1603324800000,
    0
  ],
  [
    1603411200000,
    0
  ],
  [
    1603497600000,
    0
  ],
  [
    1603584000000,
    0
  ],
  [
    1603670400000,
    0
  ],
  [
    1603756800000,
    0
  ],
  [
    1603843200000,
    0
  ],
  [
    1603929600000,
    0
  ],
  [
    1604016000000,
    0
  ],
  [
    1604102400000,
    0
  ],
  [
    1604188800000,
    0
  ],
  [
    1604275200000,
    0
  ],
  [
    1604361600000,
    0
  ],
  [
    1604448000000,
    0
  ],
  [
    1604534400000,
    0
  ],
  [
    1604620800000,
    0
  ],
  [
    1604707200000,
    0
  ],
  [
    1604793600000,
    0
  ],
  [
    1604880000000,
    0
  ],
  [
    1604966400000,
    0
  ],
  [
    1605052800000,
    0
  ],
  [
    1605139200000,
    0
  ],
  [
    1605225600000,
    0
  ],
  [
    1605312000000,
    0
  ],
  [
    1605398400000,
    0
  ],
  [
    1605484800000,
    0
  ],
  [
    1605571200000,
    0
  ],
  [
    1605657600000,
    0
  ],
  [
    1605744000000,
    0
  ],
  [
    1605830400000,
    0
  ],
  [
    1605916800000,
    0
  ],
  [
    1606003200000,
    0
  ],
  [
    1606089600000,
    0
  ],
  [
    1606176000000,
    0
  ],
  [
    1606262400000,
    0
  ],
  [
    1606348800000,
    0
  ],
  [
    1606435200000,
    0
  ],
  [
    1606521600000,
    0
  ],
  [
    1606608000000,
    0
  ],
  [
    1606694400000,
    0
  ],
  [
    1606780800000,
    0
  ],
  [
    1606867200000,
    0
  ],
  [
    1606953600000,
    0
  ],
  [
    1607040000000,
    0
  ],
  [
    1607126400000,
    0
  ],
  [
    1607212800000,
    0
  ],
  [
    1607299200000,
    0
  ],
  [
    1607385600000,
    0
  ],
  [
    1607472000000,
    0
  ],
  [
    1607558400000,
    0
  ],
  [
    1607644800000,
    0
  ],
  [
    1607731200000,
    0
  ],
  [
    1607817600000,
    0
  ],
  [
    1607904000000,
    0
  ],
  [
    1607990400000,
    0
  ],
  [
    1608076800000,
    0
  ],
  [
    1608163200000,
    0
  ],
  [
    1608249600000,
    0
  ],
  [
    1608336000000,
    0
  ],
  [
    1608422400000,
    0
  ],
  [
    1608508800000,
    0
  ],
  [
    1608595200000,
    0
  ],
  [
    1608681600000,
    0
  ],
  [
    1608768000000,
    0
  ],
  [
    1608854400000,
    0
  ],
  [
    1608940800000,
    0
  ],
  [
    1609027200000,
    0
  ],
  [
    1609113600000,
    0
  ],
  [
    1609200000000,
    0
  ],
  [
    1609286400000,
    0
  ],
  [
    1609372800000,
    0
  ],
  [
    1609459200000,
    0
  ],
  [
    1609545600000,
    0
  ],
  [
    1609632000000,
    0
  ],
  [
    1609718400000,
    0
  ],
  [
    1609804800000,
    0
  ],
  [
    1609891200000,
    0
  ],
  [
    1609977600000,
    0
  ],
  [
    1610064000000,
    0
  ],
  [
    1610150400000,
    0
  ],
  [
    1610236800000,
    0
  ],
  [
    1610323200000,
    0
  ],
  [
    1610409600000,
    0
  ],
  [
    1610496000000,
    0
  ],
  [
    1610582400000,
    0
  ],
  [
    1610668800000,
    0
  ],
  [
    1610755200000,
    0
  ],
  [
    1610841600000,
    0
  ],
  [
    1610928000000,
    0
  ],
  [
    1611014400000,
    0
  ],
  [
    1611100800000,
    0
  ],
  [
    1611187200000,
    0
  ],
  [
    1611273600000,
    0
  ],
  [
    1611360000000,
    0
  ],
  [
    1611446400000,
    0
  ],
  [
    1611532800000,
    0
  ],
  [
    1611619200000,
    0
  ],
  [
    1611705600000,
    0
  ],
  [
    1611792000000,
    0
  ],
  [
    1611878400000,
    0
  ],
  [
    1611964800000,
    0
  ],
  [
    1612051200000,
    0
  ],
  [
    1612137600000,
    0
  ],
  [
    1612224000000,
    0
  ],
  [
    1612310400000,
    0
  ],
  [
    1612396800000,
    0
  ],
  [
    1612483200000,
    0
  ],
  [
    1612569600000,
    0
  ],
  [
    1612656000000,
    0
  ],
  [
    1612742400000,
    0
  ],
  [
    1612828800000,
    0
  ],
  [
    1612915200000,
    0
  ],
  [
    1613001600000,
    0
  ],
  [
    1613088000000,
    0
  ],
  [
    1613174400000,
    0
  ],
  [
    1613433600000,
    0
  ],
  [
    1613520000000,
    0
  ],
  [
    1613692800000,
    0
  ],
  [
    1613779200000,
    0
  ],
  [
    1613865600000,
    0
  ],
  [
    1613952000000,
    0
  ],
  [
    1614038400000,
    0
  ],
  [
    1614124800000,
    0
  ],
  [
    1614211200000,
    0
  ],
  [
    1614297600000,
    0
  ],
  [
    1614384000000,
    0
  ],
  [
    1614470400000,
    0
  ],
  [
    1614556800000,
    0
  ],
  [
    1614643200000,
    0
  ],
  [
    1614729600000,
    0
  ],
  [
    1614816000000,
    0
  ],
  [
    1614902400000,
    0
  ],
  [
    1614988800000,
    0
  ],
  [
    1615075200000,
    0
  ],
  [
    1615161600000,
    0
  ],
  [
    1615248000000,
    0
  ],
  [
    1615334400000,
    0
  ],
  [
    1615420800000,
    0
  ],
  [
    1615507200000,
    0
  ],
  [
    1615593600000,
    0
  ],
  [
    1615680000000,
    0
  ],
  [
    1615766400000,
    0
  ],
  [
    1615852800000,
    0
  ],
  [
    1615939200000,
    0
  ],
  [
    1616025600000,
    0
  ],
  [
    1616112000000,
    0
  ],
  [
    1616198400000,
    0
  ],
  [
    1616284800000,
    0
  ],
  [
    1616371200000,
    0
  ],
  [
    1616457600000,
    0
  ],
  [
    1616544000000,
    0
  ],
  [
    1616630400000,
    0
  ],
  [
    1616803200000,
    0
  ],
  [
    1616889600000,
    0
  ],
  [
    1616976000000,
    0
  ],
  [
    1617062400000,
    0
  ],
  [
    1617148800000,
    0
  ],
  [
    1617235200000,
    0
  ],
  [
    1617321600000,
    0
  ],
  [
    1617408000000,
    0
  ],
  [
    1617494400000,
    0
  ],
  [
    1617580800000,
    0
  ],
  [
    1617667200000,
    0
  ],
  [
    1617753600000,
    0
  ],
  [
    1617840000000,
    0
  ],
  [
    1617926400000,
    0
  ],
  [
    1618012800000,
    0
  ],
  [
    1618099200000,
    0
  ],
  [
    1618185600000,
    0
  ],
  [
    1618272000000,
    0
  ],
  [
    1618358400000,
    0
  ],
  [
    1618444800000,
    0
  ],
  [
    1618531200000,
    0
  ],
  [
    1618617600000,
    0
  ],
  [
    1618704000000,
    0
  ],
  [
    1618790400000,
    0
  ],
  [
    1618876800000,
    0
  ],
  [
    1618963200000,
    0
  ],
  [
    1619049600000,
    0
  ],
  [
    1619136000000,
    0
  ],
  [
    1619222400000,
    0
  ],
  [
    1619308800000,
    0
  ],
  [
    1619395200000,
    0
  ],
  [
    1619481600000,
    0
  ],
  [
    1619568000000,
    0
  ],
  [
    1619654400000,
    0
  ],
  [
    1619740800000,
    0
  ],
  [
    1619827200000,
    0
  ],
  [
    1619913600000,
    0
  ],
  [
    1620000000000,
    0
  ],
  [
    1620086400000,
    0
  ],
  [
    1620172800000,
    0
  ],
  [
    1620259200000,
    0
  ],
  [
    1620345600000,
    0
  ],
  [
    1620432000000,
    0
  ],
  [
    1620518400000,
    0
  ],
  [
    1620604800000,
    0
  ],
  [
    1620691200000,
    0
  ],
  [
    1620777600000,
    0
  ],
  [
    1620864000000,
    0
  ],
  [
    1620950400000,
    0
  ],
  [
    1621036800000,
    0
  ],
  [
    1621123200000,
    0
  ],
  [
    1621209600000,
    0
  ],
  [
    1621296000000,
    0
  ],
  [
    1621382400000,
    0
  ],
  [
    1621468800000,
    0
  ],
  [
    1621555200000,
    0
  ],
  [
    1621641600000,
    0
  ],
  [
    1621728000000,
    0
  ],
  [
    1621814400000,
    0
  ],
  [
    1621900800000,
    0
  ],
  [
    1621987200000,
    0
  ],
  [
    1622073600000,
    0
  ],
  [
    1622160000000,
    0
  ],
  [
    1622246400000,
    0
  ],
  [
    1623196800000,
    0
  ],
  [
    1623283200000,
    0
  ],
  [
    1623369600000,
    0
  ],
  [
    1623542400000,
    0
  ],
  [
    1623628800000,
    0
  ],
  [
    1623974400000,
    0
  ],
  [
    1624060800000,
    0
  ],
  [
    1624406400000,
    0
  ],
  [
    1624492800000,
    0
  ],
  [
    1624579200000,
    0
  ],
  [
    1624924800000,
    0
  ],
  [
    1625011200000,
    0
  ],
  [
    1625097600000,
    0
  ],
  [
    1625184000000,
    0
  ],
  [
    1625270400000,
    0
  ],
  [
    1625443200000,
    0
  ],
  [
    1625529600000,
    0
  ],
  [
    1625875200000,
    0
  ],
  [
    1625961600000,
    0
  ],
  [
    1626048000000,
    0
  ],
  [
    1626134400000,
    0
  ],
  [
    1626652800000,
    0
  ],
  [
    1626739200000,
    0
  ],
  [
    1626825600000,
    0
  ],
  [
    1626912000000,
    0
  ],
  [
    1626998400000,
    0
  ],
  [
    1627257600000,
    0
  ],
  [
    1627344000000,
    0
  ],
  [
    1627776000000,
    0
  ],
  [
    1627862400000,
    0
  ],
  [
    1627948800000,
    0
  ],
  [
    1628035200000,
    0
  ],
  [
    1628121600000,
    0
  ],
  [
    1628208000000,
    0
  ],
  [
    1628294400000,
    0
  ],
  [
    1628380800000,
    0
  ],
  [
    1628553600000,
    0
  ],
  [
    1628640000000,
    0
  ],
  [
    1628726400000,
    0
  ],
  [
    1628812800000,
    0
  ],
  [
    1628899200000,
    0
  ],
  [
    1628985600000,
    0
  ],
  [
    1629072000000,
    0
  ],
  [
    1629417600000,
    0
  ],
  [
    1629504000000,
    0
  ],
  [
    1629590400000,
    0
  ],
  [
    1629676800000,
    0
  ],
  [
    1629763200000,
    0
  ],
  [
    1629849600000,
    0
  ],
  [
    1629936000000,
    0
  ],
  [
    1630022400000,
    0
  ],
  [
    1630108800000,
    0
  ],
  [
    1630195200000,
    0
  ],
  [
    1630454400000,
    0
  ],
  [
    1630540800000,
    0
  ],
  [
    1630627200000,
    0
  ]
]