[
  [
    1533081600000,
    0.000464735769393306
  ],
  [
    1533168000000,
    0.0008904937327097299
  ],
  [
    1533254400000,
    0.0005190476887471646
  ],
  [
    1533340800000,
    0.00044518998261516
  ],
  [
    1533427200000,
    0.0004202888295293994
  ],
  [
    1533513600000,
    0.0004220061032721678
  ],
  [
    1533600000000,
    0.000346331605442412
  ],
  [
    1533686400000,
    0.0004036024020739932
  ],
  [
    1533772800000,
    0.000313850589933046
  ],
  [
    1533859200000,
    0.0002612532049243456
  ],
  [
    1533945600000,
    0.000307531788609106
  ],
  [
    1534032000000,
    0.0002519957356236008
  ],
  [
    1534118400000,
    0.000252456618241344
  ],
  [
    1534204800000,
    0.0002514030137812504
  ],
  [
    1534291200000,
    0.0001851594690389805
  ],
  [
    1534377600000,
    0.0001879345795983228
  ],
  [
    1534464000000,
    0.0001887114261545922
  ],
  [
    1534550400000,
    0.0001965090170455113
  ],
  [
    1534636800000,
    0.0001279394384298586
  ],
  [
    1534723200000,
    0.000259250088169484
  ],
  [
    1534809600000,
    0.0001255499376322294
  ],
  [
    1534896000000,
    0.000323873200770614
  ],
  [
    1534982400000,
    0.0001273930996603678
  ],
  [
    1535068800000,
    0.0003260381025548155
  ],
  [
    1535155200000,
    0.0002684257463093452
  ],
  [
    1535241600000,
    0.0003373527029420395
  ],
  [
    1535328000000,
    0.000267558695730074
  ],
  [
    1535414400000,
    0.0002757569205492984
  ],
  [
    1535500800000,
    0.0003556204309789625
  ],
  [
    1535587200000,
    0.0002816028940021028
  ],
  [
    1535673600000,
    0.00027909695656795
  ],
  [
    1535760000000,
    0.0002814002059888856
  ],
  [
    1535846400000,
    0.0002817401768561452
  ],
  [
    1535932800000,
    0.0002912187596510776
  ],
  [
    1536019200000,
    0.0002905065335704512
  ],
  [
    1536105600000,
    0.000294422114469838
  ],
  [
    1536192000000,
    0.0002734383464157136
  ],
  [
    1536278400000,
    0.0001952356676667954
  ],
  [
    1536364800000,
    0.0002561574823647824
  ],
  [
    1536451200000,
    0.0002473214153113688
  ],
  [
    1536537600000,
    0.00025057245435555
  ],
  [
    1536624000000,
    0.0002522578419163836
  ],
  [
    1536969600000,
    0.000259984145118334
  ],
  [
    1537056000000,
    0.000261097985305906
  ],
  [
    1537142400000,
    0.00025976429537157
  ],
  [
    1537401600000,
    0.0001916433456353931
  ],
  [
    1537488000000,
    0.000192778614806958
  ],
  [
    1537574400000,
    0.000270137532670368
  ],
  [
    1537660800000,
    0.000270216475283742
  ],
  [
    1537747200000,
    0.0002014863895236822
  ],
  [
    1537833600000,
    0.0001985735936509245
  ],
  [
    1537920000000,
    0.0001928952119809119
  ],
  [
    1538006400000,
    0.0001937854489299144
  ],
  [
    1538179200000,
    0.000265799071086506
  ],
  [
    1538265600000,
    0.0002633528420935004
  ],
  [
    1538352000000,
    0.0001986783144153228
  ],
  [
    1538438400000,
    0.0001992577261700604
  ],
  [
    1538524800000,
    0.0001961665099102548
  ],
  [
    1538611200000,
    0.0002602773561007196
  ],
  [
    1538697600000,
    0.0002631684474436692
  ],
  [
    1538784000000,
    0.0003310147085890885
  ],
  [
    1538870400000,
    0.0003295194239333755
  ],
  [
    1538956800000,
    0.0003301496133699065
  ],
  [
    1539043200000,
    0.0003329558681180045
  ],
  [
    1539129600000,
    0.0003984971102569356
  ],
  [
    1539216000000,
    0.0005278869310929056
  ],
  [
    1539302400000,
    0.0004374616695767941
  ],
  [
    1539388800000,
    0.0005035049186050176
  ],
  [
    1539475200000,
    0.0005056763178996992
  ],
  [
    1539561600000,
    0.0005696480593508247
  ],
  [
    1539648000000,
    0.0006035305053993732
  ],
  [
    1539734400000,
    0.0004676740521905767
  ],
  [
    1539820800000,
    0.0006008854222198341
  ],
  [
    1539907200000,
    0.000851525304412796
  ],
  [
    1539993600000,
    0.000650565841830278
  ],
  [
    1540080000000,
    0.0007206906707351109
  ],
  [
    1540166400000,
    0.0007866997502582784
  ],
  [
    1540252800000,
    0.001307560574666608
  ],
  [
    1540339200000,
    0.0018861891396225678
  ],
  [
    1540425600000,
    0.0016926945563478105
  ],
  [
    1540512000000,
    0.001362720946710566
  ],
  [
    1540598400000,
    0.0013637816696833308
  ],
  [
    1540684800000,
    0.0011651918344918488
  ],
  [
    1540771200000,
    0.0014918659834803286
  ],
  [
    1540857600000,
    0.001262453569734528
  ],
  [
    1540944000000,
    0.001266568836469306
  ],
  [
    1541030400000,
    0.001274179449697742
  ],
  [
    1541116800000,
    0.001280624222100988
  ],
  [
    1541203200000,
    0.0014147189868574093
  ],
  [
    1541289600000,
    0.0011495652915108167
  ],
  [
    1541376000000,
    0.0010748115072431875
  ],
  [
    1541462400000,
    0.001349356817077059
  ],
  [
    1541548800000,
    0.0015545015982771407
  ],
  [
    1541635200000,
    0.0021703451100864553
  ],
  [
    1541721600000,
    0.002076431880651616
  ],
  [
    1541808000000,
    0.0023742766463012103
  ],
  [
    1541894400000,
    0.003207418147497235
  ],
  [
    1541980800000,
    0.002763879985872245
  ],
  [
    1542067200000,
    0.002504362556482215
  ],
  [
    1542153600000,
    0.0028237607573242452
  ],
  [
    1542240000000,
    0.0025493971174269225
  ],
  [
    1542326400000,
    0.002165028362190324
  ],
  [
    1542412800000,
    0.0021325547649191775
  ],
  [
    1542499200000,
    0.0019059814032544278
  ],
  [
    1542585600000,
    0.001976310565808789
  ],
  [
    1542672000000,
    0.001572025095889312
  ],
  [
    1542758400000,
    0.0017228139512442456
  ],
  [
    1542844800000,
    0.0019006418283000724
  ],
  [
    1542931200000,
    0.001748469186394448
  ],
  [
    1543017600000,
    0.001725578894479096
  ],
  [
    1543104000000,
    0.0012960500210679054
  ],
  [
    1543190400000,
    0.001464206563771218
  ],
  [
    1543276800000,
    0.0012240392435235489
  ],
  [
    1543363200000,
    0.001399808382972609
  ],
  [
    1543449600000,
    0.001595007131798847
  ],
  [
    1543536000000,
    0.0015821270901450984
  ],
  [
    1543622400000,
    0.001611724631090216
  ],
  [
    1543708800000,
    0.0018451074381460953
  ],
  [
    1543795200000,
    0.0017719603397514342
  ],
  [
    1543881600000,
    0.001324456669233454
  ],
  [
    1543968000000,
    0.0013801269987395136
  ],
  [
    1544054400000,
    0.0014311911541198042
  ],
  [
    1544140800000,
    0.001282103492154624
  ],
  [
    1544227200000,
    0.0012269463440152176
  ],
  [
    1544572800000,
    0.0012516165365908142
  ],
  [
    1544659200000,
    0.0012359461215944844
  ],
  [
    1544745600000,
    0.0010848320360129665
  ],
  [
    1544832000000,
    0.0010474955288899232
  ],
  [
    1544918400000,
    0.001156854024169614
  ],
  [
    1545004800000,
    0.0011297772865754654
  ],
  [
    1545091200000,
    0.001227599871459752
  ],
  [
    1545177600000,
    0.0011321139685758455
  ],
  [
    1545264000000,
    0.0009962184204919153
  ],
  [
    1545350400000,
    0.0010513089186059512
  ],
  [
    1545436800000,
    0.0009646261634730075
  ],
  [
    1545523200000,
    0.0008265164273155334
  ],
  [
    1545609600000,
    0.0008344592810058918
  ],
  [
    1545696000000,
    0.0008767035499060629
  ],
  [
    1545782400000,
    0.0008767035499060629
  ],
  [
    1545868800000,
    0.0008245496941600908
  ],
  [
    1545955200000,
    0.0008203475488222278
  ],
  [
    1546041600000,
    0.000770137563314798
  ],
  [
    1546128000000,
    0.000770137563314798
  ],
  [
    1546214400000,
    0.000759035434090806
  ],
  [
    1546300800000,
    0.0007876084949314554
  ],
  [
    1546387200000,
    0.0007691116120572255
  ],
  [
    1546473600000,
    0.0007691116120572255
  ],
  [
    1546646400000,
    0.0007239456138169653
  ],
  [
    1546732800000,
    0.0006063450598126928
  ],
  [
    1546819200000,
    0.0006491655835111019
  ],
  [
    1546905600000,
    0.0006491655835111019
  ],
  [
    1546992000000,
    0.000790674796686476
  ],
  [
    1547078400000,
    0.0006760533781002747
  ],
  [
    1547164800000,
    0.0007591374260204595
  ],
  [
    1547251200000,
    0.000832072984632717
  ],
  [
    1547337600000,
    0.0007942982972965062
  ],
  [
    1547424000000,
    0.000697254675522024
  ],
  [
    1547510400000,
    0.000697912870258832
  ],
  [
    1547596800000,
    0.000697912870258832
  ],
  [
    1547683200000,
    0.0007584415439859993
  ],
  [
    1547769600000,
    0.0007521998522528469
  ],
  [
    1547856000000,
    0.0007556520341707365
  ],
  [
    1547942400000,
    0.000550962422783652
  ],
  [
    1548028800000,
    0.0006020687391600535
  ],
  [
    1548115200000,
    0.00056507925000932
  ],
  [
    1548201600000,
    0.00053589303024003
  ],
  [
    1548288000000,
    0.0005675523678637392
  ],
  [
    1548374400000,
    0.000535281222371811
  ],
  [
    1548460800000,
    0.0004992047702167008
  ],
  [
    1548547200000,
    0.0006059559704371157
  ],
  [
    1548633600000,
    0.000605056694705056
  ],
  [
    1548806400000,
    0.0005811096007175441
  ],
  [
    1548892800000,
    0.0004836198743138434
  ],
  [
    1548979200000,
    0.0004854752588708428
  ],
  [
    1549238400000,
    0.0005567235356374176
  ],
  [
    1549324800000,
    0.0005567235356374176
  ],
  [
    1549411200000,
    0.0005200608524682315
  ],
  [
    1549497600000,
    0.0005200608524682315
  ],
  [
    1549756800000,
    0.0005116070677239872
  ],
  [
    1549843200000,
    0.0006242284918405055
  ],
  [
    1549929600000,
    0.00050840045153366
  ],
  [
    1550016000000,
    0.0005057534875048026
  ],
  [
    1550188800000,
    0.0005030473447302856
  ],
  [
    1550275200000,
    0.0005396115061563555
  ],
  [
    1550361600000,
    0.0005079487984090408
  ],
  [
    1550448000000,
    0.0005137771957859506
  ],
  [
    1550534400000,
    0.000582809607941505
  ],
  [
    1550620800000,
    0.000583523815976523
  ],
  [
    1550707200000,
    0.000583523815976523
  ],
  [
    1550793600000,
    0.000554482480157599
  ],
  [
    1550880000000,
    0.000554482480157599
  ],
  [
    1551139200000,
    0.0004940123634716803
  ],
  [
    1551225600000,
    0.0004952910969715475
  ],
  [
    1551312000000,
    0.0005342636638328668
  ],
  [
    1551398400000,
    0.0004970619508916672
  ],
  [
    1551484800000,
    0.0004986478952296218
  ],
  [
    1551571200000,
    0.0004962364093378003
  ],
  [
    1551657600000,
    0.0004962364093378003
  ],
  [
    1551744000000,
    0.0005210679876858764
  ],
  [
    1551830400000,
    0.000462330070165452
  ],
  [
    1551916800000,
    0.0005012338299032817
  ],
  [
    1552003200000,
    0.0005035589248872182
  ],
  [
    1552262400000,
    0.0005075229643878732
  ],
  [
    1552348800000,
    0.0005022420084961253
  ],
  [
    1552435200000,
    0.00050611416082253
  ],
  [
    1552521600000,
    0.0004655721036074016
  ],
  [
    1552608000000,
    0.0005038607212067871
  ],
  [
    1552694400000,
    0.0005101805071468053
  ],
  [
    1552780800000,
    0.0005207589206513681
  ],
  [
    1552867200000,
    0.0005207589206513681
  ],
  [
    1552953600000,
    0.000516536267159692
  ],
  [
    1553040000000,
    0.0005192941423263464
  ],
  [
    1553126400000,
    0.0005192941423263464
  ],
  [
    1553212800000,
    0.0005169817633669885
  ],
  [
    1553299200000,
    0.0005169817633669885
  ],
  [
    1553385600000,
    0.0005169817633669885
  ],
  [
    1553472000000,
    0.0005169817633669885
  ],
  [
    1553644800000,
    0.0005169817633669885
  ],
  [
    1553817600000,
    0.0004423420667884273
  ],
  [
    1553904000000,
    0.0005318727842769887
  ],
  [
    1553990400000,
    0.0005318727842769887
  ],
  [
    1554076800000,
    0.0005340701628570776
  ],
  [
    1554163200000,
    0.0004552654653267468
  ],
  [
    1554249600000,
    0.0004552654653267468
  ],
  [
    1554336000000,
    0.0005427207245872698
  ],
  [
    1554422400000,
    0.000546892599680449
  ],
  [
    1554508800000,
    0.000546892599680449
  ],
  [
    1554940800000,
    0.0005738692869074341
  ],
  [
    1555027200000,
    0.0007083345588259136
  ],
  [
    1555113600000,
    0.0007083345588259136
  ],
  [
    1555372800000,
    0.000513962768346357
  ],
  [
    1555459200000,
    0.000513962768346357
  ],
  [
    1555545600000,
    0.0006772440251639178
  ],
  [
    1555632000000,
    0.0006861849820111221
  ],
  [
    1555718400000,
    0.0005792507554348229
  ],
  [
    1555804800000,
    0.0007433820694616315
  ],
  [
    1555891200000,
    0.001003799644231131
  ],
  [
    1555977600000,
    0.0009157713485624193
  ],
  [
    1556064000000,
    0.0008352077352396975
  ],
  [
    1556150400000,
    0.000543541140062157
  ],
  [
    1556236800000,
    0.0008765624246375824
  ],
  [
    1556323200000,
    0.0008433127681305648
  ],
  [
    1556496000000,
    0.0008945850605076711
  ],
  [
    1556582400000,
    0.0008945850605076711
  ],
  [
    1556755200000,
    0.0005863682949070397
  ],
  [
    1556841600000,
    0.0005863682949070397
  ],
  [
    1557273600000,
    0.000590125845669705
  ],
  [
    1557360000000,
    0.000590125845669705
  ],
  [
    1557446400000,
    0.000608293915928769
  ],
  [
    1557532800000,
    0.000608293915928769
  ],
  [
    1557878400000,
    0.00070172784116974
  ],
  [
    1557964800000,
    0.0006529100969438384
  ],
  [
    1558051200000,
    0.0005530047672653322
  ],
  [
    1558137600000,
    0.0008752333973046468
  ],
  [
    1558224000000,
    0.0008738231762946216
  ],
  [
    1558310400000,
    0.0008738231762946216
  ],
  [
    1558396800000,
    0.0005532988843101902
  ],
  [
    1558483200000,
    0.0005532988843101902
  ],
  [
    1558569600000,
    0.0005472533034153619
  ],
  [
    1558656000000,
    0.0005444861544897068
  ],
  [
    1558742400000,
    0.0005444861544897068
  ],
  [
    1559001600000,
    0.0005444861544897068
  ],
  [
    1559088000000,
    0.0005444861544897068
  ],
  [
    1559174400000,
    0.0005444861544897068
  ],
  [
    1559260800000,
    0.0005444861544897068
  ],
  [
    1559347200000,
    0.0005444861544897068
  ],
  [
    1559433600000,
    0.0005444861544897068
  ],
  [
    1559520000000,
    0.0005444861544897068
  ],
  [
    1559606400000,
    0.0005444861544897068
  ],
  [
    1559692800000,
    0.0005444861544897068
  ],
  [
    1559779200000,
    0.0005444861544897068
  ],
  [
    1559865600000,
    0.0005444861544897068
  ],
  [
    1559952000000,
    0.000402167439316067
  ],
  [
    1560038400000,
    0.000403327987935416
  ],
  [
    1560124800000,
    0.000403327987935416
  ],
  [
    1560211200000,
    0.000403327987935416
  ],
  [
    1560297600000,
    0.000403327987935416
  ],
  [
    1560643200000,
    0.0007028350927270736
  ],
  [
    1560729600000,
    0.000906080357975822
  ],
  [
    1560816000000,
    0.000937572771303839
  ],
  [
    1560902400000,
    0.0006408079951026558
  ],
  [
    1560988800000,
    0.0006408079951026558
  ],
  [
    1561075200000,
    0.000937940247385021
  ],
  [
    1561161600000,
    0.0004910691160542235
  ],
  [
    1561248000000,
    0.000535807432281355
  ],
  [
    1561420800000,
    0.000535807432281355
  ],
  [
    1561593600000,
    0.00064699950322742
  ],
  [
    1561680000000,
    0.000583437722883235
  ],
  [
    1561766400000,
    0.000583437722883235
  ],
  [
    1562457600000,
    0.001032677202475971
  ],
  [
    1562544000000,
    0.001028694945086766
  ],
  [
    1562630400000,
    0.000855516912592811
  ],
  [
    1562716800000,
    0.000855516912592811
  ],
  [
    1563321600000,
    0.0004834400294561145
  ],
  [
    1563408000000,
    0.0004738234476053015
  ],
  [
    1563494400000,
    0.0002818306681092852
  ],
  [
    1563580800000,
    0.0002818306681092852
  ],
  [
    1563926400000,
    0.0003990805953277636
  ],
  [
    1564012800000,
    0.0003990805953277636
  ],
  [
    1564272000000,
    0.000283994386092534
  ],
  [
    1564358400000,
    0.0006678763263338081
  ],
  [
    1564444800000,
    0.0005701611484800708
  ],
  [
    1564531200000,
    0.0003849449913959288
  ],
  [
    1564617600000,
    0.0003849449913959288
  ],
  [
    1564790400000,
    0.000841782645347304
  ],
  [
    1564876800000,
    0.000841782645347304
  ],
  [
    1564963200000,
    0.000876033830773144
  ],
  [
    1565049600000,
    0.00117752000298781
  ],
  [
    1565136000000,
    0.00046606558170628
  ],
  [
    1565222400000,
    0.00046606558170628
  ],
  [
    1565308800000,
    0.001300390462427507
  ],
  [
    1565395200000,
    0.000827063824413134
  ],
  [
    1565481600000,
    0.000795082247574874
  ],
  [
    1565568000000,
    0.001259930441595573
  ],
  [
    1565654400000,
    0.001259930441595573
  ],
  [
    1565740800000,
    0.000872556681352656
  ],
  [
    1565827200000,
    0.000709837720948902
  ],
  [
    1565913600000,
    0.0006929652682164346
  ],
  [
    1566000000000,
    0.0006945280283866589
  ],
  [
    1566086400000,
    0.0006945280283866589
  ],
  [
    1566259200000,
    0.0006945280283866589
  ],
  [
    1566432000000,
    0.000704959085013407
  ],
  [
    1566518400000,
    0.000711585627306386
  ],
  [
    1566604800000,
    0.000623021079482292
  ],
  [
    1566691200000,
    0.000623021079482292
  ],
  [
    1566864000000,
    0.000722108234455384
  ],
  [
    1566950400000,
    0.000722108234455384
  ],
  [
    1567209600000,
    0.000575316945302226
  ],
  [
    1567296000000,
    0.000575316945302226
  ],
  [
    1567728000000,
    0.00073663921495934
  ],
  [
    1567814400000,
    0.00051361101170295
  ],
  [
    1567900800000,
    0.000523873510873595
  ],
  [
    1567987200000,
    0.000523873510873595
  ],
  [
    1568592000000,
    0.00051492000452287
  ],
  [
    1568678400000,
    0.00040592865309782
  ],
  [
    1568764800000,
    0.00040592865309782
  ],
  [
    1568851200000,
    0.000609977753830866
  ],
  [
    1568937600000,
    0.000607439312355774
  ],
  [
    1569196800000,
    0.00050045655184319
  ],
  [
    1569283200000,
    0.00050045655184319
  ],
  [
    1569456000000,
    0.000433405183854336
  ],
  [
    1569542400000,
    0.000433405183854336
  ],
  [
    1569715200000,
    0.000433405183854336
  ],
  [
    1569801600000,
    0.000433405183854336
  ],
  [
    1569888000000,
    0.0004118042064547705
  ],
  [
    1569974400000,
    0.000417721117463526
  ],
  [
    1570060800000,
    0.000417721117463526
  ],
  [
    1570147200000,
    0.0003262821832044196
  ],
  [
    1570233600000,
    0.0003262821832044196
  ],
  [
    1570320000000,
    0.0002440592658016296
  ],
  [
    1570406400000,
    0.0002361271569572157
  ],
  [
    1570492800000,
    0.0002459785608771063
  ],
  [
    1570579200000,
    0.000245027106177471
  ],
  [
    1570665600000,
    0.0002573012453361513
  ],
  [
    1570752000000,
    0.0002568042646591845
  ],
  [
    1570838400000,
    0.0002501975776269417
  ],
  [
    1570924800000,
    0.0001664118312632226
  ],
  [
    1571011200000,
    0.0001647598565099636
  ],
  [
    1571097600000,
    0.0001666615824925744
  ],
  [
    1571184000000,
    0.000163424813299094
  ],
  [
    1571270400000,
    0.000160138003022126
  ],
  [
    1571356800000,
    0.0001612348104515042
  ],
  [
    1571443200000,
    0.0001592933832603966
  ],
  [
    1571529600000,
    0.000158880063134626
  ],
  [
    1571616000000,
    0.0001639014204648172
  ],
  [
    1571702400000,
    0.00016393782249256
  ],
  [
    1571788800000,
    0.0001614280953292462
  ],
  [
    1571875200000,
    0.0001482671606964784
  ],
  [
    1571961600000,
    0.000149140533252544
  ],
  [
    1572048000000,
    0.0001725978071857062
  ],
  [
    1572134400000,
    0.000182803444659104
  ],
  [
    1572220800000,
    0.0000962052699958199
  ],
  [
    1572307200000,
    0.0001889584288844516
  ],
  [
    1572393600000,
    0.0000942614019245523
  ],
  [
    1572480000000,
    0.0000917968952630951
  ],
  [
    1572566400000,
    0.0000917968952630951
  ],
  [
    1572912000000,
    0.0000915685465391403
  ],
  [
    1572998400000,
    0.0000915685465391403
  ],
  [
    1573084800000,
    0.0000921918417251393
  ],
  [
    1573171200000,
    0.000184556942325374
  ],
  [
    1573257600000,
    0.0001764964201074566
  ],
  [
    1573344000000,
    0.0001759629980329212
  ],
  [
    1573430400000,
    0.000181137882460551
  ],
  [
    1573516800000,
    0.0001745382103426122
  ],
  [
    1573603200000,
    0.0000877750634321443
  ],
  [
    1573689600000,
    0.0000876378773583138
  ],
  [
    1573776000000,
    0.000173371351630953
  ],
  [
    1573862400000,
    0.0001721498146701398
  ],
  [
    1573948800000,
    0.0000848205280922107
  ],
  [
    1574035200000,
    0.0000848205280922107
  ],
  [
    1574208000000,
    0.000080422214031261
  ],
  [
    1574294400000,
    0.000080422214031261
  ],
  [
    1574380800000,
    0.0000759605335717003
  ],
  [
    1574467200000,
    0.0000765977773489131
  ],
  [
    1574553600000,
    0.0000726653055267241
  ],
  [
    1574640000000,
    0.000070580010283174
  ],
  [
    1574726400000,
    0.000070580010283174
  ],
  [
    1574812800000,
    0.0000709037583668378
  ],
  [
    1574899200000,
    0.0000709037583668378
  ],
  [
    1574985600000,
    0.0000756559157093363
  ],
  [
    1575072000000,
    0.0000773180325999072
  ],
  [
    1575158400000,
    0.0000754065925146344
  ],
  [
    1575244800000,
    0.0000730903760177977
  ],
  [
    1575331200000,
    0.0000730019075409629
  ],
  [
    1575417600000,
    0.0000733090757567754
  ],
  [
    1575590400000,
    0.0001473199878859292
  ],
  [
    1575676800000,
    0.0001494081922798456
  ],
  [
    1575763200000,
    0.0001501878757218364
  ],
  [
    1575849600000,
    0.0001486897567821576
  ],
  [
    1575936000000,
    0.0000749684184034084
  ],
  [
    1576022400000,
    0.0000719655154606528
  ],
  [
    1576108800000,
    0.0000719049364646941
  ],
  [
    1576195200000,
    0.0000719369096957805
  ],
  [
    1576281600000,
    0.0000723683820628872
  ],
  [
    1576368000000,
    0.0000723683820628872
  ],
  [
    1576454400000,
    0.0000710644162638072
  ],
  [
    1576540800000,
    0.0000692959409669829
  ],
  [
    1576627200000,
    0.0000674431484925353
  ],
  [
    1576713600000,
    0.0000727105648388257
  ],
  [
    1576800000000,
    0.0000714106082618231
  ],
  [
    1576886400000,
    0.0000716684393891604
  ],
  [
    1576972800000,
    0.0000716684393891604
  ],
  [
    1577232000000,
    0.0000732005433486826
  ],
  [
    1577318400000,
    0.0000720028994110682
  ],
  [
    1577404800000,
    0.0000720265389212573
  ],
  [
    1577491200000,
    0.0000719542858433484
  ],
  [
    1577577600000,
    0.0000729894730963147
  ],
  [
    1577664000000,
    0.0000731759407153563
  ],
  [
    1578009600000,
    0.0000714013648909126
  ],
  [
    1578096000000,
    0.0000731849151720268
  ],
  [
    1578182400000,
    0.0000731849151720268
  ],
  [
    1578268800000,
    0.0000743383898705064
  ],
  [
    1578355200000,
    0.0000753740911183154
  ],
  [
    1578441600000,
    0.0000753740911183154
  ],
  [
    1578528000000,
    0.0000829950107278262
  ],
  [
    1578614400000,
    0.0000788300052625696
  ],
  [
    1578700800000,
    0.0000788300052625696
  ],
  [
    1578787200000,
    0.0000813538590007886
  ],
  [
    1578873600000,
    0.0000808541996704554
  ],
  [
    1578960000000,
    0.0000808834678368631
  ],
  [
    1579046400000,
    0.0000874772687661236
  ],
  [
    1579132800000,
    0.0000875791289006956
  ],
  [
    1579219200000,
    0.0000868599694807061
  ],
  [
    1579305600000,
    0.000088499927003345
  ],
  [
    1579392000000,
    0.0000886301629504336
  ],
  [
    1579478400000,
    0.0000872117422997366
  ],
  [
    1579564800000,
    0.0000865071724025665
  ],
  [
    1579651200000,
    0.0000870793826729698
  ],
  [
    1579737600000,
    0.00005692805097067609
  ],
  [
    1579824000000,
    0.00007239768816039357
  ],
  [
    1579910400000,
    0.00009104107129677378
  ],
  [
    1579996800000,
    0.00008729603175389853
  ],
  [
    1580083200000,
    0.00008932663940764076
  ],
  [
    1580169600000,
    0.00007091280433885245
  ],
  [
    1580256000000,
    0.00007422204652228819
  ],
  [
    1580342400000,
    0.00008630077723463613
  ],
  [
    1580428800000,
    0.00008840221422744404
  ],
  [
    1580515200000,
    0.00008985992016083848
  ],
  [
    1580601600000,
    0.00009957666206496043
  ],
  [
    1580688000000,
    0.00008513702400321284
  ],
  [
    1580774400000,
    0.00008300024966697902
  ],
  [
    1580860800000,
    0.00008239443991494727
  ],
  [
    1580947200000,
    0.00009567390194525454
  ],
  [
    1581033600000,
    0.00008877181885432236
  ],
  [
    1581120000000,
    0.00009002499891349991
  ],
  [
    1581206400000,
    0.00008477866098321687
  ],
  [
    1581292800000,
    0.000100578090418588
  ],
  [
    1581379200000,
    0.00007718894434416357
  ],
  [
    1581465600000,
    0.00008405215482691832
  ],
  [
    1581552000000,
    0.00008115164146238065
  ],
  [
    1581638400000,
    0.00008076962475068754
  ],
  [
    1581724800000,
    0.00010236959527414388
  ],
  [
    1581811200000,
    0.00009421046464810585
  ],
  [
    1581897600000,
    0.00007700516962014077
  ],
  [
    1581984000000,
    0.00007322129042199268
  ],
  [
    1582070400000,
    0.0000775439522239658
  ],
  [
    1582156800000,
    0.00007232135063515409
  ],
  [
    1582243200000,
    0.0000694460428743352
  ],
  [
    1582329600000,
    0.0000973640368796155
  ],
  [
    1582416000000,
    0.00009293567779286832
  ],
  [
    1582502400000,
    0.0000773707970681453
  ],
  [
    1582588800000,
    0.00006851057477861391
  ],
  [
    1582675200000,
    0.00008395543418480637
  ],
  [
    1582761600000,
    0.00014454826050690558
  ],
  [
    1582848000000,
    0.00014012997824476293
  ],
  [
    1582934400000,
    0.0000863933953717754
  ],
  [
    1583020800000,
    0.00008631785965816707
  ],
  [
    1583107200000,
    0.000171127904062833
  ],
  [
    1583193600000,
    0.0001779903800467556
  ],
  [
    1583280000000,
    0.0000877103489395283
  ],
  [
    1583366400000,
    0.00009006259218652816
  ],
  [
    1583452800000,
    0.00009275718600759314
  ],
  [
    1583539200000,
    0.0000919835737579973
  ],
  [
    1583625600000,
    0.00008907852894282687
  ],
  [
    1583712000000,
    0.00015772506779494218
  ],
  [
    1583798400000,
    0.00011095501782027387
  ],
  [
    1583884800000,
    0.0001595791188376796
  ],
  [
    1583971200000,
    0.00012426880147755817
  ],
  [
    1584057600000,
    0.0000564730488556623
  ],
  [
    1584144000000,
    0.00006215519482621418
  ],
  [
    1584230400000,
    0.00005958289020585934
  ],
  [
    1584316800000,
    0.00006448742680397333
  ],
  [
    1584403200000,
    0.00006931477363661017
  ],
  [
    1584489600000,
    0.00005277379190298769
  ],
  [
    1584576000000,
    0.00005144092630885858
  ],
  [
    1584662400000,
    0.00004926007762583162
  ],
  [
    1584748800000,
    0.000057757991794465724
  ],
  [
    1584835200000,
    0.00006193065078927254
  ],
  [
    1584921600000,
    0.00005807574204325895
  ],
  [
    1585008000000,
    0.00006329030262725407
  ],
  [
    1585094400000,
    0.00005604095208205614
  ],
  [
    1585180800000,
    0.00006340135373166206
  ],
  [
    1585267200000,
    0.0001337254672976732
  ],
  [
    1585353600000,
    0.00006562116110136298
  ],
  [
    1585440000000,
    0.00005818226649004824
  ],
  [
    1585526400000,
    0.00005579458284371878
  ],
  [
    1585612800000,
    0.00005842180950897381
  ],
  [
    1585699200000,
    0.00007713594790044062
  ],
  [
    1585785600000,
    0.00008067887738564573
  ],
  [
    1585872000000,
    0.000136636653378724
  ],
  [
    1585958400000,
    0.00006388555023918835
  ],
  [
    1586044800000,
    0.0001342793039300766
  ],
  [
    1586131200000,
    0.000135631653596074
  ],
  [
    1586217600000,
    0.0001015615672006875
  ],
  [
    1586304000000,
    0.00007668861689645435
  ],
  [
    1586390400000,
    0.0000740035553401598
  ],
  [
    1586476800000,
    0.0000730556772820172
  ],
  [
    1586563200000,
    0.0000692780860097389
  ],
  [
    1586649600000,
    0.0000685486833424223
  ],
  [
    1586736000000,
    0.0000691450406793022
  ],
  [
    1586822400000,
    0.00006494017144653656
  ],
  [
    1586908800000,
    0.0000691072385838277
  ],
  [
    1586995200000,
    0.00006782583703379248
  ],
  [
    1587081600000,
    0.0000702332241436375
  ],
  [
    1587168000000,
    0.00006538659014104496
  ],
  [
    1587254400000,
    0.0000721514556696929
  ],
  [
    1587427200000,
    0.000068525517165901
  ],
  [
    1587513600000,
    0.0000689400154867729
  ],
  [
    1587600000000,
    0.0000709893926293204
  ],
  [
    1587686400000,
    0.00007551808705275799
  ],
  [
    1587772800000,
    0.0000749526399542268
  ],
  [
    1587859200000,
    0.0000754931336168764
  ],
  [
    1587945600000,
    0.00007598658387027255
  ],
  [
    1588032000000,
    0.0000773679674907273
  ],
  [
    1588118400000,
    0.0000773779169420475
  ],
  [
    1588204800000,
    0.0000872561491907487
  ],
  [
    1588291200000,
    0.0000877811497067959
  ],
  [
    1588377600000,
    0.0000886153179283628
  ],
  [
    1588464000000,
    0.0000895610461059798
  ],
  [
    1588550400000,
    0.0000889162247995555
  ],
  [
    1588636800000,
    0.0000887771290868983
  ],
  [
    1588723200000,
    0.0000897237069176466
  ],
  [
    1588809600000,
    0.00009278156097684998
  ],
  [
    1588896000000,
    0.00009895905333698125
  ],
  [
    1588982400000,
    0.0000983608578027214
  ],
  [
    1589068800000,
    0.0000955912819924948
  ],
  [
    1589155200000,
    0.0000869389029392702
  ],
  [
    1589241600000,
    0.0000858638800543377
  ],
  [
    1589328000000,
    0.00007201724268024393
  ],
  [
    1589414400000,
    0.00007317913108315969
  ],
  [
    1589500800000,
    0.00007304085233633341
  ],
  [
    1589587200000,
    0.00007019688022765273
  ],
  [
    1589673600000,
    0.00007237026248814321
  ],
  [
    1589760000000,
    0.00007319124458980206
  ],
  [
    1589846400000,
    0.00007604345095940044
  ],
  [
    1589932800000,
    0.00007660600047145583
  ],
  [
    1590019200000,
    0.00007405896121567935
  ],
  [
    1590105600000,
    0.00007179389231030133
  ],
  [
    1590192000000,
    0.00007422098899233881
  ],
  [
    1590278400000,
    0.00007568674044938138
  ],
  [
    1590364800000,
    0.00007098228531483665
  ],
  [
    1590451200000,
    0.00007127695801506597
  ],
  [
    1590537600000,
    0.00007126044971787784
  ],
  [
    1590624000000,
    0.00007338168481014896
  ],
  [
    1590710400000,
    0.00007423808783499601
  ],
  [
    1590796800000,
    0.0000715707977320735
  ],
  [
    1590883200000,
    0.00007137186236269015
  ],
  [
    1590969600000,
    0.00006282207324674075
  ],
  [
    1591056000000,
    0.00006735434502816917
  ],
  [
    1591142400000,
    0.00006166316463507839
  ],
  [
    1591228800000,
    0.00005493258517214863
  ],
  [
    1591315200000,
    0.00005446467150490556
  ],
  [
    1591401600000,
    0.000054102106938192925
  ],
  [
    1591488000000,
    0.00005398215828755757
  ],
  [
    1591574400000,
    0.00005398215828755757
  ],
  [
    1591660800000,
    0.00005330865226025993
  ],
  [
    1591747200000,
    0.00005280300295874573
  ],
  [
    1591833600000,
    0.00005357165666841372
  ],
  [
    1591920000000,
    0.00005015828240223681
  ],
  [
    1592006400000,
    0.00005102358151227373
  ],
  [
    1592092800000,
    0.00006800297012648997
  ],
  [
    1592179200000,
    0.00005082331702851378
  ],
  [
    1592265600000,
    0.000050385023139247015
  ],
  [
    1592352000000,
    0.00005039164871748279
  ],
  [
    1592438400000,
    0.00005070104844673304
  ],
  [
    1592524800000,
    0.00005003883037005898
  ],
  [
    1592611200000,
    0.000049357195870645036
  ],
  [
    1592697600000,
    0.00004980125293797732
  ],
  [
    1592784000000,
    0.000049672093054137185
  ],
  [
    1592870400000,
    0.00005036591851041242
  ],
  [
    1592956800000,
    0.00005043532391998546
  ],
  [
    1593043200000,
    0.00004918884935641985
  ],
  [
    1593129600000,
    0.00004932993266361997
  ],
  [
    1593216000000,
    0.000049434568768854065
  ],
  [
    1593302400000,
    0.000048572900243861765
  ],
  [
    1593388800000,
    0.00004735507111062396
  ],
  [
    1593475200000,
    0.000047148976433387063
  ],
  [
    1593561600000,
    0.00004965905229766511
  ],
  [
    1593648000000,
    0.000048043118332387374
  ],
  [
    1593734400000,
    0.00004827895277499294
  ],
  [
    1593820800000,
    0.00004734356926440413
  ],
  [
    1593907200000,
    0.00004831458698652391
  ],
  [
    1593993600000,
    0.00004784970521602107
  ],
  [
    1594080000000,
    0.000048602761205186
  ],
  [
    1594166400000,
    0.000049774696196828914
  ],
  [
    1594252800000,
    0.000052111313472384724
  ],
  [
    1594339200000,
    0.000050380771564866036
  ],
  [
    1594425600000,
    0.00004981045446054734
  ],
  [
    1594512000000,
    0.00004993108063289003
  ],
  [
    1594598400000,
    0.000049830372707148797
  ],
  [
    1594684800000,
    0.000051019307206751534
  ],
  [
    1594771200000,
    0.00004468782621895753
  ],
  [
    1594857600000,
    0.00003561239190360026
  ],
  [
    1594944000000,
    0.000034057115090237995
  ],
  [
    1595030400000,
    0.000034057115090237995
  ],
  [
    1595116800000,
    0.00003459121595970534
  ],
  [
    1595203200000,
    0.00003453554706730644
  ],
  [
    1595376000000,
    0.00003542341819108197
  ],
  [
    1595462400000,
    0.00003542341819108197
  ],
  [
    1595548800000,
    0.000036527599204039656
  ],
  [
    1595635200000,
    0.000027087882361309743
  ],
  [
    1595721600000,
    0.000055490762891172054
  ],
  [
    1595808000000,
    0.00001876503456833068
  ],
  [
    1595894400000,
    0.000019225675785669174
  ],
  [
    1595980800000,
    0.000024046882189400188
  ],
  [
    1596067200000,
    0.0000238197452155627
  ],
  [
    1596326400000,
    0.000025800045283339185
  ],
  [
    1596412800000,
    0.000025800045283339185
  ],
  [
    1596499200000,
    0.000025967523220072585
  ],
  [
    1596585600000,
    0.0000258509005398706
  ],
  [
    1596758400000,
    0.000025788011150043055
  ],
  [
    1596844800000,
    0.000025788011150043055
  ],
  [
    1596931200000,
    0.000024963870300303146
  ],
  [
    1597017600000,
    0.000025595099571880497
  ],
  [
    1597104000000,
    0.00002622531668819633
  ],
  [
    1597190400000,
    0.00008742441082556814
  ],
  [
    1597276800000,
    0.00002455787332756779
  ],
  [
    1597449600000,
    0.000027165494698746507
  ],
  [
    1597536000000,
    0.000027137495971678157
  ],
  [
    1597708800000,
    0.000047409772560997095
  ],
  [
    1597795200000,
    0.000047409772560997095
  ],
  [
    1597881600000,
    0.00002768826284056148
  ],
  [
    1597968000000,
    0.00002772402936006453
  ],
  [
    1598054400000,
    0.00002688857700394398
  ],
  [
    1598140800000,
    0.000026229501258209903
  ],
  [
    1598227200000,
    0.00002646862744963314
  ],
  [
    1598313600000,
    0.000027892605845114324
  ],
  [
    1598400000000,
    0.000026146041857760473
  ],
  [
    1598486400000,
    0.000040863274591258895
  ],
  [
    1598572800000,
    0.000026180200099287075
  ],
  [
    1598659200000,
    0.00004206187091489075
  ],
  [
    1598745600000,
    0.000030476252260933944
  ],
  [
    1598832000000,
    0.000033022662587543
  ],
  [
    1598918400000,
    0.000033022662587543
  ],
  [
    1599004800000,
    0.00003330734702326822
  ],
  [
    1599091200000,
    0.000026178515926616085
  ],
  [
    1599177600000,
    0.000104346463828841
  ],
  [
    1599264000000,
    0.000104346463828841
  ],
  [
    1599350400000,
    0.00002126633514808919
  ],
  [
    1599436800000,
    0.000020284607087345033
  ],
  [
    1599523200000,
    0.000020869955987056698
  ],
  [
    1599609600000,
    0.000020869955987056698
  ],
  [
    1599782400000,
    0.00001966834944985039
  ],
  [
    1599868800000,
    0.00001966834944985039
  ],
  [
    1599955200000,
    0.00002901405331197509
  ],
  [
    1600041600000,
    0.000028441480516181496
  ],
  [
    1600128000000,
    0.000017010432435245186
  ],
  [
    1600214400000,
    0.000017010432435245186
  ],
  [
    1600300800000,
    0.000016295292033578017
  ],
  [
    1600387200000,
    0.000015590589677496734
  ],
  [
    1600473600000,
    0.000015350452100868116
  ],
  [
    1600560000000,
    0.000014961541413728138
  ],
  [
    1600646400000,
    0.000014961541413728138
  ],
  [
    1600732800000,
    0.000013508012535095427
  ],
  [
    1600819200000,
    0.000013446477145721955
  ],
  [
    1600905600000,
    0.000013488905082778869
  ],
  [
    1600992000000,
    0.000013488905082778869
  ],
  [
    1601078400000,
    0.000014267049791340388
  ],
  [
    1601164800000,
    0.000007289192157780128
  ],
  [
    1601251200000,
    0.000007289192157780128
  ],
  [
    1601337600000,
    0.000007385935378927399
  ],
  [
    1601510400000,
    0.000108638632965574
  ],
  [
    1601596800000,
    0.000108638632965574
  ],
  [
    1601683200000,
    0.000013490586161408072
  ],
  [
    1601769600000,
    0.00001373606112528393
  ],
  [
    1601856000000,
    0.00000870012460756678
  ],
  [
    1601942400000,
    0.00000870012460756678
  ],
  [
    1602028800000,
    0.000008847170869469827
  ],
  [
    1602115200000,
    0.000013873774885967565
  ],
  [
    1602201600000,
    0.000013873774885967565
  ],
  [
    1602288000000,
    0.000014069640607053076
  ],
  [
    1602374400000,
    0.000011477612956499846
  ],
  [
    1602547200000,
    0.000011912123362526593
  ],
  [
    1602633600000,
    0.000011912123362526593
  ],
  [
    1602979200000,
    0.000010843149567468639
  ],
  [
    1603065600000,
    0.000010843149567468639
  ],
  [
    1603670400000,
    0.000012885303400047706
  ],
  [
    1603756800000,
    0.000012885303400047706
  ],
  [
    1604016000000,
    0.000012355460448480892
  ],
  [
    1604102400000,
    0.000012355460448480892
  ],
  [
    1604275200000,
    0.000012564464390910407
  ],
  [
    1604361600000,
    0.000012564464390910407
  ],
  [
    1604448000000,
    0.000010776340879012076
  ],
  [
    1604707200000,
    0.000009643876666767021
  ],
  [
    1604793600000,
    0.000009643876666767021
  ],
  [
    1604880000000,
    0.000017489980179527985
  ],
  [
    1605052800000,
    0.000007162553948020859
  ],
  [
    1605139200000,
    0.000007162553948020859
  ],
  [
    1605744000000,
    0.000009049223879922551
  ],
  [
    1605830400000,
    0.000009049223879922551
  ],
  [
    1605916800000,
    0.000009353981838384824
  ],
  [
    1606003200000,
    0.000009353981838384824
  ],
  [
    1606089600000,
    0.000016799277594012585
  ],
  [
    1606176000000,
    0.000009467894298221925
  ],
  [
    1606262400000,
    0.000006080493977407224
  ],
  [
    1606348800000,
    0.000011591635598057575
  ],
  [
    1606435200000,
    0.000011622069495896274
  ],
  [
    1606521600000,
    0.000006528909688765007
  ],
  [
    1606608000000,
    0.000006528909688765007
  ],
  [
    1606694400000,
    0.000006806473382695391
  ],
  [
    1606780800000,
    0.000008804274969950303
  ],
  [
    1606867200000,
    0.000008804274969950303
  ],
  [
    1606953600000,
    0.000008698975258166136
  ],
  [
    1607299200000,
    0.000025003147713018664
  ],
  [
    1607385600000,
    0.000025003147713018664
  ],
  [
    1607472000000,
    0.000021787746294748506
  ],
  [
    1607817600000,
    0.000008291579126195186
  ],
  [
    1607904000000,
    0.000008291579126195186
  ],
  [
    1607990400000,
    0.000008840956634069949
  ],
  [
    1608076800000,
    0.000011025132650176488
  ],
  [
    1608163200000,
    0.000011025132650176488
  ],
  [
    1608336000000,
    0.000013520927881665692
  ],
  [
    1608422400000,
    0.000013520927881665692
  ],
  [
    1608940800000,
    0.000010393936164955075
  ],
  [
    1609027200000,
    0.000010393936164955075
  ],
  [
    1609113600000,
    0.000022295354664795392
  ],
  [
    1609372800000,
    0.000010143882904465857
  ],
  [
    1609459200000,
    0.000010143882904465857
  ],
  [
    1609804800000,
    0.000014424948744439195
  ],
  [
    1609891200000,
    0.000014424948744439195
  ],
  [
    1609977600000,
    0.000015560923172159865
  ],
  [
    1610064000000,
    0.000015560923172159865
  ],
  [
    1610150400000,
    0.000013550546372904914
  ],
  [
    1610236800000,
    0.000013728679133411759
  ],
  [
    1610323200000,
    0.000016280468052557666
  ],
  [
    1610409600000,
    0.000022802642270935803
  ],
  [
    1610496000000,
    0.00002381139562061535
  ],
  [
    1610582400000,
    0.000013875199857134724
  ],
  [
    1610668800000,
    0.000026216482110943037
  ],
  [
    1610755200000,
    0.000015229879879369926
  ],
  [
    1610928000000,
    0.000015801443947744977
  ],
  [
    1611014400000,
    0.000015801443947744977
  ],
  [
    1611360000000,
    0.000013743767047666996
  ],
  [
    1611446400000,
    0.000013743767047666996
  ],
  [
    1611532800000,
    0.000018088771648034648
  ],
  [
    1611619200000,
    0.000015620053939243344
  ],
  [
    1611878400000,
    0.000013658302015682188
  ],
  [
    1611964800000,
    0.000013658302015682188
  ],
  [
    1612051200000,
    0.000013375812236355568
  ],
  [
    1612742400000,
    0.000014645672368416887
  ],
  [
    1612828800000,
    0.000014645672368416887
  ],
  [
    1612915200000,
    0.00001543263628647976
  ],
  [
    1613001600000,
    0.000024552063003278712
  ],
  [
    1613088000000,
    0.000020418502873709803
  ],
  [
    1613174400000,
    0.000021189796832291112
  ],
  [
    1613260800000,
    0.00002374599754946892
  ],
  [
    1613347200000,
    0.000023261925369040434
  ],
  [
    1613433600000,
    0.00002391785670819685
  ],
  [
    1613520000000,
    0.000022702088197076924
  ],
  [
    1613606400000,
    0.00003432166742873402
  ],
  [
    1613692800000,
    0.00022065853582607802
  ],
  [
    1613779200000,
    0.00006938218479996684
  ],
  [
    1613865600000,
    0.0000442418538551204
  ],
  [
    1613952000000,
    0.00005921823843699578
  ],
  [
    1614038400000,
    0.000050856697029138356
  ],
  [
    1614124800000,
    0.000050856697029138356
  ],
  [
    1614211200000,
    0.00003677654462120208
  ],
  [
    1614297600000,
    0.000039797191651266084
  ],
  [
    1614384000000,
    0.000034758013310835
  ],
  [
    1614470400000,
    0.000033206694731405915
  ],
  [
    1614556800000,
    0.000033206694731405915
  ],
  [
    1614643200000,
    0.000033455028375348475
  ],
  [
    1614729600000,
    0.000027564286614768115
  ],
  [
    1614816000000,
    0.0000307692024630263
  ],
  [
    1615075200000,
    0.000026320352179796558
  ],
  [
    1615161600000,
    0.000026320352179796558
  ],
  [
    1615248000000,
    0.00002592076424413122
  ],
  [
    1615593600000,
    0.000031917289062767144
  ],
  [
    1615680000000,
    0.000031917289062767144
  ],
  [
    1615766400000,
    0.00003653431949386268
  ],
  [
    1615852800000,
    0.00003653431949386268
  ],
  [
    1615939200000,
    0.000026146337251645786
  ],
  [
    1616025600000,
    0.000026146337251645786
  ],
  [
    1616112000000,
    0.0000269645077448685
  ],
  [
    1616198400000,
    0.000025904351914500468
  ],
  [
    1616371200000,
    0.00003135583931393917
  ],
  [
    1616457600000,
    0.00003135583931393917
  ],
  [
    1616630400000,
    0.000041574498601249046
  ],
  [
    1616716800000,
    0.000041574498601249046
  ],
  [
    1616803200000,
    0.00004668645280047122
  ],
  [
    1616889600000,
    0.00004668645280047122
  ],
  [
    1616976000000,
    0.000034734815873091813
  ],
  [
    1617062400000,
    0.00003683156776673588
  ],
  [
    1617148800000,
    0.000033434392234248626
  ],
  [
    1617494400000,
    0.0000343507408046673
  ],
  [
    1617580800000,
    0.0000343507408046673
  ],
  [
    1617667200000,
    0.0000655403232949058
  ],
  [
    1617753600000,
    0.00004954534637086
  ],
  [
    1617840000000,
    0.00009002089250099361
  ],
  [
    1617926400000,
    0.00009385010292513246
  ],
  [
    1618012800000,
    0.00009385010292513246
  ],
  [
    1618099200000,
    0.00023243067062674215
  ],
  [
    1618185600000,
    0.00023243067062674215
  ],
  [
    1618272000000,
    0.0002493785342750417
  ],
  [
    1618358400000,
    0.0003575154813153903
  ],
  [
    1618444800000,
    0.0002142672569990827
  ],
  [
    1618531200000,
    0.00015536555263493494
  ],
  [
    1618617600000,
    0.00013212206567969034
  ],
  [
    1618704000000,
    0.00016460503671070684
  ],
  [
    1618790400000,
    0.00010811318400220566
  ],
  [
    1618876800000,
    0.00013942933228131132
  ],
  [
    1618963200000,
    0.0001439227990677097
  ],
  [
    1619049600000,
    0.00044571552639378854
  ],
  [
    1619136000000,
    0.0002658296044257595
  ],
  [
    1619222400000,
    0.0008146178399127668
  ],
  [
    1619308800000,
    0.000891969073922706
  ],
  [
    1619395200000,
    0.0009370821410523272
  ],
  [
    1619481600000,
    0.0008773416627566476
  ],
  [
    1619568000000,
    0.0005909822129064997
  ],
  [
    1619654400000,
    0.0005136789979272837
  ],
  [
    1619740800000,
    0.0006194373345565384
  ],
  [
    1619827200000,
    0.0005429526718028902
  ],
  [
    1619913600000,
    0.000994855661449279
  ],
  [
    1620000000000,
    0.0005898506717213537
  ],
  [
    1620086400000,
    0.0010265911719551108
  ],
  [
    1620172800000,
    0.0010169431508536214
  ],
  [
    1620259200000,
    0.0006938106176661728
  ],
  [
    1620345600000,
    0.0005638964966251097
  ],
  [
    1620432000000,
    0.0007005044243555217
  ],
  [
    1620518400000,
    0.0010251593794518826
  ],
  [
    1620604800000,
    0.001049687876334532
  ],
  [
    1620691200000,
    0.001046184221363709
  ],
  [
    1620777600000,
    0.001128851175005506
  ],
  [
    1620864000000,
    0.003348734352805838
  ],
  [
    1620950400000,
    0.0021257876169159685
  ],
  [
    1621036800000,
    0.0025346992713091306
  ],
  [
    1621123200000,
    0.002356749539755544
  ],
  [
    1621209600000,
    0.0022428924742384456
  ],
  [
    1621296000000,
    0.001658097954490053
  ],
  [
    1621382400000,
    0.0021158234199950055
  ],
  [
    1621468800000,
    0.0019227379491589323
  ],
  [
    1621555200000,
    0.0015652279283822012
  ],
  [
    1621641600000,
    0.00143082465470797
  ],
  [
    1621728000000,
    0.0011288575378501555
  ],
  [
    1621814400000,
    0.0011076759876996701
  ],
  [
    1621900800000,
    0.001088203357693231
  ],
  [
    1621987200000,
    0.0011427695033143074
  ],
  [
    1622073600000,
    0.001143877877445455
  ],
  [
    1622160000000,
    0.0008205472942394167
  ],
  [
    1622246400000,
    0.0007857056751495553
  ],
  [
    1622332800000,
    0.0010223134218952923
  ],
  [
    1622419200000,
    0.0007681777489737064
  ],
  [
    1622505600000,
    0.0008503791267655597
  ],
  [
    1622592000000,
    0.0006979463050047961
  ],
  [
    1622678400000,
    0.0007743539998701851
  ],
  [
    1622764800000,
    0.0007803677050402666
  ],
  [
    1622851200000,
    0.0008297504552424644
  ],
  [
    1622937600000,
    0.0007127949683037972
  ],
  [
    1623024000000,
    0.000719066240983406
  ],
  [
    1623110400000,
    0.0006392893887765398
  ],
  [
    1623196800000,
    0.0007312598244528521
  ],
  [
    1623283200000,
    0.0007839942791871574
  ],
  [
    1623369600000,
    0.0006921513320013934
  ],
  [
    1623456000000,
    0.0006583557326050059
  ],
  [
    1623542400000,
    0.0006902201734826915
  ],
  [
    1623628800000,
    0.0007794889375526654
  ],
  [
    1623715200000,
    0.0008005023622190605
  ],
  [
    1623801600000,
    0.0007948709049930258
  ],
  [
    1623888000000,
    0.0007581463402873011
  ],
  [
    1623974400000,
    0.0007506325529459956
  ],
  [
    1624060800000,
    0.0006976217477773641
  ],
  [
    1624147200000,
    0.0009504571092811066
  ],
  [
    1624233600000,
    0.000995063815523499
  ],
  [
    1624320000000,
    0.0005891325233585812
  ],
  [
    1624406400000,
    0.0005963076918422183
  ],
  [
    1624492800000,
    0.00042561581486083285
  ],
  [
    1624579200000,
    0.0006199680603733341
  ],
  [
    1624665600000,
    0.00060874172947657
  ],
  [
    1624752000000,
    0.0006250116857755963
  ],
  [
    1624838400000,
    0.00064346637556188
  ],
  [
    1624924800000,
    0.000602749757968463
  ],
  [
    1625011200000,
    0.0006737566517946121
  ],
  [
    1625097600000,
    0.0005028622539578793
  ],
  [
    1625184000000,
    0.0004712934006054332
  ],
  [
    1625270400000,
    0.0003670025272874315
  ],
  [
    1625356800000,
    0.0003398112991840034
  ],
  [
    1625443200000,
    0.0007235998163060632
  ],
  [
    1625529600000,
    0.0006649189777260484
  ],
  [
    1625616000000,
    0.0005781386454766931
  ],
  [
    1625702400000,
    0.0005371443206879702
  ],
  [
    1625788800000,
    0.0004766665062622724
  ],
  [
    1625875200000,
    0.0005214116617190472
  ],
  [
    1625961600000,
    0.0004727570391080473
  ],
  [
    1626048000000,
    0.00043466614384142136
  ],
  [
    1626134400000,
    0.00042065855298612225
  ],
  [
    1626220800000,
    0.0004042011882844835
  ],
  [
    1626307200000,
    0.0003288333606011765
  ],
  [
    1626393600000,
    0.0003196237507316495
  ],
  [
    1626480000000,
    0.0003372645483406871
  ],
  [
    1626566400000,
    0.00035821615076782874
  ],
  [
    1626652800000,
    0.00030979261115920764
  ],
  [
    1626739200000,
    0.00030879699495626464
  ],
  [
    1626825600000,
    0.0002816064790827929
  ],
  [
    1626912000000,
    0.00030594541350795635
  ],
  [
    1626998400000,
    0.0003154531248553537
  ],
  [
    1627084800000,
    0.0003260567373630277
  ],
  [
    1627171200000,
    0.0003248646220030255
  ],
  [
    1627257600000,
    0.0003435426324719958
  ],
  [
    1627344000000,
    0.0003756148856270356
  ],
  [
    1627430400000,
    0.000383396977260926
  ],
  [
    1627516800000,
    0.000799332435091746
  ],
  [
    1627603200000,
    0.000391366379751106
  ],
  [
    1627689600000,
    0.00039345323932587595
  ],
  [
    1627776000000,
    0.0004072240886318306
  ],
  [
    1627862400000,
    0.00041909309940508057
  ],
  [
    1627948800000,
    0.00038013631375701906
  ],
  [
    1628035200000,
    0.00038270181995946496
  ],
  [
    1628121600000,
    0.000795590748575814
  ],
  [
    1628208000000,
    0.00039981018433379823
  ],
  [
    1628294400000,
    0.0008396714408265498
  ],
  [
    1628380800000,
    0.00044076696680091254
  ],
  [
    1628467200000,
    0.0007694839131867457
  ],
  [
    1628553600000,
    0.0004527333338560317
  ],
  [
    1628640000000,
    0.00045901219274130096
  ],
  [
    1628726400000,
    0.00046452800979850876
  ],
  [
    1628812800000,
    0.00044187520254477196
  ],
  [
    1628899200000,
    0.00046812910483527167
  ],
  [
    1628985600000,
    0.00046601786282659716
  ],
  [
    1629072000000,
    0.0004717411720021253
  ],
  [
    1629158400000,
    0.00046834709396500015
  ],
  [
    1629244800000,
    0.00044802267017780015
  ],
  [
    1629331200000,
    0.00044648527129747336
  ],
  [
    1629417600000,
    0.00044843113731215395
  ],
  [
    1629504000000,
    0.0004800498159961712
  ],
  [
    1629590400000,
    0.0004915058528713069
  ],
  [
    1629676800000,
    0.0004812689588725247
  ],
  [
    1629763200000,
    0.0004954895378907343
  ],
  [
    1629849600000,
    0.00047821172020389314
  ],
  [
    1629936000000,
    0.0006598752377222116
  ],
  [
    1630022400000,
    0.0004713021469263249
  ],
  [
    1630108800000,
    0.0004614703923327121
  ],
  [
    1630195200000,
    0.00044471716909445146
  ],
  [
    1630281600000,
    0.0004517234045740738
  ],
  [
    1630368000000,
    0.00044656418067645035
  ],
  [
    1630454400000,
    0.00044340718946745685
  ],
  [
    1630540800000,
    0.00045817193972306044
  ],
  [
    1630627200000,
    0.0004744064935092314
  ]
]