[
  [
    1509148800000,
    7145.84073933907
  ],
  [
    1509235200000,
    1585.4347811214673
  ],
  [
    1509321600000,
    1183.6147767723853
  ],
  [
    1509408000000,
    402.00740404775024
  ],
  [
    1509494400000,
    8324.099540676407
  ],
  [
    1509580800000,
    16588.42777020235
  ],
  [
    1509667200000,
    9677.825252263621
  ],
  [
    1509753600000,
    1167.8367424151982
  ],
  [
    1509840000000,
    7719.405623489031
  ],
  [
    1509926400000,
    2244.5357272526066
  ],
  [
    1510012800000,
    2424.1396836631234
  ],
  [
    1510099200000,
    3160.1606184631755
  ],
  [
    1510185600000,
    9424.163213592428
  ],
  [
    1510272000000,
    2038.341776534392
  ],
  [
    1510358400000,
    1514.2850185421917
  ],
  [
    1510444800000,
    8851.276575911103
  ],
  [
    1510531200000,
    1960.8432704807335
  ],
  [
    1510617600000,
    299.200606323782
  ],
  [
    1510704000000,
    7227.12020536199
  ],
  [
    1510790400000,
    3140.54787787177
  ],
  [
    1510876800000,
    686.773869747734
  ],
  [
    1510963200000,
    3624.57119057424
  ],
  [
    1511049600000,
    3481.94225576877
  ],
  [
    1511136000000,
    1276.18116073367
  ],
  [
    1511222400000,
    22138.1862292818
  ],
  [
    1511308800000,
    11608.6834634525
  ],
  [
    1511395200000,
    3643.72889984523
  ],
  [
    1511481600000,
    6276.36953681211
  ],
  [
    1511568000000,
    3686.99855532316
  ],
  [
    1511654400000,
    4777.21940947503
  ],
  [
    1511740800000,
    6863.11392705719
  ],
  [
    1511827200000,
    31572.0647814163
  ],
  [
    1511913600000,
    3392.05664281037
  ],
  [
    1512000000000,
    2975.13183756368
  ],
  [
    1512086400000,
    7865.56760142556
  ],
  [
    1512172800000,
    4701.30800276296
  ],
  [
    1512259200000,
    3341.70185138309
  ],
  [
    1512345600000,
    6196.02640595786
  ],
  [
    1512432000000,
    18038.6415750712
  ],
  [
    1512518400000,
    248.30031500491
  ],
  [
    1512604800000,
    18701.7246060251
  ],
  [
    1512691200000,
    2123.3192749205
  ],
  [
    1512777600000,
    1677.07102688602
  ],
  [
    1512864000000,
    1700.06609125088
  ],
  [
    1512950400000,
    3048.93479344341
  ],
  [
    1513036800000,
    6311.68627628534
  ],
  [
    1513123200000,
    3931.55970280562
  ],
  [
    1513209600000,
    8366.65556196174
  ],
  [
    1513296000000,
    2196.3529625835
  ],
  [
    1513382400000,
    5034.77998662746
  ],
  [
    1513468800000,
    7260.63491484141
  ],
  [
    1513555200000,
    26106.813161224
  ],
  [
    1513641600000,
    30924.002430017
  ],
  [
    1513728000000,
    5444.67728785584
  ],
  [
    1513814400000,
    8144.51873829913
  ],
  [
    1513900800000,
    2699.90637972183
  ],
  [
    1513987200000,
    18774.7538899407
  ],
  [
    1514073600000,
    8912.94029644388
  ],
  [
    1514160000000,
    9196.50866866243
  ],
  [
    1514246400000,
    26211.2707824925
  ],
  [
    1514332800000,
    11002.650875595
  ],
  [
    1514419200000,
    4539.12190858394
  ],
  [
    1514505600000,
    21960.2684916417
  ],
  [
    1514592000000,
    81892.0861014177
  ],
  [
    1514678400000,
    145034.619388894
  ],
  [
    1514764800000,
    25722.5141992254
  ],
  [
    1514851200000,
    33146.8058628701
  ],
  [
    1514937600000,
    37469.45933383765
  ],
  [
    1515024000000,
    31392.20073089043
  ],
  [
    1515110400000,
    183268.77431937333
  ],
  [
    1515196800000,
    101711.52049402919
  ],
  [
    1515283200000,
    422993.4432370734
  ],
  [
    1515369600000,
    1203898.079810537
  ],
  [
    1515456000000,
    786886.0849445524
  ],
  [
    1515542400000,
    485505.36452761345
  ],
  [
    1515628800000,
    241737.37911858695
  ],
  [
    1515715200000,
    131799.59095814748
  ],
  [
    1515801600000,
    116051.57713852536
  ],
  [
    1515888000000,
    74498.4924084283
  ],
  [
    1515974400000,
    178789.50635756325
  ],
  [
    1516060800000,
    82664.2468259076
  ],
  [
    1516147200000,
    52857.84096979961
  ],
  [
    1516233600000,
    62369.97042331833
  ],
  [
    1516320000000,
    23673.34637947962
  ],
  [
    1516406400000,
    25772.93903506588
  ],
  [
    1516492800000,
    29587.6113333626
  ],
  [
    1516579200000,
    60323.97311946758
  ],
  [
    1516665600000,
    203729.89536232274
  ],
  [
    1516752000000,
    33148.10524067482
  ],
  [
    1516838400000,
    46129.62929683831
  ],
  [
    1516924800000,
    60193.20913928501
  ],
  [
    1517011200000,
    34421.277019012465
  ],
  [
    1517097600000,
    9262.90322216481
  ],
  [
    1517184000000,
    20524.148542734278
  ],
  [
    1517270728926,
    17226.5302989047
  ],
  [
    1517356800000,
    21414.587530646353
  ],
  [
    1517443200000,
    8465.221461344847
  ],
  [
    1517529600000,
    6643.852619024309
  ],
  [
    1517616000000,
    15287.439542862185
  ],
  [
    1517702400000,
    6162.062186969741
  ],
  [
    1517788800000,
    5044.920313731425
  ],
  [
    1517875200000,
    12180.688160930647
  ],
  [
    1517961600000,
    17102.448208803304
  ],
  [
    1518048326201,
    26264.863276029555
  ],
  [
    1518134400000,
    7366.922691279336
  ],
  [
    1518220800000,
    23306.536306085844
  ],
  [
    1518307200000,
    5132.687476707001
  ],
  [
    1518393600000,
    6519.477706600595
  ],
  [
    1518480000000,
    4566.262608201417
  ],
  [
    1518566400000,
    19788.680792271294
  ],
  [
    1518652800000,
    4150.930526670902
  ],
  [
    1518739200000,
    16767.989178785352
  ],
  [
    1518825600000,
    13272.88037109141
  ],
  [
    1518912000000,
    7493.941401441244
  ],
  [
    1518998400000,
    1302.478068090517
  ],
  [
    1519084800000,
    1328.1606902456965
  ],
  [
    1519171200000,
    2805.4441978902955
  ],
  [
    1519257600000,
    4934.062825776193
  ],
  [
    1519344000000,
    6704.442617427714
  ],
  [
    1519430400000,
    11391.916446608806
  ],
  [
    1519516800000,
    2939.9694259507432
  ],
  [
    1519603200000,
    6948.664446905156
  ],
  [
    1519689600000,
    1675.0285038112197
  ],
  [
    1519776000000,
    4459.882488606152
  ],
  [
    1519862400000,
    4456.3816642911825
  ],
  [
    1519948800000,
    4077.6200188977027
  ],
  [
    1520035200000,
    5898.275250554215
  ],
  [
    1520121600000,
    1741.2355882387255
  ],
  [
    1520208000000,
    2390.7689408599235
  ],
  [
    1520294400000,
    3983.5044694677927
  ],
  [
    1520380800000,
    3872.5995811599073
  ],
  [
    1520467200000,
    7165.581289016595
  ],
  [
    1520553600000,
    6183.219035644901
  ],
  [
    1520640000000,
    23422.705698179423
  ],
  [
    1520726400000,
    26.027273655327388
  ],
  [
    1520812800000,
    1188.8591659612946
  ],
  [
    1520899200000,
    3795.3581182697803
  ],
  [
    1520985600000,
    1161.9696413935628
  ],
  [
    1521072000000,
    1607.5856672916393
  ],
  [
    1521158400000,
    1246.7585034599863
  ],
  [
    1521244800000,
    2691.916462394849
  ],
  [
    1521331200000,
    958.4370693475026
  ],
  [
    1521417600000,
    1577.1564479255776
  ],
  [
    1521504000000,
    1988.994833551396
  ],
  [
    1521590400000,
    3586.9560296134728
  ],
  [
    1521676800000,
    4294.784049105875
  ],
  [
    1521763200000,
    1806.2689399410272
  ],
  [
    1521849600000,
    2109.290950730034
  ],
  [
    1521936000000,
    12784.491538092783
  ],
  [
    1522022400000,
    161.51475095707514
  ],
  [
    1522108800000,
    790.012417341764
  ],
  [
    1522195200000,
    42663.99146354139
  ],
  [
    1522281600000,
    10478.495044123958
  ],
  [
    1522368000000,
    1197.0972891812198
  ],
  [
    1522454400000,
    749.9890426710487
  ],
  [
    1522540800000,
    4717.732454558562
  ],
  [
    1522627200000,
    5892.398959789732
  ],
  [
    1522713600000,
    12133.212124816582
  ],
  [
    1522800000000,
    2599.2000108598195
  ],
  [
    1522886400000,
    1187.9021535866289
  ],
  [
    1522972800000,
    4678.689160007065
  ],
  [
    1523059200000,
    1359.5692232074823
  ],
  [
    1523145600000,
    9549.453354236246
  ],
  [
    1523232000000,
    4994.612465380116
  ],
  [
    1523318400000,
    12812.50384697958
  ],
  [
    1523404800000,
    5792.234536696441
  ],
  [
    1523491200000,
    1908.6073485526047
  ],
  [
    1523577600000,
    4481.120961504466
  ],
  [
    1523664000000,
    4456.898219427476
  ],
  [
    1523750400000,
    7217.448433149534
  ],
  [
    1523836800000,
    3268.014100327077
  ],
  [
    1523923200000,
    10891.46717707378
  ],
  [
    1524009600000,
    18644.278246091453
  ],
  [
    1524096000000,
    4155.446671814292
  ],
  [
    1524182400000,
    9899.684901277928
  ],
  [
    1524268800000,
    15302.461473467445
  ],
  [
    1524355200000,
    11071.441660467564
  ],
  [
    1524441600000,
    51430.48857499733
  ],
  [
    1524528000000,
    16904.133629912074
  ],
  [
    1524614400000,
    8260.214350443428
  ],
  [
    1524700800000,
    7259.463166590595
  ],
  [
    1524787200000,
    6398.192291519325
  ],
  [
    1524873600000,
    13221.612511546202
  ],
  [
    1524960000000,
    2482.159589871307
  ],
  [
    1525046400000,
    20034.408085391795
  ],
  [
    1525132800000,
    1871.2643753309724
  ],
  [
    1525219200000,
    17860.27586080713
  ],
  [
    1525305600000,
    13432.500433436107
  ],
  [
    1525392000000,
    13400.944663873104
  ],
  [
    1525478400000,
    4930.738345472868
  ],
  [
    1525564800000,
    3522.4236739886337
  ],
  [
    1525651200000,
    10523.67365320363
  ],
  [
    1525737600000,
    4210.117526112923
  ],
  [
    1525824000000,
    11321.000476853249
  ],
  [
    1525910400000,
    3496.677677578827
  ],
  [
    1525996800000,
    12855.229846132812
  ],
  [
    1526083200000,
    11078.176837741345
  ],
  [
    1526169600000,
    2988.3786949396704
  ],
  [
    1526256000000,
    4219.075951743774
  ],
  [
    1526342400000,
    6953.0454314322615
  ],
  [
    1526428800000,
    3947.8816788999707
  ],
  [
    1526515200000,
    423.7921463456947
  ],
  [
    1526601600000,
    4091.3389847535304
  ],
  [
    1526688000000,
    4161.047636669298
  ],
  [
    1526774400000,
    4185.443501157063
  ],
  [
    1526860800000,
    53.41416036847115
  ],
  [
    1526947200000,
    4544.011613742256
  ],
  [
    1527033600000,
    17916.242405729834
  ],
  [
    1527120000000,
    18199.325443206817
  ],
  [
    1527206400000,
    1811.126193166649
  ],
  [
    1527292800000,
    30107.722372616394
  ],
  [
    1527379200000,
    2552.41852097738
  ],
  [
    1527465600000,
    8403.79990741392
  ],
  [
    1527552000000,
    6729.265832787023
  ],
  [
    1527638400000,
    18463.383480724886
  ],
  [
    1527724800000,
    716.5136213468393
  ],
  [
    1527811200000,
    2632.2364345576593
  ],
  [
    1527897600000,
    3438.5956706981165
  ],
  [
    1527984000000,
    5328.114815990296
  ],
  [
    1528070400000,
    2061.8549007946854
  ],
  [
    1528156800000,
    17414.917903120047
  ],
  [
    1528243200000,
    20247.42880874683
  ],
  [
    1528329600000,
    27979.474063012716
  ],
  [
    1528416000000,
    4538.818813322094
  ],
  [
    1528502400000,
    117.46741334635497
  ],
  [
    1528588800000,
    1475.8604354334186
  ],
  [
    1528675200000,
    519.2719053975344
  ],
  [
    1528761600000,
    1258.341528725819
  ],
  [
    1528848000000,
    4674.638357686412
  ],
  [
    1528934400000,
    943.3191650639114
  ],
  [
    1529020800000,
    950.5834632880005
  ],
  [
    1529107200000,
    4788.05970851466
  ],
  [
    1529193600000,
    4006.1572009049733
  ],
  [
    1529280000000,
    80.44551055276143
  ],
  [
    1529366400000,
    227.30513258210433
  ],
  [
    1529452800000,
    68.26999191406941
  ],
  [
    1529539200000,
    494.241105607611
  ],
  [
    1529625600000,
    1145.8112697949493
  ],
  [
    1529712000000,
    709.2791163763947
  ],
  [
    1529798400000,
    346.9165017419717
  ],
  [
    1529884800000,
    1168.433810004601
  ],
  [
    1529971200000,
    720.8579977021768
  ],
  [
    1530057600000,
    240.27067717761918
  ],
  [
    1530144000000,
    290.0936568338945
  ],
  [
    1530230400000,
    0.08819463928990096
  ],
  [
    1530316800000,
    319.1557855023042
  ],
  [
    1530403200000,
    74.25590040053521
  ],
  [
    1530489600000,
    368.6048967520693
  ],
  [
    1530576000000,
    0.9389910061669638
  ],
  [
    1530662400000,
    757.2293220140197
  ],
  [
    1530748800000,
    132.14103706505125
  ],
  [
    1530835200000,
    32.64705236664911
  ],
  [
    1530921600000,
    4.481203841719853
  ],
  [
    1531008000000,
    7.718833318948359
  ],
  [
    1531094400000,
    25.58874934168321
  ],
  [
    1531180800000,
    412.78948333045037
  ],
  [
    1531267200000,
    208.8828916948117
  ],
  [
    1531353600000,
    731.2823853995051
  ],
  [
    1531440000000,
    673.9478796008046
  ],
  [
    1531526400000,
    931.0525690277343
  ],
  [
    1531612800000,
    21074.917071162956
  ],
  [
    1531699200000,
    18.138949089764253
  ],
  [
    1531785600000,
    2.0273832694296234
  ],
  [
    1531872000000,
    1321.352324836123
  ],
  [
    1531958400000,
    3192.668342197644
  ],
  [
    1532044800000,
    1359.418340234321
  ],
  [
    1532131200000,
    2595.345362539519
  ],
  [
    1532217600000,
    1168.0827205965413
  ],
  [
    1532304000000,
    12654.070853016585
  ],
  [
    1532390400000,
    14.143547997167698
  ],
  [
    1532476800000,
    29.86726629446785
  ],
  [
    1532563200000,
    6485.316636909061
  ],
  [
    1532649600000,
    6605.515490342158
  ],
  [
    1532736000000,
    3340.616296837338
  ],
  [
    1532822400000,
    9716.088671703188
  ],
  [
    1532908800000,
    1156.2331964608104
  ],
  [
    1532995200000,
    105.34728747437902
  ],
  [
    1533081600000,
    6200.874513342412
  ],
  [
    1533168000000,
    30.304580609988054
  ],
  [
    1533254400000,
    354.86119414229796
  ],
  [
    1533340800000,
    208.33786747456662
  ],
  [
    1533427200000,
    37.351768761660274
  ],
  [
    1533513600000,
    193.66685104361363
  ],
  [
    1533600000000,
    980.5042673149753
  ],
  [
    1533686400000,
    199.9159980069032
  ],
  [
    1533772800000,
    1.6048661868609233
  ],
  [
    1533859200000,
    9.363141621835556
  ],
  [
    1533945600000,
    224.94417313512082
  ],
  [
    1534032000000,
    371.88960635515446
  ],
  [
    1534118400000,
    67.15806031383131
  ],
  [
    1534204800000,
    53.507515985714434
  ],
  [
    1534291200000,
    5444.6500967409065
  ],
  [
    1534377600000,
    10.981195726572787
  ],
  [
    1534464000000,
    6558.730443734425
  ],
  [
    1534550400000,
    200.41960770741758
  ],
  [
    1534636800000,
    530.0053377544209
  ],
  [
    1534723200000,
    0.4562298759114878
  ],
  [
    1534809600000,
    51.48241255978653
  ],
  [
    1534896000000,
    14.375230214925214
  ],
  [
    1534982400000,
    73.61108175180598
  ],
  [
    1535068800000,
    2363.048880194932
  ],
  [
    1535155200000,
    0.6873118344617172
  ],
  [
    1535241600000,
    167.30862734417158
  ],
  [
    1535328000000,
    182.7071411779613
  ],
  [
    1535414400000,
    345.43571467242214
  ],
  [
    1535500800000,
    39.06760841559954
  ],
  [
    1535587200000,
    864.8185026786
  ],
  [
    1535673600000,
    3088.8550923838843
  ],
  [
    1535760000000,
    267.8525448218082
  ],
  [
    1535846400000,
    2731.398414324597
  ],
  [
    1535932800000,
    0.04655335619765148
  ],
  [
    1536019200000,
    43.7951788644813
  ],
  [
    1536105600000,
    10187.341243500063
  ],
  [
    1536192000000,
    432.9605951098145
  ],
  [
    1536278400000,
    282.85584642306543
  ],
  [
    1536364800000,
    0.9501098511536313
  ],
  [
    1536451200000,
    682.2078956938635
  ],
  [
    1536537600000,
    287.930003595099
  ],
  [
    1536624000000,
    13.877097049013173
  ],
  [
    1536710400000,
    1032.5849898488827
  ],
  [
    1536796800000,
    36.1188048602847
  ],
  [
    1536883200000,
    25.07236128682748
  ],
  [
    1536969600000,
    551.3427870458969
  ],
  [
    1537056000000,
    5.22188952783392
  ],
  [
    1537142400000,
    336.3304993818612
  ],
  [
    1537228800000,
    25.03534733502324
  ],
  [
    1537315200000,
    1188.3140408264567
  ],
  [
    1537401600000,
    21.87649270104037
  ],
  [
    1537488000000,
    675.241392612427
  ],
  [
    1537574400000,
    2.033717967007232
  ],
  [
    1537660800000,
    29.73004077096691
  ],
  [
    1537747200000,
    222.73376693329797
  ],
  [
    1537833600000,
    1577.012883520884
  ],
  [
    1537920000000,
    671.4863108187824
  ],
  [
    1538006400000,
    52.21718763022189
  ],
  [
    1538092800000,
    1085.0507889181831
  ],
  [
    1538179200000,
    46.94989637560695
  ],
  [
    1538265600000,
    555.0125413206991
  ],
  [
    1538352000000,
    456.92185974001444
  ],
  [
    1538438400000,
    337.6022915470442
  ],
  [
    1538524800000,
    237.18722256278204
  ],
  [
    1538611200000,
    1078.767794063127
  ],
  [
    1538697600000,
    132.8844698289508
  ],
  [
    1538784000000,
    799.5994934773296
  ],
  [
    1538870400000,
    472.05962041090913
  ],
  [
    1538956800000,
    416.0838106928573
  ],
  [
    1539043200000,
    245.70352845731452
  ],
  [
    1539129600000,
    49.677227562307394
  ],
  [
    1539216000000,
    880.6307780560126
  ],
  [
    1539302400000,
    71.71777572481383
  ],
  [
    1539388800000,
    730.6409541220154
  ],
  [
    1539475200000,
    0.12220943390962521
  ],
  [
    1539561600000,
    1297.8762898429152
  ],
  [
    1539648000000,
    36.62309682996007
  ],
  [
    1539734400000,
    328.40373183121545
  ],
  [
    1539820800000,
    0.6811379891907442
  ],
  [
    1539907200000,
    14.554792602024575
  ],
  [
    1539993600000,
    0.02948028730302593
  ],
  [
    1540080000000,
    1071.8432432128357
  ],
  [
    1540166400000,
    107.97085723640139
  ],
  [
    1540252800000,
    267.8632900651877
  ],
  [
    1540339200000,
    135.19273899888637
  ],
  [
    1540425600000,
    59.93292225804275
  ],
  [
    1540512000000,
    2808.6060618899455
  ],
  [
    1540598400000,
    13.004541431416639
  ],
  [
    1540684800000,
    0.648119677316595
  ],
  [
    1540771200000,
    850.6372658797294
  ],
  [
    1540857600000,
    2101.2485210461186
  ],
  [
    1540944000000,
    122.45361630541652
  ],
  [
    1541030400000,
    41.34381236782126
  ],
  [
    1541116800000,
    474.97449890326664
  ],
  [
    1541203200000,
    401.5573311446729
  ],
  [
    1541289600000,
    95.82436524289764
  ],
  [
    1541376000000,
    0.63211660223201
  ],
  [
    1541462400000,
    20.35434074809279
  ],
  [
    1541548800000,
    63.24336520538016
  ],
  [
    1541635200000,
    52.281754079164216
  ],
  [
    1541721600000,
    50.06037399068614
  ],
  [
    1541808000000,
    0
  ],
  [
    1541894400000,
    0
  ],
  [
    1541980800000,
    0
  ],
  [
    1542067200000,
    408.52838659977755
  ],
  [
    1542153600000,
    9973.412955516016
  ],
  [
    1542240000000,
    1301.8100215287423
  ],
  [
    1542326400000,
    0
  ],
  [
    1542412800000,
    3253.0273350614784
  ],
  [
    1542499200000,
    631.8951145563543
  ],
  [
    1542585600000,
    0.11289873319947692
  ],
  [
    1542672000000,
    466.7981826751582
  ],
  [
    1542758400000,
    283.90701553394064
  ],
  [
    1542844800000,
    0
  ],
  [
    1542931200000,
    0
  ],
  [
    1543104000000,
    12.298971013826776
  ],
  [
    1543190400000,
    0
  ],
  [
    1543276800000,
    0.005152440190706938
  ],
  [
    1543363200000,
    0
  ],
  [
    1543449600000,
    4.205845524757084
  ],
  [
    1543536000000,
    39.182605012201996
  ],
  [
    1543622400000,
    595.6733697672215
  ],
  [
    1543708800000,
    12306.23855393787
  ],
  [
    1543795200000,
    1534.7553504521259
  ],
  [
    1543881600000,
    0
  ],
  [
    1543968000000,
    2029.2903065720482
  ],
  [
    1544054400000,
    109.9200898790871
  ],
  [
    1544140800000,
    321.74582673302876
  ],
  [
    1544227200000,
    79.27845078925613
  ],
  [
    1544313600000,
    1555.671859933253
  ],
  [
    1544400000000,
    413.33575589096546
  ],
  [
    1544486400000,
    1654.5736819136553
  ],
  [
    1544572800000,
    496.3476073522967
  ],
  [
    1544659200000,
    6.8861386774335145
  ],
  [
    1544745600000,
    94.86239286434689
  ],
  [
    1544832000000,
    77.58076865682096
  ],
  [
    1544918400000,
    4.937116116223871
  ],
  [
    1545004800000,
    0.07957888319968827
  ],
  [
    1545091200000,
    853.646181142245
  ],
  [
    1545177600000,
    3223.753643434585
  ],
  [
    1545264000000,
    4326.49854670476
  ],
  [
    1545350400000,
    0.04258347175288191
  ],
  [
    1545436800000,
    147.71021954480685
  ],
  [
    1545523200000,
    10.100229719604625
  ],
  [
    1545609600000,
    319.14800515284253
  ],
  [
    1545696000000,
    7.11393825941782
  ],
  [
    1545782400000,
    0.023173737409867202
  ],
  [
    1545868800000,
    4.556047309497755
  ],
  [
    1545955200000,
    277.22602635337796
  ],
  [
    1546041600000,
    127.30752812063693
  ],
  [
    1546128000000,
    1.337577788908197
  ],
  [
    1546214400000,
    0.00015962474674910526
  ],
  [
    1546300800000,
    1189.5602014138867
  ],
  [
    1546387200000,
    159.0041036520224
  ],
  [
    1546473600000,
    26.9565843778778
  ],
  [
    1546560000000,
    201.29741008910432
  ],
  [
    1546646400000,
    13.847073759195652
  ],
  [
    1546732800000,
    347.74010087043
  ],
  [
    1546819200000,
    42.01971451901524
  ],
  [
    1546905600000,
    0
  ],
  [
    1546992000000,
    83.29036642474779
  ],
  [
    1547078400000,
    618.945016918036
  ],
  [
    1547164800000,
    86.70163008234994
  ],
  [
    1547251200000,
    15.01837176725555
  ],
  [
    1547337600000,
    17.686793236432184
  ],
  [
    1547424000000,
    639.8938711654855
  ],
  [
    1547510400000,
    0.8184839688886171
  ],
  [
    1547596800000,
    1791.5854171661906
  ],
  [
    1547683200000,
    85.32161466112993
  ],
  [
    1547769600000,
    0.0004955907497159036
  ],
  [
    1547856000000,
    503.6564763888483
  ],
  [
    1547942400000,
    0.008162244812392283
  ],
  [
    1548028800000,
    76.21591277990387
  ],
  [
    1548115200000,
    219.5358067548107
  ],
  [
    1548201600000,
    60.836683598862145
  ],
  [
    1548288000000,
    167.04234468515625
  ],
  [
    1548374400000,
    1.0030808956830262
  ],
  [
    1548460800000,
    7.724460877804198
  ],
  [
    1548547200000,
    0
  ],
  [
    1548633600000,
    284.8923659378395
  ],
  [
    1548720000000,
    69.1185596563519
  ],
  [
    1548806400000,
    68.40902046332998
  ],
  [
    1548892800000,
    60.78168703723551
  ],
  [
    1548979200000,
    20.93416152252616
  ],
  [
    1549065600000,
    53.44091725571401
  ],
  [
    1549152000000,
    89.88094657770004
  ],
  [
    1549238400000,
    6.408896944427556
  ],
  [
    1549324800000,
    31.938044991960243
  ],
  [
    1549411200000,
    62.4785729568776
  ],
  [
    1549497600000,
    356.1676377110083
  ],
  [
    1549584000000,
    18.166150796372524
  ],
  [
    1549670400000,
    24.533150650538634
  ],
  [
    1549756800000,
    0.11204845146175502
  ],
  [
    1549843200000,
    2.545994607662863
  ],
  [
    1549929600000,
    1115.7250521240949
  ],
  [
    1550016000000,
    0
  ],
  [
    1550102400000,
    116.52873761928691
  ],
  [
    1550188800000,
    2.0972815032963403
  ],
  [
    1550275200000,
    358.87141565612507
  ],
  [
    1550361600000,
    361.78735869825283
  ],
  [
    1550448000000,
    0
  ],
  [
    1550534400000,
    56.43564032847462
  ],
  [
    1550620800000,
    42.10925910965969
  ],
  [
    1550707200000,
    19.896484375537053
  ],
  [
    1550793600000,
    54.490299210842906
  ],
  [
    1550880000000,
    2.2538960913839845
  ],
  [
    1550966400000,
    0.22223251668921967
  ],
  [
    1551052800000,
    70.03517321894137
  ],
  [
    1551139200000,
    10.600160235974535
  ],
  [
    1551225600000,
    46.91398259336775
  ],
  [
    1551312000000,
    438.66862969705744
  ],
  [
    1551398400000,
    884.4603335648501
  ],
  [
    1551484800000,
    318.64834793512483
  ],
  [
    1551571200000,
    112.60535626824722
  ],
  [
    1551657600000,
    137.58293154412692
  ],
  [
    1551744000000,
    53.02543465994292
  ],
  [
    1551830400000,
    5.578227505581157
  ],
  [
    1551916800000,
    31.915513433405135
  ],
  [
    1552003200000,
    0.034181932480103254
  ],
  [
    1552089600000,
    8.522578591760846
  ],
  [
    1552176000000,
    0.778863541314055
  ],
  [
    1552262400000,
    1.6895555832672247
  ],
  [
    1552348800000,
    16.062424496269095
  ],
  [
    1552435200000,
    17.53843386335367
  ],
  [
    1552521600000,
    10.464650494183518
  ],
  [
    1552608000000,
    0.016237449605817352
  ],
  [
    1552694400000,
    5.0517589247406915
  ],
  [
    1552780800000,
    3.163180413303508
  ],
  [
    1552867200000,
    1.833768489781786
  ],
  [
    1552953600000,
    0.5501103162139785
  ],
  [
    1553040000000,
    160.38698827861688
  ],
  [
    1553126400000,
    0.038043676187968195
  ],
  [
    1553212800000,
    1780.5751735630613
  ],
  [
    1553299200000,
    1227.7860653811847
  ],
  [
    1553385600000,
    261.93268670311534
  ],
  [
    1553472000000,
    38.184364063871186
  ],
  [
    1553558400000,
    1839.8818903809636
  ],
  [
    1553644800000,
    120.60996949951507
  ],
  [
    1553731200000,
    347.79587037815105
  ],
  [
    1553817600000,
    441.5626055902066
  ],
  [
    1553904000000,
    875.5235305221836
  ],
  [
    1553990400000,
    792.4992478371869
  ],
  [
    1554076800000,
    1505.990200465496
  ],
  [
    1554163200000,
    123.11445645932857
  ],
  [
    1554249600000,
    1430.3706126672535
  ],
  [
    1554336000000,
    235.7109268587519
  ],
  [
    1554422400000,
    217.07305052136013
  ],
  [
    1554508800000,
    683.8291727329275
  ],
  [
    1554595200000,
    2522.3388014522316
  ],
  [
    1554681600000,
    3.3850179223018553
  ],
  [
    1554768000000,
    510.2187096688131
  ],
  [
    1554854400000,
    1136.4887336762083
  ],
  [
    1554940800000,
    211.48904772945048
  ],
  [
    1555027200000,
    2114.817826691931
  ],
  [
    1555113600000,
    609.3088125160702
  ],
  [
    1555200000000,
    407.79139408949266
  ],
  [
    1555286400000,
    97.0831525946215
  ],
  [
    1555372800000,
    381.4021761851378
  ],
  [
    1555459200000,
    424.5939582698251
  ],
  [
    1555545600000,
    137.953806082385
  ],
  [
    1555632000000,
    43.89040906144401
  ],
  [
    1555718400000,
    40.687728137417054
  ],
  [
    1555804800000,
    8.921056105777755
  ],
  [
    1555891200000,
    1.5936013108610416
  ],
  [
    1555977600000,
    14.670529807784378
  ],
  [
    1556064000000,
    84.42682871021255
  ],
  [
    1556150400000,
    228.01819647874854
  ],
  [
    1556236800000,
    236.5274734580422
  ],
  [
    1556323200000,
    0
  ],
  [
    1556409600000,
    5.87176822719041
  ],
  [
    1556496000000,
    0.3153675262656282
  ],
  [
    1556582400000,
    0.3117177411623454
  ],
  [
    1556668800000,
    4.746307785930978
  ],
  [
    1556755200000,
    25.500683003922052
  ],
  [
    1556841600000,
    185.96532427108525
  ],
  [
    1556928000000,
    1.2128128920989496
  ],
  [
    1557014400000,
    1386.8681153438233
  ],
  [
    1557100800000,
    1.1148562238280157
  ],
  [
    1557187200000,
    94.93402670563206
  ],
  [
    1557273600000,
    92.54406446864569
  ],
  [
    1557360000000,
    80.76774978265425
  ],
  [
    1557446400000,
    0.3650078217131304
  ],
  [
    1557532800000,
    0.3789006948077634
  ],
  [
    1557619200000,
    27.882575528925862
  ],
  [
    1557705600000,
    96.93515369080832
  ],
  [
    1557792000000,
    1510.664130266343
  ],
  [
    1557878400000,
    2414.2184382741343
  ],
  [
    1557964800000,
    182.55816210656656
  ],
  [
    1558051200000,
    466.5028618761531
  ],
  [
    1558137600000,
    28.059605949844244
  ],
  [
    1558224000000,
    547.8378160079903
  ],
  [
    1558310400000,
    357.07663872760804
  ],
  [
    1558396800000,
    309.8308266411754
  ],
  [
    1558483200000,
    287.390995424215
  ],
  [
    1558569600000,
    376.81296484487143
  ],
  [
    1558656000000,
    359.061600728323
  ],
  [
    1558742400000,
    449.8017547679595
  ],
  [
    1558828800000,
    367.02092092211524
  ],
  [
    1558915200000,
    0.04374145566700434
  ],
  [
    1559001600000,
    71.7153148770029
  ],
  [
    1559088000000,
    1299.8649937250605
  ],
  [
    1559174400000,
    13.306256708860081
  ],
  [
    1559260800000,
    9.16091593153118
  ],
  [
    1559347200000,
    8.788082264179211
  ],
  [
    1559433600000,
    3235.806164049268
  ],
  [
    1559520000000,
    3835.066785931191
  ],
  [
    1559606400000,
    384.17900036981274
  ],
  [
    1559692800000,
    80.84920977573977
  ],
  [
    1559779200000,
    146.8833657295208
  ],
  [
    1559865600000,
    24.498209787850335
  ],
  [
    1559952000000,
    88.96470578135325
  ],
  [
    1560038400000,
    1142.4572777271567
  ],
  [
    1560124800000,
    170.8612829929124
  ],
  [
    1560211200000,
    232.76422585309908
  ],
  [
    1560297600000,
    1291.5448892172426
  ],
  [
    1560384000000,
    2255.9945904643623
  ],
  [
    1560470400000,
    296.51450104911316
  ],
  [
    1560556800000,
    274.7848920024448
  ],
  [
    1560643200000,
    462.5944788789228
  ],
  [
    1560729600000,
    437.5101270032125
  ],
  [
    1560816000000,
    586.0526573761982
  ],
  [
    1560902400000,
    103.01651514030358
  ],
  [
    1560988800000,
    30.27619282658835
  ],
  [
    1561075200000,
    23.741003190054442
  ],
  [
    1561161600000,
    3.691057239397118
  ],
  [
    1561248000000,
    60.84779634421572
  ],
  [
    1561334400000,
    12.854665803709093
  ],
  [
    1561420800000,
    93.64866595636812
  ],
  [
    1561507200000,
    27.1974672711343
  ],
  [
    1561593600000,
    139.47989857683172
  ],
  [
    1561680000000,
    23.732329242183113
  ],
  [
    1561766400000,
    43.0400958137721
  ],
  [
    1561852800000,
    255.3497332718904
  ],
  [
    1561939200000,
    49.60834471339703
  ],
  [
    1562025600000,
    3.6905403642785464
  ],
  [
    1562112000000,
    264.79115350078155
  ],
  [
    1562198400000,
    0
  ],
  [
    1562284800000,
    0.01658952295446012
  ],
  [
    1562371200000,
    0.04713065487283062
  ],
  [
    1562457600000,
    6.827176047764944
  ],
  [
    1562544000000,
    1.4167211294775417
  ],
  [
    1562630400000,
    13.876931971510823
  ],
  [
    1562716800000,
    37.97253769422576
  ],
  [
    1562803200000,
    133.0622429916244
  ],
  [
    1562889600000,
    328.0135183158283
  ],
  [
    1562976000000,
    51.79500079523306
  ],
  [
    1563062400000,
    3942.9032169209027
  ],
  [
    1563148800000,
    497.72518085364266
  ],
  [
    1563235200000,
    1743.6272354717812
  ],
  [
    1563321600000,
    77.6088332567924
  ],
  [
    1563408000000,
    348.5889658237647
  ],
  [
    1563494400000,
    407.8858013625925
  ],
  [
    1563580800000,
    4018.812033223654
  ],
  [
    1563667200000,
    587.8991470568857
  ],
  [
    1563753600000,
    351.9561437343774
  ],
  [
    1563840000000,
    33.751263648630136
  ],
  [
    1563926400000,
    20.19146929620662
  ],
  [
    1564012800000,
    20.278709017554057
  ],
  [
    1564099200000,
    21.062871139422157
  ],
  [
    1564185600000,
    580.6040275785148
  ],
  [
    1564272000000,
    295.1894704767611
  ],
  [
    1564358400000,
    27.6552773080853
  ],
  [
    1564444800000,
    26.794129850531125
  ],
  [
    1564531200000,
    0
  ],
  [
    1564617600000,
    34.091695527462456
  ],
  [
    1564704000000,
    76.4650564399289
  ],
  [
    1564790400000,
    0
  ],
  [
    1564876800000,
    0.3677861356488647
  ],
  [
    1564963200000,
    0.35422738407095694
  ],
  [
    1565049600000,
    13.73385216968309
  ],
  [
    1565136000000,
    119.4330805934744
  ],
  [
    1565222400000,
    259.497016827349
  ],
  [
    1565308800000,
    0.36203515005297715
  ],
  [
    1565395200000,
    0
  ],
  [
    1565481600000,
    144.23284640228104
  ],
  [
    1565568000000,
    0.8593854694871393
  ],
  [
    1565654400000,
    22.67852770429267
  ],
  [
    1565740800000,
    12.629987873474981
  ],
  [
    1565827200000,
    10.573359717196103
  ],
  [
    1565913600000,
    3.782275872317038
  ],
  [
    1566000000000,
    0
  ],
  [
    1566086400000,
    40.4235110530851
  ],
  [
    1566172800000,
    0
  ],
  [
    1566259200000,
    316.09601272936914
  ],
  [
    1566345600000,
    33.53781625963765
  ],
  [
    1566432000000,
    3.6567692914936467
  ],
  [
    1566518400000,
    0.1393395908741691
  ],
  [
    1566604800000,
    31.159726399084747
  ],
  [
    1566691200000,
    521.1729028312055
  ],
  [
    1566777600000,
    2.133362594424191
  ],
  [
    1566864000000,
    146.96315428811423
  ],
  [
    1566950400000,
    0
  ],
  [
    1567209600000,
    81.01791591149335
  ],
  [
    1567296000000,
    285.5023261077147
  ],
  [
    1567382400000,
    50.33619881738799
  ],
  [
    1567468800000,
    60.06366714049514
  ],
  [
    1567555200000,
    8.162397895361849
  ],
  [
    1567641600000,
    8.010155622499697
  ],
  [
    1567728000000,
    11.292404297805337
  ],
  [
    1567814400000,
    221.547978404198
  ],
  [
    1567900800000,
    0.01910838299973403
  ],
  [
    1567987200000,
    0
  ],
  [
    1568073600000,
    3.7510012850408643
  ],
  [
    1568160000000,
    98.34447620952734
  ],
  [
    1568246400000,
    33.34195558459228
  ],
  [
    1568332800000,
    0.35921317110395756
  ],
  [
    1568419200000,
    2.721858351469294
  ],
  [
    1568505600000,
    7.803704400494929
  ],
  [
    1568592000000,
    0.2829453317580553
  ],
  [
    1568678400000,
    0.34696292302836756
  ],
  [
    1568764800000,
    7.9785034523600515
  ],
  [
    1568851200000,
    91.89063899029061
  ],
  [
    1568937600000,
    94.22648980665203
  ],
  [
    1569024000000,
    30.480180192110673
  ],
  [
    1569110400000,
    4.164242803187567
  ],
  [
    1569196800000,
    0.055469631879769665
  ],
  [
    1569283200000,
    0.27099936782965334
  ],
  [
    1569369600000,
    76.02356743090976
  ],
  [
    1569456000000,
    52.86159377696107
  ],
  [
    1569542400000,
    0
  ],
  [
    1569628800000,
    84.3657102406523
  ],
  [
    1569715200000,
    89.47143782559858
  ],
  [
    1569801600000,
    4.734259255855747
  ],
  [
    1569888000000,
    4.763131815763996
  ],
  [
    1569974400000,
    0
  ],
  [
    1570060800000,
    0.021681588644453017
  ],
  [
    1570147200000,
    0
  ],
  [
    1570233600000,
    0
  ],
  [
    1570320000000,
    46.51732872539777
  ],
  [
    1570406400000,
    0
  ],
  [
    1570665600000,
    15.916306242730242
  ],
  [
    1570752000000,
    0
  ],
  [
    1570838400000,
    14.508360574705119
  ],
  [
    1570924800000,
    0.6518764489221378
  ],
  [
    1571011200000,
    0.6270000982676399
  ],
  [
    1571097600000,
    0
  ],
  [
    1571184000000,
    155.09501955117761
  ],
  [
    1571270400000,
    53.26485088254835
  ],
  [
    1571356800000,
    2.9873502786457307
  ],
  [
    1571443200000,
    6.287248816378811
  ],
  [
    1571529600000,
    18.33979008088719
  ],
  [
    1571616000000,
    4.720158886497041
  ],
  [
    1571702400000,
    0.7267022622004751
  ],
  [
    1571788800000,
    2.264146854104896
  ],
  [
    1571875200000,
    0
  ],
  [
    1572048000000,
    335.95837167828427
  ],
  [
    1572134400000,
    1.0142885357465978
  ],
  [
    1572220800000,
    0.3388837882506887
  ],
  [
    1572307200000,
    1.9402496760707302
  ],
  [
    1572393600000,
    0.5658415238198318
  ],
  [
    1572480000000,
    28.805089447939963
  ],
  [
    1572566400000,
    0.025451264526475833
  ],
  [
    1572998400000,
    10.719988742789486
  ],
  [
    1573084800000,
    377.43738963490057
  ],
  [
    1573171200000,
    8.828643125986703
  ],
  [
    1573257600000,
    2.0177863323834493
  ],
  [
    1573344000000,
    34.14502430659762
  ],
  [
    1573430400000,
    1.7519496080443882
  ],
  [
    1573516800000,
    0
  ],
  [
    1573603200000,
    9.381085693007783
  ],
  [
    1573689600000,
    5.714036178385622
  ],
  [
    1573776000000,
    0.18161297884160393
  ],
  [
    1573862400000,
    0
  ],
  [
    1573948800000,
    7.354805452774224
  ],
  [
    1574035200000,
    0.27498080216829945
  ],
  [
    1574121600000,
    0
  ],
  [
    1574380800000,
    45.03272925412725
  ],
  [
    1574467200000,
    26.955746798037858
  ],
  [
    1574553600000,
    2886.3565403238954
  ],
  [
    1574640000000,
    16.13354770765682
  ],
  [
    1574726400000,
    30.646774714735404
  ],
  [
    1574812800000,
    47.79029406397384
  ],
  [
    1574899200000,
    0
  ],
  [
    1575244800000,
    7.243343978324297
  ],
  [
    1575331200000,
    0.26308409331273086
  ],
  [
    1575417600000,
    2.2938732455666515
  ],
  [
    1575504000000,
    281.68159592414327
  ],
  [
    1575590400000,
    60.48662363192779
  ],
  [
    1575676800000,
    52.81260207958014
  ],
  [
    1575763200000,
    34.214662487615456
  ],
  [
    1575849600000,
    31.626232547177178
  ],
  [
    1575936000000,
    5.870902761544454
  ],
  [
    1576022400000,
    74.36928132735757
  ],
  [
    1576108800000,
    93.3253685976242
  ],
  [
    1576195200000,
    0.22659597240611515
  ],
  [
    1576281600000,
    0.4924070187810756
  ],
  [
    1576368000000,
    0
  ],
  [
    1576540800000,
    7.779883456428795
  ],
  [
    1576627200000,
    1.1343296742296434
  ],
  [
    1576713600000,
    0
  ],
  [
    1577059200000,
    351.37971467691773
  ],
  [
    1577145600000,
    1.0543957587675317
  ],
  [
    1577232000000,
    0.10431467985784061
  ],
  [
    1577318400000,
    0.13526944533297716
  ],
  [
    1577404800000,
    7.3727459510044095
  ],
  [
    1577491200000,
    12.529519584610096
  ],
  [
    1577577600000,
    135.70911307195342
  ],
  [
    1577664000000,
    20.728387990028434
  ],
  [
    1577750400000,
    19.26241195841595
  ],
  [
    1577836800000,
    30.17693350400537
  ],
  [
    1577923200000,
    1.7961591020132217
  ],
  [
    1578009600000,
    0.44391364771989567
  ],
  [
    1578096000000,
    7.992878945944899
  ],
  [
    1578182400000,
    7.116239251984081
  ],
  [
    1578268800000,
    1.0428434039302383
  ],
  [
    1578355200000,
    0
  ],
  [
    1578441600000,
    0.004814268506182854
  ],
  [
    1578528000000,
    0
  ],
  [
    1578614400000,
    59.20763653271921
  ],
  [
    1578700800000,
    0
  ],
  [
    1578960000000,
    1.0643978516115082
  ],
  [
    1579046400000,
    0.02480518511762178
  ],
  [
    1579305600000,
    6.6914933591844195
  ],
  [
    1579824000000,
    1.9836374742721035
  ],
  [
    1579910400000,
    0.024635866816151927
  ],
  [
    1579996800000,
    0.42481383539770046
  ],
  [
    1580256000000,
    0.6935721597993303
  ],
  [
    1580428800000,
    9.021589179086927
  ],
  [
    1580515200000,
    3.7526231560047747
  ],
  [
    1580601600000,
    0.4656820899317348
  ],
  [
    1580688000000,
    0.2976650013891587
  ],
  [
    1580774400000,
    0.14028349507402058
  ],
  [
    1580860800000,
    6.6531222619687
  ],
  [
    1580947200000,
    1.9213122096390616
  ],
  [
    1581120000000,
    8.814668298982033
  ],
  [
    1581206400000,
    0.06735815268090509
  ],
  [
    1581379200000,
    3.212310704157841
  ],
  [
    1581465600000,
    0.24875536571358436
  ],
  [
    1581552000000,
    1.8359084175473612
  ],
  [
    1581638400000,
    0.5381750641997523
  ],
  [
    1581724800000,
    3.246694178512739
  ],
  [
    1581811200000,
    0.07996077686252655
  ],
  [
    1581897600000,
    0.4438881548188976
  ],
  [
    1581984000000,
    1.8719511431233664
  ],
  [
    1582156800000,
    0.0161036329297401
  ],
  [
    1582329600000,
    9.491646576318153
  ],
  [
    1582416000000,
    3.896093027917126
  ],
  [
    1582588800000,
    0.6942268187432397
  ],
  [
    1582675200000,
    5.663736719353176
  ],
  [
    1582761600000,
    0.28456763874566116
  ],
  [
    1582848000000,
    0.2822080679196559
  ],
  [
    1582934400000,
    0.01614475512293469
  ],
  [
    1583020800000,
    0.005352291248424645
  ],
  [
    1583107200000,
    1.3428138877519942
  ],
  [
    1583193600000,
    0.20667045162070752
  ],
  [
    1583280000000,
    8.179200128319152
  ],
  [
    1583366400000,
    4.588924654069582
  ],
  [
    1583452800000,
    0.005257362754182479
  ],
  [
    1583539200000,
    115.45099814146167
  ],
  [
    1583625600000,
    1616.5613197165471
  ],
  [
    1583712000000,
    20.349485650491193
  ],
  [
    1583798400000,
    172.97614449880078
  ],
  [
    1583884800000,
    0.5525185909098255
  ],
  [
    1583971200000,
    4.151927853353687
  ],
  [
    1584057600000,
    0.05175438865820921
  ],
  [
    1584144000000,
    3.2142196317637346
  ],
  [
    1584230400000,
    9.215387530530533
  ],
  [
    1584316800000,
    9.533978684067495
  ],
  [
    1584403200000,
    32.70112917858848
  ],
  [
    1584489600000,
    4.432854675556778
  ],
  [
    1584576000000,
    0.24074077936444244
  ],
  [
    1584662400000,
    24.675220008589484
  ],
  [
    1584748800000,
    18.403517739700217
  ],
  [
    1584835200000,
    26.13935474896368
  ],
  [
    1584921600000,
    0.30131769033260547
  ],
  [
    1585008000000,
    0.2326278999765525
  ],
  [
    1585094400000,
    0.12617092948694672
  ],
  [
    1585180800000,
    0.11770586732450534
  ],
  [
    1585267200000,
    0.3771761990520951
  ],
  [
    1585353600000,
    211.48834746037025
  ],
  [
    1585440000000,
    44.524061459206735
  ],
  [
    1585526400000,
    13.290003855349557
  ],
  [
    1585612800000,
    37.57997925612569
  ],
  [
    1585699200000,
    80.01216290594992
  ],
  [
    1585785600000,
    47.48575953215546
  ],
  [
    1585872000000,
    4.8867768042894815
  ],
  [
    1585958400000,
    0.4256000978747225
  ],
  [
    1586044800000,
    0.018847667979259953
  ],
  [
    1586131200000,
    0.01887671779006017
  ],
  [
    1586217600000,
    5.215887065892243
  ],
  [
    1586304000000,
    0.056145323859909106
  ],
  [
    1586390400000,
    11.188303434681536
  ],
  [
    1586476800000,
    216.4569259771654
  ],
  [
    1586563200000,
    67.37578845342824
  ],
  [
    1586649600000,
    0.026800506919500193
  ],
  [
    1586736000000,
    15.89444753959073
  ],
  [
    1586822400000,
    0.008126346011784198
  ],
  [
    1586995200000,
    0.06218989584409684
  ],
  [
    1587081600000,
    1.3942304815681292
  ],
  [
    1587168000000,
    0.07714191849799883
  ],
  [
    1587254400000,
    10.865306880452737
  ],
  [
    1587340800000,
    0.5111531107549901
  ],
  [
    1587427200000,
    27.413661799487485
  ],
  [
    1587513600000,
    0.4865283367534836
  ],
  [
    1587600000000,
    0.008276851933781271
  ],
  [
    1587772800000,
    0.01741726512715051
  ],
  [
    1587859200000,
    20.774809078190103
  ],
  [
    1587945600000,
    0.00876187965339235
  ],
  [
    1588032000000,
    0.8029126199954029
  ],
  [
    1588118400000,
    0.017911599627043744
  ],
  [
    1588204800000,
    1.957840655577133
  ],
  [
    1588291200000,
    15.850019342716351
  ],
  [
    1588377600000,
    0.02042358452557248
  ],
  [
    1588550400000,
    2.8241829539058085
  ],
  [
    1588636800000,
    0.7089426903684092
  ],
  [
    1588723200000,
    13.834011123864222
  ],
  [
    1588809600000,
    138.36071919996888
  ],
  [
    1588896000000,
    76.68165527798743
  ],
  [
    1588982400000,
    0.04052709718826077
  ],
  [
    1589068800000,
    0.41878522486166525
  ],
  [
    1589155200000,
    1.068173425723954
  ],
  [
    1589241600000,
    94.03974541803709
  ],
  [
    1589328000000,
    61.45371201186329
  ],
  [
    1589414400000,
    10.481798243487505
  ],
  [
    1589500800000,
    0.044545233252916046
  ],
  [
    1589587200000,
    49.084656683964226
  ],
  [
    1589673600000,
    41.16216845906151
  ],
  [
    1589760000000,
    359.9881618491523
  ],
  [
    1589846400000,
    48.09241310362602
  ],
  [
    1589932800000,
    410.9454902854915
  ],
  [
    1590019200000,
    77.99294785032617
  ],
  [
    1590105600000,
    6.8318011908289815
  ],
  [
    1590192000000,
    37.134677284663105
  ],
  [
    1590278400000,
    1.2137316871467192
  ],
  [
    1590364800000,
    51.64616007105334
  ],
  [
    1590451200000,
    9.289396492264434
  ],
  [
    1590537600000,
    154.36272275714478
  ],
  [
    1590624000000,
    856.4335865135682
  ],
  [
    1590710400000,
    43.73308249386837
  ],
  [
    1590796800000,
    148.91910542849675
  ],
  [
    1590883200000,
    1.5290831105561131
  ],
  [
    1590969600000,
    4.139311350899612
  ],
  [
    1591056000000,
    32.30891169691559
  ],
  [
    1591142400000,
    6.983165018664056
  ],
  [
    1591315200000,
    126.41757405746861
  ],
  [
    1591401600000,
    140.74654389765644
  ],
  [
    1591488000000,
    163.59279135098078
  ],
  [
    1591574400000,
    39.348754939882895
  ],
  [
    1591660800000,
    4.001548146665595
  ],
  [
    1591747200000,
    119.79880501298541
  ],
  [
    1591833600000,
    48.337824691729814
  ],
  [
    1591920000000,
    213.15248603083788
  ],
  [
    1592006400000,
    35.53775726018247
  ],
  [
    1592092800000,
    15.58732322442451
  ],
  [
    1592179200000,
    85.05228099054999
  ],
  [
    1592265600000,
    33.89694921518624
  ],
  [
    1592352000000,
    42.66448455878184
  ],
  [
    1592438400000,
    24.816600253976585
  ],
  [
    1592524800000,
    359.34262760963327
  ],
  [
    1592611200000,
    155.77065875055868
  ],
  [
    1592697600000,
    253.11420176559471
  ],
  [
    1592784000000,
    117.52409902547635
  ],
  [
    1592870400000,
    393.5007135968215
  ],
  [
    1592956800000,
    55.34988955345081
  ],
  [
    1593043200000,
    45.87670514566339
  ],
  [
    1593129600000,
    228.14096758624027
  ],
  [
    1593216000000,
    63.150122305269925
  ],
  [
    1593302400000,
    70.63139010944323
  ],
  [
    1593388800000,
    122.63869665795914
  ],
  [
    1593475200000,
    91.22419967215703
  ],
  [
    1593561600000,
    262.7443781706406
  ],
  [
    1593648000000,
    80.93407846764313
  ],
  [
    1593734400000,
    15.802408449402638
  ],
  [
    1593820800000,
    80.38979990961045
  ],
  [
    1593907200000,
    40.99769111652118
  ],
  [
    1593993600000,
    235.88699271388737
  ],
  [
    1594080000000,
    0.013868744722134944
  ],
  [
    1594166400000,
    219.49471463008624
  ],
  [
    1594252800000,
    111.39479111060965
  ],
  [
    1594339200000,
    0.5406559132983242
  ],
  [
    1594425600000,
    2.6886637311634214
  ],
  [
    1594512000000,
    86.88302136333212
  ],
  [
    1594598400000,
    72.28234783562239
  ],
  [
    1594684800000,
    96.45220622522189
  ],
  [
    1594771200000,
    58.4499433905668
  ],
  [
    1594857600000,
    199.59951223975926
  ],
  [
    1594944000000,
    470.02448764027673
  ],
  [
    1595030400000,
    348.30873650868847
  ],
  [
    1595116800000,
    10.41038622985938
  ],
  [
    1595203200000,
    75.59075920574381
  ],
  [
    1595289600000,
    84.04226802266378
  ],
  [
    1595376000000,
    218.52121358437813
  ],
  [
    1595462400000,
    87.43830007598199
  ],
  [
    1595548800000,
    90.69638309620177
  ],
  [
    1595635200000,
    1.6875706602398213
  ],
  [
    1595721600000,
    43.6631674532032
  ],
  [
    1595808000000,
    187.28337383557738
  ],
  [
    1595894400000,
    126.7060371970106
  ],
  [
    1595980800000,
    137.1932802292353
  ],
  [
    1596067200000,
    14.682332332219199
  ],
  [
    1596153600000,
    84.38515619209016
  ],
  [
    1596240000000,
    16.99290569869875
  ],
  [
    1596326400000,
    51.694259133133066
  ],
  [
    1596412800000,
    0.056257428685456
  ],
  [
    1596499200000,
    98.98984294205812
  ],
  [
    1596585600000,
    98.98984294205812
  ],
  [
    1596672000000,
    1.4722975719711149
  ],
  [
    1596758400000,
    84.36129814506639
  ],
  [
    1596844800000,
    29.692019122123366
  ],
  [
    1596931200000,
    11.766742396006164
  ],
  [
    1597017600000,
    1.4857723498266762
  ],
  [
    1597104000000,
    55.66663807567444
  ],
  [
    1597190400000,
    54.80937856191901
  ],
  [
    1597276800000,
    504.9064455956797
  ],
  [
    1597363200000,
    324.6210232995171
  ],
  [
    1597449600000,
    221.14596124606106
  ],
  [
    1597536000000,
    56.44207418511739
  ],
  [
    1597622400000,
    84.70637020566336
  ],
  [
    1597708800000,
    175.54634041371648
  ],
  [
    1597795200000,
    140.20144614502502
  ],
  [
    1597881600000,
    209.08737511410948
  ],
  [
    1597968000000,
    38.611074455084655
  ],
  [
    1598054400000,
    1536.7898291332567
  ],
  [
    1598140800000,
    1151.6697969446855
  ],
  [
    1598227200000,
    218.87970136855827
  ],
  [
    1598313600000,
    210.76999745651293
  ],
  [
    1598400000000,
    19.526739223157836
  ],
  [
    1598486400000,
    281.8788722680073
  ],
  [
    1598572800000,
    138.42793328124588
  ],
  [
    1598659200000,
    187.35328545651603
  ],
  [
    1598745600000,
    383.95085959305385
  ],
  [
    1598832000000,
    111.06636826361851
  ],
  [
    1598918400000,
    634.1084181181626
  ],
  [
    1599004800000,
    238.43965204627492
  ],
  [
    1599091200000,
    121.71367649360114
  ],
  [
    1599177600000,
    9.26056267086472
  ],
  [
    1599264000000,
    72.90867131897305
  ],
  [
    1599350400000,
    42.789469890947885
  ],
  [
    1599436800000,
    22.778991247334236
  ],
  [
    1599523200000,
    22.686298318290813
  ],
  [
    1599609600000,
    6.558798496648702
  ],
  [
    1599696000000,
    256.79854217806417
  ],
  [
    1599782400000,
    256.79854217806417
  ],
  [
    1599868800000,
    5.957289273749012
  ],
  [
    1599955200000,
    65.70146481311295
  ],
  [
    1600041600000,
    120.06824131010663
  ],
  [
    1600128000000,
    3.4271165416160243
  ],
  [
    1600214400000,
    3.369726624650064
  ],
  [
    1600300800000,
    40.32692114262913
  ],
  [
    1600387200000,
    39.373156658286945
  ],
  [
    1600473600000,
    72.55393436414634
  ],
  [
    1600560000000,
    72.55393436414634
  ],
  [
    1600646400000,
    0.015394233117302184
  ],
  [
    1600732800000,
    1.4231391028787106
  ],
  [
    1600819200000,
    0.1370102898517589
  ],
  [
    1600905600000,
    0.13684262942335407
  ],
  [
    1600992000000,
    12.583906297364608
  ],
  [
    1601078400000,
    0.14691892151131827
  ],
  [
    1601510400000,
    2.4351407132195058
  ],
  [
    1601596800000,
    2.4351407132195058
  ],
  [
    1601683200000,
    0.013801951848201943
  ],
  [
    1601769600000,
    39.05344283240724
  ],
  [
    1601856000000,
    0.027690459290086112
  ],
  [
    1601942400000,
    41.02863967017245
  ],
  [
    1602028800000,
    0.02992916730557107
  ],
  [
    1602115200000,
    60.51028500315347
  ],
  [
    1602201600000,
    1.219011646690782
  ],
  [
    1602547200000,
    1.0970469600013695
  ],
  [
    1602633600000,
    1.0970469600013695
  ],
  [
    1602720000000,
    0.02571886582739279
  ],
  [
    1602806400000,
    0.02571886582739279
  ],
  [
    1602892800000,
    0.013010532828437733
  ],
  [
    1602979200000,
    66.75615551936298
  ],
  [
    1603065600000,
    0.0273074452349796
  ],
  [
    1603152000000,
    1.875192966839845
  ],
  [
    1603238400000,
    0.26834294806258413
  ],
  [
    1603411200000,
    14.012415712583946
  ],
  [
    1603497600000,
    14.012415712583946
  ],
  [
    1603584000000,
    0.31115968423305823
  ],
  [
    1603670400000,
    1.8613200932311138
  ],
  [
    1603756800000,
    4.686781258044596
  ],
  [
    1603843200000,
    0.2626621772145853
  ],
  [
    1603929600000,
    0.2624179752008696
  ],
  [
    1604102400000,
    5.832363278002565
  ],
  [
    1604188800000,
    5.832363278002565
  ],
  [
    1604275200000,
    0.6550787417803471
  ],
  [
    1604361600000,
    13.746718551157276
  ],
  [
    1604448000000,
    0.29570413677524265
  ],
  [
    1604534400000,
    6.824510553708827
  ],
  [
    1604620800000,
    0.018397985495156335
  ],
  [
    1604707200000,
    1.5673053041265743
  ],
  [
    1604793600000,
    0.07569017689360108
  ],
  [
    1604880000000,
    0.06097179161252217
  ],
  [
    1604966400000,
    22.2353408995877
  ],
  [
    1605052800000,
    45.21199822886408
  ],
  [
    1605139200000,
    26.27698282883146
  ],
  [
    1605225600000,
    15.296138248946491
  ],
  [
    1605312000000,
    16.00769522292601
  ],
  [
    1605398400000,
    0.01844341185037164
  ],
  [
    1605657600000,
    34.89274283774929
  ],
  [
    1605744000000,
    34.89274283774929
  ],
  [
    1605830400000,
    0.021185079059357553
  ],
  [
    1605916800000,
    27.529474565696578
  ],
  [
    1606003200000,
    17.70164141671528
  ],
  [
    1606089600000,
    12.865372515190794
  ],
  [
    1606176000000,
    30.235472677473183
  ],
  [
    1606262400000,
    30.87688121468004
  ],
  [
    1606348800000,
    7.645971424963212
  ],
  [
    1606435200000,
    13.124918332984063
  ],
  [
    1606521600000,
    0.09916761207472492
  ],
  [
    1606608000000,
    13.614959456370995
  ],
  [
    1606694400000,
    13.614959456370995
  ],
  [
    1606780800000,
    0.01863547353682418
  ],
  [
    1606867200000,
    24.065397001942035
  ],
  [
    1606953600000,
    16.161695047110136
  ],
  [
    1607040000000,
    4.271006944452865
  ],
  [
    1607126400000,
    0.013715790424508814
  ],
  [
    1607212800000,
    0.2565079431411221
  ],
  [
    1607299200000,
    0.2062372139742754
  ],
  [
    1607385600000,
    0.2062372139742754
  ],
  [
    1607472000000,
    33.577164014274864
  ],
  [
    1607558400000,
    33.577164014274864
  ],
  [
    1607644800000,
    6.980035811416428
  ],
  [
    1607817600000,
    57.27343421201546
  ],
  [
    1607904000000,
    57.27343421201546
  ],
  [
    1607990400000,
    0.2313035669407695
  ],
  [
    1608076800000,
    13.328060206378527
  ],
  [
    1608163200000,
    0.8622126651230296
  ],
  [
    1608249600000,
    6.799469265241353
  ],
  [
    1608336000000,
    8.471649380653787
  ],
  [
    1608422400000,
    16.232858632298722
  ],
  [
    1608508800000,
    0.9748598021039859
  ],
  [
    1608595200000,
    61.42951041622993
  ],
  [
    1608681600000,
    44.928148215502
  ],
  [
    1608768000000,
    1.525961769296904
  ],
  [
    1608854400000,
    1.570292962822812
  ],
  [
    1608940800000,
    0.010454223595614778
  ],
  [
    1609027200000,
    5.146796827008135
  ],
  [
    1609113600000,
    40.963063712442136
  ],
  [
    1609200000000,
    0.02668666915779911
  ],
  [
    1609286400000,
    28.05162169048183
  ],
  [
    1609372800000,
    28.05162169048183
  ],
  [
    1609459200000,
    7.297907354757852
  ],
  [
    1609545600000,
    14.612753113711461
  ],
  [
    1609632000000,
    14.612753113711461
  ],
  [
    1609718400000,
    0.26567753184933446
  ],
  [
    1609804800000,
    0.31696144832771567
  ],
  [
    1609891200000,
    16.654337572429277
  ],
  [
    1609977600000,
    2.110068719949633
  ],
  [
    1610064000000,
    7.303063480375156
  ],
  [
    1610150400000,
    7.551439123090439
  ],
  [
    1610236800000,
    99.41037462823796
  ],
  [
    1610323200000,
    934.9920406144412
  ],
  [
    1610409600000,
    12.563484808178233
  ],
  [
    1610496000000,
    7.2642186435076415
  ],
  [
    1610582400000,
    165.5668060243964
  ],
  [
    1610668800000,
    146.2137844655728
  ],
  [
    1610755200000,
    0.060903837900761586
  ],
  [
    1610841600000,
    13.315095594365882
  ],
  [
    1610928000000,
    29.039619614248288
  ],
  [
    1611014400000,
    13.084771366810022
  ],
  [
    1611100800000,
    9.958980439543012
  ],
  [
    1611187200000,
    0.757346843833051
  ],
  [
    1611273600000,
    0.9169599053924046
  ],
  [
    1611360000000,
    8.371591540965436
  ],
  [
    1611446400000,
    0.06397223657784488
  ],
  [
    1611532800000,
    114.3147271140936
  ],
  [
    1611619200000,
    114.3147271140936
  ],
  [
    1611705600000,
    941.87480748336
  ],
  [
    1611792000000,
    515.5831296180065
  ],
  [
    1611878400000,
    15.903607768379763
  ],
  [
    1611964800000,
    173.2946172581886
  ],
  [
    1612051200000,
    19.352122924100026
  ],
  [
    1612137600000,
    87.41590849942074
  ],
  [
    1612224000000,
    0.07276662526265999
  ],
  [
    1612310400000,
    646.0300922948619
  ],
  [
    1612396800000,
    125.08198398317671
  ],
  [
    1612483200000,
    65.44943936744588
  ],
  [
    1612569600000,
    20.762650034161766
  ],
  [
    1612656000000,
    1.229702881379786
  ],
  [
    1612742400000,
    622.4498982182655
  ],
  [
    1612828800000,
    388.9663064703569
  ],
  [
    1612915200000,
    111.63693176821118
  ],
  [
    1613001600000,
    955.8045368286257
  ],
  [
    1613088000000,
    169.62591912549556
  ],
  [
    1613174400000,
    157.81226173139808
  ],
  [
    1613260800000,
    328.38968797263897
  ],
  [
    1613347200000,
    49.70663984904237
  ],
  [
    1613433600000,
    38.744131937913934
  ],
  [
    1613520000000,
    50.93471372236956
  ],
  [
    1613606400000,
    11.766347437864658
  ],
  [
    1613692800000,
    100.07949938768047
  ],
  [
    1613779200000,
    10.906932410589395
  ],
  [
    1613865600000,
    117.14050382686395
  ],
  [
    1613952000000,
    5979.256908721115
  ],
  [
    1614038400000,
    3960.1370188871315
  ],
  [
    1614124800000,
    51.61704990428035
  ],
  [
    1614211200000,
    236.48003346438148
  ],
  [
    1614297600000,
    494.7260739380804
  ],
  [
    1614384000000,
    54.93789541344926
  ],
  [
    1614470400000,
    226.5337207001923
  ],
  [
    1614556800000,
    519.3688820382959
  ],
  [
    1614643200000,
    141.19644311281792
  ],
  [
    1614729600000,
    249.58578304306434
  ],
  [
    1614816000000,
    64.10677043676648
  ],
  [
    1614902400000,
    10.120268381885769
  ],
  [
    1614988800000,
    287.4052101843658
  ],
  [
    1615075200000,
    34.76951871488029
  ],
  [
    1615161600000,
    16.366304435509395
  ],
  [
    1615248000000,
    241.90253826544907
  ],
  [
    1615334400000,
    294.9842802613406
  ],
  [
    1615420800000,
    2529.5014512674193
  ],
  [
    1615507200000,
    801.6290345999023
  ],
  [
    1615593600000,
    368.8116334640967
  ],
  [
    1615680000000,
    48.54648600955156
  ],
  [
    1615766400000,
    301.1686338033464
  ],
  [
    1615852800000,
    238.76876939559946
  ],
  [
    1615939200000,
    164.56755046013473
  ],
  [
    1616025600000,
    96.37435883310712
  ],
  [
    1616112000000,
    67.8624945027364
  ],
  [
    1616198400000,
    1.46900048805487
  ],
  [
    1616284800000,
    66.35554858679217
  ],
  [
    1616371200000,
    86.26667517653397
  ],
  [
    1616457600000,
    2507.7137904504784
  ],
  [
    1616544000000,
    127.27962616692598
  ],
  [
    1616630400000,
    148.0912277380494
  ],
  [
    1616716800000,
    386.25550442154537
  ],
  [
    1616803200000,
    1595.0245401724549
  ],
  [
    1616889600000,
    702.6285897727964
  ],
  [
    1616976000000,
    399.66670623003967
  ],
  [
    1617062400000,
    1045.6743280007215
  ],
  [
    1617148800000,
    231.678338708878
  ],
  [
    1617235200000,
    91.8663868410863
  ],
  [
    1617321600000,
    69.65337078467729
  ],
  [
    1617408000000,
    175.78174180139717
  ],
  [
    1617494400000,
    222.539669906431
  ],
  [
    1617580800000,
    40.1727831934199
  ],
  [
    1617667200000,
    187.0653473862873
  ],
  [
    1617753600000,
    47.618986480592326
  ],
  [
    1617840000000,
    143.7581778682687
  ],
  [
    1617926400000,
    107.94331960674683
  ],
  [
    1618012800000,
    249.11699791338003
  ],
  [
    1618099200000,
    176.6502660358742
  ],
  [
    1618185600000,
    58.96965381192295
  ],
  [
    1618272000000,
    15270.842578492899
  ],
  [
    1618358400000,
    6937.658174332729
  ],
  [
    1618444800000,
    2288.917522514208
  ],
  [
    1618531200000,
    364.6686292852891
  ],
  [
    1618617600000,
    1383.4481836399304
  ],
  [
    1618704000000,
    325.54001895702953
  ],
  [
    1618790400000,
    334.63351555173807
  ],
  [
    1618876800000,
    42.78221357772807
  ],
  [
    1618963200000,
    279.1273547930388
  ],
  [
    1619049600000,
    678.2204411853456
  ],
  [
    1619136000000,
    210.8491368637787
  ],
  [
    1619222400000,
    0.06067206537380128
  ],
  [
    1619308800000,
    2.600341221705372
  ],
  [
    1619395200000,
    2.600341221705372
  ],
  [
    1619481600000,
    174.10345886776898
  ],
  [
    1619568000000,
    3846.2631439535976
  ],
  [
    1619654400000,
    421.68729196946254
  ],
  [
    1619740800000,
    226.62877113783392
  ],
  [
    1619827200000,
    231.82784814998146
  ],
  [
    1619913600000,
    86.21453622507823
  ],
  [
    1620000000000,
    6.428032188969164
  ],
  [
    1620086400000,
    99.20962530799358
  ],
  [
    1620172800000,
    63.18836100930564
  ],
  [
    1620259200000,
    16.42481956088091
  ],
  [
    1620345600000,
    212.86784922993562
  ],
  [
    1620432000000,
    459.4736407393573
  ],
  [
    1620518400000,
    2430.262354625091
  ],
  [
    1620604800000,
    500.07918032192566
  ],
  [
    1620691200000,
    191.8124607908634
  ],
  [
    1620777600000,
    114.56404003054286
  ],
  [
    1620864000000,
    17.904112213921604
  ],
  [
    1620950400000,
    44.928871049910896
  ],
  [
    1621036800000,
    734.4258019442806
  ],
  [
    1621123200000,
    163.51734862020828
  ],
  [
    1621209600000,
    218.756749161832
  ],
  [
    1621296000000,
    32.697731082057025
  ],
  [
    1621382400000,
    173.66480255752586
  ],
  [
    1621468800000,
    104.94013328044105
  ],
  [
    1621555200000,
    24.564563460835494
  ],
  [
    1621641600000,
    155.84641123225015
  ],
  [
    1621728000000,
    4.438382991288436
  ],
  [
    1621814400000,
    47.532256037884345
  ],
  [
    1621900800000,
    0.48103567922420865
  ],
  [
    1621987200000,
    11.979236490612905
  ],
  [
    1622073600000,
    28.93966986221456
  ],
  [
    1622160000000,
    18.2491154833208
  ],
  [
    1622246400000,
    18.355260297619406
  ],
  [
    1622332800000,
    7.135762547181986
  ],
  [
    1622419200000,
    7.135762547181986
  ],
  [
    1622592000000,
    127.66498676441797
  ],
  [
    1622678400000,
    127.66498676441797
  ],
  [
    1622764800000,
    45.8083085138897
  ],
  [
    1622851200000,
    18.715752170073973
  ],
  [
    1622937600000,
    322.82606432312866
  ],
  [
    1623024000000,
    3.2556171729096826
  ],
  [
    1623110400000,
    386.1983984343339
  ],
  [
    1623196800000,
    3.2642166086160422
  ],
  [
    1623283200000,
    8.362839863547137
  ],
  [
    1623369600000,
    8.362839863547137
  ],
  [
    1623456000000,
    3.870305234293134
  ],
  [
    1623542400000,
    3.8753069807726646
  ],
  [
    1623628800000,
    55.267980871248334
  ],
  [
    1623715200000,
    173.3330784521587
  ],
  [
    1623801600000,
    22.032404845965193
  ],
  [
    1624060800000,
    11.630650326822982
  ],
  [
    1624147200000,
    11.630650326822982
  ],
  [
    1624233600000,
    4.490137806422866
  ],
  [
    1624320000000,
    38.97222781048434
  ],
  [
    1624406400000,
    39.430836947128746
  ],
  [
    1624492800000,
    26.481474207808734
  ],
  [
    1624579200000,
    26.677221471657063
  ],
  [
    1624665600000,
    0.12526608561867394
  ],
  [
    1624752000000,
    96.23240279478684
  ],
  [
    1624838400000,
    96.23240279478684
  ],
  [
    1624924800000,
    0.027009213283795488
  ],
  [
    1625011200000,
    29.433502487729804
  ],
  [
    1625097600000,
    0.02736843559566488
  ],
  [
    1625184000000,
    0.026819688868385635
  ],
  [
    1625270400000,
    0.8065625404397584
  ],
  [
    1625356800000,
    5.43133674323084
  ],
  [
    1625443200000,
    5.32904049714047
  ],
  [
    1625529600000,
    130.13579229737124
  ],
  [
    1625616000000,
    130.13579229737124
  ],
  [
    1625702400000,
    0.36901275610843376
  ],
  [
    1625788800000,
    0.5599293727885655
  ],
  [
    1625875200000,
    1.0208147804796222
  ],
  [
    1625961600000,
    0.03981660630684142
  ],
  [
    1626048000000,
    33.53451984749949
  ],
  [
    1626134400000,
    33.53451984749949
  ],
  [
    1626393600000,
    22.12676749640034
  ],
  [
    1626480000000,
    22.12676749640034
  ],
  [
    1626566400000,
    18.547499794515907
  ],
  [
    1626652800000,
    18.971072429293535
  ],
  [
    1626825600000,
    7.336913236232576
  ],
  [
    1626912000000,
    7.336913236232576
  ],
  [
    1627084800000,
    16.976900996003494
  ],
  [
    1627171200000,
    16.976900996003494
  ],
  [
    1627344000000,
    23.094868908684887
  ],
  [
    1627430400000,
    23.094868908684887
  ],
  [
    1627776000000,
    76.54268070335773
  ],
  [
    1627862400000,
    76.54268070335773
  ],
  [
    1627948800000,
    44.51546699994955
  ],
  [
    1628640000000,
    428.882869464517
  ],
  [
    1628726400000,
    428.882869464517
  ],
  [
    1628812800000,
    0.22496880957742987
  ],
  [
    1628899200000,
    7347.301732370762
  ],
  [
    1628985600000,
    92.76148189921545
  ],
  [
    1629072000000,
    505.7283185912388
  ],
  [
    1629158400000,
    453.0080607738095
  ],
  [
    1629244800000,
    2132.48317643873
  ],
  [
    1629331200000,
    0.10102096898582151
  ],
  [
    1629417600000,
    0.10120984888723361
  ],
  [
    1629504000000,
    133.45403477784782
  ],
  [
    1629590400000,
    56.024771630685244
  ],
  [
    1629676800000,
    31.73565934263699
  ],
  [
    1629763200000,
    129.17203533777774
  ],
  [
    1629849600000,
    129.17203533777774
  ],
  [
    1629936000000,
    19.418850010700172
  ],
  [
    1630022400000,
    19.418850010700172
  ],
  [
    1630108800000,
    35.83686506762924
  ],
  [
    1630195200000,
    73.87470080334708
  ],
  [
    1630281600000,
    24.27997601565619
  ],
  [
    1630368000000,
    5.341428390556198
  ],
  [
    1630454400000,
    91.34157268993562
  ],
  [
    1630540800000,
    6.14229227065398
  ],
  [
    1630627200000,
    0.07490924623575966
  ]
]