[
  [
    1529452800000,
    101548.78982182992
  ],
  [
    1529539200000,
    18429.31103768391
  ],
  [
    1529625600000,
    40999.12441712137
  ],
  [
    1529712000000,
    13136.033404741464
  ],
  [
    1529798400000,
    1180.5200504942934
  ],
  [
    1529884800000,
    10583.61618587714
  ],
  [
    1529971200000,
    999.5156859914458
  ],
  [
    1530057600000,
    8600.256847555109
  ],
  [
    1530144000000,
    2232.420402688107
  ],
  [
    1530230400000,
    6387.888834247047
  ],
  [
    1530316800000,
    7575.917249799489
  ],
  [
    1530403200000,
    46366.62990875027
  ],
  [
    1530489600000,
    9356.043396459134
  ],
  [
    1530576000000,
    9983.220200588374
  ],
  [
    1530662400000,
    11911.739635997967
  ],
  [
    1530748800000,
    31739.463342475385
  ],
  [
    1530835200000,
    24476.47483342545
  ],
  [
    1530921600000,
    29952.687460563866
  ],
  [
    1531008000000,
    7536.4792139103165
  ],
  [
    1531094400000,
    71022.74390736618
  ],
  [
    1531180800000,
    62850.48751998944
  ],
  [
    1531267200000,
    84584.0874070751
  ],
  [
    1531353600000,
    45218.099812235385
  ],
  [
    1531440000000,
    47924.86381005624
  ],
  [
    1531526400000,
    6182.547491897511
  ],
  [
    1531612800000,
    6406.450799348154
  ],
  [
    1531699200000,
    1373.3163240722383
  ],
  [
    1531785600000,
    1867.1647900230041
  ],
  [
    1531872000000,
    7528.656157201501
  ],
  [
    1531958400000,
    2856.482620437936
  ],
  [
    1532044800000,
    2020.8146229851604
  ],
  [
    1532131200000,
    23001.3754752411
  ],
  [
    1532217600000,
    6035.012102429626
  ],
  [
    1532304000000,
    3128.724402824018
  ],
  [
    1532390400000,
    18007.623438518294
  ],
  [
    1532476800000,
    5828.4209504189885
  ],
  [
    1532563200000,
    6217.357455247155
  ],
  [
    1532649600000,
    17028.896410599562
  ],
  [
    1532736000000,
    27387.740667174305
  ],
  [
    1532822400000,
    4142.612480256634
  ],
  [
    1532908800000,
    357.39557879987586
  ],
  [
    1532995200000,
    23021.855377212083
  ],
  [
    1533081600000,
    12471.535703564687
  ],
  [
    1533168000000,
    3390.6240924319686
  ],
  [
    1533254400000,
    3309.0630191121654
  ],
  [
    1533340800000,
    2725.094377073011
  ],
  [
    1533427200000,
    3481.504431529593
  ],
  [
    1533513600000,
    1586.0375363068333
  ],
  [
    1533600000000,
    910.3052036973247
  ],
  [
    1533686400000,
    15776.862759773612
  ],
  [
    1533772800000,
    4901.705879747997
  ],
  [
    1533859200000,
    43758.71968147659
  ],
  [
    1533945600000,
    25870.479608778023
  ],
  [
    1534032000000,
    43138.402351309756
  ],
  [
    1534118400000,
    19889.166362997727
  ],
  [
    1534204800000,
    18238.175596854588
  ],
  [
    1534291200000,
    68160.4049900205
  ],
  [
    1534377600000,
    126691.20390241391
  ],
  [
    1534464000000,
    11646.967645359564
  ],
  [
    1534550400000,
    13702.02122913444
  ],
  [
    1534636800000,
    2027.4820000054735
  ],
  [
    1534723200000,
    263.9376255044005
  ],
  [
    1534809600000,
    2161.272968967744
  ],
  [
    1534896000000,
    3963.8610583509026
  ],
  [
    1534982400000,
    3151.0554989986163
  ],
  [
    1535068800000,
    122.90698627036592
  ],
  [
    1535155200000,
    122.69404309516767
  ],
  [
    1535241600000,
    10894.677667950433
  ],
  [
    1535328000000,
    2261.527624427051
  ],
  [
    1535414400000,
    1009.43818130796
  ],
  [
    1535500800000,
    57603.5148248227
  ],
  [
    1535587200000,
    28066.411623789445
  ],
  [
    1535673600000,
    416.04325172064733
  ],
  [
    1535760000000,
    66.90865265499461
  ],
  [
    1535846400000,
    4141.568322980586
  ],
  [
    1535932800000,
    551.4285031116195
  ],
  [
    1536019200000,
    3380.8452846322944
  ],
  [
    1536105600000,
    6995.93699
  ],
  [
    1536192000000,
    226.88960325993298
  ],
  [
    1536278400000,
    2873.184661194643
  ],
  [
    1536364800000,
    31.240394
  ],
  [
    1536537600000,
    1843.8179137671173
  ],
  [
    1536624000000,
    1985.6700393543583
  ],
  [
    1536710400000,
    5290.872838491241
  ],
  [
    1536796800000,
    113.67766713012769
  ],
  [
    1536883200000,
    623.86065122
  ],
  [
    1536969600000,
    6270.289793305164
  ],
  [
    1537056000000,
    7928.3737862282005
  ],
  [
    1537142400000,
    164.2520158292047
  ],
  [
    1537228800000,
    46.782101031970285
  ],
  [
    1537315200000,
    8687.138854094886
  ],
  [
    1537401600000,
    13086.1729782774
  ],
  [
    1537488000000,
    36.17572226812079
  ],
  [
    1537574400000,
    4448.326218376467
  ],
  [
    1537660800000,
    4565.25336892505
  ],
  [
    1537747200000,
    5195.987267852789
  ],
  [
    1537833600000,
    4925.449568942262
  ],
  [
    1537920000000,
    6968.510991284189
  ],
  [
    1538006400000,
    1107.2057296173637
  ],
  [
    1538092800000,
    2282.0986271043175
  ],
  [
    1538179200000,
    681.5565395378292
  ],
  [
    1538265600000,
    158.0890323513506
  ],
  [
    1538352000000,
    850.7506985327796
  ],
  [
    1538438400000,
    19722.0390539922
  ],
  [
    1538524800000,
    18050.568662273272
  ],
  [
    1538611200000,
    3089.1077443189083
  ],
  [
    1538697600000,
    8789.974508481439
  ],
  [
    1538784000000,
    1422.1046718625855
  ],
  [
    1538870400000,
    3463.9130406164413
  ],
  [
    1538956800000,
    35.21511875571195
  ],
  [
    1539043200000,
    2814.4800684294764
  ],
  [
    1539129600000,
    18690.79354228065
  ],
  [
    1539216000000,
    481.2740131122054
  ],
  [
    1539302400000,
    5432.213822499618
  ],
  [
    1539388800000,
    1412.0194359739262
  ],
  [
    1539475200000,
    550.6800352958447
  ],
  [
    1539561600000,
    123.51578937712429
  ],
  [
    1539648000000,
    988.4727729210234
  ],
  [
    1539734400000,
    0
  ],
  [
    1539820800000,
    458.7869245962574
  ],
  [
    1539907200000,
    1845.375352266136
  ],
  [
    1539993600000,
    1994.650776124223
  ],
  [
    1540080000000,
    1915.5505488348267
  ],
  [
    1540166400000,
    0.0652048463809343
  ],
  [
    1540252800000,
    5647.114329154057
  ],
  [
    1540339200000,
    358.786060444607
  ],
  [
    1540425600000,
    33.82440299084752
  ],
  [
    1540512000000,
    117.48888359241157
  ],
  [
    1540598400000,
    155.7967015846952
  ],
  [
    1540684800000,
    96.23148553051007
  ],
  [
    1540771200000,
    96.22000451006966
  ],
  [
    1540857600000,
    71.63550652506282
  ],
  [
    1540944000000,
    15.236574075843118
  ],
  [
    1541030400000,
    360.287421463384
  ],
  [
    1541116800000,
    126.68834896500717
  ],
  [
    1541203200000,
    1396.2236465151555
  ],
  [
    1541289600000,
    199.89243172498064
  ],
  [
    1541376000000,
    22.048331686572226
  ],
  [
    1541462400000,
    1207.296745360667
  ],
  [
    1541548800000,
    1417.0872487672332
  ],
  [
    1541635200000,
    6686.935454884136
  ],
  [
    1541721600000,
    6288.350162222311
  ],
  [
    1541808000000,
    7956.482005155673
  ],
  [
    1541894400000,
    107.92620596886482
  ],
  [
    1541980800000,
    19899.277912558373
  ],
  [
    1542067200000,
    13894.685805217117
  ],
  [
    1542153600000,
    102374.65955252184
  ],
  [
    1542240000000,
    46146.85645317171
  ],
  [
    1542326400000,
    68860.56691246647
  ],
  [
    1542412800000,
    82053.04951763678
  ],
  [
    1542499200000,
    11407.34273142705
  ],
  [
    1542585600000,
    22820.21374694152
  ],
  [
    1542672000000,
    33488.35124322405
  ],
  [
    1542758400000,
    673689.9086310958
  ],
  [
    1542844800000,
    3876.365314807477
  ],
  [
    1542931200000,
    3153.7147313372734
  ],
  [
    1543017600000,
    1042.625587505768
  ],
  [
    1543104000000,
    13826.528360890923
  ],
  [
    1543190400000,
    2882.9466176933197
  ],
  [
    1543276800000,
    1141.8704814158773
  ],
  [
    1543363200000,
    402.92390463462027
  ],
  [
    1543449600000,
    13676.509687028481
  ],
  [
    1543536000000,
    19277.877352433505
  ],
  [
    1543622400000,
    18151.48507175212
  ],
  [
    1543708800000,
    18740.002903753797
  ],
  [
    1543795200000,
    18870.04961871326
  ],
  [
    1543881600000,
    17524.142567043287
  ],
  [
    1543968000000,
    20766.659595317375
  ],
  [
    1544054400000,
    25535.058595968767
  ],
  [
    1544140800000,
    422.7076248668114
  ],
  [
    1544227200000,
    4542.086034210231
  ],
  [
    1544313600000,
    4347.826464442909
  ],
  [
    1544400000000,
    17.311031101643618
  ],
  [
    1544486400000,
    11717.993099456344
  ],
  [
    1544572800000,
    166.94097173459758
  ],
  [
    1544659200000,
    2100.438916187461
  ],
  [
    1544745600000,
    143.28541780924687
  ],
  [
    1544832000000,
    4609.510861792296
  ],
  [
    1544918400000,
    306.7218651039727
  ],
  [
    1545004800000,
    3473.905659971974
  ],
  [
    1545091200000,
    940.1329882895212
  ],
  [
    1545264000000,
    2127.3417595107917
  ],
  [
    1545350400000,
    102.06836464816618
  ],
  [
    1545436800000,
    8038.643848556443
  ],
  [
    1545523200000,
    43829.30134112944
  ],
  [
    1545609600000,
    11252.774765893597
  ],
  [
    1545696000000,
    162741.9558566673
  ],
  [
    1545782400000,
    4624.372292813299
  ],
  [
    1545868800000,
    3427.82322141834
  ],
  [
    1545955200000,
    1161.2689329564164
  ],
  [
    1546041600000,
    1161.681473487357
  ],
  [
    1546128000000,
    92.51710089017902
  ],
  [
    1546214400000,
    183.38073285119293
  ],
  [
    1546300800000,
    22.9215
  ],
  [
    1546387200000,
    539.7387676793956
  ],
  [
    1546473600000,
    137.529
  ],
  [
    1546560000000,
    2537.6255358268
  ],
  [
    1546646400000,
    1507.2598132903483
  ],
  [
    1546732800000,
    7579.57134596181
  ],
  [
    1546819200000,
    808.7492141558266
  ],
  [
    1546905600000,
    551.4135604129935
  ],
  [
    1546992000000,
    1250.8784970577508
  ],
  [
    1547078400000,
    723.6783519506442
  ],
  [
    1547164800000,
    10147.671063085407
  ],
  [
    1547251200000,
    23.699981128784753
  ],
  [
    1547424000000,
    7405.656885711126
  ],
  [
    1547510400000,
    168.9772557896518
  ],
  [
    1547596800000,
    3206.4429070355923
  ],
  [
    1547683200000,
    1997.2557557808987
  ],
  [
    1547769600000,
    220.61131471606654
  ],
  [
    1547856000000,
    214.55705226815297
  ],
  [
    1547942400000,
    440.6744363635119
  ],
  [
    1548028800000,
    0.04639963235960925
  ],
  [
    1548115200000,
    858.668662
  ],
  [
    1548201600000,
    196.28295922152745
  ],
  [
    1548288000000,
    22.421042028697137
  ],
  [
    1548547200000,
    228.37521832661633
  ],
  [
    1548633600000,
    33.31786328
  ],
  [
    1548720000000,
    12322.690575317785
  ],
  [
    1548806400000,
    232.52894829766907
  ],
  [
    1548892800000,
    147.7627043656432
  ],
  [
    1548979200000,
    253.60619705161676
  ],
  [
    1549065600000,
    0.004228371745613713
  ],
  [
    1549152000000,
    0.00422812832051675
  ],
  [
    1549238400000,
    64.33475001688672
  ],
  [
    1549324800000,
    42.3215992356013
  ],
  [
    1549411200000,
    21.78444412282024
  ],
  [
    1549670400000,
    430.7732757858558
  ],
  [
    1549756800000,
    6497.907399315215
  ],
  [
    1549843200000,
    1154.5305186308997
  ],
  [
    1549929600000,
    835.3591780954819
  ],
  [
    1550016000000,
    0.008521920816167773
  ],
  [
    1550102400000,
    126.58318566122377
  ],
  [
    1550188800000,
    91.51815993879576
  ],
  [
    1550275200000,
    53.246275777799404
  ],
  [
    1550361600000,
    0.03805101249429054
  ],
  [
    1550448000000,
    42.02473641142322
  ],
  [
    1550534400000,
    968.8221122309325
  ],
  [
    1550620800000,
    88.60559165716255
  ],
  [
    1550707200000,
    792055.2945002561
  ],
  [
    1550793600000,
    96223.83803093793
  ],
  [
    1550880000000,
    244.85381731229566
  ],
  [
    1551052800000,
    340.24623879812583
  ],
  [
    1551139200000,
    109.25097504979234
  ],
  [
    1551225600000,
    0.004199936529099926
  ],
  [
    1551484800000,
    166.85916323616715
  ],
  [
    1551571200000,
    603.2155380404221
  ],
  [
    1551657600000,
    21.51043670599638
  ],
  [
    1551744000000,
    62.491361287338705
  ],
  [
    1551830400000,
    671.9275186168188
  ],
  [
    1551916800000,
    22
  ],
  [
    1552003200000,
    126.26184762675574
  ],
  [
    1552089600000,
    574.7545118164363
  ],
  [
    1552176000000,
    63.93576708397839
  ],
  [
    1552348800000,
    42.01647994873557
  ],
  [
    1552435200000,
    42.01647994873557
  ],
  [
    1552521600000,
    184.69371611270108
  ],
  [
    1552608000000,
    180826.60047782664
  ],
  [
    1552694400000,
    303697.83494342444
  ],
  [
    1552780800000,
    130650.60305612552
  ],
  [
    1552867200000,
    441969.18170864874
  ],
  [
    1552953600000,
    70624.40857304976
  ],
  [
    1553040000000,
    243.78136602251905
  ],
  [
    1553126400000,
    106.02077926966744
  ],
  [
    1553212800000,
    2209.4675345465853
  ],
  [
    1553299200000,
    2112.8122507831195
  ],
  [
    1553385600000,
    45.19610953146841
  ],
  [
    1553472000000,
    309.4735502877656
  ],
  [
    1553558400000,
    94.97008456853273
  ],
  [
    1553644800000,
    296.7397257785496
  ],
  [
    1553731200000,
    464396.8893101621
  ],
  [
    1553817600000,
    164.56743994774564
  ],
  [
    1553904000000,
    2605.3253402369364
  ],
  [
    1553990400000,
    316.17650636660306
  ],
  [
    1554163200000,
    257.4397605136031
  ],
  [
    1554249600000,
    590.1284731832229
  ],
  [
    1554336000000,
    149.5719620586261
  ],
  [
    1554422400000,
    880.4481684759303
  ],
  [
    1554508800000,
    113.73143354570888
  ],
  [
    1554595200000,
    154.58749731975024
  ],
  [
    1554681600000,
    569.3866802637939
  ],
  [
    1554768000000,
    1143.7727549065378
  ],
  [
    1554854400000,
    261.17192294195337
  ],
  [
    1554940800000,
    103.49636017765219
  ],
  [
    1555027200000,
    41.19512315500601
  ],
  [
    1555113600000,
    177.1600396685751
  ],
  [
    1555200000000,
    1105.3246261170307
  ],
  [
    1555286400000,
    108.838719
  ],
  [
    1555372800000,
    1111.9710168401764
  ],
  [
    1555459200000,
    78.5658831176891
  ],
  [
    1555545600000,
    80.55657893158791
  ],
  [
    1555632000000,
    19.83699323010531
  ],
  [
    1555718400000,
    335.52890333911665
  ],
  [
    1555804800000,
    30684.75323508171
  ],
  [
    1555891200000,
    264.66297279033165
  ],
  [
    1555977600000,
    24.580457335767765
  ],
  [
    1556064000000,
    809.5263268282032
  ],
  [
    1556150400000,
    3139.29305087002
  ],
  [
    1556236800000,
    21.85329977568372
  ],
  [
    1556323200000,
    15700.769448335685
  ],
  [
    1556409600000,
    55.58707926434761
  ],
  [
    1556496000000,
    15.549916425552848
  ],
  [
    1556582400000,
    166.3481962044338
  ],
  [
    1556668800000,
    9.718006103426402
  ],
  [
    1556928000000,
    111.84457503834514
  ],
  [
    1557014400000,
    58.9424304165867
  ],
  [
    1557100800000,
    49.94308000008
  ],
  [
    1557187200000,
    1095.2718142343406
  ],
  [
    1557273600000,
    1044.6445379537806
  ],
  [
    1557360000000,
    9.13522845
  ],
  [
    1557446400000,
    3.901555636654347
  ],
  [
    1557532800000,
    6.99009745724217
  ],
  [
    1557619200000,
    3316.0430697930055
  ],
  [
    1557705600000,
    2656.9547779935347
  ],
  [
    1557792000000,
    53.6137129
  ],
  [
    1557878400000,
    13.21176956
  ],
  [
    1557964800000,
    43.869
  ],
  [
    1558051200000,
    211.998911347701
  ],
  [
    1558137600000,
    211.933068122
  ],
  [
    1558224000000,
    94.03597647165273
  ],
  [
    1558310400000,
    95.26496226584509
  ],
  [
    1558396800000,
    71.61770918984509
  ],
  [
    1558569600000,
    505.3295083967785
  ],
  [
    1558656000000,
    481.6233785254206
  ],
  [
    1558742400000,
    295.5067436126148
  ],
  [
    1558828800000,
    4761.0209630979925
  ],
  [
    1558915200000,
    42.893727543643706
  ],
  [
    1559001600000,
    7.593878705734939
  ],
  [
    1559088000000,
    520.5161968827714
  ],
  [
    1559174400000,
    510.65419152430763
  ],
  [
    1559260800000,
    62.407473822504315
  ],
  [
    1559347200000,
    62.407473822504315
  ],
  [
    1559433600000,
    6.6673752925468674
  ],
  [
    1559520000000,
    6.807885108111234
  ],
  [
    1559606400000,
    102.4417906430963
  ],
  [
    1559692800000,
    311.41865423876055
  ],
  [
    1559779200000,
    311.41865423876055
  ],
  [
    1559865600000,
    114.46311501152724
  ],
  [
    1559952000000,
    4264.931634686981
  ],
  [
    1560038400000,
    4264.931634686981
  ],
  [
    1560124800000,
    50.76495561341614
  ],
  [
    1560211200000,
    19.152609889991695
  ],
  [
    1560297600000,
    58.410759332787116
  ],
  [
    1560384000000,
    58.43874014915986
  ],
  [
    1560470400000,
    63.936
  ],
  [
    1560556800000,
    2853.65976
  ],
  [
    1560643200000,
    2853.65976
  ],
  [
    1560729600000,
    73.02576689632494
  ],
  [
    1560816000000,
    53.19879876925689
  ],
  [
    1560902400000,
    53.19879876925689
  ],
  [
    1560988800000,
    53.19879876925689
  ],
  [
    1561075200000,
    417.34224
  ],
  [
    1561248000000,
    417.34224
  ],
  [
    1561334400000,
    565.5809249513736
  ],
  [
    1561507200000,
    139.86
  ],
  [
    1561593600000,
    482.2859252098306
  ],
  [
    1561680000000,
    308.542418898675
  ],
  [
    1561766400000,
    62.6023871945
  ],
  [
    1562025600000,
    62.6023871945
  ],
  [
    1562112000000,
    5.485827896729103
  ],
  [
    1562284800000,
    4922.534752731967
  ],
  [
    1562371200000,
    2567.0482138491993
  ],
  [
    1562457600000,
    5415.644409563519
  ],
  [
    1562544000000,
    126.8157055993221
  ],
  [
    1562630400000,
    214.94022583535352
  ],
  [
    1562716800000,
    15.800916453275372
  ],
  [
    1562803200000,
    766.7784844401352
  ],
  [
    1562889600000,
    5040.796594173983
  ],
  [
    1562976000000,
    35.30133353834411
  ],
  [
    1563062400000,
    55.39058780904
  ],
  [
    1563148800000,
    154.91499263850145
  ],
  [
    1563235200000,
    28.958955816799076
  ],
  [
    1563321600000,
    129.2968175
  ],
  [
    1563408000000,
    35.60709984462899
  ],
  [
    1563494400000,
    2459.687393
  ],
  [
    1563580800000,
    2430.0212
  ],
  [
    1563840000000,
    2430.032674657579
  ],
  [
    1564012800000,
    2430.032674657579
  ],
  [
    1564099200000,
    2430.032674657579
  ],
  [
    1564185600000,
    2430.032674657579
  ],
  [
    1564272000000,
    2430.032674657579
  ],
  [
    1564358400000,
    2430.032674657579
  ],
  [
    1564444800000,
    103.82194863875291
  ],
  [
    1564531200000,
    73.82625816207694
  ],
  [
    1564704000000,
    73.82625816207694
  ],
  [
    1564790400000,
    74.85
  ],
  [
    1564876800000,
    9.4
  ],
  [
    1565049600000,
    45.304776117016765
  ],
  [
    1565568000000,
    600.3688279678955
  ],
  [
    1565654400000,
    600.3688279678955
  ],
  [
    1565827200000,
    5131.689387953175
  ],
  [
    1565913600000,
    152.1823808789602
  ],
  [
    1566000000000,
    22.5
  ],
  [
    1566086400000,
    1177.8875
  ],
  [
    1566259200000,
    1177.8875
  ],
  [
    1566345600000,
    1668.9288359385
  ],
  [
    1566432000000,
    7517.163239735787
  ],
  [
    1566518400000,
    124.8039504823555
  ],
  [
    1566777600000,
    22.210344606490622
  ],
  [
    1566864000000,
    1790.2057597616429
  ],
  [
    1567036800000,
    3386.39518999075
  ],
  [
    1567123200000,
    3373.29768999075
  ],
  [
    1567296000000,
    24.9311925
  ],
  [
    1567468800000,
    1045.2945640339856
  ],
  [
    1567555200000,
    1250
  ],
  [
    1567814400000,
    5.66850284152158
  ],
  [
    1567900800000,
    1139.945063971869
  ],
  [
    1567987200000,
    246.40483469285874
  ],
  [
    1568505600000,
    1510.5549511327872
  ],
  [
    1568592000000,
    1624.4165500163963
  ],
  [
    1568764800000,
    285.8789858340583
  ],
  [
    1568851200000,
    1320.08153058475
  ],
  [
    1568937600000,
    1320.08153058475
  ],
  [
    1569024000000,
    1320.08153058475
  ],
  [
    1569110400000,
    1320.08153058475
  ],
  [
    1569196800000,
    487.085851475
  ],
  [
    1569283200000,
    1320.08153058475
  ],
  [
    1569369600000,
    167.39843316489635
  ],
  [
    1569456000000,
    169.64475216498022
  ],
  [
    1569628800000,
    1668.1970257510761
  ],
  [
    1569715200000,
    129.2008720546935
  ],
  [
    1569801600000,
    1903.388427001349
  ],
  [
    1569888000000,
    1903.388427001349
  ],
  [
    1570406400000,
    117897.8597761804
  ],
  [
    1570492800000,
    1002748.7821577757
  ],
  [
    1570579200000,
    491587.7407879838
  ],
  [
    1570665600000,
    3573.838453675171
  ],
  [
    1570752000000,
    12963.877521149498
  ],
  [
    1570838400000,
    336.616537579
  ],
  [
    1571011200000,
    456.46659595400126
  ],
  [
    1571184000000,
    14668.69995039405
  ],
  [
    1571270400000,
    117.316452460784
  ],
  [
    1571356800000,
    0.31171457929329116
  ],
  [
    1571443200000,
    414.7600208905911
  ],
  [
    1571529600000,
    419.8534850617772
  ],
  [
    1571616000000,
    1173.812841590713
  ],
  [
    1571702400000,
    53.72239317460079
  ],
  [
    1571788800000,
    52.7642498464
  ],
  [
    1571875200000,
    27.671017581485287
  ],
  [
    1572048000000,
    161.57304207139705
  ],
  [
    1572134400000,
    181.45171408081433
  ],
  [
    1572220800000,
    994.9712789510991
  ],
  [
    1572307200000,
    28.802734059221052
  ],
  [
    1572393600000,
    32.57405495412835
  ],
  [
    1572566400000,
    3702.156912899857
  ],
  [
    1572652800000,
    457.0978556727788
  ],
  [
    1572739200000,
    633.7117528947673
  ],
  [
    1572825600000,
    11.191480827022538
  ],
  [
    1572912000000,
    47.86589878706661
  ],
  [
    1572998400000,
    210.23642646255882
  ],
  [
    1573257600000,
    96.7305863722065
  ],
  [
    1573430400000,
    5755.208572884763
  ],
  [
    1573516800000,
    464.0268788974881
  ],
  [
    1573603200000,
    172.1679748850666
  ],
  [
    1573689600000,
    10.627639074109531
  ],
  [
    1573776000000,
    5.117342201391811
  ],
  [
    1574121600000,
    916.2827306044295
  ],
  [
    1574208000000,
    408.05014224150307
  ],
  [
    1574294400000,
    318.4008927709058
  ],
  [
    1574380800000,
    5972.890422861398
  ],
  [
    1574467200000,
    235.69386216976307
  ],
  [
    1574553600000,
    62.127177473802405
  ],
  [
    1574640000000,
    158.21023176687535
  ],
  [
    1574726400000,
    5651.349712738853
  ],
  [
    1574812800000,
    3539.3210398849615
  ],
  [
    1574899200000,
    1560.8318123001511
  ],
  [
    1574985600000,
    376.89690572413
  ],
  [
    1575072000000,
    359.82512824084137
  ],
  [
    1575158400000,
    53.96862422028655
  ],
  [
    1575331200000,
    53.972011475072925
  ],
  [
    1575417600000,
    1230.46663614314
  ],
  [
    1575676800000,
    395.8821957454161
  ],
  [
    1575763200000,
    21.00572018359
  ],
  [
    1576108800000,
    109.63371408893079
  ],
  [
    1576195200000,
    2913.736503432806
  ],
  [
    1576281600000,
    1327.1266686304198
  ],
  [
    1576368000000,
    2486.5307605255252
  ],
  [
    1576540800000,
    1506.1299808211527
  ],
  [
    1576713600000,
    1190.523616074863
  ],
  [
    1576886400000,
    2592.222400057903
  ],
  [
    1576972800000,
    3058.445406865311
  ],
  [
    1577145600000,
    440.1978238459899
  ],
  [
    1577318400000,
    2032.2865690750407
  ],
  [
    1577404800000,
    50.816702420749664
  ],
  [
    1577491200000,
    35.67886146726605
  ],
  [
    1577577600000,
    773.39078995274
  ],
  [
    1577750400000,
    362.3852212212295
  ],
  [
    1577923200000,
    118.88759060859338
  ],
  [
    1578009600000,
    61.97433115001085
  ],
  [
    1578096000000,
    1215.81528074862
  ],
  [
    1578268800000,
    13.438117898768308
  ],
  [
    1578441600000,
    81.97718562615769
  ],
  [
    1578528000000,
    1044.7335630275506
  ],
  [
    1578614400000,
    242.8425819771645
  ],
  [
    1578787200000,
    157.3080273137618
  ],
  [
    1579046400000,
    1280.888977677874
  ],
  [
    1579132800000,
    112.00245528402613
  ],
  [
    1579219200000,
    472.7772953194025
  ],
  [
    1579305600000,
    257.9829078856265
  ],
  [
    1579392000000,
    42.998473327004405
  ],
  [
    1579478400000,
    366.63363660371874
  ],
  [
    1579564800000,
    220
  ],
  [
    1579651200000,
    968.001421685055
  ],
  [
    1579737600000,
    308.00026188107734
  ],
  [
    1579824000000,
    8544.107006056665
  ],
  [
    1579910400000,
    8533.748204848182
  ],
  [
    1579996800000,
    8550.005484412039
  ],
  [
    1580083200000,
    8551.895468714823
  ],
  [
    1580169600000,
    724.1532397837555
  ],
  [
    1580515200000,
    94.37355565152795
  ],
  [
    1580601600000,
    44.79122124661504
  ],
  [
    1580688000000,
    1874.968744582712
  ],
  [
    1580774400000,
    16164.663896950306
  ],
  [
    1580860800000,
    39.166
  ],
  [
    1581033600000,
    4042.641004726425
  ],
  [
    1581120000000,
    1752.9834984806782
  ],
  [
    1581206400000,
    8.412433045234478
  ],
  [
    1581292800000,
    1814.1129369468
  ],
  [
    1581465600000,
    62.79477338122362
  ],
  [
    1581552000000,
    190.76649213952345
  ],
  [
    1581638400000,
    6.061718899879632
  ],
  [
    1581724800000,
    17.567010980107696
  ],
  [
    1581811200000,
    11.554466950670855
  ],
  [
    1581984000000,
    1937.982082783043
  ],
  [
    1582070400000,
    3632.8735344464317
  ],
  [
    1582156800000,
    2973.9098403617368
  ],
  [
    1582675200000,
    31.79157042621488
  ],
  [
    1583107200000,
    14.602305559040488
  ],
  [
    1583193600000,
    1503.2889221639925
  ],
  [
    1583539200000,
    243.31048206040379
  ],
  [
    1583625600000,
    36.29730044311629
  ],
  [
    1583712000000,
    599.8715494680822
  ],
  [
    1584057600000,
    504.30482036083856
  ],
  [
    1584144000000,
    945.195107874171
  ],
  [
    1584230400000,
    142.34925217919533
  ],
  [
    1584316800000,
    63.8202236657899
  ],
  [
    1584403200000,
    32.89750252395676
  ],
  [
    1584489600000,
    34.72336539598108
  ],
  [
    1584576000000,
    18.3533211520772
  ],
  [
    1584662400000,
    48.11161094009426
  ],
  [
    1584748800000,
    7.786310263347988
  ],
  [
    1584921600000,
    77.05974515101606
  ],
  [
    1585008000000,
    35.658611561206975
  ],
  [
    1585094400000,
    29.492172497818384
  ],
  [
    1585180800000,
    61.460017439100014
  ],
  [
    1585267200000,
    20.748416939642734
  ],
  [
    1585353600000,
    251.44739946975236
  ],
  [
    1585440000000,
    34.452910663460116
  ],
  [
    1585526400000,
    95.88797495222978
  ],
  [
    1585612800000,
    111.00631530223932
  ],
  [
    1585958400000,
    299.47960380864845
  ],
  [
    1586044800000,
    66.03391269946874
  ],
  [
    1586131200000,
    23.62526924013222
  ],
  [
    1586217600000,
    50383.37148461602
  ],
  [
    1586304000000,
    9.064397633786639
  ],
  [
    1586390400000,
    227.20136474445928
  ],
  [
    1586476800000,
    11.25084085244
  ],
  [
    1587081600000,
    5.147201823005291
  ],
  [
    1587168000000,
    2.574
  ],
  [
    1587254400000,
    206.46563151920128
  ],
  [
    1587513600000,
    94.5
  ],
  [
    1587945600000,
    70.88839581608941
  ],
  [
    1588291200000,
    2.663709004773175
  ],
  [
    1588636800000,
    13.950382722976757
  ],
  [
    1588896000000,
    13.28460169223795
  ],
  [
    1588982400000,
    1625.6543382224022
  ],
  [
    1589328000000,
    117.70583928931329
  ],
  [
    1589414400000,
    262.66487726412066
  ],
  [
    1590192000000,
    11.39988245458
  ],
  [
    1590624000000,
    58.08543392883474
  ],
  [
    1590710400000,
    15.10909177393023
  ],
  [
    1590883200000,
    318.0452771593297
  ],
  [
    1590969600000,
    48.21715795171619
  ],
  [
    1591401600000,
    3.5999295629245527
  ],
  [
    1591488000000,
    3.6002123242226136
  ],
  [
    1591574400000,
    3.6001914428753476
  ],
  [
    1591660800000,
    4.864
  ],
  [
    1591747200000,
    7.591799323553394
  ],
  [
    1591833600000,
    3.7808581145387707
  ],
  [
    1592438400000,
    37.15750376716694
  ],
  [
    1592524800000,
    37.15750376716694
  ],
  [
    1592784000000,
    21.763945019365554
  ],
  [
    1592870400000,
    21.763945019365554
  ],
  [
    1593129600000,
    433.0386880061494
  ],
  [
    1593216000000,
    433.0386880061494
  ],
  [
    1593302400000,
    16.523831737783663
  ],
  [
    1593388800000,
    9.588784
  ],
  [
    1593475200000,
    9.588784
  ],
  [
    1593561600000,
    20.00024085451427
  ],
  [
    1593734400000,
    70.41469647888546
  ],
  [
    1593820800000,
    70.41469647888546
  ],
  [
    1594080000000,
    136.275286
  ],
  [
    1594166400000,
    136.275286
  ],
  [
    1594252800000,
    296.0051343206423
  ],
  [
    1594598400000,
    511.6880785444363
  ],
  [
    1594684800000,
    511.6880785444363
  ],
  [
    1594771200000,
    17.4947962907729
  ],
  [
    1594857600000,
    52.45298174531248
  ],
  [
    1595116800000,
    43.58443812721531
  ],
  [
    1595203200000,
    43.58443812721531
  ],
  [
    1595289600000,
    283.47062316545424
  ],
  [
    1595376000000,
    177.08291742450706
  ],
  [
    1595462400000,
    262.5721350811428
  ],
  [
    1595548800000,
    175.02224013720064
  ],
  [
    1595808000000,
    116.17858457990867
  ],
  [
    1595894400000,
    116.17858457990867
  ],
  [
    1595980800000,
    543.6992295241442
  ],
  [
    1596067200000,
    350.20951412438205
  ],
  [
    1596153600000,
    249.99361092134382
  ],
  [
    1596240000000,
    324.4560408263266
  ],
  [
    1596326400000,
    144.10217945778604
  ],
  [
    1596412800000,
    40.19048586015875
  ],
  [
    1596499200000,
    26.86671558028632
  ],
  [
    1596585600000,
    169.224485645993
  ],
  [
    1596672000000,
    6160.463332602936
  ],
  [
    1596758400000,
    743.6295144147639
  ],
  [
    1596844800000,
    7.166156146861807
  ],
  [
    1596931200000,
    2.9297048671611092
  ],
  [
    1597017600000,
    2.9297048671611092
  ],
  [
    1597276800000,
    396.86721110923526
  ],
  [
    1597363200000,
    232.59058353636786
  ],
  [
    1597449600000,
    3.179778302471455
  ],
  [
    1597536000000,
    3.179778302471455
  ],
  [
    1597622400000,
    60.63102843446282
  ],
  [
    1597708800000,
    1135.5550877737069
  ],
  [
    1597795200000,
    80.78062744255396
  ],
  [
    1597881600000,
    2065.728502308057
  ],
  [
    1597968000000,
    2065.728502308057
  ],
  [
    1598054400000,
    10.920074732902673
  ],
  [
    1598140800000,
    209.17934934022324
  ],
  [
    1598227200000,
    75.11196898605834
  ],
  [
    1598313600000,
    33.53695916758254
  ],
  [
    1598486400000,
    250.46554447635734
  ],
  [
    1598572800000,
    250.46554447635734
  ],
  [
    1598659200000,
    11.202459953914431
  ],
  [
    1598745600000,
    11.202459953914431
  ],
  [
    1598832000000,
    77.63356694521823
  ],
  [
    1598918400000,
    521.83670286509
  ],
  [
    1599004800000,
    855.6847162478721
  ],
  [
    1599091200000,
    522.0875173624559
  ],
  [
    1599177600000,
    521.9540340874762
  ],
  [
    1599264000000,
    59.3452258487763
  ],
  [
    1599350400000,
    199.40960485474858
  ],
  [
    1599436800000,
    84.48671325523077
  ],
  [
    1599523200000,
    64.72266190219914
  ],
  [
    1599696000000,
    45.53810772860491
  ],
  [
    1599782400000,
    45.53810772860491
  ],
  [
    1600473600000,
    43.96675925776411
  ],
  [
    1600560000000,
    43.96675925776411
  ],
  [
    1600646400000,
    355.2519996035908
  ],
  [
    1600732800000,
    355.2519996035908
  ],
  [
    1600819200000,
    682.5606544795708
  ],
  [
    1600905600000,
    14.000213615603114
  ],
  [
    1600992000000,
    257.6768536867094
  ],
  [
    1601078400000,
    257.6768536867094
  ],
  [
    1601164800000,
    5.7479137213832034
  ],
  [
    1601251200000,
    23.668350642015593
  ],
  [
    1601510400000,
    176.15021731539824
  ],
  [
    1601596800000,
    176.15021731539824
  ],
  [
    1601683200000,
    107.09788387898178
  ],
  [
    1602720000000,
    49.15779821430244
  ],
  [
    1602806400000,
    49.15779821430244
  ],
  [
    1603065600000,
    98.34087057508457
  ],
  [
    1603152000000,
    98.34087057508457
  ],
  [
    1603238400000,
    8.525192862738058
  ],
  [
    1603324800000,
    8.525192862738058
  ],
  [
    1603670400000,
    51.578175807670135
  ],
  [
    1603756800000,
    51.578175807670135
  ],
  [
    1604016000000,
    5.06991984
  ],
  [
    1604102400000,
    5.06991984
  ],
  [
    1604188800000,
    4.161968266730199
  ],
  [
    1604275200000,
    4.16598575
  ],
  [
    1604361600000,
    4.16598575
  ],
  [
    1604448000000,
    5.408823800761347
  ],
  [
    1604534400000,
    206.655224968464
  ],
  [
    1604620800000,
    189.84137195589793
  ],
  [
    1604707200000,
    173.05291656857472
  ],
  [
    1604793600000,
    1.872
  ],
  [
    1604880000000,
    116.49430710086399
  ],
  [
    1604966400000,
    116.49430710086399
  ],
  [
    1605052800000,
    90.2691616602838
  ],
  [
    1605139200000,
    5.678938351841988
  ],
  [
    1605225600000,
    55.03492082252565
  ],
  [
    1605312000000,
    55.03492082252565
  ],
  [
    1605398400000,
    32.00239391518422
  ],
  [
    1605571200000,
    171.5355345573372
  ],
  [
    1605657600000,
    171.5355345573372
  ],
  [
    1605744000000,
    191.89035372438613
  ],
  [
    1605830400000,
    18.986252387353105
  ],
  [
    1606176000000,
    74.20181013910533
  ],
  [
    1606262400000,
    74.20181013910533
  ],
  [
    1606608000000,
    32.51202213289432
  ],
  [
    1606694400000,
    32.51202213289432
  ],
  [
    1606780800000,
    72.3392788504758
  ],
  [
    1606867200000,
    72.3392788504758
  ],
  [
    1606953600000,
    95.58972076437873
  ],
  [
    1607040000000,
    20.751779968466334
  ],
  [
    1607126400000,
    12.731557569038792
  ],
  [
    1607212800000,
    29.641579037899383
  ],
  [
    1607299200000,
    29.641579037899383
  ],
  [
    1607385600000,
    4.500989666805775
  ],
  [
    1607472000000,
    74.11080063591231
  ],
  [
    1607558400000,
    166.51680041799517
  ],
  [
    1607644800000,
    166.51680041799517
  ],
  [
    1607731200000,
    62.3000340952496
  ],
  [
    1607817600000,
    13.519480090109774
  ],
  [
    1607904000000,
    231.06880281070883
  ],
  [
    1607990400000,
    25.52956670939223
  ],
  [
    1608076800000,
    301.1194393742596
  ],
  [
    1608163200000,
    0.5603065366904755
  ],
  [
    1608422400000,
    0.45524823167566064
  ],
  [
    1608508800000,
    0.45524823167566064
  ],
  [
    1608595200000,
    6.629035098366417
  ],
  [
    1608681600000,
    6.629035098366417
  ],
  [
    1608768000000,
    6.512045427058662
  ],
  [
    1608854400000,
    7.564884836381887
  ],
  [
    1608940800000,
    2.1466237792982654
  ],
  [
    1609027200000,
    375.7071563400797
  ],
  [
    1609113600000,
    375.7071563400797
  ],
  [
    1609200000000,
    88.99108563046555
  ],
  [
    1609286400000,
    2.0488352501156295
  ],
  [
    1609372800000,
    4.493871706479689
  ],
  [
    1609545600000,
    1.8990474244480113
  ],
  [
    1609632000000,
    1.8990474244480113
  ],
  [
    1609718400000,
    7.41797322498831
  ],
  [
    1609804800000,
    21.083222091444753
  ],
  [
    1609891200000,
    1264.648490216329
  ],
  [
    1609977600000,
    339.8200670446197
  ],
  [
    1610064000000,
    140.48498305352783
  ],
  [
    1610150400000,
    696.9417020254041
  ],
  [
    1610236800000,
    7611.581665881893
  ],
  [
    1610323200000,
    19714.01626454422
  ],
  [
    1610409600000,
    5109.006512564081
  ],
  [
    1610496000000,
    2528.5826708772097
  ],
  [
    1610582400000,
    1697.8004279783256
  ],
  [
    1610668800000,
    84.60999988550876
  ],
  [
    1610755200000,
    194.99286260936944
  ],
  [
    1610841600000,
    1891.344810373759
  ],
  [
    1610928000000,
    689.8362791193273
  ],
  [
    1611014400000,
    62.54926353571747
  ],
  [
    1611100800000,
    260.8042070917336
  ],
  [
    1611187200000,
    97.63315371603369
  ],
  [
    1611273600000,
    3.082165291349814
  ],
  [
    1611360000000,
    7.909891874941376
  ],
  [
    1611446400000,
    197.2936989444696
  ],
  [
    1611532800000,
    6.175708506120847
  ],
  [
    1611619200000,
    571.1948867265553
  ],
  [
    1611705600000,
    100.51206247449397
  ],
  [
    1611792000000,
    39.214680267193145
  ],
  [
    1611878400000,
    23.095944515160195
  ],
  [
    1611964800000,
    5.364945524880669
  ],
  [
    1612051200000,
    7.2300518494062915
  ],
  [
    1612137600000,
    662.8218627577774
  ],
  [
    1612224000000,
    662.8218627577774
  ],
  [
    1612310400000,
    508.9671420878674
  ],
  [
    1612396800000,
    1.5658684521345492
  ],
  [
    1612483200000,
    650.9749528269338
  ],
  [
    1612569600000,
    585.3103601952109
  ],
  [
    1612656000000,
    198.23897741916437
  ],
  [
    1612742400000,
    2299.1613003894126
  ],
  [
    1612828800000,
    914.9565935137882
  ],
  [
    1612915200000,
    1888.8710816603668
  ],
  [
    1613001600000,
    1687.0727595135518
  ],
  [
    1613088000000,
    1130.7807642269834
  ],
  [
    1613174400000,
    323.3504197776615
  ],
  [
    1613260800000,
    2276.769479663086
  ],
  [
    1613347200000,
    1849.804054804511
  ],
  [
    1613433600000,
    321.50012416247006
  ],
  [
    1613520000000,
    653.836101371396
  ],
  [
    1613606400000,
    401.62061985923003
  ],
  [
    1613692800000,
    20.201231328763708
  ],
  [
    1613779200000,
    1081.0938350549459
  ],
  [
    1613865600000,
    580.310026884001
  ],
  [
    1613952000000,
    6215.790005396812
  ],
  [
    1614038400000,
    662.4945736988817
  ],
  [
    1614124800000,
    817.7305248290589
  ],
  [
    1614211200000,
    1378.4731422013347
  ],
  [
    1614297600000,
    374.4001465952397
  ],
  [
    1614384000000,
    641.426001253967
  ],
  [
    1614470400000,
    85.41170458090441
  ],
  [
    1614556800000,
    572.720258155181
  ],
  [
    1614643200000,
    23.220509782674036
  ],
  [
    1614729600000,
    154.19354178707738
  ],
  [
    1614816000000,
    143.0178366538847
  ],
  [
    1614902400000,
    87.7494904012711
  ],
  [
    1614988800000,
    505.38539659251563
  ],
  [
    1615075200000,
    363.75386013952
  ],
  [
    1615161600000,
    8.693029538930888
  ],
  [
    1615334400000,
    160.9633069482402
  ],
  [
    1615420800000,
    160.9633069482402
  ],
  [
    1615507200000,
    76.61532121440166
  ],
  [
    1615593600000,
    1405.031482716171
  ],
  [
    1615680000000,
    19.96212649751969
  ],
  [
    1615766400000,
    185.6653741359792
  ],
  [
    1615852800000,
    331.2156179700477
  ],
  [
    1615939200000,
    214.60788546105314
  ],
  [
    1616025600000,
    70.42632289968654
  ],
  [
    1616112000000,
    103.25412794345766
  ],
  [
    1616198400000,
    293.56103169044104
  ],
  [
    1616284800000,
    424.0867543380059
  ],
  [
    1616371200000,
    63.23842217229058
  ],
  [
    1616457600000,
    622.128958992878
  ],
  [
    1616544000000,
    97.02415579465219
  ],
  [
    1616630400000,
    432.8668908943814
  ],
  [
    1616716800000,
    56.1086912653065
  ],
  [
    1616803200000,
    712.3764829755057
  ],
  [
    1616889600000,
    344.5293954507898
  ],
  [
    1616976000000,
    796.56038224528
  ],
  [
    1617062400000,
    2822.855132206144
  ],
  [
    1617148800000,
    2479.898499060781
  ],
  [
    1617235200000,
    2620.668666149687
  ],
  [
    1617321600000,
    351.3117188273325
  ],
  [
    1617408000000,
    370.5210209022325
  ],
  [
    1617494400000,
    1398.2573238173418
  ],
  [
    1617580800000,
    127.20908318492108
  ],
  [
    1617667200000,
    1456.280170208328
  ],
  [
    1617753600000,
    1404.1683239586885
  ],
  [
    1617840000000,
    216.46437985387897
  ],
  [
    1617926400000,
    2027.929745065059
  ],
  [
    1618012800000,
    581.4376963970111
  ],
  [
    1618099200000,
    148.95408634304258
  ],
  [
    1618185600000,
    408.6515140766456
  ],
  [
    1618272000000,
    696.4183808183622
  ],
  [
    1618358400000,
    1455.9135099121058
  ],
  [
    1618444800000,
    2543.645394909433
  ],
  [
    1618531200000,
    5918.834208668617
  ],
  [
    1618617600000,
    1613.0387742166324
  ],
  [
    1618704000000,
    612.3477167547095
  ],
  [
    1618790400000,
    396.42428137700904
  ],
  [
    1618876800000,
    1590.7571435895409
  ],
  [
    1618963200000,
    932.399067198588
  ],
  [
    1619049600000,
    3567.6069721992367
  ],
  [
    1619136000000,
    133.53324984221544
  ],
  [
    1619222400000,
    1907.0882225859477
  ],
  [
    1619308800000,
    9.07209453621586
  ],
  [
    1619395200000,
    238.7977790306404
  ],
  [
    1619481600000,
    2.2505050686976413
  ],
  [
    1619568000000,
    308.6483141838627
  ],
  [
    1619654400000,
    22.061319626727702
  ],
  [
    1619740800000,
    521.5211709846071
  ],
  [
    1619827200000,
    158.65019660796807
  ],
  [
    1619913600000,
    152.94645775768214
  ],
  [
    1620000000000,
    266.74380347866
  ],
  [
    1620086400000,
    536.5508730572116
  ],
  [
    1620172800000,
    86.7242100595914
  ],
  [
    1620259200000,
    4748.0985904963845
  ],
  [
    1620345600000,
    1547.180425898496
  ],
  [
    1620432000000,
    488.33565016127267
  ],
  [
    1620518400000,
    4010.028198667357
  ],
  [
    1620604800000,
    1420.7239650318772
  ],
  [
    1620691200000,
    11079.111261755184
  ],
  [
    1620777600000,
    24659.18063567399
  ],
  [
    1620864000000,
    6600.1087901675055
  ],
  [
    1620950400000,
    1043.123260912647
  ],
  [
    1621036800000,
    335.54610077883484
  ],
  [
    1621123200000,
    716.5309912451047
  ],
  [
    1621209600000,
    145.7821000740447
  ],
  [
    1621296000000,
    400.28155202733296
  ],
  [
    1621382400000,
    437.37187324399713
  ],
  [
    1621468800000,
    3283.0154795005124
  ],
  [
    1621555200000,
    1981.6720785464927
  ],
  [
    1621641600000,
    499.1619943900079
  ],
  [
    1621728000000,
    2178.335119496744
  ],
  [
    1621814400000,
    262.28714860662046
  ],
  [
    1621900800000,
    96.32001956077737
  ],
  [
    1621987200000,
    113.44075580609719
  ],
  [
    1622073600000,
    274.31256485280073
  ],
  [
    1622160000000,
    442.0982677455718
  ],
  [
    1622246400000,
    418.4849204355423
  ],
  [
    1622332800000,
    48.53584641297389
  ],
  [
    1622419200000,
    9.967067359577932
  ],
  [
    1622505600000,
    224.75787420706402
  ],
  [
    1622592000000,
    26.172854756864652
  ],
  [
    1622678400000,
    556.9990463270765
  ],
  [
    1622764800000,
    267.31980517637874
  ],
  [
    1622851200000,
    243.88742094770487
  ],
  [
    1622937600000,
    939.8593037290688
  ],
  [
    1623024000000,
    14.16742625736925
  ],
  [
    1623110400000,
    502.6572318154824
  ],
  [
    1623196800000,
    248.59415160774097
  ],
  [
    1623283200000,
    1373.6685171699366
  ],
  [
    1623369600000,
    16.795368083821607
  ],
  [
    1623456000000,
    14.238133588188123
  ],
  [
    1623542400000,
    120.37937268009783
  ],
  [
    1623628800000,
    531.666744
  ],
  [
    1623715200000,
    126.85984992
  ],
  [
    1623801600000,
    13.664771821302832
  ],
  [
    1623888000000,
    39.04058530885255
  ],
  [
    1623974400000,
    39.04058530885255
  ],
  [
    1624060800000,
    97.37275397794694
  ],
  [
    1624147200000,
    1.141272164107121
  ],
  [
    1624233600000,
    1.69014294
  ],
  [
    1624320000000,
    99.74819684229769
  ],
  [
    1624406400000,
    2604.41510402915
  ],
  [
    1624492800000,
    11.24178
  ],
  [
    1624579200000,
    410.432
  ],
  [
    1624665600000,
    26.268705
  ],
  [
    1624752000000,
    50.3664978524448
  ],
  [
    1624838400000,
    50.3664978524448
  ],
  [
    1624924800000,
    39.57100418653072
  ],
  [
    1625011200000,
    93.80144030226072
  ],
  [
    1625097600000,
    1099.91882
  ],
  [
    1625184000000,
    1.07838
  ],
  [
    1625270400000,
    2.003720161896754
  ],
  [
    1625356800000,
    2.003720161896754
  ],
  [
    1625443200000,
    1.01984
  ],
  [
    1625529600000,
    5.2588
  ],
  [
    1625616000000,
    5.2588
  ],
  [
    1625702400000,
    1.06234
  ],
  [
    1625788800000,
    1.06234
  ],
  [
    1625875200000,
    1052.924028
  ],
  [
    1625961600000,
    214.108
  ],
  [
    1626048000000,
    105.68309024
  ],
  [
    1626134400000,
    105.68309024
  ],
  [
    1626220800000,
    14.9852997
  ],
  [
    1626307200000,
    1.0265
  ],
  [
    1626393600000,
    1.0265
  ],
  [
    1626480000000,
    7.752092
  ],
  [
    1626566400000,
    7.752092
  ],
  [
    1626652800000,
    7.7728602
  ],
  [
    1626739200000,
    7.7728602
  ],
  [
    1626825600000,
    3.877380993982749
  ],
  [
    1626912000000,
    4.524511072743354
  ],
  [
    1626998400000,
    1.8908110727433538
  ],
  [
    1627084800000,
    12.059294715104
  ],
  [
    1627171200000,
    3.0389825957868237
  ],
  [
    1627257600000,
    119.07482194341203
  ],
  [
    1627344000000,
    86.31616808832146
  ],
  [
    1627430400000,
    6.23424
  ],
  [
    1627516800000,
    29.9463995300283
  ],
  [
    1627603200000,
    12.994186692322
  ],
  [
    1627689600000,
    9.93877716951
  ],
  [
    1627776000000,
    1.935878148704
  ],
  [
    1627862400000,
    19.6783028039188
  ],
  [
    1628380800000,
    28.72903179724
  ],
  [
    1628467200000,
    28.72903179724
  ],
  [
    1628553600000,
    54.62659149548118
  ],
  [
    1628640000000,
    51.658016895025106
  ],
  [
    1628726400000,
    144.96989158389488
  ],
  [
    1628812800000,
    99.979857
  ],
  [
    1628899200000,
    1.02484
  ],
  [
    1628985600000,
    4.71627996185317
  ],
  [
    1629072000000,
    793.9993469468042
  ],
  [
    1629158400000,
    186.98371304613104
  ],
  [
    1629244800000,
    9.41710617285669
  ],
  [
    1629331200000,
    5.2390387736799
  ],
  [
    1629417600000,
    5.345596590188828
  ],
  [
    1629504000000,
    191.91874147068327
  ],
  [
    1629590400000,
    85.67516713765738
  ],
  [
    1629676800000,
    58.488361770680704
  ],
  [
    1629763200000,
    117.539859347916
  ],
  [
    1629849600000,
    105.6347488
  ],
  [
    1629936000000,
    2.0512
  ],
  [
    1630022400000,
    17.482729
  ],
  [
    1630108800000,
    252.1258087933751
  ],
  [
    1630195200000,
    54.58505
  ],
  [
    1630281600000,
    1.3893899394881988
  ],
  [
    1630368000000,
    164.5035082543188
  ],
  [
    1630454400000,
    158.8579583091698
  ],
  [
    1630540800000,
    2.04444
  ],
  [
    1630627200000,
    33.827016732649
  ]
]