[
  [
    1601424000000,
    0
  ],
  [
    1601510400000,
    0
  ],
  [
    1601596800000,
    0
  ],
  [
    1601683200000,
    0
  ],
  [
    1601769600000,
    0
  ],
  [
    1601856000000,
    0
  ],
  [
    1601942400000,
    0
  ],
  [
    1602028800000,
    0
  ],
  [
    1602115200000,
    0
  ],
  [
    1602201600000,
    0
  ],
  [
    1602288000000,
    0
  ],
  [
    1602374400000,
    0
  ],
  [
    1602460800000,
    0
  ],
  [
    1602547200000,
    0
  ],
  [
    1602633600000,
    0
  ],
  [
    1602720000000,
    0
  ],
  [
    1602806400000,
    0
  ],
  [
    1602892800000,
    0
  ],
  [
    1602979200000,
    0
  ],
  [
    1603065600000,
    0
  ],
  [
    1603152000000,
    0
  ],
  [
    1603238400000,
    0
  ],
  [
    1603324800000,
    0
  ],
  [
    1603411200000,
    0
  ],
  [
    1603497600000,
    0
  ],
  [
    1603584000000,
    0
  ],
  [
    1603670400000,
    0
  ],
  [
    1603756800000,
    0
  ],
  [
    1603843200000,
    0
  ],
  [
    1603929600000,
    0
  ],
  [
    1604016000000,
    0
  ],
  [
    1604102400000,
    0
  ],
  [
    1604188800000,
    0
  ],
  [
    1604275200000,
    0
  ],
  [
    1604361600000,
    0
  ],
  [
    1604448000000,
    0
  ],
  [
    1604534400000,
    0
  ],
  [
    1604620800000,
    0
  ],
  [
    1605139200000,
    0
  ],
  [
    1605225600000,
    0
  ],
  [
    1605312000000,
    0
  ],
  [
    1605744000000,
    0
  ],
  [
    1605830400000,
    0
  ],
  [
    1606089600000,
    0
  ],
  [
    1606176000000,
    0
  ],
  [
    1606262400000,
    0
  ],
  [
    1606867200000,
    0
  ],
  [
    1606953600000,
    0
  ],
  [
    1607212800000,
    0
  ],
  [
    1607299200000,
    0
  ],
  [
    1607385600000,
    0
  ],
  [
    1607472000000,
    0
  ],
  [
    1608422400000,
    0
  ],
  [
    1608508800000,
    0
  ],
  [
    1608595200000,
    0
  ],
  [
    1608681600000,
    0
  ],
  [
    1608854400000,
    0
  ],
  [
    1608940800000,
    0
  ],
  [
    1609200000000,
    0
  ],
  [
    1609286400000,
    0
  ],
  [
    1610409600000,
    0
  ],
  [
    1610496000000,
    0
  ],
  [
    1611792000000,
    0
  ],
  [
    1611878400000,
    0
  ],
  [
    1613347200000,
    0
  ],
  [
    1613433600000,
    0
  ],
  [
    1614384000000,
    0
  ],
  [
    1614470400000,
    0
  ],
  [
    1617235200000,
    0
  ],
  [
    1617321600000,
    0
  ],
  [
    1618185600000,
    0
  ],
  [
    1618272000000,
    0
  ],
  [
    1619568000000,
    0
  ],
  [
    1619654400000,
    0
  ],
  [
    1620000000000,
    0
  ],
  [
    1620086400000,
    0
  ],
  [
    1620172800000,
    0
  ],
  [
    1620259200000,
    0
  ],
  [
    1620345600000,
    0
  ],
  [
    1620432000000,
    0
  ],
  [
    1620518400000,
    0
  ],
  [
    1622937600000,
    0
  ],
  [
    1623024000000,
    0
  ],
  [
    1623456000000,
    0
  ],
  [
    1623542400000,
    0
  ],
  [
    1623628800000,
    0
  ],
  [
    1623715200000,
    0
  ],
  [
    1624060800000,
    0
  ],
  [
    1624147200000,
    0
  ],
  [
    1624406400000,
    0
  ],
  [
    1624492800000,
    0
  ],
  [
    1624752000000,
    0
  ],
  [
    1624838400000,
    0
  ],
  [
    1626825600000,
    0
  ],
  [
    1626912000000,
    0
  ],
  [
    1628553600000,
    0
  ],
  [
    1628640000000,
    0
  ],
  [
    1630540800000,
    0
  ],
  [
    1630627200000,
    0
  ]
]