[
  [
    1504483200000,
    1326641.7258978637
  ],
  [
    1504569600000,
    1406033.4127810914
  ],
  [
    1504656000000,
    1461560.0473571985
  ],
  [
    1504828800000,
    1260637.2589374445
  ],
  [
    1504915200000,
    1266901.834375984
  ],
  [
    1505001600000,
    1057474.7108685032
  ],
  [
    1505088000000,
    1088551.357671891
  ],
  [
    1505174400000,
    1220526.0389578375
  ],
  [
    1505260800000,
    928660.5804889097
  ],
  [
    1505347200000,
    679096.7835818826
  ],
  [
    1505433600000,
    923886.9844694902
  ],
  [
    1505520000000,
    638972.0539824388
  ],
  [
    1505606400000,
    812245.2943572195
  ],
  [
    1505692800000,
    756781.0356498861
  ],
  [
    1505779200000,
    1145178.5474787566
  ],
  [
    1505865600000,
    607075.7374243636
  ],
  [
    1505952000000,
    775664.4472426801
  ],
  [
    1506038400000,
    769911.8883358899
  ],
  [
    1506124800000,
    1822255.3076388198
  ],
  [
    1506211200000,
    748757.3483021333
  ],
  [
    1506297600000,
    594992.3607032998
  ],
  [
    1506384000000,
    783676.4740589809
  ],
  [
    1506470400000,
    709210.0649541857
  ],
  [
    1506556800000,
    732176.9741566827
  ],
  [
    1506643200000,
    1237700.434523193
  ],
  [
    1506729600000,
    754672.6359706162
  ],
  [
    1506816000000,
    733178.1444451379
  ],
  [
    1506902400000,
    1053199.1358973193
  ],
  [
    1506988800000,
    1052606.448991389
  ],
  [
    1507075200000,
    913792.1299377042
  ],
  [
    1507161600000,
    872046.9902739483
  ],
  [
    1507248000000,
    536057.2046521773
  ],
  [
    1507334400000,
    518649.0453168752
  ],
  [
    1507420800000,
    514482.4303197931
  ],
  [
    1507507200000,
    614866.9213474112
  ],
  [
    1507593600000,
    500674.1377445456
  ],
  [
    1507680000000,
    1500836.9620460372
  ],
  [
    1507766400000,
    1570736.073529756
  ],
  [
    1507852800000,
    1507237.8682323736
  ],
  [
    1507939200000,
    1219718.9316464188
  ],
  [
    1508025600000,
    482252.50760602765
  ],
  [
    1508112000000,
    603236.6078702642
  ],
  [
    1508198400000,
    619184.2801592601
  ],
  [
    1508284800000,
    503671.40400951693
  ],
  [
    1508371200000,
    525261.3312751628
  ],
  [
    1508457600000,
    477272.4238207165
  ],
  [
    1508544000000,
    440393.69639286125
  ],
  [
    1508630400000,
    644580.8308880802
  ],
  [
    1508716800000,
    1055933.3907638786
  ],
  [
    1508803200000,
    822763.3520298069
  ],
  [
    1508889600000,
    1050919.4161532812
  ],
  [
    1508976000000,
    451966.71496759215
  ],
  [
    1509062400000,
    477312.40042235644
  ],
  [
    1509148800000,
    655101.3619845975
  ],
  [
    1509235200000,
    1576073.7749003577
  ],
  [
    1509321600000,
    792721.1072026166
  ],
  [
    1509408000000,
    523940.51434148435
  ],
  [
    1509494400000,
    999276.0921795282
  ],
  [
    1509580800000,
    522559.35644038895
  ],
  [
    1509667200000,
    1974549.1874558625
  ],
  [
    1509753600000,
    1583003.8339582877
  ],
  [
    1509840000000,
    508728.61829291366
  ],
  [
    1509926400000,
    1825740.5140274188
  ],
  [
    1510012800000,
    1896764.375922492
  ],
  [
    1510099200000,
    1248643.042831436
  ],
  [
    1510185600000,
    2177242.702846266
  ],
  [
    1510272000000,
    1465660.4811984785
  ],
  [
    1510358400000,
    1638252.2689361982
  ],
  [
    1510444800000,
    1238872.7377143994
  ],
  [
    1510531200000,
    1166277.35398973
  ],
  [
    1510617600000,
    1985854.21111228
  ],
  [
    1510704000000,
    560193.376501608
  ],
  [
    1510790400000,
    982765.735658675
  ],
  [
    1510876800000,
    1028705.02681329
  ],
  [
    1510963200000,
    788362.565606306
  ],
  [
    1511049600000,
    786144.416042157
  ],
  [
    1511136000000,
    792395.96416449
  ],
  [
    1511222400000,
    812388.327649985
  ],
  [
    1511308800000,
    1687477.3050722
  ],
  [
    1511395200000,
    587266.473170888
  ],
  [
    1511481600000,
    598592.698363487
  ],
  [
    1511568000000,
    626417.843999029
  ],
  [
    1511654400000,
    630756.88130131
  ],
  [
    1511740800000,
    697901.348990106
  ],
  [
    1511827200000,
    717048.99003668
  ],
  [
    1511913600000,
    1122757.69099773
  ],
  [
    1512000000000,
    716008.035517875
  ],
  [
    1512086400000,
    1278120.9966848
  ],
  [
    1512172800000,
    743951.616823959
  ],
  [
    1512259200000,
    923304.625066677
  ],
  [
    1512345600000,
    927880.821348123
  ],
  [
    1512432000000,
    973162.734801423
  ],
  [
    1512518400000,
    1100526.08782323
  ],
  [
    1512604800000,
    815828.258292402
  ],
  [
    1512691200000,
    841468.222408091
  ],
  [
    1512777600000,
    4019226.48713678
  ],
  [
    1512864000000,
    1219462.50891781
  ],
  [
    1512950400000,
    1174436.74190076
  ],
  [
    1513036800000,
    1332816.846875
  ],
  [
    1513123200000,
    1191302.90289273
  ],
  [
    1513209600000,
    1185285.57986134
  ],
  [
    1513296000000,
    1390582.28391758
  ],
  [
    1513382400000,
    1834546.11629216
  ],
  [
    1513468800000,
    1768154.41546442
  ],
  [
    1513555200000,
    2414810.58646546
  ],
  [
    1513641600000,
    1887047.14461587
  ],
  [
    1513728000000,
    3454828.18050641
  ],
  [
    1513814400000,
    2187277.05519215
  ],
  [
    1513900800000,
    2073589.00536911
  ],
  [
    1513987200000,
    2195178.70667327
  ],
  [
    1514073600000,
    2148232.75201332
  ],
  [
    1514160000000,
    2249063.65292178
  ],
  [
    1514246400000,
    2953333.1030806
  ],
  [
    1514332800000,
    3820125.58171761
  ],
  [
    1514419200000,
    3769214.01866257
  ],
  [
    1514505600000,
    4220855.6300511
  ],
  [
    1514592000000,
    4039190.71519006
  ],
  [
    1514678400000,
    4341012.956222
  ],
  [
    1514764800000,
    3782710.09747722
  ],
  [
    1514851200000,
    4141812.65361018
  ],
  [
    1514937600000,
    4765010.456916594
  ],
  [
    1515024000000,
    6868193.942578305
  ],
  [
    1515110400000,
    38991174.372863136
  ],
  [
    1515196800000,
    39636366.90696585
  ],
  [
    1515283200000,
    33129201.826746725
  ],
  [
    1515369600000,
    31299984.806496084
  ],
  [
    1515456000000,
    25497850.817454502
  ],
  [
    1515542400000,
    18019253.085033987
  ],
  [
    1515628800000,
    47654906.904069714
  ],
  [
    1515715200000,
    78524918.17143072
  ],
  [
    1515801600000,
    65758744.73148604
  ],
  [
    1515888000000,
    51399229.43578664
  ],
  [
    1515974400000,
    47491251.89852661
  ],
  [
    1516060800000,
    32789056.22760057
  ],
  [
    1516147200000,
    40828092.08228173
  ],
  [
    1516233600000,
    38924104.48803763
  ],
  [
    1516320000000,
    39397214.09824958
  ],
  [
    1516406400000,
    43115892.8623574
  ],
  [
    1516492800000,
    34249899.439923935
  ],
  [
    1516579200000,
    32165731.607848484
  ],
  [
    1516665600000,
    29308169.072281312
  ],
  [
    1516752000000,
    30381982.899882205
  ],
  [
    1516838400000,
    29205915.04759552
  ],
  [
    1516924800000,
    25604106.94856629
  ],
  [
    1517011200000,
    26815656.456102856
  ],
  [
    1517097600000,
    28045630.894314505
  ],
  [
    1517184000000,
    25079903.739138156
  ],
  [
    1517270716504,
    23085508.43508215
  ],
  [
    1517356800000,
    25583034.54511538
  ],
  [
    1517443200000,
    19741137.04059397
  ],
  [
    1517529600000,
    14747752.111839814
  ],
  [
    1517616000000,
    16150159.64888502
  ],
  [
    1517702400000,
    16202668.470075127
  ],
  [
    1517788800000,
    14375703.504257275
  ],
  [
    1517875200000,
    11142034.456868127
  ],
  [
    1517961600000,
    12536484.408884404
  ],
  [
    1518048314714,
    12374535.847696688
  ],
  [
    1518134400000,
    14466564.768442333
  ],
  [
    1518220800000,
    13338688.112595953
  ],
  [
    1518307200000,
    15687321.483191881
  ],
  [
    1518393600000,
    13217147.136229757
  ],
  [
    1518480000000,
    16447215.842413098
  ],
  [
    1518566400000,
    15771320.712872382
  ],
  [
    1518652800000,
    15369227.907131245
  ],
  [
    1518739200000,
    16735182.267518042
  ],
  [
    1518825600000,
    19280440.78696803
  ],
  [
    1518912000000,
    20741456.743107494
  ],
  [
    1518998400000,
    17128735.25696256
  ],
  [
    1519084800000,
    18192914.771865994
  ],
  [
    1519171200000,
    16917139.04876227
  ],
  [
    1519257600000,
    13555866.187305693
  ],
  [
    1519344000000,
    13641955.864489105
  ],
  [
    1519430400000,
    16129947.096786058
  ],
  [
    1519516800000,
    14533766.716565592
  ],
  [
    1519603200000,
    12613641.231584737
  ],
  [
    1519689600000,
    13489247.105380507
  ],
  [
    1519776000000,
    13796937.103423696
  ],
  [
    1519862400000,
    10099260.344776979
  ],
  [
    1519948800000,
    10616652.05319036
  ],
  [
    1520035200000,
    13273399.044632625
  ],
  [
    1520121600000,
    11170109.750857508
  ],
  [
    1520208000000,
    14055622.73340307
  ],
  [
    1520294400000,
    13196469.149483811
  ],
  [
    1520380800000,
    10461090.17972687
  ],
  [
    1520467200000,
    12707718.191537967
  ],
  [
    1520553600000,
    12151478.815022679
  ],
  [
    1520640000000,
    11967529.22220969
  ],
  [
    1520726400000,
    9327364.245474607
  ],
  [
    1520812800000,
    9277931.29957183
  ],
  [
    1520899200000,
    9006019.93276073
  ],
  [
    1520985600000,
    9007481.17608551
  ],
  [
    1521072000000,
    6654912.592427952
  ],
  [
    1521158400000,
    10880212.454201182
  ],
  [
    1521244800000,
    9258491.191206133
  ],
  [
    1521331200000,
    6584072.282330724
  ],
  [
    1521417600000,
    7847325.313133918
  ],
  [
    1521504000000,
    8420253.74568212
  ],
  [
    1521590400000,
    7230863.308229787
  ],
  [
    1521676800000,
    7485464.434470371
  ],
  [
    1521763200000,
    8522789.921333589
  ],
  [
    1521849600000,
    6934043.466656896
  ],
  [
    1521936000000,
    8353266.255660835
  ],
  [
    1522022400000,
    8268742.156491925
  ],
  [
    1522108800000,
    6660035.684188236
  ],
  [
    1522195200000,
    7377460.808960482
  ],
  [
    1522281600000,
    7039032.54995299
  ],
  [
    1522368000000,
    4938567.369673743
  ],
  [
    1522454400000,
    4718246.834922686
  ],
  [
    1522540800000,
    6684502.758139206
  ],
  [
    1522627200000,
    6340950.240751356
  ],
  [
    1522713600000,
    4887152.932806327
  ],
  [
    1522800000000,
    6162070.775181055
  ],
  [
    1522886400000,
    5512855.627854828
  ],
  [
    1522972800000,
    4454006.876401726
  ],
  [
    1523059200000,
    6318169.43318378
  ],
  [
    1523145600000,
    6372316.570185821
  ],
  [
    1523232000000,
    4751847.716950795
  ],
  [
    1523318400000,
    5216631.256080886
  ],
  [
    1523404800000,
    6293316.821078952
  ],
  [
    1523491200000,
    6408768.780699135
  ],
  [
    1523577600000,
    7524717.810722802
  ],
  [
    1523664000000,
    7662067.288329833
  ],
  [
    1523750400000,
    5622372.546513974
  ],
  [
    1523836800000,
    7193337.609660061
  ],
  [
    1523923200000,
    7821167.844015772
  ],
  [
    1524009600000,
    5920105.978648884
  ],
  [
    1524096000000,
    7565952.59944536
  ],
  [
    1524182400000,
    8048108.537686136
  ],
  [
    1524268800000,
    8257167.549510735
  ],
  [
    1524355200000,
    8605886.301548818
  ],
  [
    1524441600000,
    6912816.57243674
  ],
  [
    1524528000000,
    8651624.959852807
  ],
  [
    1524614400000,
    9360110.704378577
  ],
  [
    1524700800000,
    8536712.503251767
  ],
  [
    1524787200000,
    8901885.65839024
  ],
  [
    1524873600000,
    8152824.061912887
  ],
  [
    1524960000000,
    8136388.392887155
  ],
  [
    1525046400000,
    8139834.097992229
  ],
  [
    1525132800000,
    7396674.679526202
  ],
  [
    1525219200000,
    8766092.618208015
  ],
  [
    1525305600000,
    8892596.656884847
  ],
  [
    1525392000000,
    9248571.845746018
  ],
  [
    1525478400000,
    9210793.826032499
  ],
  [
    1525564800000,
    8843426.71254459
  ],
  [
    1525651200000,
    8263063.993778032
  ],
  [
    1525737600000,
    8479895.480071083
  ],
  [
    1525824000000,
    8899573.867920011
  ],
  [
    1525910400000,
    8377678.299761131
  ],
  [
    1525996800000,
    8673938.741583973
  ],
  [
    1526083200000,
    7919804.2186342
  ],
  [
    1526169600000,
    6988094.087110454
  ],
  [
    1526256000000,
    8233518.162626681
  ],
  [
    1526342400000,
    7013388.388069564
  ],
  [
    1526428800000,
    8128140.4758347
  ],
  [
    1526515200000,
    7974609.068908907
  ],
  [
    1526601600000,
    7814609.1700833095
  ],
  [
    1526688000000,
    7063216.508462363
  ],
  [
    1526774400000,
    5745162.226097807
  ],
  [
    1526860800000,
    6857094.101496406
  ],
  [
    1526947200000,
    6069564.469451589
  ],
  [
    1527033600000,
    7606316.8560163705
  ],
  [
    1527120000000,
    7190505.386703551
  ],
  [
    1527206400000,
    6800914.148845347
  ],
  [
    1527292800000,
    7186471.858432357
  ],
  [
    1527379200000,
    6797098.523539793
  ],
  [
    1527465600000,
    5198266.593343206
  ],
  [
    1527552000000,
    6372686.425128875
  ],
  [
    1527638400000,
    7176848.056461441
  ],
  [
    1527724800000,
    7064199.714218493
  ],
  [
    1527811200000,
    7257457.982546152
  ],
  [
    1527897600000,
    5121773.350035556
  ],
  [
    1527984000000,
    6989009.216223484
  ],
  [
    1528070400000,
    5760326.304659319
  ],
  [
    1528156800000,
    5462981.251145315
  ],
  [
    1528243200000,
    6013589.889867781
  ],
  [
    1528329600000,
    7299269.814303552
  ],
  [
    1528416000000,
    6965062.152114643
  ],
  [
    1528502400000,
    7119710.604315685
  ],
  [
    1528588800000,
    4838460.668973933
  ],
  [
    1528675200000,
    6178863.413830607
  ],
  [
    1528761600000,
    5227353.890650033
  ],
  [
    1528848000000,
    4557970.738221795
  ],
  [
    1528934400000,
    4088377.5178833134
  ],
  [
    1529020800000,
    4344589.9552477645
  ],
  [
    1529107200000,
    4242612.587209339
  ],
  [
    1529193600000,
    6081221.366167847
  ],
  [
    1529280000000,
    5913928.45023079
  ],
  [
    1529366400000,
    5176445.481849107
  ],
  [
    1529452800000,
    6086719.009365593
  ],
  [
    1529539200000,
    5797851.545799289
  ],
  [
    1529625600000,
    6232717.100492758
  ],
  [
    1529712000000,
    3993212.374086228
  ],
  [
    1529798400000,
    4737115.698156057
  ],
  [
    1529884800000,
    4720739.825148729
  ],
  [
    1529971200000,
    4692777.199807769
  ],
  [
    1530057600000,
    4453757.207671146
  ],
  [
    1530144000000,
    4054899.599518966
  ],
  [
    1530230400000,
    3818571.1690882547
  ],
  [
    1530316800000,
    4148362.488641083
  ],
  [
    1530403200000,
    6176114.410928386
  ],
  [
    1530489600000,
    5850219.182101111
  ],
  [
    1530576000000,
    5967232.503520344
  ],
  [
    1530662400000,
    5531762.983733773
  ],
  [
    1530748800000,
    5780106.177148466
  ],
  [
    1530835200000,
    4026707.615511249
  ],
  [
    1530921600000,
    5783411.171385936
  ],
  [
    1531008000000,
    4452802.9926931
  ],
  [
    1531094400000,
    4629005.700652463
  ],
  [
    1531180800000,
    4351275.6668018205
  ],
  [
    1531267200000,
    5213927.075796143
  ],
  [
    1531353600000,
    6013534.69317348
  ],
  [
    1531440000000,
    3510121.989911847
  ],
  [
    1531526400000,
    2745364.768475253
  ],
  [
    1531612800000,
    4048303.372766894
  ],
  [
    1531699200000,
    4184365.0560228843
  ],
  [
    1531785600000,
    5414006.285943611
  ],
  [
    1531872000000,
    6461987.258645264
  ],
  [
    1531958400000,
    6558895.65970641
  ],
  [
    1532044800000,
    6313240.339664136
  ],
  [
    1532131200000,
    5128653.738329219
  ],
  [
    1532217600000,
    5586308.472405939
  ],
  [
    1532304000000,
    5587424.606679463
  ],
  [
    1532390400000,
    5765742.152059907
  ],
  [
    1532476800000,
    6665061.909478668
  ],
  [
    1532563200000,
    7142640.654368497
  ],
  [
    1532649600000,
    7161674.718000286
  ],
  [
    1532736000000,
    7778265.874926415
  ],
  [
    1532822400000,
    6073584.188820222
  ],
  [
    1532908800000,
    6586445.8282368705
  ],
  [
    1532995200000,
    6977184.735469295
  ],
  [
    1533081600000,
    5011745.942748516
  ],
  [
    1533168000000,
    4943154.245978653
  ],
  [
    1533254400000,
    4897965.824457526
  ],
  [
    1533340800000,
    4825763.818570538
  ],
  [
    1533427200000,
    4554731.709625905
  ],
  [
    1533513600000,
    4547810.660734068
  ],
  [
    1533600000000,
    4382085.8998782355
  ],
  [
    1533686400000,
    4397235.3078140225
  ],
  [
    1533772800000,
    3978440.7302946304
  ],
  [
    1533859200000,
    4367871.714205015
  ],
  [
    1533945600000,
    3943043.9670772124
  ],
  [
    1534032000000,
    4103600.9610886546
  ],
  [
    1534118400000,
    3498592.446101781
  ],
  [
    1534204800000,
    4043890.1765511474
  ],
  [
    1534291200000,
    4081032.1714362474
  ],
  [
    1534377600000,
    3540759.017548904
  ],
  [
    1534464000000,
    3177472.6158943563
  ],
  [
    1534550400000,
    3890642.663973989
  ],
  [
    1534636800000,
    4198227.133471231
  ],
  [
    1534723200000,
    4303024.989480224
  ],
  [
    1534809600000,
    4124582.8762481324
  ],
  [
    1534896000000,
    4186586.9047288517
  ],
  [
    1534982400000,
    4258894.597341397
  ],
  [
    1535068800000,
    4303529.812975699
  ],
  [
    1535155200000,
    4239311.950664291
  ],
  [
    1535241600000,
    3765778.0306074796
  ],
  [
    1535328000000,
    4451867.177890828
  ],
  [
    1535414400000,
    4549213.062782838
  ],
  [
    1535500800000,
    5144035.7378717065
  ],
  [
    1535587200000,
    4739197.606548797
  ],
  [
    1535673600000,
    4708231.803964386
  ],
  [
    1535760000000,
    4738978.667510932
  ],
  [
    1535846400000,
    5339968.22276583
  ],
  [
    1535932800000,
    4911268.20036475
  ],
  [
    1536019200000,
    5016403.4287641235
  ],
  [
    1536105600000,
    4944450.9958993085
  ],
  [
    1536192000000,
    4554888.328326082
  ],
  [
    1536278400000,
    4414890.69353188
  ],
  [
    1536364800000,
    4334072.575319982
  ],
  [
    1536451200000,
    4218894.683326885
  ],
  [
    1536537600000,
    4211232.126228076
  ],
  [
    1536624000000,
    4204477.399427608
  ],
  [
    1536710400000,
    4189181.927433214
  ],
  [
    1536796800000,
    4196887.038688281
  ],
  [
    1536883200000,
    4360317.28318778
  ],
  [
    1536969600000,
    4475735.277528245
  ],
  [
    1537056000000,
    4333927.297418836
  ],
  [
    1537142400000,
    4369082.321201316
  ],
  [
    1537228800000,
    4154893.412067205
  ],
  [
    1537315200000,
    4268752.608134141
  ],
  [
    1537401600000,
    4265707.054577239
  ],
  [
    1537488000000,
    3981551.7524083965
  ],
  [
    1537574400000,
    4556163.432365166
  ],
  [
    1537660800000,
    4508339.219683305
  ],
  [
    1537747200000,
    4367411.091910603
  ],
  [
    1537833600000,
    4424356.534924378
  ],
  [
    1537920000000,
    4305118.0827164445
  ],
  [
    1538006400000,
    4391240.816733203
  ],
  [
    1538092800000,
    4460114.061194379
  ],
  [
    1538179200000,
    4410204.540897243
  ],
  [
    1538265600000,
    4543030.788429068
  ],
  [
    1538352000000,
    4448098.685381768
  ],
  [
    1538438400000,
    4437253.761468524
  ],
  [
    1538524800000,
    4378446.026974558
  ],
  [
    1538611200000,
    4335414.517686416
  ],
  [
    1538697600000,
    4490576.642485132
  ],
  [
    1538784000000,
    4424568.976770211
  ],
  [
    1538870400000,
    4412859.404598912
  ],
  [
    1538956800000,
    4327733.904446364
  ],
  [
    1539043200000,
    4511618.475399727
  ],
  [
    1539129600000,
    4459632.013703875
  ],
  [
    1539216000000,
    4386730.416179123
  ],
  [
    1539302400000,
    4112814.706401709
  ],
  [
    1539388800000,
    4192451.5911278315
  ],
  [
    1539475200000,
    4218487.703642194
  ],
  [
    1539561600000,
    4192049.768707101
  ],
  [
    1539648000000,
    4205679.761335486
  ],
  [
    1539734400000,
    4301880.781488566
  ],
  [
    1539820800000,
    4373788.384246107
  ],
  [
    1539907200000,
    4201174.923456023
  ],
  [
    1539993600000,
    4271131.386611602
  ],
  [
    1540080000000,
    4259417.154113988
  ],
  [
    1540166400000,
    4391330.033027151
  ],
  [
    1540252800000,
    4380672.218816386
  ],
  [
    1540339200000,
    4368602.395348863
  ],
  [
    1540425600000,
    4374263.295342982
  ],
  [
    1540512000000,
    4288781.110265479
  ],
  [
    1540598400000,
    4383394.29209973
  ],
  [
    1540684800000,
    4341726.783705954
  ],
  [
    1540771200000,
    4356970.125651241
  ],
  [
    1540857600000,
    4231461.821838024
  ],
  [
    1540944000000,
    4235665.544398376
  ],
  [
    1541030400000,
    4289480.353083852
  ],
  [
    1541116800000,
    4453009.084918188
  ],
  [
    1541203200000,
    6484846.585103308
  ],
  [
    1541289600000,
    6283044.771133737
  ],
  [
    1541376000000,
    4370297.839358546
  ],
  [
    1541462400000,
    4302974.48466887
  ],
  [
    1541548800000,
    6056788.451424265
  ],
  [
    1541635200000,
    4425092.652687654
  ],
  [
    1541721600000,
    4352246.588411551
  ],
  [
    1541808000000,
    4316007.862762208
  ],
  [
    1541894400000,
    4308610.581705177
  ],
  [
    1541980800000,
    3864655.222821991
  ],
  [
    1542067200000,
    4197312.314504336
  ],
  [
    1542153600000,
    4093596.2955959677
  ],
  [
    1542240000000,
    2997301.413516115
  ],
  [
    1542326400000,
    3745141.3741599564
  ],
  [
    1542412800000,
    3273347.7353038583
  ],
  [
    1542499200000,
    3728429.0364110414
  ],
  [
    1542585600000,
    3507766.1961337808
  ],
  [
    1542672000000,
    2054314.888152908
  ],
  [
    1542758400000,
    1493300.0664360558
  ],
  [
    1542844800000,
    3111841.822622981
  ],
  [
    1542931200000,
    1470608.3349605238
  ],
  [
    1543017600000,
    2952999.9302746085
  ],
  [
    1543104000000,
    7392779.578778059
  ],
  [
    1543190400000,
    2438740.33466593
  ],
  [
    1543276800000,
    2491772.556072108
  ],
  [
    1543363200000,
    2435808.1074462496
  ],
  [
    1543449600000,
    2849853.444396851
  ],
  [
    1543536000000,
    2877300.5524217314
  ],
  [
    1543622400000,
    2546725.711183048
  ],
  [
    1543708800000,
    2801435.7576149544
  ],
  [
    1543795200000,
    2587931.2830256904
  ],
  [
    1543881600000,
    2616535.1822835286
  ],
  [
    1543968000000,
    2528652.3689332954
  ],
  [
    1544054400000,
    2386572.1330053075
  ],
  [
    1544140800000,
    2371575.7727711056
  ],
  [
    1544227200000,
    1144964.639709657
  ],
  [
    1544313600000,
    2099425.2459019967
  ],
  [
    1544400000000,
    2401364.0406365423
  ],
  [
    1544486400000,
    2041473.9759495663
  ],
  [
    1544572800000,
    2239434.6620038906
  ],
  [
    1544659200000,
    2133602.5789405876
  ],
  [
    1544745600000,
    2214769.2616732554
  ],
  [
    1544832000000,
    2166771.9962222935
  ],
  [
    1544918400000,
    2165477.6165922605
  ],
  [
    1545004800000,
    2130964.6927115014
  ],
  [
    1545091200000,
    2349966.872088476
  ],
  [
    1545177600000,
    1229306.3332711556
  ],
  [
    1545264000000,
    1574791.2555578882
  ],
  [
    1545350400000,
    2721354.3990434716
  ],
  [
    1545436800000,
    2585149.022525637
  ],
  [
    1545523200000,
    2619725.4370629494
  ],
  [
    1545609600000,
    2287308.1462050653
  ],
  [
    1545696000000,
    2699329.0087186536
  ],
  [
    1545782400000,
    2515586.787727294
  ],
  [
    1545868800000,
    1485708.3212810163
  ],
  [
    1545955200000,
    2122965.3357637096
  ],
  [
    1546041600000,
    2561169.3279411965
  ],
  [
    1546128000000,
    2546946.6994059924
  ],
  [
    1546214400000,
    2558404.3087383886
  ],
  [
    1546300800000,
    2413099.106376508
  ],
  [
    1546387200000,
    2384462.5888813864
  ],
  [
    1546473600000,
    2609680.6277592406
  ],
  [
    1546560000000,
    2538828.052326875
  ],
  [
    1546646400000,
    3848125.4506894234
  ],
  [
    1546732800000,
    2916629.69359985
  ],
  [
    1546819200000,
    2703090.6319589145
  ],
  [
    1546905600000,
    2712435.0157991797
  ],
  [
    1546992000000,
    2558553.2517669857
  ],
  [
    1547078400000,
    2016851.4593355213
  ],
  [
    1547164800000,
    2435341.0410728566
  ],
  [
    1547251200000,
    2418211.791688061
  ],
  [
    1547337600000,
    2098985.548450203
  ],
  [
    1547424000000,
    2203774.599951587
  ],
  [
    1547510400000,
    2454543.9773793607
  ],
  [
    1547596800000,
    2381852.6998698683
  ],
  [
    1547683200000,
    2304627.8244804423
  ],
  [
    1547769600000,
    2436707.6152998446
  ],
  [
    1547856000000,
    2426475.602495941
  ],
  [
    1547942400000,
    2052632.8000010313
  ],
  [
    1548028800000,
    2332833.176349973
  ],
  [
    1548115200000,
    2096445.3637137513
  ],
  [
    1548201600000,
    1709469.767459862
  ],
  [
    1548288000000,
    2392685.6875368487
  ],
  [
    1548374400000,
    3526589.7673413125
  ],
  [
    1548460800000,
    1890304.4460860272
  ],
  [
    1548547200000,
    2512805.6111900336
  ],
  [
    1548633600000,
    2336177.291055491
  ],
  [
    1548720000000,
    2312623.2098843954
  ],
  [
    1548806400000,
    2529853.0191706405
  ],
  [
    1548892800000,
    2361725.1959798215
  ],
  [
    1548979200000,
    2215272.0322485287
  ],
  [
    1549065600000,
    2369970.542572184
  ],
  [
    1549152000000,
    2348824.2899804614
  ],
  [
    1549238400000,
    2314475.3514683144
  ],
  [
    1549324800000,
    2333651.4454373256
  ],
  [
    1549411200000,
    2338481.8319095266
  ],
  [
    1549497600000,
    2294805.8794039097
  ],
  [
    1549584000000,
    2286948.493191726
  ],
  [
    1549670400000,
    1232876.6346784513
  ],
  [
    1549756800000,
    2416376.1203124584
  ],
  [
    1549843200000,
    2563723.071936178
  ],
  [
    1549929600000,
    2444757.8191903234
  ],
  [
    1550016000000,
    2433089.2876019706
  ],
  [
    1550102400000,
    2437649.8076517195
  ],
  [
    1550188800000,
    2478950.3431704994
  ],
  [
    1550275200000,
    2427376.389654863
  ],
  [
    1550361600000,
    1220678.129942962
  ],
  [
    1550448000000,
    1236367.0128086442
  ],
  [
    1550534400000,
    1309591.0696744146
  ],
  [
    1550620800000,
    2368663.003797641
  ],
  [
    1550707200000,
    1338016.1791148249
  ],
  [
    1550793600000,
    1325921.3380241464
  ],
  [
    1550880000000,
    1338485.0860035412
  ],
  [
    1550966400000,
    2773741.1818455043
  ],
  [
    1551052800000,
    2540193.9822981
  ],
  [
    1551139200000,
    2611475.0323066767
  ],
  [
    1551225600000,
    2539123.1681306586
  ],
  [
    1551312000000,
    2578168.367110157
  ],
  [
    1551398400000,
    2983406.369434956
  ],
  [
    1551484800000,
    2577089.586154034
  ],
  [
    1551571200000,
    2541018.5482892497
  ],
  [
    1551657600000,
    2565241.1334978626
  ],
  [
    1551744000000,
    2503483.1289355224
  ],
  [
    1551830400000,
    2465461.4671615213
  ],
  [
    1551916800000,
    2618070.2110703797
  ],
  [
    1552003200000,
    2485732.8808329026
  ],
  [
    1552089600000,
    2599239.961623457
  ],
  [
    1552176000000,
    1300556.1138352652
  ],
  [
    1552262400000,
    2409968.0589171303
  ],
  [
    1552348800000,
    2503083.5525727076
  ],
  [
    1552435200000,
    2819581.786007205
  ],
  [
    1552521600000,
    2701997.637440935
  ],
  [
    1552608000000,
    2545954.586647241
  ],
  [
    1552694400000,
    2583956.273728344
  ],
  [
    1552780800000,
    2699383.0560799697
  ],
  [
    1552867200000,
    2658296.854323775
  ],
  [
    1552953600000,
    2703529.1040860335
  ],
  [
    1553040000000,
    2707964.033334809
  ],
  [
    1553126400000,
    2832477.216094528
  ],
  [
    1553212800000,
    2687915.4957041536
  ],
  [
    1553299200000,
    4037977.716544135
  ],
  [
    1553385600000,
    2690936.473652462
  ],
  [
    1553472000000,
    2685271.374156674
  ],
  [
    1553558400000,
    2675738.9805349368
  ],
  [
    1553644800000,
    2640805.721274926
  ],
  [
    1553731200000,
    4064143.383076128
  ],
  [
    1553817600000,
    2714880.9114812855
  ],
  [
    1553904000000,
    2757021.271997616
  ],
  [
    1553990400000,
    2761347.477046568
  ],
  [
    1554076800000,
    2766738.156856473
  ],
  [
    1554163200000,
    4192074.9210767895
  ],
  [
    1554249600000,
    4783185.50042553
  ],
  [
    1554336000000,
    5167238.63614632
  ],
  [
    1554422400000,
    3257804.6701985076
  ],
  [
    1554508800000,
    3375546.893382852
  ],
  [
    1554595200000,
    3400781.9635410616
  ],
  [
    1554681600000,
    3450923.843632583
  ],
  [
    1554768000000,
    4854591.319426337
  ],
  [
    1554854400000,
    3485425.5613610065
  ],
  [
    1554940800000,
    3633242.1820564573
  ],
  [
    1555027200000,
    3407835.4952549804
  ],
  [
    1555113600000,
    3420473.0145760025
  ],
  [
    1555200000000,
    3414794.9521254017
  ],
  [
    1555286400000,
    3429421.2153497445
  ],
  [
    1555372800000,
    3688923.2557053813
  ],
  [
    1555459200000,
    3820274.2255753507
  ],
  [
    1555545600000,
    3527752.9549932797
  ],
  [
    1555632000000,
    4621273.30723337
  ],
  [
    1555718400000,
    3554711.88381862
  ],
  [
    1555804800000,
    1777074.1552531493
  ],
  [
    1555891200000,
    4519646.371005561
  ],
  [
    1555977600000,
    1809895.9022277028
  ],
  [
    1556064000000,
    3430073.02658155
  ],
  [
    1556150400000,
    3622178.8281857986
  ],
  [
    1556236800000,
    3502383.2147697597
  ],
  [
    1556323200000,
    4116698.2444839072
  ],
  [
    1556409600000,
    4168159.496641408
  ],
  [
    1556496000000,
    3067074.1347304783
  ],
  [
    1556582400000,
    3030360.6256596944
  ],
  [
    1556668800000,
    4233911.584944046
  ],
  [
    1556755200000,
    2848936.4827443445
  ],
  [
    1556841600000,
    3181319.8492818177
  ],
  [
    1556928000000,
    3194365.201995206
  ],
  [
    1557014400000,
    3842121.462370991
  ],
  [
    1557100800000,
    3181828.8257392836
  ],
  [
    1557187200000,
    3159925.0452325423
  ],
  [
    1557273600000,
    4079443.388968214
  ],
  [
    1557360000000,
    3982519.3220478124
  ],
  [
    1557446400000,
    2558530.2429313157
  ],
  [
    1557532800000,
    4230735.152707655
  ],
  [
    1557619200000,
    4923918.6228957875
  ],
  [
    1557705600000,
    4682364.2355034845
  ],
  [
    1557792000000,
    5213556.00489658
  ],
  [
    1557878400000,
    2651092.694301216
  ],
  [
    1557964800000,
    2757836.7409925424
  ],
  [
    1558051200000,
    5293570.144406525
  ],
  [
    1558137600000,
    2465827.48784455
  ],
  [
    1558224000000,
    4942448.418931824
  ],
  [
    1558310400000,
    2717040.545977643
  ],
  [
    1558396800000,
    2712748.677923293
  ],
  [
    1558483200000,
    2912176.8273631176
  ],
  [
    1558569600000,
    2609402.6919617862
  ],
  [
    1558656000000,
    2624081.4282304654
  ],
  [
    1558742400000,
    5393266.581259497
  ],
  [
    1558828800000,
    4476362.462774981
  ],
  [
    1558915200000,
    2919057.61149075
  ],
  [
    1559001600000,
    2976550.7806773325
  ],
  [
    1559088000000,
    2938328.0185758877
  ],
  [
    1559174400000,
    7047024.343706322
  ],
  [
    1559260800000,
    5606236.658750812
  ],
  [
    1559347200000,
    4608726.974556624
  ],
  [
    1559433600000,
    2934866.936352259
  ],
  [
    1559520000000,
    7022245.619900934
  ],
  [
    1559606400000,
    6738060.35940966
  ],
  [
    1559692800000,
    5138610.959971141
  ],
  [
    1559779200000,
    5293241.56931889
  ],
  [
    1559865600000,
    2564429.5085445647
  ],
  [
    1559952000000,
    2713806.8334162687
  ],
  [
    1560038400000,
    2665828.9967483967
  ],
  [
    1560124800000,
    5189333.479743303
  ],
  [
    1560211200000,
    6321061.917525729
  ],
  [
    1560297600000,
    5768582.042124432
  ],
  [
    1560384000000,
    6414959.213850189
  ],
  [
    1560470400000,
    5624691.469976117
  ],
  [
    1560556800000,
    2834185.345160703
  ],
  [
    1560643200000,
    2929478.7099929885
  ],
  [
    1560729600000,
    3069727.55378045
  ],
  [
    1560816000000,
    3128577.8611655035
  ],
  [
    1560902400000,
    6133576.578606174
  ],
  [
    1560988800000,
    6161652.106603855
  ],
  [
    1561075200000,
    6347869.166746606
  ],
  [
    1561161600000,
    6628539.394921666
  ],
  [
    1561248000000,
    3612238.8047590796
  ],
  [
    1561334400000,
    7344509.956959893
  ],
  [
    1561420800000,
    3726487.3646908347
  ],
  [
    1561507200000,
    3856038.798999271
  ],
  [
    1561593600000,
    4561269.52255473
  ],
  [
    1561680000000,
    3728071.031685108
  ],
  [
    1561766400000,
    4010649.5796642248
  ],
  [
    1561852800000,
    8008175.0355304945
  ],
  [
    1561939200000,
    7623075.173066232
  ],
  [
    1562025600000,
    3474062.964972207
  ],
  [
    1562112000000,
    7119938.728614036
  ],
  [
    1562198400000,
    7643955.556641063
  ],
  [
    1562284800000,
    3989066.793135021
  ],
  [
    1562371200000,
    3806808.125627433
  ],
  [
    1562457600000,
    3794534.515066418
  ],
  [
    1562544000000,
    7716387.766576267
  ],
  [
    1562630400000,
    4006629.7054318986
  ],
  [
    1562716800000,
    4186875.725291948
  ],
  [
    1562803200000,
    4083607.279915101
  ],
  [
    1562889600000,
    3944501.9099331065
  ],
  [
    1562976000000,
    3911607.27262054
  ],
  [
    1563062400000,
    3789224.789678769
  ],
  [
    1563148800000,
    3513978.5615933263
  ],
  [
    1563235200000,
    6282632.740552093
  ],
  [
    1563321600000,
    3209392.7229927066
  ],
  [
    1563408000000,
    3267381.5549354577
  ],
  [
    1563494400000,
    3560443.923214389
  ],
  [
    1563580800000,
    3558836.7176283426
  ],
  [
    1563667200000,
    7388524.914551066
  ],
  [
    1563753600000,
    6997688.327841259
  ],
  [
    1563840000000,
    6975747.51597478
  ],
  [
    1563926400000,
    6825382.295625747
  ],
  [
    1564012800000,
    6567637.0229465645
  ],
  [
    1564099200000,
    6822474.267221178
  ],
  [
    1564185600000,
    6621708.534298388
  ],
  [
    1564272000000,
    6852661.518666951
  ],
  [
    1564358400000,
    6412684.602697039
  ],
  [
    1564444800000,
    6471562.0575722335
  ],
  [
    1564531200000,
    3267683.5381981465
  ],
  [
    1564617600000,
    6738378.643469333
  ],
  [
    1564704000000,
    6767939.624947332
  ],
  [
    1564790400000,
    7102883.842051799
  ],
  [
    1564876800000,
    4785061.648082121
  ],
  [
    1564963200000,
    4785107.687958495
  ],
  [
    1565049600000,
    7924357.946728642
  ],
  [
    1565136000000,
    7664359.821044504
  ],
  [
    1565222400000,
    8068506.62913302
  ],
  [
    1565308800000,
    3914343.2750199987
  ],
  [
    1565395200000,
    3994527.7847830965
  ],
  [
    1565481600000,
    3854969.047583728
  ],
  [
    1565568000000,
    3842000.0945550357
  ],
  [
    1565654400000,
    4596640.96025172
  ],
  [
    1565740800000,
    4596700.819562349
  ],
  [
    1565827200000,
    3520124.366470606
  ],
  [
    1565913600000,
    3402319.743252291
  ],
  [
    1566000000000,
    7061252.049080353
  ],
  [
    1566086400000,
    6867992.290117469
  ],
  [
    1566172800000,
    3516081.5474905698
  ],
  [
    1566259200000,
    7240811.5985446675
  ],
  [
    1566345600000,
    3623630.679690295
  ],
  [
    1566432000000,
    3415123.44907526
  ],
  [
    1566518400000,
    3411738.2810461307
  ],
  [
    1566604800000,
    3506602.4139016476
  ],
  [
    1566691200000,
    3415718.3523795656
  ],
  [
    1566777600000,
    3574271.618536022
  ],
  [
    1566864000000,
    5083619.283929403
  ],
  [
    1566950400000,
    3443745.74344429
  ],
  [
    1567036800000,
    6565981.483670554
  ],
  [
    1567123200000,
    3211970.791459346
  ],
  [
    1567209600000,
    3241360.6937023713
  ],
  [
    1567296000000,
    3247550.2315354776
  ],
  [
    1567382400000,
    3288609.713978019
  ],
  [
    1567468800000,
    3522303.994224502
  ],
  [
    1567555200000,
    4459992.974245225
  ],
  [
    1567641600000,
    4233698.352634853
  ],
  [
    1567728000000,
    321564.3166752419
  ],
  [
    1567814400000,
    177986.14906351987
  ],
  [
    1567900800000,
    4021272.4260719656
  ],
  [
    1567987200000,
    3820410.96138147
  ],
  [
    1568073600000,
    3702242.861855127
  ],
  [
    1568160000000,
    3465567.238793499
  ],
  [
    1568246400000,
    3466365.4901924664
  ],
  [
    1568332800000,
    3031877.3254912896
  ],
  [
    1568419200000,
    258567.0386477386
  ],
  [
    1568505600000,
    268353.72508453537
  ],
  [
    1568592000000,
    3456117.240106553
  ],
  [
    1568678400000,
    1551399.5589185536
  ],
  [
    1568764800000,
    1682807.9959754974
  ],
  [
    1568851200000,
    307109.27396347537
  ],
  [
    1568937600000,
    352900.15945763764
  ],
  [
    1569024000000,
    1097305.0446159756
  ],
  [
    1569110400000,
    434718.47246352915
  ],
  [
    1569196800000,
    347476.1047125865
  ],
  [
    1569283200000,
    263403.4620002967
  ],
  [
    1569369600000,
    251676.73456959473
  ],
  [
    1569456000000,
    378423.2317449601
  ],
  [
    1569542400000,
    518477.4044602041
  ],
  [
    1569628800000,
    632602.7186150331
  ],
  [
    1569715200000,
    448189.2013721682
  ],
  [
    1569801600000,
    2418602.991999127
  ],
  [
    1569888000000,
    299967.33612418704
  ],
  [
    1569974400000,
    119817.58668858928
  ],
  [
    1570060800000,
    119817.58668858928
  ],
  [
    1570147200000,
    178062.89986091558
  ],
  [
    1570233600000,
    178063.1579792193
  ],
  [
    1570320000000,
    422002.32810107485
  ],
  [
    1570406400000,
    292331.95377982553
  ],
  [
    1570492800000,
    437542.0450762454
  ],
  [
    1570579200000,
    423706.05167410075
  ],
  [
    1570665600000,
    444705.08294064476
  ],
  [
    1570752000000,
    444710.3696793008
  ],
  [
    1570838400000,
    444714.61709775496
  ],
  [
    1570924800000,
    429202.7353177623
  ],
  [
    1571011200000,
    435083.1675074435
  ],
  [
    1571097600000,
    435099.47418688587
  ],
  [
    1571184000000,
    426135.8554213563
  ],
  [
    1571270400000,
    412468.6218125881
  ],
  [
    1571356800000,
    479663.58391800243
  ],
  [
    1571443200000,
    436600.77955493703
  ],
  [
    1571529600000,
    353015.95285647985
  ],
  [
    1571616000000,
    409470.85074716114
  ],
  [
    1571702400000,
    351707.0565996404
  ],
  [
    1571788800000,
    578300.9996947566
  ],
  [
    1571875200000,
    535131.2744748999
  ],
  [
    1571961600000,
    423529.5890396994
  ],
  [
    1572048000000,
    580292.1265789331
  ],
  [
    1572134400000,
    664527.7570231723
  ],
  [
    1572220800000,
    1777281.6243179983
  ],
  [
    1572307200000,
    1485030.9488546713
  ],
  [
    1572393600000,
    1543677.665305821
  ],
  [
    1572480000000,
    1021959.6469103969
  ],
  [
    1572566400000,
    612305.2071354068
  ],
  [
    1572652800000,
    1226350.6095563136
  ],
  [
    1572739200000,
    1218667.8138960623
  ],
  [
    1572825600000,
    570141.551018583
  ],
  [
    1572912000000,
    938965.3961451038
  ],
  [
    1572998400000,
    958251.699163811
  ],
  [
    1573084800000,
    3139043.0106026875
  ],
  [
    1573171200000,
    932547.9708536188
  ],
  [
    1573257600000,
    3047870.321395628
  ],
  [
    1573344000000,
    922687.026028371
  ],
  [
    1573430400000,
    900870.8917269323
  ],
  [
    1573516800000,
    1109207.6743000043
  ],
  [
    1573603200000,
    1121283.494686332
  ],
  [
    1573689600000,
    1262794.302715665
  ],
  [
    1573776000000,
    1154017.3826673804
  ],
  [
    1573862400000,
    1308793.9391137997
  ],
  [
    1573948800000,
    1111097.5228513754
  ],
  [
    1574035200000,
    1133987.4476343323
  ],
  [
    1574121600000,
    1856660.4210184251
  ],
  [
    1574208000000,
    1145871.5901116622
  ],
  [
    1574294400000,
    915655.2081398136
  ],
  [
    1574380800000,
    977868.4885096661
  ],
  [
    1574467200000,
    1043684.1328993083
  ],
  [
    1574553600000,
    2637597.475704464
  ],
  [
    1574640000000,
    561042.6523810652
  ],
  [
    1574726400000,
    577741.1196384502
  ],
  [
    1574812800000,
    393565.37815512624
  ],
  [
    1574899200000,
    525229.6022308179
  ],
  [
    1574985600000,
    521311.6098512625
  ],
  [
    1575072000000,
    1135899.880506922
  ],
  [
    1575158400000,
    565682.7681433673
  ],
  [
    1575244800000,
    818227.8839444655
  ],
  [
    1575331200000,
    850323.5907585354
  ],
  [
    1575417600000,
    695719.1111515693
  ],
  [
    1575504000000,
    645826.7585001772
  ],
  [
    1575590400000,
    754624.4612252559
  ],
  [
    1575676800000,
    556478.8872309978
  ],
  [
    1575763200000,
    1586978.5198194967
  ],
  [
    1575849600000,
    901682.3878373932
  ],
  [
    1575936000000,
    513434.2242173622
  ],
  [
    1576022400000,
    1430941.6473673885
  ],
  [
    1576108800000,
    492835.1278852262
  ],
  [
    1576195200000,
    1105123.2827118705
  ],
  [
    1576281600000,
    818391.4426945902
  ],
  [
    1576368000000,
    559699.4238601894
  ],
  [
    1576454400000,
    780301.0585024471
  ],
  [
    1576540800000,
    574415.841269543
  ],
  [
    1576627200000,
    815285.4522588131
  ],
  [
    1576713600000,
    815292.8654389138
  ],
  [
    1576800000000,
    838310.6089392101
  ],
  [
    1576886400000,
    388557.91357966233
  ],
  [
    1576972800000,
    1560090.491034528
  ],
  [
    1577059200000,
    702779.1916801924
  ],
  [
    1577145600000,
    2566664.9514558003
  ],
  [
    1577232000000,
    512818.67893952015
  ],
  [
    1577318400000,
    2327516.3772896
  ],
  [
    1577404800000,
    2225662.9029167662
  ],
  [
    1577491200000,
    510301.32309684675
  ],
  [
    1577577600000,
    396458.3092702879
  ],
  [
    1577664000000,
    2483230.8998025684
  ],
  [
    1577750400000,
    993947.0046116068
  ],
  [
    1577836800000,
    567464.4608190618
  ],
  [
    1577923200000,
    671467.1730999124
  ],
  [
    1578009600000,
    1005000.5911220958
  ],
  [
    1578096000000,
    739876.4245713683
  ],
  [
    1578182400000,
    736841.5200250443
  ],
  [
    1578268800000,
    686262.2196149639
  ],
  [
    1578355200000,
    722794.9774032894
  ],
  [
    1578441600000,
    849240.3985121126
  ],
  [
    1578528000000,
    843648.6533850072
  ],
  [
    1578614400000,
    871625.9159547916
  ],
  [
    1578700800000,
    829290.0405980829
  ],
  [
    1578787200000,
    679336.3660788599
  ],
  [
    1578873600000,
    690584.7953885944
  ],
  [
    1578960000000,
    1067628.9246924708
  ],
  [
    1579046400000,
    717514.3060207408
  ],
  [
    1579132800000,
    1245290.4610613293
  ],
  [
    1579219200000,
    1104173.5451632454
  ],
  [
    1579305600000,
    3472152.807656239
  ],
  [
    1579392000000,
    932993.775161397
  ],
  [
    1579478400000,
    1131498.2800349095
  ],
  [
    1579564800000,
    1135055.6915226278
  ],
  [
    1579651200000,
    1206386.9489126576
  ],
  [
    1579737600000,
    802629.9026402768
  ],
  [
    1579824000000,
    2836573.1038670097
  ],
  [
    1579910400000,
    2873133.6367416233
  ],
  [
    1579996800000,
    2835172.2155816653
  ],
  [
    1580083200000,
    1130461.4597953924
  ],
  [
    1580169600000,
    1150270.3634482883
  ],
  [
    1580256000000,
    2944945.372502749
  ],
  [
    1580342400000,
    954984.8873636789
  ],
  [
    1580428800000,
    3224561.794914878
  ],
  [
    1580515200000,
    1004393.9555070188
  ],
  [
    1580601600000,
    3180368.1248875605
  ],
  [
    1580688000000,
    1283973.3315053259
  ],
  [
    1580774400000,
    1806074.6951584828
  ],
  [
    1580860800000,
    1474043.1160237174
  ],
  [
    1580947200000,
    778255.1208319496
  ],
  [
    1581033600000,
    981073.8068967353
  ],
  [
    1581120000000,
    1017887.1253610619
  ],
  [
    1581206400000,
    979389.7513937235
  ],
  [
    1581292800000,
    993614.6239057451
  ],
  [
    1581379200000,
    963533.1268515582
  ],
  [
    1581465600000,
    3461992.7232735413
  ],
  [
    1581552000000,
    3511556.64237189
  ],
  [
    1581638400000,
    1047356.0754758194
  ],
  [
    1581724800000,
    1802097.0604186244
  ],
  [
    1581897600000,
    1057008.2205304028
  ],
  [
    1581984000000,
    1095190.1562528384
  ],
  [
    1582070400000,
    3353126.304709883
  ],
  [
    1582243200000,
    1042369.1751147679
  ],
  [
    1582329600000,
    3082648.8382768296
  ],
  [
    1582502400000,
    585790.2959910606
  ],
  [
    1582588800000,
    1641072.9994219965
  ],
  [
    1582675200000,
    3168700.451839124
  ],
  [
    1582761600000,
    1222172.7222452636
  ],
  [
    1582848000000,
    1012559.6481775595
  ],
  [
    1583107200000,
    959442.2529486106
  ],
  [
    1583193600000,
    1028257.0373929562
  ],
  [
    1583280000000,
    1360883.5808617135
  ],
  [
    1583366400000,
    1211831.714723017
  ],
  [
    1583452800000,
    635696.5356358609
  ],
  [
    1583539200000,
    851707.1492417643
  ],
  [
    1583625600000,
    1384918.8206186446
  ],
  [
    1583712000000,
    2454551.451374978
  ],
  [
    1583798400000,
    553136.2464760846
  ],
  [
    1583884800000,
    244109.3811554704
  ],
  [
    1583971200000,
    1643818.0859924788
  ],
  [
    1584057600000,
    438382.4417425047
  ],
  [
    1584144000000,
    1886707.0873503112
  ],
  [
    1584230400000,
    359174.1878752847
  ],
  [
    1584316800000,
    1799511.6055190486
  ],
  [
    1584403200000,
    1709225.802067397
  ],
  [
    1584489600000,
    430080.7836806421
  ],
  [
    1584576000000,
    1827298.52891911
  ],
  [
    1584662400000,
    600130.0991172348
  ],
  [
    1584748800000,
    445574.5479279128
  ],
  [
    1584835200000,
    580017.6597449804
  ],
  [
    1584921600000,
    553337.9212635207
  ],
  [
    1585008000000,
    542763.5422382967
  ],
  [
    1585094400000,
    564994.8596514509
  ],
  [
    1585180800000,
    600605.4918053255
  ],
  [
    1585267200000,
    1244551.3888437438
  ],
  [
    1585353600000,
    739579.0117518484
  ],
  [
    1585440000000,
    687669.9389877991
  ],
  [
    1585526400000,
    1988548.7837926936
  ],
  [
    1585612800000,
    2161948.7633449165
  ],
  [
    1585872000000,
    511426.81911107263
  ],
  [
    1585958400000,
    2293934.055021503
  ],
  [
    1586044800000,
    994242.236451731
  ],
  [
    1586131200000,
    715106.654336757
  ],
  [
    1586217600000,
    2425362.855811875
  ],
  [
    1586304000000,
    2487374.0635923203
  ],
  [
    1586390400000,
    770790.378095444
  ],
  [
    1586476800000,
    786137.711632032
  ],
  [
    1586563200000,
    739660.33338234
  ],
  [
    1586649600000,
    708759.3814933691
  ],
  [
    1586822400000,
    522622.8290710485
  ],
  [
    1586908800000,
    746379.4681149799
  ],
  [
    1586995200000,
    999566.3128848061
  ],
  [
    1587081600000,
    749563.8270681899
  ],
  [
    1587168000000,
    708283.7531320857
  ],
  [
    1587254400000,
    739857.4119084557
  ],
  [
    1587340800000,
    787930.8303332684
  ],
  [
    1587427200000,
    685458.0480336677
  ],
  [
    1587513600000,
    2341418.123903014
  ],
  [
    1587600000000,
    1103486.6963118073
  ],
  [
    1587686400000,
    751223.5766028846
  ],
  [
    1587772800000,
    2548646.769990822
  ],
  [
    1587859200000,
    2559338.6458202703
  ],
  [
    1588032000000,
    897260.954312354
  ],
  [
    1588118400000,
    2620204.613761858
  ],
  [
    1588204800000,
    932384.660237413
  ],
  [
    1588291200000,
    874550.7346997171
  ],
  [
    1588377600000,
    2974717.981902403
  ],
  [
    1588550400000,
    888373.1671177688
  ],
  [
    1588636800000,
    981857.0779753079
  ],
  [
    1588723200000,
    1156888.4230056056
  ],
  [
    1588896000000,
    3228600.941697248
  ],
  [
    1588982400000,
    1673969.2857829847
  ],
  [
    1589068800000,
    1329002.8576424783
  ],
  [
    1589155200000,
    1064029.0878792151
  ],
  [
    1589241600000,
    924725.9575041507
  ],
  [
    1589328000000,
    946336.1867064202
  ],
  [
    1589414400000,
    1166087.4391951065
  ],
  [
    1589500800000,
    813469.9134049789
  ],
  [
    1589673600000,
    1061138.7955508025
  ],
  [
    1589846400000,
    3292379.5033006202
  ],
  [
    1589932800000,
    1266868.2310391434
  ],
  [
    1590019200000,
    1481956.1835848913
  ],
  [
    1590105600000,
    1398292.906961406
  ],
  [
    1590192000000,
    2525470.9505658606
  ],
  [
    1590278400000,
    789716.9139588865
  ],
  [
    1590364800000,
    3081673.6419776916
  ],
  [
    1590451200000,
    3002618.669448646
  ],
  [
    1590537600000,
    3106882.00340221
  ],
  [
    1590624000000,
    3089583.5888979654
  ],
  [
    1590710400000,
    1023303.12424262
  ],
  [
    1590796800000,
    1007011.562570569
  ],
  [
    1590883200000,
    1006476.3823809759
  ],
  [
    1590969600000,
    996658.0762180755
  ],
  [
    1591056000000,
    928947.6283034984
  ],
  [
    1591142400000,
    957653.7506636078
  ],
  [
    1591228800000,
    1065333.660400987
  ],
  [
    1591315200000,
    1089157.3656317652
  ],
  [
    1591401600000,
    1006326.9747246943
  ],
  [
    1591488000000,
    1083835.8017167174
  ],
  [
    1591574400000,
    1074281.17525908
  ],
  [
    1591660800000,
    5801350.631287034
  ],
  [
    1591747200000,
    3764374.808503886
  ],
  [
    1591833600000,
    3320298.187527173
  ],
  [
    1591920000000,
    889090.4729970802
  ],
  [
    1592006400000,
    1041559.5350030962
  ],
  [
    1592092800000,
    1053315.6005499833
  ],
  [
    1592179200000,
    3569016.204356102
  ],
  [
    1592265600000,
    1075101.6809282363
  ],
  [
    1592352000000,
    1113339.5320942395
  ],
  [
    1592438400000,
    2601170.0855071023
  ],
  [
    1592524800000,
    2718231.476321708
  ],
  [
    1592611200000,
    1362639.1601071113
  ],
  [
    1592697600000,
    1630239.0353659405
  ],
  [
    1592784000000,
    1470410.6721619118
  ],
  [
    1592870400000,
    1255135.9351085932
  ],
  [
    1592956800000,
    613263.6624637776
  ],
  [
    1593043200000,
    1138634.1273918871
  ],
  [
    1593129600000,
    2309263.6037356253
  ],
  [
    1593216000000,
    1172389.6565484097
  ],
  [
    1593302400000,
    1768969.9976434533
  ],
  [
    1593388800000,
    1751267.7573493868
  ],
  [
    1593475200000,
    1431802.9001969069
  ],
  [
    1593561600000,
    1227500.89610933
  ],
  [
    1593648000000,
    1448111.895773441
  ],
  [
    1593734400000,
    1420764.4738868782
  ],
  [
    1593820800000,
    1417329.986574924
  ],
  [
    1593907200000,
    1560472.9161384064
  ],
  [
    1593993600000,
    1649438.9645800658
  ],
  [
    1594080000000,
    2042141.1086470918
  ],
  [
    1594166400000,
    1783938.4732350374
  ],
  [
    1594252800000,
    1676794.97212399
  ],
  [
    1594339200000,
    1627694.8975006626
  ],
  [
    1594425600000,
    1608273.031705787
  ],
  [
    1594512000000,
    1321528.929343337
  ],
  [
    1594598400000,
    1296301.8073592517
  ],
  [
    1594684800000,
    1360253.9389328277
  ],
  [
    1594771200000,
    1303131.5871504284
  ],
  [
    1594857600000,
    2753083.7807455203
  ],
  [
    1594944000000,
    2762331.738889616
  ],
  [
    1595030400000,
    1307571.8966663643
  ],
  [
    1595116800000,
    1278747.066069677
  ],
  [
    1595203200000,
    2653053.936885912
  ],
  [
    1595289600000,
    1104388.2827885237
  ],
  [
    1595376000000,
    3189630.769676845
  ],
  [
    1595462400000,
    1825097.8868631716
  ],
  [
    1595548800000,
    3264230.313759756
  ],
  [
    1595635200000,
    3241560.520590494
  ],
  [
    1595721600000,
    3290277.7025009715
  ],
  [
    1595808000000,
    3308609.3468983015
  ],
  [
    1595894400000,
    1650897.9031740169
  ],
  [
    1595980800000,
    1883654.2364494423
  ],
  [
    1596067200000,
    1147656.5777366662
  ],
  [
    1596153600000,
    3139606.603633503
  ],
  [
    1596240000000,
    1503174.7016274964
  ],
  [
    1596326400000,
    1621880.692109131
  ],
  [
    1596412800000,
    1733312.9387347845
  ],
  [
    1596499200000,
    1891219.748275955
  ],
  [
    1596585600000,
    1500152.3948582187
  ],
  [
    1596672000000,
    1472990.8786232453
  ],
  [
    1596758400000,
    2450566.6605007867
  ],
  [
    1596844800000,
    1477074.4259603696
  ],
  [
    1596931200000,
    1059915.0907520007
  ],
  [
    1597017600000,
    1131797.128106518
  ],
  [
    1597104000000,
    1348528.984357728
  ],
  [
    1597190400000,
    1148541.1050577257
  ],
  [
    1597276800000,
    1146267.0158095933
  ],
  [
    1597363200000,
    1038579.3387051821
  ],
  [
    1597449600000,
    1103178.8894468343
  ],
  [
    1597536000000,
    960538.2919438925
  ],
  [
    1597622400000,
    950676.9126231284
  ],
  [
    1597708800000,
    1149952.4141960738
  ],
  [
    1597795200000,
    961459.7877131449
  ],
  [
    1597881600000,
    787441.4446576762
  ],
  [
    1597968000000,
    834408.5416222458
  ],
  [
    1598054400000,
    864441.3013176057
  ],
  [
    1598140800000,
    860102.399816306
  ],
  [
    1598227200000,
    713230.8608389392
  ],
  [
    1598313600000,
    865373.9452477973
  ],
  [
    1598400000000,
    871656.1684810251
  ],
  [
    1598486400000,
    515462.5052586107
  ],
  [
    1598572800000,
    835297.9207395674
  ],
  [
    1598659200000,
    791694.2188087722
  ],
  [
    1598745600000,
    728295.2659312043
  ],
  [
    1598832000000,
    1264112.5399438103
  ],
  [
    1598918400000,
    1296036.0974291533
  ],
  [
    1599004800000,
    1204378.753677656
  ],
  [
    1599091200000,
    1162817.0262794
  ],
  [
    1599177600000,
    1284555.2681413498
  ],
  [
    1599264000000,
    1437597.5346834047
  ],
  [
    1599350400000,
    1225219.319867193
  ],
  [
    1599436800000,
    1310692.7201428642
  ],
  [
    1599523200000,
    1411053.5208295435
  ],
  [
    1599609600000,
    1009168.5515882723
  ],
  [
    1599696000000,
    1153643.1785875256
  ],
  [
    1599782400000,
    1006003.1581301652
  ],
  [
    1599868800000,
    1495053.7968827551
  ],
  [
    1599955200000,
    1277218.8596498931
  ],
  [
    1600041600000,
    1152925.5924192895
  ],
  [
    1600128000000,
    1250606.5364651897
  ],
  [
    1600214400000,
    1186951.1281902257
  ],
  [
    1600300800000,
    1112100.6268059511
  ],
  [
    1600387200000,
    1220572.971076773
  ],
  [
    1600473600000,
    1155654.4898984702
  ],
  [
    1600560000000,
    1147636.8213594581
  ],
  [
    1600646400000,
    1010893.1959431273
  ],
  [
    1600732800000,
    999313.8125875003
  ],
  [
    1600819200000,
    973181.9429744001
  ],
  [
    1600905600000,
    946265.4989824537
  ],
  [
    1600992000000,
    1121016.266308124
  ],
  [
    1601078400000,
    1124051.905132577
  ],
  [
    1601164800000,
    1133289.7091671152
  ],
  [
    1601251200000,
    1140324.5836002226
  ],
  [
    1601337600000,
    1148607.1112410864
  ],
  [
    1601424000000,
    878348.5185433234
  ],
  [
    1601510400000,
    689960.6533044463
  ],
  [
    1601596800000,
    830438.6400820607
  ],
  [
    1601683200000,
    772798.0773735971
  ],
  [
    1601769600000,
    707278.2226240184
  ],
  [
    1601856000000,
    777589.4695369907
  ],
  [
    1601942400000,
    727284.5383639191
  ],
  [
    1602028800000,
    677597.9201309984
  ],
  [
    1602115200000,
    785160.0517795022
  ],
  [
    1602201600000,
    962952.9492784064
  ],
  [
    1602288000000,
    712115.4530238443
  ],
  [
    1602374400000,
    789249.3227671726
  ],
  [
    1602460800000,
    750043.2432875076
  ],
  [
    1602547200000,
    720146.4365161577
  ],
  [
    1602633600000,
    675436.0077944621
  ],
  [
    1602720000000,
    702857.5558046767
  ],
  [
    1602806400000,
    684203.748133353
  ],
  [
    1602892800000,
    691252.8484293799
  ],
  [
    1602979200000,
    733439.8108773488
  ],
  [
    1603065600000,
    738920.8328396532
  ],
  [
    1603152000000,
    721899.5054396046
  ],
  [
    1603238400000,
    759758.1714116053
  ],
  [
    1603324800000,
    749957.558251538
  ],
  [
    1603411200000,
    860073.8560492507
  ],
  [
    1603497600000,
    759990.899089708
  ],
  [
    1603584000000,
    840752.9371730593
  ],
  [
    1603670400000,
    794272.8040699245
  ],
  [
    1603756800000,
    988115.4590852727
  ],
  [
    1603843200000,
    965933.5648061191
  ],
  [
    1603929600000,
    767051.6852392034
  ],
  [
    1604016000000,
    738717.3426388871
  ],
  [
    1604102400000,
    850059.3871604025
  ],
  [
    1604188800000,
    830095.5428857267
  ],
  [
    1604275200000,
    880203.4613938858
  ],
  [
    1604361600000,
    816878.7476924077
  ],
  [
    1604448000000,
    814703.463375988
  ],
  [
    1604534400000,
    906790.2076525672
  ],
  [
    1604620800000,
    954575.6465246921
  ],
  [
    1604707200000,
    1049219.3021025057
  ],
  [
    1604793600000,
    699299.2038280574
  ],
  [
    1604880000000,
    747624.2563130176
  ],
  [
    1604966400000,
    732412.5729254566
  ],
  [
    1605052800000,
    861857.6766792682
  ],
  [
    1605139200000,
    807924.9193890678
  ],
  [
    1605225600000,
    850936.4945659445
  ],
  [
    1605312000000,
    796231.4884717594
  ],
  [
    1605398400000,
    753682.509740605
  ],
  [
    1605484800000,
    815644.044111959
  ],
  [
    1605571200000,
    800438.2752733369
  ],
  [
    1605657600000,
    870440.8273300256
  ],
  [
    1605744000000,
    846614.194936383
  ],
  [
    1605830400000,
    813200.8209563686
  ],
  [
    1605916800000,
    880042.16366805
  ],
  [
    1606003200000,
    926024.2565038481
  ],
  [
    1606089600000,
    995500.3766981856
  ],
  [
    1606176000000,
    1025600.6200120688
  ],
  [
    1606262400000,
    948492.0979542513
  ],
  [
    1606348800000,
    1282756.3198997905
  ],
  [
    1606435200000,
    1448223.5131626856
  ],
  [
    1606521600000,
    739407.9964517645
  ],
  [
    1606608000000,
    700928.7969583988
  ],
  [
    1606694400000,
    973552.4427881883
  ],
  [
    1606780800000,
    933382.3297330742
  ],
  [
    1606867200000,
    1407263.1470013896
  ],
  [
    1606953600000,
    917881.1998749039
  ],
  [
    1607040000000,
    938663.4787405883
  ],
  [
    1607126400000,
    951151.9140300078
  ],
  [
    1607212800000,
    779368.638470028
  ],
  [
    1607299200000,
    787576.8769067582
  ],
  [
    1607385600000,
    782828.2509566289
  ],
  [
    1607472000000,
    698976.9249196925
  ],
  [
    1607558400000,
    688572.2336357373
  ],
  [
    1607644800000,
    605754.25294534
  ],
  [
    1607731200000,
    693391.0772814784
  ],
  [
    1607817600000,
    666908.468544386
  ],
  [
    1607904000000,
    654169.6974537517
  ],
  [
    1607990400000,
    553265.1466134846
  ],
  [
    1608076800000,
    503590.87198976683
  ],
  [
    1608163200000,
    1762411.409610395
  ],
  [
    1608249600000,
    438321.8453705435
  ],
  [
    1608336000000,
    1242751.0651904955
  ],
  [
    1608422400000,
    1637584.167384766
  ],
  [
    1608508800000,
    724270.9093946705
  ],
  [
    1608595200000,
    710776.0776964958
  ],
  [
    1608681600000,
    1184522.9171963492
  ],
  [
    1608768000000,
    782681.6001046739
  ],
  [
    1608854400000,
    716700.0912312918
  ],
  [
    1608940800000,
    735751.6046846077
  ],
  [
    1609027200000,
    739039.4888636377
  ],
  [
    1609113600000,
    1277992.538643917
  ],
  [
    1609200000000,
    1209691.1288396379
  ],
  [
    1609286400000,
    1209691.1288396379
  ],
  [
    1609372800000,
    2277931.571559525
  ],
  [
    1609459200000,
    2207847.04106118
  ],
  [
    1609545600000,
    1075399.6923232803
  ],
  [
    1609632000000,
    2078052.2352006647
  ],
  [
    1609718400000,
    2033645.1813680967
  ],
  [
    1609804800000,
    2058078.9427372718
  ],
  [
    1609891200000,
    1020554.6968496358
  ],
  [
    1609977600000,
    3597313.7237473065
  ],
  [
    1610064000000,
    3115798.7755747647
  ],
  [
    1610150400000,
    2949313.72449893
  ],
  [
    1610236800000,
    2984734.2948861993
  ],
  [
    1610323200000,
    2482705.586062619
  ],
  [
    1610409600000,
    2151456.929277798
  ],
  [
    1610496000000,
    2518884.6603946965
  ],
  [
    1610668800000,
    3287827.465134391
  ],
  [
    1610755200000,
    3287827.465134391
  ],
  [
    1610841600000,
    2744002.6231940254
  ],
  [
    1610928000000,
    2744025.100952374
  ],
  [
    1611014400000,
    3571613.6543998593
  ],
  [
    1611100800000,
    4156174.8046556925
  ],
  [
    1611273600000,
    4210450.008906875
  ],
  [
    1611360000000,
    4210450.008906875
  ],
  [
    1611446400000,
    3807863.8998260093
  ],
  [
    1611532800000,
    4250572.661091392
  ],
  [
    1611619200000,
    2508090.7477048836
  ],
  [
    1611705600000,
    2869355.1147675896
  ],
  [
    1611792000000,
    2445840.567582466
  ],
  [
    1611878400000,
    3100355.515841303
  ],
  [
    1611964800000,
    5082026.898223004
  ],
  [
    1612051200000,
    6243680.688092238
  ],
  [
    1612137600000,
    5223938.760032766
  ],
  [
    1612224000000,
    5309917.45941003
  ],
  [
    1612310400000,
    5309917.45941003
  ],
  [
    1612396800000,
    4603261.370534607
  ],
  [
    1612483200000,
    12914773.626328705
  ],
  [
    1612569600000,
    4735450.12738522
  ],
  [
    1612656000000,
    6625043.535647606
  ],
  [
    1612742400000,
    7677299.628842616
  ],
  [
    1612828800000,
    8215248.270802959
  ],
  [
    1612915200000,
    7440445.485859679
  ],
  [
    1613001600000,
    6900391.089083749
  ],
  [
    1613088000000,
    9450335.389332049
  ],
  [
    1613174400000,
    6348936.68719399
  ],
  [
    1613260800000,
    6183506.627870229
  ],
  [
    1613347200000,
    6151888.820800654
  ],
  [
    1613433600000,
    7968348.1182844285
  ],
  [
    1613520000000,
    6587151.063151044
  ],
  [
    1613606400000,
    9136911.7266146
  ],
  [
    1613692800000,
    5275380.234661627
  ],
  [
    1613779200000,
    2801247.445797528
  ],
  [
    1613865600000,
    5568901.097050338
  ],
  [
    1613952000000,
    6064127.376741849
  ],
  [
    1614038400000,
    8026473.40991427
  ],
  [
    1614124800000,
    3891998.1931062327
  ],
  [
    1614211200000,
    4101234.8183860523
  ],
  [
    1614297600000,
    6920808.826026022
  ],
  [
    1614384000000,
    4487554.405119031
  ],
  [
    1614470400000,
    4685434.243591048
  ],
  [
    1614556800000,
    4264151.234505085
  ],
  [
    1614643200000,
    7578595.131968075
  ],
  [
    1614729600000,
    7196230.981269853
  ],
  [
    1614816000000,
    7218326.511125183
  ],
  [
    1614902400000,
    3870251.6024646177
  ],
  [
    1614988800000,
    5966684.947218186
  ],
  [
    1615075200000,
    3381941.4401595555
  ],
  [
    1615161600000,
    1214163.9914026614
  ],
  [
    1615248000000,
    3832177.124145957
  ],
  [
    1615334400000,
    3650038.6631285087
  ],
  [
    1615420800000,
    4614862.519153304
  ],
  [
    1615507200000,
    4052457.837600439
  ],
  [
    1615593600000,
    4088735.4624155457
  ],
  [
    1615680000000,
    3401900.135333785
  ],
  [
    1615766400000,
    3535001.4547569244
  ],
  [
    1615852800000,
    1582711.909851784
  ],
  [
    1615939200000,
    3290782.078628247
  ],
  [
    1616025600000,
    3931466.606322395
  ],
  [
    1616112000000,
    20457251.83914638
  ],
  [
    1616198400000,
    3127458.3201848622
  ],
  [
    1616284800000,
    3438449.0373912985
  ],
  [
    1616371200000,
    3143227.3321193694
  ],
  [
    1616457600000,
    3000675.1596233346
  ],
  [
    1616544000000,
    3190139.9892219477
  ],
  [
    1616630400000,
    3190154.2370712976
  ],
  [
    1616716800000,
    3131854.949245288
  ],
  [
    1616803200000,
    1541271.449927685
  ],
  [
    1616889600000,
    2862059.0812265547
  ],
  [
    1616976000000,
    1370593.3717679176
  ],
  [
    1617062400000,
    3477496.630484319
  ],
  [
    1617148800000,
    1494754.521068994
  ],
  [
    1617235200000,
    1937389.9799385983
  ],
  [
    1617321600000,
    2642493.464387172
  ],
  [
    1617408000000,
    3415470.059098243
  ],
  [
    1617494400000,
    3367439.304178694
  ],
  [
    1617580800000,
    3562984.0406904025
  ],
  [
    1617667200000,
    3689824.1067438484
  ],
  [
    1617753600000,
    3089837.2971762056
  ],
  [
    1617840000000,
    3324061.130401967
  ],
  [
    1617926400000,
    1878489.0419415918
  ],
  [
    1618012800000,
    2396549.3755660574
  ],
  [
    1618099200000,
    2050252.5480227005
  ],
  [
    1618185600000,
    2059000.4413278166
  ],
  [
    1618272000000,
    3672325.399459285
  ],
  [
    1618358400000,
    2167483.6981210024
  ],
  [
    1618444800000,
    4134053.26561432
  ],
  [
    1618531200000,
    2651805.5573278405
  ],
  [
    1618617600000,
    3278160.0524066295
  ],
  [
    1618704000000,
    4738910.710402971
  ],
  [
    1618790400000,
    5050372.12617873
  ],
  [
    1618876800000,
    3880355.887098897
  ],
  [
    1618963200000,
    3242973.030927735
  ],
  [
    1619049600000,
    6308456.784016685
  ],
  [
    1619136000000,
    2784691.731563177
  ],
  [
    1619222400000,
    2552786.6714280294
  ],
  [
    1619308800000,
    4525593.372941088
  ],
  [
    1619395200000,
    4290980.577523804
  ],
  [
    1619481600000,
    3743572.962828403
  ],
  [
    1619568000000,
    3841201.6542396275
  ],
  [
    1619654400000,
    4940616.91663427
  ],
  [
    1619740800000,
    4349343.383270705
  ],
  [
    1619827200000,
    3380673.511151873
  ],
  [
    1619913600000,
    4231062.773150857
  ],
  [
    1620000000000,
    6102730.38227283
  ],
  [
    1620086400000,
    6169225.929155622
  ],
  [
    1620172800000,
    5271834.364037169
  ],
  [
    1620259200000,
    5959038.63257325
  ],
  [
    1620345600000,
    6145446.111105462
  ],
  [
    1620432000000,
    6203277.8037019
  ],
  [
    1620518400000,
    10475516.956074014
  ],
  [
    1620604800000,
    12279876.68359228
  ],
  [
    1620691200000,
    7561509.859634901
  ],
  [
    1620777600000,
    8387865.718266935
  ],
  [
    1620864000000,
    7810616.549312672
  ],
  [
    1620950400000,
    5951267.785849494
  ],
  [
    1621036800000,
    6816283.983688119
  ],
  [
    1621123200000,
    6815481.866711738
  ],
  [
    1621209600000,
    18902053.291406505
  ],
  [
    1621296000000,
    5132747.968167184
  ],
  [
    1621382400000,
    18466909.489899036
  ],
  [
    1621468800000,
    25747430.300920118
  ],
  [
    1621555200000,
    29241273.713533465
  ],
  [
    1621641600000,
    17295487.830702007
  ],
  [
    1621728000000,
    12932208.949357245
  ],
  [
    1621814400000,
    14378259.501203265
  ],
  [
    1621900800000,
    13681236.451060835
  ],
  [
    1621987200000,
    19454566.30170074
  ],
  [
    1622073600000,
    12404852.989318814
  ],
  [
    1622160000000,
    13045098.096182592
  ],
  [
    1622246400000,
    12604938.01528935
  ],
  [
    1622332800000,
    13509609.83254021
  ],
  [
    1622419200000,
    14908440.048915721
  ],
  [
    1622505600000,
    15620956.134589855
  ],
  [
    1622592000000,
    16577856.082366627
  ],
  [
    1622678400000,
    15207338.98987807
  ],
  [
    1622764800000,
    13486435.169758594
  ],
  [
    1622851200000,
    12347871.572518406
  ],
  [
    1622937600000,
    10376808.796972146
  ],
  [
    1623024000000,
    11640403.751560839
  ],
  [
    1623110400000,
    15662124.246371819
  ],
  [
    1623196800000,
    12543822.160866415
  ],
  [
    1623283200000,
    12820248.6770957
  ],
  [
    1623369600000,
    21883359.49874727
  ],
  [
    1623456000000,
    12096764.398030365
  ],
  [
    1623542400000,
    7901233.755064642
  ],
  [
    1623628800000,
    12730174.47504828
  ],
  [
    1623715200000,
    13040156.70681904
  ],
  [
    1623801600000,
    13206476.644170567
  ],
  [
    1623888000000,
    11930285.936125869
  ],
  [
    1623974400000,
    13372208.522433432
  ],
  [
    1624060800000,
    12834214.09775362
  ],
  [
    1624147200000,
    12298641.452889431
  ],
  [
    1624233600000,
    13136380.80091381
  ],
  [
    1624320000000,
    11917053.741013967
  ],
  [
    1624406400000,
    12143688.565355627
  ],
  [
    1624492800000,
    12158859.076400446
  ],
  [
    1624579200000,
    11059404.129042368
  ],
  [
    1624665600000,
    21721821.501500074
  ],
  [
    1624752000000,
    21985447.1157941
  ],
  [
    1624838400000,
    6400187.806168919
  ],
  [
    1624924800000,
    23583420.1800357
  ],
  [
    1625011200000,
    12390627.89085916
  ],
  [
    1625097600000,
    11906881.520889094
  ],
  [
    1625184000000,
    11541620.42548573
  ],
  [
    1625270400000,
    11517807.20551944
  ],
  [
    1625356800000,
    11996617.17063536
  ],
  [
    1625443200000,
    6833198.966041143
  ],
  [
    1625529600000,
    11790107.035418687
  ],
  [
    1625616000000,
    12164375.36716558
  ],
  [
    1625702400000,
    11875744.43459109
  ],
  [
    1625788800000,
    11408989.474824538
  ],
  [
    1625875200000,
    11735551.584458092
  ],
  [
    1625961600000,
    12887660.999896528
  ],
  [
    1626048000000,
    12919683.08096783
  ],
  [
    1626134400000,
    13028598.477329249
  ],
  [
    1626220800000,
    12787603.420593414
  ],
  [
    1626307200000,
    12554836.894033846
  ],
  [
    1626393600000,
    11457412.842716206
  ],
  [
    1626480000000,
    12911504.475266922
  ],
  [
    1626566400000,
    4932808.9673556425
  ],
  [
    1626652800000,
    12971715.411757832
  ],
  [
    1626739200000,
    3293031.6353510977
  ],
  [
    1626825600000,
    2350298.748681522
  ],
  [
    1626912000000,
    8013079.638310419
  ],
  [
    1626998400000,
    11228060.578304484
  ],
  [
    1627084800000,
    9388936.316681065
  ],
  [
    1627171200000,
    11616808.36410004
  ],
  [
    1627257600000,
    7264890.260821605
  ],
  [
    1627344000000,
    12958196.07342177
  ],
  [
    1627430400000,
    13405815.214140443
  ],
  [
    1627516800000,
    13719037.199653083
  ],
  [
    1627603200000,
    8965266.528149588
  ],
  [
    1627689600000,
    9573803.592180364
  ],
  [
    1627776000000,
    8356442.84556567
  ],
  [
    1627862400000,
    8356456.972325271
  ],
  [
    1627948800000,
    13590709.452235844
  ],
  [
    1628035200000,
    13148003.255839657
  ],
  [
    1628121600000,
    10676442.908950621
  ],
  [
    1628208000000,
    13034819.954753608
  ],
  [
    1628294400000,
    14599817.577711795
  ],
  [
    1628380800000,
    14992602.092780614
  ],
  [
    1628467200000,
    15181915.338025449
  ],
  [
    1628553600000,
    15729148.062447634
  ],
  [
    1628640000000,
    15689626.46444515
  ],
  [
    1628726400000,
    31449898.127488207
  ],
  [
    1628812800000,
    30443787.534854833
  ],
  [
    1628899200000,
    31844744.852308717
  ],
  [
    1628985600000,
    32226809.938468244
  ],
  [
    1629072000000,
    10048464.699965283
  ],
  [
    1629158400000,
    10053139.969595755
  ],
  [
    1629244800000,
    15814123.136329262
  ],
  [
    1629331200000,
    15581063.497708965
  ],
  [
    1629417600000,
    15739494.825262245
  ],
  [
    1629504000000,
    16742133.69162044
  ],
  [
    1629590400000,
    16923539.111050177
  ],
  [
    1629676800000,
    1655733.84844435
  ],
  [
    1629763200000,
    16984462.018153932
  ],
  [
    1629849600000,
    16171158.114043305
  ],
  [
    1629936000000,
    16377178.96367439
  ],
  [
    1630022400000,
    16167080.345140496
  ],
  [
    1630108800000,
    16342262.224447323
  ],
  [
    1630195200000,
    16791328.942193553
  ],
  [
    1630281600000,
    16739262.893284077
  ],
  [
    1630368000000,
    9857854.434105996
  ],
  [
    1630454400000,
    16038770.56293367
  ],
  [
    1630540800000,
    16677616.965060133
  ],
  [
    1630627200000,
    15011025.287604133
  ]
]