[
  [
    1512691200000,
    575970.479466002
  ],
  [
    1512777600000,
    516015.057680521
  ],
  [
    1512864000000,
    971969.104583886
  ],
  [
    1512950400000,
    849583.051674449
  ],
  [
    1513036800000,
    763572.7485565
  ],
  [
    1513123200000,
    626197.630814688
  ],
  [
    1513209600000,
    800154.673096261
  ],
  [
    1513296000000,
    767155.343932942
  ],
  [
    1513382400000,
    1014956.99094719
  ],
  [
    1513468800000,
    744789.123742428
  ],
  [
    1513555200000,
    821395.515208308
  ],
  [
    1513641600000,
    647447.303203967
  ],
  [
    1513728000000,
    605212.428440314
  ],
  [
    1513814400000,
    503946.059406025
  ],
  [
    1513900800000,
    432851.085780711
  ],
  [
    1513987200000,
    570617.465106715
  ],
  [
    1514073600000,
    528244.312562339
  ],
  [
    1514160000000,
    514089.713569969
  ],
  [
    1514246400000,
    482342.40874703
  ],
  [
    1514332800000,
    588452.878569303
  ],
  [
    1514419200000,
    544817.066649217
  ],
  [
    1514505600000,
    1223613.3740835
  ],
  [
    1514592000000,
    1841405.30892431
  ],
  [
    1514678400000,
    1519414.42242999
  ],
  [
    1514764800000,
    1574066.97999949
  ],
  [
    1514851200000,
    1646673.5013008
  ],
  [
    1514937600000,
    2229150.2356859334
  ],
  [
    1515024000000,
    5188600.850390654
  ],
  [
    1515110400000,
    5117464.752554381
  ],
  [
    1515196800000,
    3689382.47828556
  ],
  [
    1515283200000,
    4407918.25045978
  ],
  [
    1515369600000,
    4887352.422950096
  ],
  [
    1515456000000,
    3722832.6223400664
  ],
  [
    1515542400000,
    3304660.6441352647
  ],
  [
    1515628800000,
    3736101.949953192
  ],
  [
    1515715200000,
    2583266.8138579093
  ],
  [
    1515801600000,
    2490034.1169146327
  ],
  [
    1515888000000,
    3082437.3015668965
  ],
  [
    1515974400000,
    3560240.624196134
  ],
  [
    1516060800000,
    1986553.9907328298
  ],
  [
    1516147200000,
    1482931.99823918
  ],
  [
    1516233600000,
    1901360.2217858206
  ],
  [
    1516320000000,
    1541632.150754027
  ],
  [
    1516406400000,
    1781993.1793904016
  ],
  [
    1516492800000,
    1430486.105841907
  ],
  [
    1516579200000,
    1420844.0879685532
  ],
  [
    1516665600000,
    1278290.6631644606
  ],
  [
    1516752000000,
    1615539.5172725036
  ],
  [
    1516838400000,
    2133402.4769141744
  ],
  [
    1516924800000,
    1625639.50812107
  ],
  [
    1517011200000,
    1694810.8806370995
  ],
  [
    1517097600000,
    1672081.2205078679
  ],
  [
    1517184000000,
    2185752.793875829
  ],
  [
    1517270701815,
    2168112.0455215056
  ],
  [
    1517356800000,
    2162723.389879044
  ],
  [
    1517443200000,
    1588031.0661534017
  ],
  [
    1517529600000,
    1131886.3710852962
  ],
  [
    1517616000000,
    894205.5340801518
  ],
  [
    1517702400000,
    1011636.7061350709
  ],
  [
    1517788800000,
    2028190.3551514614
  ],
  [
    1517875200000,
    670882.4979511712
  ],
  [
    1517961600000,
    725395.3773504118
  ],
  [
    1518048301418,
    745250.5606400305
  ],
  [
    1518134400000,
    1374159.5846492928
  ],
  [
    1518220800000,
    1174319.2354353147
  ],
  [
    1518307200000,
    1094412.0731832476
  ],
  [
    1518393600000,
    1045126.8748112904
  ],
  [
    1518480000000,
    1110101.491905911
  ],
  [
    1518566400000,
    1764911.9528556545
  ],
  [
    1518652800000,
    1792853.0986446124
  ],
  [
    1518739200000,
    1566723.5832780183
  ],
  [
    1518825600000,
    1542637.291210382
  ],
  [
    1518912000000,
    1203688.2428344053
  ],
  [
    1518998400000,
    1280724.866466938
  ],
  [
    1519084800000,
    1470782.8046484916
  ],
  [
    1519171200000,
    2131915.9256857266
  ],
  [
    1519257600000,
    2225889.8911192343
  ],
  [
    1519344000000,
    2249504.942857364
  ],
  [
    1519430400000,
    2362558.3391244803
  ],
  [
    1519516800000,
    1673846.7264543485
  ],
  [
    1519603200000,
    1664969.4683434102
  ],
  [
    1519689600000,
    1646115.0454955671
  ],
  [
    1519776000000,
    1685257.1498865697
  ],
  [
    1519862400000,
    1690254.2557297444
  ],
  [
    1519948800000,
    2087735.6659460738
  ],
  [
    1520035200000,
    1805741.145056382
  ],
  [
    1520121600000,
    1529785.8627451907
  ],
  [
    1520208000000,
    1825104.096952348
  ],
  [
    1520294400000,
    1543437.1846385887
  ],
  [
    1520380800000,
    1511211.9328010387
  ],
  [
    1520467200000,
    1343813.7617398326
  ],
  [
    1520553600000,
    1284485.7804472528
  ],
  [
    1520640000000,
    1186212.4818605513
  ],
  [
    1520726400000,
    1137911.2407664396
  ],
  [
    1520812800000,
    1278339.7619071102
  ],
  [
    1520899200000,
    1193645.0684172304
  ],
  [
    1520985600000,
    1220282.1346523007
  ],
  [
    1521072000000,
    1018893.2210476152
  ],
  [
    1521158400000,
    1045558.0312281264
  ],
  [
    1521244800000,
    973863.8561003103
  ],
  [
    1521331200000,
    1019774.7679552117
  ],
  [
    1521417600000,
    752132.3655384515
  ],
  [
    1521504000000,
    1019891.656837193
  ],
  [
    1521590400000,
    1063151.6491361342
  ],
  [
    1521676800000,
    1022006.6857804812
  ],
  [
    1521763200000,
    1131211.7875324711
  ],
  [
    1521849600000,
    980185.43631753
  ],
  [
    1521936000000,
    980299.3556533592
  ],
  [
    1522022400000,
    974149.4298917138
  ],
  [
    1522108800000,
    1103504.4017734826
  ],
  [
    1522195200000,
    912730.2413332965
  ],
  [
    1522281600000,
    936832.40931206
  ],
  [
    1522368000000,
    778084.7696373543
  ],
  [
    1522454400000,
    1236069.4423437018
  ],
  [
    1522540800000,
    738840.6561507772
  ],
  [
    1522627200000,
    768865.2965475443
  ],
  [
    1522713600000,
    802049.7130241945
  ],
  [
    1522800000000,
    812460.017859851
  ],
  [
    1522886400000,
    781227.9326812627
  ],
  [
    1522972800000,
    798089.6098024667
  ],
  [
    1523059200000,
    834847.7762748637
  ],
  [
    1523145600000,
    788842.7719523596
  ],
  [
    1523232000000,
    878006.436706326
  ],
  [
    1523318400000,
    732504.402652173
  ],
  [
    1523404800000,
    781125.4639555223
  ],
  [
    1523491200000,
    722648.7875500558
  ],
  [
    1523577600000,
    787129.1954340956
  ],
  [
    1523664000000,
    788069.4955805384
  ],
  [
    1523750400000,
    788833.8990303407
  ],
  [
    1523836800000,
    947698.9169528115
  ],
  [
    1523923200000,
    829327.3126259857
  ],
  [
    1524009600000,
    790698.2834100216
  ],
  [
    1524096000000,
    839388.0901693887
  ],
  [
    1524182400000,
    839908.8741637195
  ],
  [
    1524268800000,
    1244792.0650826527
  ],
  [
    1524355200000,
    882794.3581798044
  ],
  [
    1524441600000,
    937070.6550738111
  ],
  [
    1524528000000,
    963534.0491676076
  ],
  [
    1524614400000,
    951176.6027476119
  ],
  [
    1524700800000,
    875848.173965413
  ],
  [
    1524787200000,
    913624.1382679873
  ],
  [
    1524873600000,
    841121.0467199318
  ],
  [
    1524960000000,
    833237.2401667709
  ],
  [
    1525046400000,
    861649.1330276686
  ],
  [
    1525132800000,
    807923.2129564142
  ],
  [
    1525219200000,
    942694.0546464878
  ],
  [
    1525305600000,
    1249110.6488260538
  ],
  [
    1525392000000,
    1218053.7449894731
  ],
  [
    1525478400000,
    1157636.4511386699
  ],
  [
    1525564800000,
    1077507.8419333647
  ],
  [
    1525651200000,
    922211.0786772406
  ],
  [
    1525737600000,
    1048546.0358584835
  ],
  [
    1525824000000,
    1032569.1765040465
  ],
  [
    1525910400000,
    1005809.5006638336
  ],
  [
    1525996800000,
    973113.5528759157
  ],
  [
    1526083200000,
    861541.7500813443
  ],
  [
    1526169600000,
    901664.9260473449
  ],
  [
    1526256000000,
    913396.4283612589
  ],
  [
    1526342400000,
    1060842.4112904142
  ],
  [
    1526428800000,
    870952.9377624228
  ],
  [
    1526515200000,
    838096.7768451651
  ],
  [
    1526601600000,
    865688.0866258593
  ],
  [
    1526688000000,
    949204.373537343
  ],
  [
    1526774400000,
    1047525.8413373774
  ],
  [
    1526860800000,
    1133946.743095195
  ],
  [
    1526947200000,
    1127098.1536593798
  ],
  [
    1527033600000,
    900635.2330914625
  ],
  [
    1527120000000,
    914772.127833545
  ],
  [
    1527206400000,
    927367.3021982802
  ],
  [
    1527292800000,
    852020.7288919088
  ],
  [
    1527379200000,
    870668.4029434716
  ],
  [
    1527465600000,
    856355.7381638206
  ],
  [
    1527552000000,
    781889.486475776
  ],
  [
    1527638400000,
    833478.7452586968
  ],
  [
    1527724800000,
    775576.1654287771
  ],
  [
    1527811200000,
    813927.5910089413
  ],
  [
    1527897600000,
    772729.5554598052
  ],
  [
    1527984000000,
    798257.9939285523
  ],
  [
    1528070400000,
    764801.5019872839
  ],
  [
    1528156800000,
    721550.922370907
  ],
  [
    1528243200000,
    767040.0559628597
  ],
  [
    1528329600000,
    795061.0180285114
  ],
  [
    1528416000000,
    722105.6808173276
  ],
  [
    1528502400000,
    745150.2244411653
  ],
  [
    1528588800000,
    711839.2347360858
  ],
  [
    1528675200000,
    673868.970266314
  ],
  [
    1528761600000,
    705548.942531575
  ],
  [
    1528848000000,
    595816.006256854
  ],
  [
    1528934400000,
    559218.2622423338
  ],
  [
    1529020800000,
    602686.5532701468
  ],
  [
    1529107200000,
    555848.1755802861
  ],
  [
    1529193600000,
    556645.9706382295
  ],
  [
    1529280000000,
    572385.4864740381
  ],
  [
    1529366400000,
    694276.5981591555
  ],
  [
    1529452800000,
    612567.2342157157
  ],
  [
    1529539200000,
    591834.9319407082
  ],
  [
    1529625600000,
    569871.2936081911
  ],
  [
    1529712000000,
    521761.8400661246
  ],
  [
    1529798400000,
    489554.5127533639
  ],
  [
    1529884800000,
    478776.5866610614
  ],
  [
    1529971200000,
    454327.0288299344
  ],
  [
    1530057600000,
    476192.7733067912
  ],
  [
    1530144000000,
    477173.0326619423
  ],
  [
    1530230400000,
    438812.9334349616
  ],
  [
    1530316800000,
    462860.7530007569
  ],
  [
    1530403200000,
    486163.5558346552
  ],
  [
    1530489600000,
    490720.55085362826
  ],
  [
    1530576000000,
    515831.60077729897
  ],
  [
    1530662400000,
    518231.5253685154
  ],
  [
    1530748800000,
    520839.8072777418
  ],
  [
    1530835200000,
    514919.58164294757
  ],
  [
    1530921600000,
    473096.35251234606
  ],
  [
    1531008000000,
    493142.13103270374
  ],
  [
    1531094400000,
    606425.5286203948
  ],
  [
    1531180800000,
    728691.1197459168
  ],
  [
    1531267200000,
    548294.2150261747
  ],
  [
    1531353600000,
    569103.7945680094
  ],
  [
    1531440000000,
    604015.9080197279
  ],
  [
    1531526400000,
    505959.1013795835
  ],
  [
    1531612800000,
    428033.8764333926
  ],
  [
    1531699200000,
    648999.1492287891
  ],
  [
    1531785600000,
    492702.2429732848
  ],
  [
    1531872000000,
    584489.2184323327
  ],
  [
    1531958400000,
    648057.2197368956
  ],
  [
    1532044800000,
    591302.2535029209
  ],
  [
    1532131200000,
    570640.3002937315
  ],
  [
    1532217600000,
    548590.1481085287
  ],
  [
    1532304000000,
    554904.1563213674
  ],
  [
    1532390400000,
    649816.8708422
  ],
  [
    1532476800000,
    565842.0843220592
  ],
  [
    1532563200000,
    501322.0199245009
  ],
  [
    1532649600000,
    544154.7383090756
  ],
  [
    1532736000000,
    506350.57036919985
  ],
  [
    1532822400000,
    524959.0189956829
  ],
  [
    1532908800000,
    510180.57465687586
  ],
  [
    1532995200000,
    566863.946867718
  ],
  [
    1533081600000,
    662284.0010169495
  ],
  [
    1533168000000,
    528908.1561024919
  ],
  [
    1533254400000,
    513178.445997775
  ],
  [
    1533340800000,
    460556.88148997154
  ],
  [
    1533427200000,
    434850.21024090366
  ],
  [
    1533513600000,
    404878.48729465005
  ],
  [
    1533600000000,
    427259.6726807833
  ],
  [
    1533686400000,
    411596.96738803136
  ],
  [
    1533772800000,
    375723.93139599316
  ],
  [
    1533859200000,
    405030.3782599531
  ],
  [
    1533945600000,
    333306.13587855245
  ],
  [
    1534032000000,
    338572.44946812966
  ],
  [
    1534118400000,
    361495.95210770145
  ],
  [
    1534204800000,
    341368.05376101536
  ],
  [
    1534291200000,
    867132.5731478952
  ],
  [
    1534377600000,
    1405337.0747258337
  ],
  [
    1534464000000,
    929243.9091966068
  ],
  [
    1534550400000,
    773487.2080043072
  ],
  [
    1534636800000,
    3883723.2482989943
  ],
  [
    1534723200000,
    983256.4262335878
  ],
  [
    1534809600000,
    1061905.01623216
  ],
  [
    1534896000000,
    728669.7611172184
  ],
  [
    1534982400000,
    753778.4210582552
  ],
  [
    1535068800000,
    1256195.3340505254
  ],
  [
    1535155200000,
    955014.4575678596
  ],
  [
    1535241600000,
    3239027.11385386
  ],
  [
    1535328000000,
    923401.8872111987
  ],
  [
    1535414400000,
    2109569.4718750794
  ],
  [
    1535500800000,
    1325528.537075111
  ],
  [
    1535587200000,
    3802452.465363248
  ],
  [
    1535673600000,
    1011630.2197635259
  ],
  [
    1535760000000,
    986651.2772288795
  ],
  [
    1535846400000,
    1334026.9168290985
  ],
  [
    1535932800000,
    1131593.9206774838
  ],
  [
    1536019200000,
    915454.7994611831
  ],
  [
    1536105600000,
    1164706.0058859442
  ],
  [
    1536192000000,
    3451092.849342483
  ],
  [
    1536278400000,
    2385668.201689263
  ],
  [
    1536364800000,
    733853.7166684953
  ],
  [
    1536451200000,
    2168120.490271146
  ],
  [
    1536537600000,
    2314305.7349151317
  ],
  [
    1536624000000,
    1159620.062823065
  ],
  [
    1536710400000,
    710014.5395209269
  ],
  [
    1536796800000,
    1183793.2458182722
  ],
  [
    1536883200000,
    1456944.0567189143
  ],
  [
    1536969600000,
    626417.7401119043
  ],
  [
    1537056000000,
    632014.1849415831
  ],
  [
    1537142400000,
    568597.6927000339
  ],
  [
    1537228800000,
    589785.174063842
  ],
  [
    1537315200000,
    624913.7481116762
  ],
  [
    1537401600000,
    1314630.7144035671
  ],
  [
    1537488000000,
    709741.11048499
  ],
  [
    1537574400000,
    662947.9250960057
  ],
  [
    1537660800000,
    627400.3547714031
  ],
  [
    1537747200000,
    670132.4574178341
  ],
  [
    1537833600000,
    671729.1816253938
  ],
  [
    1537920000000,
    802990.3149179867
  ],
  [
    1538006400000,
    608430.5462213354
  ],
  [
    1538092800000,
    709960.714007971
  ],
  [
    1538179200000,
    897679.097641085
  ],
  [
    1538265600000,
    619421.5632927112
  ],
  [
    1538352000000,
    588549.3513005665
  ],
  [
    1538438400000,
    586328.4892579901
  ],
  [
    1538524800000,
    584698.6914572103
  ],
  [
    1538611200000,
    740585.996863058
  ],
  [
    1538697600000,
    731160.1263416433
  ],
  [
    1538784000000,
    644250.3302835359
  ],
  [
    1538870400000,
    739441.528943089
  ],
  [
    1538956800000,
    1231474.4380573442
  ],
  [
    1539043200000,
    1044567.4895722496
  ],
  [
    1539129600000,
    803147.4799807349
  ],
  [
    1539216000000,
    794199.286514199
  ],
  [
    1539302400000,
    729618.5899552451
  ],
  [
    1539388800000,
    0
  ],
  [
    1539475200000,
    0
  ],
  [
    1539561600000,
    0
  ],
  [
    1539648000000,
    0
  ],
  [
    1539734400000,
    0
  ],
  [
    1539820800000,
    0
  ],
  [
    1539907200000,
    0
  ],
  [
    1539993600000,
    0
  ],
  [
    1540080000000,
    0
  ],
  [
    1540166400000,
    0
  ],
  [
    1540252800000,
    0
  ],
  [
    1540339200000,
    0
  ],
  [
    1540425600000,
    0
  ],
  [
    1540512000000,
    0
  ],
  [
    1540598400000,
    0
  ],
  [
    1540684800000,
    0
  ],
  [
    1540771200000,
    0
  ],
  [
    1540857600000,
    0
  ],
  [
    1540944000000,
    0
  ],
  [
    1541030400000,
    0
  ],
  [
    1541116800000,
    0
  ],
  [
    1541203200000,
    0
  ],
  [
    1541289600000,
    0
  ],
  [
    1541376000000,
    0
  ],
  [
    1541462400000,
    0
  ],
  [
    1541548800000,
    0
  ],
  [
    1541635200000,
    0
  ],
  [
    1541721600000,
    0
  ],
  [
    1541808000000,
    0
  ],
  [
    1541894400000,
    0
  ],
  [
    1541980800000,
    0
  ],
  [
    1542067200000,
    0
  ],
  [
    1542153600000,
    0
  ],
  [
    1542240000000,
    0
  ],
  [
    1542326400000,
    0
  ],
  [
    1542412800000,
    0
  ],
  [
    1542499200000,
    0
  ],
  [
    1542585600000,
    0
  ],
  [
    1542672000000,
    0
  ],
  [
    1542758400000,
    0
  ],
  [
    1542844800000,
    0
  ],
  [
    1542931200000,
    0
  ],
  [
    1543017600000,
    0
  ],
  [
    1543104000000,
    0
  ],
  [
    1543190400000,
    0
  ],
  [
    1543276800000,
    0
  ],
  [
    1543363200000,
    0
  ],
  [
    1543449600000,
    0
  ],
  [
    1543536000000,
    0
  ],
  [
    1543622400000,
    0
  ],
  [
    1543708800000,
    0
  ],
  [
    1543795200000,
    0
  ],
  [
    1543881600000,
    0
  ],
  [
    1543968000000,
    0
  ],
  [
    1544054400000,
    0
  ],
  [
    1544140800000,
    0
  ],
  [
    1544227200000,
    0
  ],
  [
    1544313600000,
    0
  ],
  [
    1544400000000,
    0
  ],
  [
    1544486400000,
    0
  ],
  [
    1544572800000,
    0
  ],
  [
    1544659200000,
    0
  ],
  [
    1544745600000,
    0
  ],
  [
    1544832000000,
    0
  ],
  [
    1544918400000,
    0
  ],
  [
    1545004800000,
    0
  ],
  [
    1545091200000,
    0
  ],
  [
    1545177600000,
    0
  ],
  [
    1545264000000,
    0
  ],
  [
    1545350400000,
    0
  ],
  [
    1545436800000,
    0
  ],
  [
    1545523200000,
    0
  ],
  [
    1545609600000,
    0
  ],
  [
    1545696000000,
    0
  ],
  [
    1545782400000,
    0
  ],
  [
    1545868800000,
    0
  ],
  [
    1545955200000,
    0
  ],
  [
    1546041600000,
    0
  ],
  [
    1546128000000,
    0
  ],
  [
    1546214400000,
    0
  ],
  [
    1546300800000,
    0
  ],
  [
    1546387200000,
    0
  ],
  [
    1546473600000,
    0
  ],
  [
    1546560000000,
    0
  ],
  [
    1546646400000,
    0
  ],
  [
    1546732800000,
    0
  ],
  [
    1546819200000,
    0
  ],
  [
    1546905600000,
    0
  ],
  [
    1546992000000,
    0
  ],
  [
    1547078400000,
    0
  ],
  [
    1547164800000,
    0
  ],
  [
    1547251200000,
    0
  ],
  [
    1547337600000,
    0
  ],
  [
    1547424000000,
    0
  ],
  [
    1547510400000,
    0
  ],
  [
    1547596800000,
    0
  ],
  [
    1547683200000,
    0
  ],
  [
    1547769600000,
    0
  ],
  [
    1547856000000,
    0
  ],
  [
    1547942400000,
    0
  ],
  [
    1548028800000,
    0
  ],
  [
    1548115200000,
    0
  ],
  [
    1548201600000,
    0
  ],
  [
    1548288000000,
    0
  ],
  [
    1548374400000,
    0
  ],
  [
    1548460800000,
    0
  ],
  [
    1548547200000,
    0
  ],
  [
    1548633600000,
    0
  ],
  [
    1548720000000,
    0
  ],
  [
    1548806400000,
    0
  ],
  [
    1548892800000,
    0
  ],
  [
    1548979200000,
    0
  ],
  [
    1549065600000,
    0
  ],
  [
    1549152000000,
    0
  ],
  [
    1549238400000,
    0
  ],
  [
    1549324800000,
    0
  ],
  [
    1549411200000,
    0
  ],
  [
    1549497600000,
    0
  ],
  [
    1549584000000,
    0
  ],
  [
    1549670400000,
    0
  ],
  [
    1549756800000,
    0
  ],
  [
    1549843200000,
    0
  ],
  [
    1549929600000,
    0
  ],
  [
    1550016000000,
    0
  ],
  [
    1550102400000,
    0
  ],
  [
    1550188800000,
    0
  ],
  [
    1550275200000,
    0
  ],
  [
    1550361600000,
    0
  ],
  [
    1550448000000,
    0
  ],
  [
    1550534400000,
    0
  ],
  [
    1550620800000,
    0
  ],
  [
    1550707200000,
    0
  ],
  [
    1550793600000,
    0
  ],
  [
    1550880000000,
    0
  ],
  [
    1550966400000,
    0
  ],
  [
    1551052800000,
    0
  ],
  [
    1551139200000,
    0
  ],
  [
    1551225600000,
    0
  ],
  [
    1551312000000,
    0
  ],
  [
    1551398400000,
    0
  ],
  [
    1551484800000,
    0
  ],
  [
    1551571200000,
    0
  ],
  [
    1551657600000,
    0
  ],
  [
    1551744000000,
    0
  ],
  [
    1551830400000,
    0
  ],
  [
    1551916800000,
    0
  ],
  [
    1552003200000,
    0
  ],
  [
    1552089600000,
    0
  ],
  [
    1552176000000,
    0
  ],
  [
    1552262400000,
    0
  ],
  [
    1552348800000,
    0
  ],
  [
    1552435200000,
    0
  ],
  [
    1552521600000,
    0
  ],
  [
    1552608000000,
    0
  ],
  [
    1552694400000,
    0
  ],
  [
    1552780800000,
    0
  ],
  [
    1552867200000,
    0
  ],
  [
    1552953600000,
    0
  ],
  [
    1553040000000,
    0
  ],
  [
    1553126400000,
    0
  ],
  [
    1553212800000,
    0
  ],
  [
    1553299200000,
    0
  ],
  [
    1553385600000,
    0
  ],
  [
    1553472000000,
    0
  ],
  [
    1553558400000,
    0
  ],
  [
    1553644800000,
    0
  ],
  [
    1553731200000,
    0
  ],
  [
    1553817600000,
    0
  ],
  [
    1553904000000,
    0
  ],
  [
    1553990400000,
    0
  ],
  [
    1554076800000,
    0
  ],
  [
    1554163200000,
    0
  ],
  [
    1554249600000,
    0
  ],
  [
    1554336000000,
    0
  ],
  [
    1554422400000,
    0
  ],
  [
    1554508800000,
    0
  ],
  [
    1554595200000,
    0
  ],
  [
    1554681600000,
    0
  ],
  [
    1554768000000,
    0
  ],
  [
    1554854400000,
    0
  ],
  [
    1554940800000,
    0
  ],
  [
    1555027200000,
    0
  ],
  [
    1555113600000,
    0
  ],
  [
    1555200000000,
    0
  ],
  [
    1555286400000,
    0
  ],
  [
    1555372800000,
    0
  ],
  [
    1555459200000,
    0
  ],
  [
    1555545600000,
    0
  ],
  [
    1555632000000,
    0
  ],
  [
    1555718400000,
    0
  ],
  [
    1555804800000,
    0
  ],
  [
    1555891200000,
    0
  ],
  [
    1555977600000,
    0
  ],
  [
    1556064000000,
    0
  ],
  [
    1556150400000,
    0
  ],
  [
    1556236800000,
    0
  ],
  [
    1556323200000,
    0
  ],
  [
    1556409600000,
    0
  ],
  [
    1556496000000,
    0
  ],
  [
    1556582400000,
    0
  ],
  [
    1556668800000,
    0
  ],
  [
    1556755200000,
    0
  ],
  [
    1556841600000,
    0
  ],
  [
    1556928000000,
    0
  ],
  [
    1557014400000,
    0
  ],
  [
    1557187200000,
    0
  ],
  [
    1557273600000,
    0
  ],
  [
    1557360000000,
    0
  ],
  [
    1557532800000,
    0
  ],
  [
    1557619200000,
    0
  ],
  [
    1557705600000,
    0
  ],
  [
    1557792000000,
    0
  ],
  [
    1557878400000,
    0
  ],
  [
    1557964800000,
    0
  ],
  [
    1558051200000,
    0
  ],
  [
    1558310400000,
    0
  ],
  [
    1558396800000,
    0
  ],
  [
    1558483200000,
    0
  ],
  [
    1558569600000,
    0
  ],
  [
    1558656000000,
    0
  ],
  [
    1558742400000,
    0
  ],
  [
    1558828800000,
    0
  ],
  [
    1558915200000,
    0
  ],
  [
    1559001600000,
    0
  ],
  [
    1559088000000,
    0
  ],
  [
    1559174400000,
    0
  ],
  [
    1559260800000,
    0
  ],
  [
    1559347200000,
    0
  ],
  [
    1559433600000,
    0
  ],
  [
    1559520000000,
    0
  ],
  [
    1559606400000,
    0
  ],
  [
    1559692800000,
    0
  ],
  [
    1559779200000,
    0
  ],
  [
    1559865600000,
    0
  ],
  [
    1559952000000,
    0
  ],
  [
    1560038400000,
    0
  ],
  [
    1560124800000,
    0
  ],
  [
    1560211200000,
    0
  ],
  [
    1560297600000,
    0
  ],
  [
    1560384000000,
    0
  ],
  [
    1560470400000,
    0
  ],
  [
    1560556800000,
    0
  ],
  [
    1560643200000,
    0
  ],
  [
    1560729600000,
    0
  ],
  [
    1560816000000,
    0
  ],
  [
    1560902400000,
    0
  ],
  [
    1560988800000,
    0
  ],
  [
    1561075200000,
    0
  ],
  [
    1561161600000,
    0
  ],
  [
    1561248000000,
    0
  ],
  [
    1561334400000,
    0
  ],
  [
    1561420800000,
    0
  ],
  [
    1561507200000,
    0
  ],
  [
    1561593600000,
    0
  ],
  [
    1561680000000,
    0
  ],
  [
    1561766400000,
    0
  ],
  [
    1561852800000,
    0
  ],
  [
    1561939200000,
    0
  ],
  [
    1562025600000,
    0
  ],
  [
    1562112000000,
    0
  ],
  [
    1562198400000,
    0
  ],
  [
    1562371200000,
    0
  ],
  [
    1562457600000,
    0
  ],
  [
    1562544000000,
    0
  ],
  [
    1562630400000,
    0
  ],
  [
    1562716800000,
    0
  ],
  [
    1562803200000,
    0
  ],
  [
    1562889600000,
    0
  ],
  [
    1562976000000,
    0
  ],
  [
    1563062400000,
    0
  ],
  [
    1563148800000,
    0
  ],
  [
    1563235200000,
    0
  ],
  [
    1563321600000,
    0
  ],
  [
    1563408000000,
    0
  ],
  [
    1563494400000,
    0
  ],
  [
    1563580800000,
    0
  ],
  [
    1563667200000,
    0
  ],
  [
    1563753600000,
    0
  ],
  [
    1563926400000,
    0
  ],
  [
    1564012800000,
    0
  ],
  [
    1564099200000,
    0
  ],
  [
    1564185600000,
    0
  ],
  [
    1564272000000,
    0
  ],
  [
    1564358400000,
    0
  ],
  [
    1564444800000,
    0
  ],
  [
    1564531200000,
    0
  ],
  [
    1564617600000,
    0
  ],
  [
    1564704000000,
    0
  ],
  [
    1564790400000,
    0
  ],
  [
    1564876800000,
    0
  ],
  [
    1564963200000,
    0
  ],
  [
    1565049600000,
    0
  ],
  [
    1565136000000,
    0
  ],
  [
    1565222400000,
    0
  ],
  [
    1565308800000,
    0
  ],
  [
    1565395200000,
    0
  ],
  [
    1565481600000,
    0
  ],
  [
    1565568000000,
    0
  ],
  [
    1565654400000,
    0
  ],
  [
    1565740800000,
    0
  ],
  [
    1565827200000,
    0
  ],
  [
    1565913600000,
    0
  ],
  [
    1566000000000,
    0
  ],
  [
    1566086400000,
    0
  ],
  [
    1566172800000,
    0
  ],
  [
    1566259200000,
    0
  ],
  [
    1566345600000,
    0
  ],
  [
    1566432000000,
    0
  ],
  [
    1566518400000,
    0
  ],
  [
    1566604800000,
    0
  ],
  [
    1566950400000,
    0
  ],
  [
    1567036800000,
    0
  ],
  [
    1567123200000,
    0
  ],
  [
    1567209600000,
    0
  ],
  [
    1567296000000,
    0
  ],
  [
    1567382400000,
    0
  ],
  [
    1567468800000,
    0
  ],
  [
    1567555200000,
    0
  ],
  [
    1567641600000,
    0
  ],
  [
    1567728000000,
    0
  ],
  [
    1567814400000,
    0
  ],
  [
    1567900800000,
    0
  ],
  [
    1567987200000,
    0
  ],
  [
    1568073600000,
    0
  ],
  [
    1568160000000,
    0
  ],
  [
    1568246400000,
    0
  ],
  [
    1568332800000,
    0
  ],
  [
    1568419200000,
    0
  ],
  [
    1568505600000,
    0
  ],
  [
    1568592000000,
    0
  ],
  [
    1568678400000,
    0
  ],
  [
    1568764800000,
    0
  ],
  [
    1568851200000,
    0
  ],
  [
    1568937600000,
    0
  ],
  [
    1569024000000,
    0
  ],
  [
    1569110400000,
    0
  ],
  [
    1569196800000,
    0
  ],
  [
    1569283200000,
    0
  ],
  [
    1569369600000,
    0
  ],
  [
    1569456000000,
    0
  ],
  [
    1569542400000,
    0
  ],
  [
    1569628800000,
    0
  ],
  [
    1569715200000,
    0
  ],
  [
    1569801600000,
    0
  ],
  [
    1569888000000,
    0
  ],
  [
    1569974400000,
    0
  ],
  [
    1570060800000,
    0
  ],
  [
    1570147200000,
    0
  ],
  [
    1570233600000,
    0
  ],
  [
    1570320000000,
    0
  ],
  [
    1570406400000,
    0
  ],
  [
    1570492800000,
    0
  ],
  [
    1570579200000,
    0
  ],
  [
    1570665600000,
    0
  ],
  [
    1570752000000,
    0
  ],
  [
    1570838400000,
    0
  ],
  [
    1570924800000,
    0
  ],
  [
    1571011200000,
    0
  ],
  [
    1571097600000,
    0
  ],
  [
    1571184000000,
    0
  ],
  [
    1571270400000,
    0
  ],
  [
    1571356800000,
    0
  ],
  [
    1571443200000,
    0
  ],
  [
    1571529600000,
    0
  ],
  [
    1571616000000,
    0
  ],
  [
    1571702400000,
    0
  ],
  [
    1571788800000,
    0
  ],
  [
    1571875200000,
    0
  ],
  [
    1571961600000,
    0
  ],
  [
    1572048000000,
    0
  ],
  [
    1572134400000,
    0
  ],
  [
    1572220800000,
    0
  ],
  [
    1572307200000,
    0
  ],
  [
    1572393600000,
    0
  ],
  [
    1572480000000,
    0
  ],
  [
    1572566400000,
    0
  ],
  [
    1572652800000,
    0
  ],
  [
    1572739200000,
    0
  ],
  [
    1572825600000,
    0
  ],
  [
    1572912000000,
    0
  ],
  [
    1572998400000,
    0
  ],
  [
    1573084800000,
    0
  ],
  [
    1573171200000,
    0
  ],
  [
    1573257600000,
    0
  ],
  [
    1573344000000,
    0
  ],
  [
    1573430400000,
    0
  ],
  [
    1573516800000,
    0
  ],
  [
    1573603200000,
    0
  ],
  [
    1573689600000,
    0
  ],
  [
    1573776000000,
    0
  ],
  [
    1573862400000,
    0
  ],
  [
    1573948800000,
    0
  ],
  [
    1574035200000,
    0
  ],
  [
    1574121600000,
    0
  ],
  [
    1574208000000,
    0
  ],
  [
    1574294400000,
    0
  ],
  [
    1574380800000,
    0
  ],
  [
    1574467200000,
    0
  ],
  [
    1574553600000,
    0
  ],
  [
    1574640000000,
    0
  ],
  [
    1574726400000,
    0
  ],
  [
    1574812800000,
    0
  ],
  [
    1574899200000,
    0
  ],
  [
    1574985600000,
    0
  ],
  [
    1575072000000,
    0
  ],
  [
    1575158400000,
    0
  ],
  [
    1575244800000,
    0
  ],
  [
    1575331200000,
    0
  ],
  [
    1575417600000,
    0
  ],
  [
    1575504000000,
    0
  ],
  [
    1575590400000,
    0
  ],
  [
    1575676800000,
    0
  ],
  [
    1575763200000,
    0
  ],
  [
    1575849600000,
    0
  ],
  [
    1575936000000,
    0
  ],
  [
    1576022400000,
    0
  ],
  [
    1576108800000,
    0
  ],
  [
    1576195200000,
    0
  ],
  [
    1576281600000,
    0
  ],
  [
    1576368000000,
    0
  ],
  [
    1576454400000,
    0
  ],
  [
    1576540800000,
    0
  ],
  [
    1576627200000,
    0
  ],
  [
    1576713600000,
    0
  ],
  [
    1576800000000,
    0
  ],
  [
    1576886400000,
    0
  ],
  [
    1576972800000,
    0
  ],
  [
    1577059200000,
    0
  ],
  [
    1577145600000,
    0
  ],
  [
    1577232000000,
    0
  ],
  [
    1577318400000,
    0
  ],
  [
    1577404800000,
    0
  ],
  [
    1577491200000,
    0
  ],
  [
    1577577600000,
    0
  ],
  [
    1577664000000,
    0
  ],
  [
    1577750400000,
    0
  ],
  [
    1577836800000,
    0
  ],
  [
    1577923200000,
    0
  ],
  [
    1578009600000,
    0
  ],
  [
    1578096000000,
    0
  ],
  [
    1578182400000,
    0
  ],
  [
    1578268800000,
    0
  ],
  [
    1578355200000,
    0
  ],
  [
    1578441600000,
    0
  ],
  [
    1578528000000,
    0
  ],
  [
    1578614400000,
    0
  ],
  [
    1578700800000,
    0
  ],
  [
    1578787200000,
    0
  ],
  [
    1578873600000,
    0
  ],
  [
    1578960000000,
    0
  ],
  [
    1579046400000,
    0
  ],
  [
    1579132800000,
    0
  ],
  [
    1579219200000,
    0
  ],
  [
    1579305600000,
    0
  ],
  [
    1579392000000,
    0
  ],
  [
    1579478400000,
    0
  ],
  [
    1579564800000,
    0
  ],
  [
    1579651200000,
    0
  ],
  [
    1579737600000,
    0
  ],
  [
    1579824000000,
    0
  ],
  [
    1579910400000,
    0
  ],
  [
    1579996800000,
    0
  ],
  [
    1580083200000,
    0
  ],
  [
    1580169600000,
    0
  ],
  [
    1580256000000,
    0
  ],
  [
    1580342400000,
    0
  ],
  [
    1580428800000,
    0
  ],
  [
    1580515200000,
    0
  ],
  [
    1580601600000,
    0
  ],
  [
    1580688000000,
    0
  ],
  [
    1580774400000,
    0
  ],
  [
    1580860800000,
    0
  ],
  [
    1580947200000,
    0
  ],
  [
    1581033600000,
    0
  ],
  [
    1581120000000,
    0
  ],
  [
    1581206400000,
    0
  ],
  [
    1581292800000,
    0
  ],
  [
    1581379200000,
    0
  ],
  [
    1581465600000,
    0
  ],
  [
    1581552000000,
    0
  ],
  [
    1581638400000,
    0
  ],
  [
    1581724800000,
    0
  ],
  [
    1581811200000,
    0
  ],
  [
    1581897600000,
    0
  ],
  [
    1581984000000,
    0
  ],
  [
    1582070400000,
    0
  ],
  [
    1582156800000,
    0
  ],
  [
    1582243200000,
    0
  ],
  [
    1582329600000,
    0
  ],
  [
    1582416000000,
    0
  ],
  [
    1582761600000,
    0
  ],
  [
    1582848000000,
    0
  ],
  [
    1582934400000,
    0
  ],
  [
    1583107200000,
    0
  ],
  [
    1583280000000,
    0
  ],
  [
    1583366400000,
    0
  ],
  [
    1583452800000,
    0
  ],
  [
    1583539200000,
    0
  ],
  [
    1583625600000,
    0
  ],
  [
    1583712000000,
    0
  ],
  [
    1583798400000,
    0
  ],
  [
    1583884800000,
    0
  ],
  [
    1583971200000,
    0
  ],
  [
    1584057600000,
    0
  ],
  [
    1584144000000,
    0
  ],
  [
    1584230400000,
    0
  ],
  [
    1584403200000,
    0
  ],
  [
    1584489600000,
    0
  ],
  [
    1584662400000,
    0
  ],
  [
    1584748800000,
    0
  ],
  [
    1584835200000,
    0
  ],
  [
    1584921600000,
    0
  ],
  [
    1585008000000,
    0
  ],
  [
    1585094400000,
    0
  ],
  [
    1585267200000,
    0
  ],
  [
    1585526400000,
    0
  ],
  [
    1585612800000,
    0
  ],
  [
    1585699200000,
    0
  ],
  [
    1585872000000,
    0
  ],
  [
    1585958400000,
    0
  ],
  [
    1586044800000,
    0
  ],
  [
    1586217600000,
    0
  ],
  [
    1586304000000,
    0
  ],
  [
    1586390400000,
    0
  ],
  [
    1586476800000,
    0
  ],
  [
    1586736000000,
    0
  ],
  [
    1586822400000,
    0
  ],
  [
    1586908800000,
    0
  ],
  [
    1586995200000,
    0
  ],
  [
    1587081600000,
    0
  ],
  [
    1587168000000,
    0
  ],
  [
    1587254400000,
    0
  ],
  [
    1587340800000,
    0
  ],
  [
    1587513600000,
    0
  ],
  [
    1587600000000,
    0
  ],
  [
    1587686400000,
    0
  ],
  [
    1587772800000,
    0
  ],
  [
    1587945600000,
    0
  ],
  [
    1588032000000,
    0
  ],
  [
    1588204800000,
    0
  ],
  [
    1588291200000,
    0
  ],
  [
    1588377600000,
    0
  ],
  [
    1588464000000,
    0
  ],
  [
    1588550400000,
    0
  ],
  [
    1588636800000,
    0
  ],
  [
    1588723200000,
    0
  ],
  [
    1588809600000,
    0
  ],
  [
    1588896000000,
    0
  ],
  [
    1588982400000,
    0
  ],
  [
    1589068800000,
    0
  ],
  [
    1589155200000,
    0
  ],
  [
    1589328000000,
    0
  ],
  [
    1589673600000,
    0
  ],
  [
    1589846400000,
    0
  ],
  [
    1589932800000,
    0
  ],
  [
    1590019200000,
    0
  ],
  [
    1590105600000,
    0
  ],
  [
    1590192000000,
    0
  ],
  [
    1590278400000,
    0
  ],
  [
    1590364800000,
    0
  ],
  [
    1590451200000,
    0
  ],
  [
    1590537600000,
    0
  ],
  [
    1590624000000,
    0
  ],
  [
    1590710400000,
    0
  ],
  [
    1590796800000,
    0
  ],
  [
    1590883200000,
    0
  ],
  [
    1590969600000,
    0
  ],
  [
    1591056000000,
    0
  ],
  [
    1591142400000,
    0
  ],
  [
    1591488000000,
    0
  ],
  [
    1591574400000,
    0
  ],
  [
    1591747200000,
    0
  ],
  [
    1591833600000,
    0
  ],
  [
    1591920000000,
    0
  ],
  [
    1592006400000,
    0
  ],
  [
    1592092800000,
    0
  ],
  [
    1592179200000,
    0
  ],
  [
    1592265600000,
    0
  ],
  [
    1592352000000,
    0
  ],
  [
    1592438400000,
    0
  ],
  [
    1592524800000,
    0
  ],
  [
    1592697600000,
    0
  ],
  [
    1592784000000,
    0
  ],
  [
    1592870400000,
    0
  ],
  [
    1592956800000,
    0
  ],
  [
    1593216000000,
    0
  ],
  [
    1593302400000,
    0
  ],
  [
    1593734400000,
    0
  ],
  [
    1593820800000,
    0
  ],
  [
    1593907200000,
    0
  ],
  [
    1593993600000,
    0
  ],
  [
    1594080000000,
    0
  ],
  [
    1594166400000,
    0
  ],
  [
    1594252800000,
    0
  ],
  [
    1594339200000,
    0
  ],
  [
    1594512000000,
    0
  ],
  [
    1594598400000,
    0
  ],
  [
    1594684800000,
    0
  ],
  [
    1594771200000,
    0
  ],
  [
    1594857600000,
    0
  ],
  [
    1594944000000,
    0
  ],
  [
    1595030400000,
    0
  ],
  [
    1595116800000,
    0
  ],
  [
    1595203200000,
    0
  ],
  [
    1595289600000,
    0
  ],
  [
    1595376000000,
    0
  ],
  [
    1595462400000,
    0
  ],
  [
    1595548800000,
    0
  ],
  [
    1595635200000,
    0
  ],
  [
    1595721600000,
    0
  ],
  [
    1595808000000,
    0
  ],
  [
    1595894400000,
    0
  ],
  [
    1595980800000,
    0
  ],
  [
    1596067200000,
    0
  ],
  [
    1596153600000,
    0
  ],
  [
    1596240000000,
    0
  ],
  [
    1596326400000,
    0
  ],
  [
    1596412800000,
    0
  ],
  [
    1596499200000,
    0
  ],
  [
    1596585600000,
    0
  ],
  [
    1596672000000,
    0
  ],
  [
    1596758400000,
    0
  ],
  [
    1596844800000,
    0
  ],
  [
    1596931200000,
    0
  ],
  [
    1597017600000,
    0
  ],
  [
    1597104000000,
    0
  ],
  [
    1597276800000,
    0
  ],
  [
    1597363200000,
    0
  ],
  [
    1597449600000,
    0
  ],
  [
    1597536000000,
    0
  ],
  [
    1597622400000,
    0
  ],
  [
    1597708800000,
    0
  ],
  [
    1598054400000,
    0
  ],
  [
    1598140800000,
    0
  ],
  [
    1598227200000,
    0
  ],
  [
    1598313600000,
    0
  ],
  [
    1598400000000,
    0
  ],
  [
    1598486400000,
    0
  ],
  [
    1598572800000,
    0
  ],
  [
    1598659200000,
    0
  ],
  [
    1598745600000,
    0
  ],
  [
    1598832000000,
    0
  ],
  [
    1598918400000,
    0
  ],
  [
    1599004800000,
    0
  ],
  [
    1599091200000,
    0
  ],
  [
    1599177600000,
    0
  ],
  [
    1599264000000,
    0
  ],
  [
    1599350400000,
    0
  ],
  [
    1599436800000,
    0
  ],
  [
    1599523200000,
    0
  ],
  [
    1599609600000,
    0
  ],
  [
    1599696000000,
    0
  ],
  [
    1599782400000,
    0
  ],
  [
    1599868800000,
    0
  ],
  [
    1599955200000,
    0
  ],
  [
    1600041600000,
    0
  ],
  [
    1600128000000,
    0
  ],
  [
    1600214400000,
    0
  ],
  [
    1600300800000,
    0
  ],
  [
    1600387200000,
    0
  ],
  [
    1600473600000,
    0
  ],
  [
    1600560000000,
    0
  ],
  [
    1600646400000,
    0
  ],
  [
    1600732800000,
    0
  ],
  [
    1601078400000,
    0
  ],
  [
    1601164800000,
    0
  ],
  [
    1601251200000,
    0
  ],
  [
    1601337600000,
    0
  ],
  [
    1601424000000,
    0
  ],
  [
    1601510400000,
    0
  ],
  [
    1601596800000,
    0
  ],
  [
    1601683200000,
    0
  ],
  [
    1601769600000,
    0
  ],
  [
    1601856000000,
    0
  ],
  [
    1601942400000,
    0
  ],
  [
    1602028800000,
    0
  ],
  [
    1602115200000,
    0
  ],
  [
    1602201600000,
    0
  ],
  [
    1602288000000,
    0
  ],
  [
    1602374400000,
    0
  ],
  [
    1602460800000,
    0
  ],
  [
    1602547200000,
    0
  ],
  [
    1602633600000,
    0
  ],
  [
    1602720000000,
    0
  ],
  [
    1602806400000,
    0
  ],
  [
    1602892800000,
    0
  ],
  [
    1602979200000,
    0
  ],
  [
    1603065600000,
    0
  ],
  [
    1603152000000,
    0
  ],
  [
    1603238400000,
    0
  ],
  [
    1603324800000,
    0
  ],
  [
    1603411200000,
    0
  ],
  [
    1603497600000,
    0
  ],
  [
    1603756800000,
    0
  ],
  [
    1603843200000,
    0
  ],
  [
    1603929600000,
    0
  ],
  [
    1604016000000,
    0
  ],
  [
    1604102400000,
    0
  ],
  [
    1604188800000,
    0
  ],
  [
    1604275200000,
    0
  ],
  [
    1604361600000,
    0
  ],
  [
    1604448000000,
    0
  ],
  [
    1604534400000,
    0
  ],
  [
    1604620800000,
    0
  ],
  [
    1604707200000,
    0
  ],
  [
    1604793600000,
    0
  ],
  [
    1604880000000,
    0
  ],
  [
    1604966400000,
    0
  ],
  [
    1605225600000,
    0
  ],
  [
    1605312000000,
    0
  ],
  [
    1605398400000,
    0
  ],
  [
    1605484800000,
    0
  ],
  [
    1605571200000,
    0
  ],
  [
    1605657600000,
    0
  ],
  [
    1605744000000,
    0
  ],
  [
    1605830400000,
    0
  ],
  [
    1605916800000,
    0
  ],
  [
    1606003200000,
    0
  ],
  [
    1606089600000,
    0
  ],
  [
    1606176000000,
    0
  ],
  [
    1606262400000,
    0
  ],
  [
    1606348800000,
    0
  ],
  [
    1606435200000,
    0
  ],
  [
    1606521600000,
    0
  ],
  [
    1606608000000,
    0
  ],
  [
    1606694400000,
    0
  ],
  [
    1606780800000,
    0
  ],
  [
    1606867200000,
    0
  ],
  [
    1607040000000,
    0
  ],
  [
    1607126400000,
    0
  ],
  [
    1607212800000,
    0
  ],
  [
    1607299200000,
    0
  ],
  [
    1607385600000,
    0
  ],
  [
    1607472000000,
    0
  ],
  [
    1607558400000,
    0
  ],
  [
    1608163200000,
    0
  ],
  [
    1608249600000,
    0
  ],
  [
    1608336000000,
    0
  ],
  [
    1608422400000,
    0
  ],
  [
    1608508800000,
    0
  ],
  [
    1608595200000,
    0
  ],
  [
    1608681600000,
    0
  ],
  [
    1608768000000,
    0
  ],
  [
    1608854400000,
    0
  ],
  [
    1608940800000,
    0
  ],
  [
    1609027200000,
    0
  ],
  [
    1609113600000,
    0
  ],
  [
    1609200000000,
    0
  ],
  [
    1609286400000,
    0
  ],
  [
    1609372800000,
    0
  ],
  [
    1609459200000,
    0
  ],
  [
    1609545600000,
    0
  ],
  [
    1609632000000,
    0
  ],
  [
    1609718400000,
    0
  ],
  [
    1609804800000,
    0
  ],
  [
    1609891200000,
    0
  ],
  [
    1609977600000,
    0
  ],
  [
    1610064000000,
    0
  ],
  [
    1610150400000,
    0
  ],
  [
    1610236800000,
    0
  ],
  [
    1610323200000,
    0
  ],
  [
    1610409600000,
    0
  ],
  [
    1610496000000,
    0
  ],
  [
    1610582400000,
    0
  ],
  [
    1610668800000,
    0
  ],
  [
    1610755200000,
    0
  ],
  [
    1610841600000,
    0
  ],
  [
    1610928000000,
    0
  ],
  [
    1611014400000,
    0
  ],
  [
    1611100800000,
    0
  ],
  [
    1611187200000,
    0
  ],
  [
    1611273600000,
    0
  ],
  [
    1611360000000,
    0
  ],
  [
    1611446400000,
    0
  ],
  [
    1611619200000,
    0
  ],
  [
    1611705600000,
    0
  ],
  [
    1611792000000,
    0
  ],
  [
    1611878400000,
    0
  ],
  [
    1611964800000,
    0
  ],
  [
    1612051200000,
    0
  ],
  [
    1612137600000,
    0
  ],
  [
    1612224000000,
    0
  ],
  [
    1612310400000,
    0
  ],
  [
    1612396800000,
    0
  ],
  [
    1612483200000,
    0
  ],
  [
    1612569600000,
    0
  ],
  [
    1612656000000,
    0
  ],
  [
    1612742400000,
    0
  ],
  [
    1612828800000,
    0
  ],
  [
    1612915200000,
    0
  ],
  [
    1613001600000,
    0
  ],
  [
    1613088000000,
    0
  ],
  [
    1613174400000,
    0
  ],
  [
    1613260800000,
    0
  ],
  [
    1613347200000,
    0
  ],
  [
    1613433600000,
    0
  ],
  [
    1613520000000,
    0
  ],
  [
    1613606400000,
    0
  ],
  [
    1613692800000,
    0
  ],
  [
    1613779200000,
    0
  ],
  [
    1613865600000,
    0
  ],
  [
    1613952000000,
    0
  ],
  [
    1614038400000,
    0
  ],
  [
    1614124800000,
    0
  ],
  [
    1614211200000,
    0
  ],
  [
    1614297600000,
    0
  ],
  [
    1614384000000,
    0
  ],
  [
    1614470400000,
    0
  ],
  [
    1614556800000,
    0
  ],
  [
    1614643200000,
    0
  ],
  [
    1614729600000,
    0
  ],
  [
    1614816000000,
    0
  ],
  [
    1614902400000,
    0
  ],
  [
    1614988800000,
    0
  ],
  [
    1615075200000,
    0
  ],
  [
    1615161600000,
    0
  ],
  [
    1615248000000,
    0
  ],
  [
    1615334400000,
    0
  ],
  [
    1615420800000,
    0
  ],
  [
    1615507200000,
    0
  ],
  [
    1615593600000,
    0
  ],
  [
    1615680000000,
    0
  ],
  [
    1615766400000,
    0
  ],
  [
    1615852800000,
    0
  ],
  [
    1615939200000,
    0
  ],
  [
    1616025600000,
    0
  ],
  [
    1616112000000,
    0
  ],
  [
    1616544000000,
    0
  ],
  [
    1616630400000,
    0
  ],
  [
    1616716800000,
    0
  ],
  [
    1616803200000,
    0
  ],
  [
    1616889600000,
    0
  ],
  [
    1616976000000,
    0
  ],
  [
    1617062400000,
    0
  ],
  [
    1617148800000,
    0
  ],
  [
    1617235200000,
    0
  ],
  [
    1617321600000,
    0
  ],
  [
    1617408000000,
    0
  ],
  [
    1617494400000,
    0
  ],
  [
    1617580800000,
    0
  ],
  [
    1617667200000,
    0
  ],
  [
    1617753600000,
    0
  ],
  [
    1617840000000,
    0
  ],
  [
    1617926400000,
    0
  ],
  [
    1618012800000,
    0
  ],
  [
    1618099200000,
    0
  ],
  [
    1618185600000,
    0
  ],
  [
    1618272000000,
    0
  ],
  [
    1618358400000,
    0
  ],
  [
    1618444800000,
    0
  ],
  [
    1618531200000,
    0
  ],
  [
    1618617600000,
    0
  ],
  [
    1618704000000,
    0
  ],
  [
    1618790400000,
    0
  ],
  [
    1618876800000,
    0
  ],
  [
    1618963200000,
    0
  ],
  [
    1619049600000,
    0
  ],
  [
    1619136000000,
    0
  ],
  [
    1619222400000,
    0
  ],
  [
    1619308800000,
    0
  ],
  [
    1619395200000,
    0
  ],
  [
    1619481600000,
    0
  ],
  [
    1619568000000,
    0
  ],
  [
    1619654400000,
    0
  ],
  [
    1619740800000,
    0
  ],
  [
    1619827200000,
    0
  ],
  [
    1619913600000,
    0
  ],
  [
    1620000000000,
    0
  ],
  [
    1620086400000,
    0
  ],
  [
    1620172800000,
    0
  ],
  [
    1620259200000,
    0
  ],
  [
    1620345600000,
    0
  ],
  [
    1620518400000,
    0
  ],
  [
    1620604800000,
    0
  ],
  [
    1620691200000,
    0
  ],
  [
    1620777600000,
    0
  ],
  [
    1620864000000,
    0
  ],
  [
    1621036800000,
    0
  ],
  [
    1621123200000,
    0
  ],
  [
    1621209600000,
    0
  ],
  [
    1621296000000,
    0
  ],
  [
    1621382400000,
    0
  ],
  [
    1621468800000,
    0
  ],
  [
    1621555200000,
    0
  ],
  [
    1621641600000,
    0
  ],
  [
    1621728000000,
    0
  ],
  [
    1621814400000,
    0
  ],
  [
    1621900800000,
    0
  ],
  [
    1621987200000,
    0
  ],
  [
    1622073600000,
    0
  ],
  [
    1622160000000,
    0
  ],
  [
    1622246400000,
    0
  ],
  [
    1622332800000,
    0
  ],
  [
    1622419200000,
    0
  ],
  [
    1622505600000,
    0
  ],
  [
    1622592000000,
    0
  ],
  [
    1622764800000,
    0
  ],
  [
    1622851200000,
    0
  ],
  [
    1622937600000,
    0
  ],
  [
    1623024000000,
    0
  ],
  [
    1623110400000,
    0
  ],
  [
    1623196800000,
    0
  ],
  [
    1623283200000,
    0
  ],
  [
    1623369600000,
    0
  ],
  [
    1623456000000,
    0
  ],
  [
    1623542400000,
    0
  ],
  [
    1623628800000,
    0
  ],
  [
    1623715200000,
    0
  ],
  [
    1623801600000,
    0
  ],
  [
    1623888000000,
    0
  ],
  [
    1623974400000,
    0
  ],
  [
    1624060800000,
    0
  ],
  [
    1624320000000,
    0
  ],
  [
    1624406400000,
    0
  ],
  [
    1624492800000,
    0
  ],
  [
    1624665600000,
    0
  ],
  [
    1624752000000,
    0
  ],
  [
    1624838400000,
    0
  ],
  [
    1624924800000,
    0
  ],
  [
    1625011200000,
    0
  ],
  [
    1625097600000,
    0
  ],
  [
    1625184000000,
    0
  ],
  [
    1625356800000,
    0
  ],
  [
    1625443200000,
    0
  ],
  [
    1625529600000,
    0
  ],
  [
    1625616000000,
    0
  ],
  [
    1625702400000,
    0
  ],
  [
    1625788800000,
    0
  ],
  [
    1625875200000,
    0
  ],
  [
    1625961600000,
    0
  ],
  [
    1626048000000,
    0
  ],
  [
    1626134400000,
    0
  ],
  [
    1626220800000,
    0
  ],
  [
    1626307200000,
    0
  ],
  [
    1626393600000,
    0
  ],
  [
    1626480000000,
    0
  ],
  [
    1626566400000,
    0
  ],
  [
    1626652800000,
    0
  ],
  [
    1626739200000,
    0
  ],
  [
    1626825600000,
    0
  ],
  [
    1626912000000,
    0
  ],
  [
    1626998400000,
    0
  ],
  [
    1627084800000,
    0
  ],
  [
    1627171200000,
    0
  ],
  [
    1627257600000,
    0
  ],
  [
    1627344000000,
    0
  ],
  [
    1627430400000,
    0
  ],
  [
    1627516800000,
    0
  ],
  [
    1627603200000,
    0
  ],
  [
    1627689600000,
    0
  ],
  [
    1627776000000,
    0
  ],
  [
    1627948800000,
    0
  ],
  [
    1628035200000,
    0
  ],
  [
    1628121600000,
    0
  ],
  [
    1628208000000,
    0
  ],
  [
    1628294400000,
    0
  ],
  [
    1628380800000,
    0
  ],
  [
    1628467200000,
    0
  ],
  [
    1628553600000,
    0
  ],
  [
    1628640000000,
    0
  ],
  [
    1628726400000,
    0
  ],
  [
    1628812800000,
    0
  ],
  [
    1628899200000,
    0
  ],
  [
    1628985600000,
    0
  ],
  [
    1629072000000,
    0
  ],
  [
    1629158400000,
    0
  ],
  [
    1629244800000,
    0
  ],
  [
    1629504000000,
    0
  ],
  [
    1629590400000,
    0
  ],
  [
    1629676800000,
    0
  ],
  [
    1629763200000,
    0
  ],
  [
    1630368000000,
    0
  ],
  [
    1630454400000,
    0
  ],
  [
    1630540800000,
    0
  ],
  [
    1630627200000,
    0
  ]
]