[
  [
    1570752000000,
    2.4964602088490704
  ],
  [
    1570838400000,
    4.385947444011554
  ],
  [
    1570924800000,
    4.054402476854651
  ],
  [
    1571011200000,
    5.134748222475012
  ],
  [
    1571097600000,
    1.8930512738564256
  ],
  [
    1571184000000,
    1.9085171688677698
  ],
  [
    1571270400000,
    9.505520434533297
  ],
  [
    1571356800000,
    1.0465542502322918
  ],
  [
    1571443200000,
    1.0959309865975442
  ],
  [
    1571529600000,
    0.886222992604057
  ],
  [
    1571616000000,
    0.4406909679840776
  ],
  [
    1571702400000,
    0.05120011757242868
  ],
  [
    1571788800000,
    0.6627184094449272
  ],
  [
    1571875200000,
    1.1402384602171791
  ],
  [
    1571961600000,
    4.298107824417113
  ],
  [
    1572048000000,
    0
  ],
  [
    1572134400000,
    0
  ],
  [
    1572220800000,
    7.135576682878216
  ],
  [
    1572307200000,
    0.02201041928071986
  ],
  [
    1572393600000,
    0.272971651743261
  ],
  [
    1572480000000,
    0.7660117863325377
  ],
  [
    1572566400000,
    0.005419113938764911
  ],
  [
    1572652800000,
    0
  ],
  [
    1572739200000,
    0.2239033191287565
  ],
  [
    1572825600000,
    0.08830305260484018
  ],
  [
    1572912000000,
    0.003010189771226556
  ],
  [
    1572998400000,
    0.0079467861586005
  ],
  [
    1573084800000,
    0.003831693522097697
  ],
  [
    1573171200000,
    1.259406323657466
  ],
  [
    1573257600000,
    0.1470571928127072
  ],
  [
    1573344000000,
    0.8447613213469175
  ],
  [
    1573430400000,
    2.076059651449675
  ],
  [
    1573516800000,
    2.259076757770832
  ],
  [
    1573603200000,
    2.0566148534809714
  ],
  [
    1573689600000,
    0.005545821924650668
  ],
  [
    1573776000000,
    0.07406841186530179
  ],
  [
    1573862400000,
    0.5012320587261493
  ],
  [
    1573948800000,
    0
  ],
  [
    1574035200000,
    12.657058670294155
  ],
  [
    1574121600000,
    3.9236573119025033
  ],
  [
    1574208000000,
    0.00482722870733612
  ],
  [
    1574294400000,
    0.06874174522185714
  ],
  [
    1574380800000,
    0.0767467642264884
  ],
  [
    1574467200000,
    0.5096580856860231
  ],
  [
    1574553600000,
    0.008241231215361628
  ],
  [
    1574640000000,
    0.00048495171855020454
  ],
  [
    1574726400000,
    0
  ],
  [
    1574985600000,
    3.0983550698560243
  ],
  [
    1575072000000,
    0.010301921253338672
  ],
  [
    1575158400000,
    0
  ],
  [
    1575331200000,
    1.5146706753969263
  ],
  [
    1575417600000,
    0
  ],
  [
    1575504000000,
    0.17706531617677793
  ],
  [
    1575590400000,
    0.0000048273818478440044
  ],
  [
    1575676800000,
    0
  ],
  [
    1575936000000,
    0.016789767954748305
  ],
  [
    1576022400000,
    0
  ],
  [
    1576108800000,
    0
  ],
  [
    1576195200000,
    0.02562074254693402
  ],
  [
    1576281600000,
    0
  ],
  [
    1576368000000,
    0.04061234573956138
  ],
  [
    1576454400000,
    0.1514768427204087
  ],
  [
    1576540800000,
    0
  ],
  [
    1576627200000,
    0
  ],
  [
    1576713600000,
    0.03627598147143478
  ],
  [
    1576800000000,
    0
  ],
  [
    1577232000000,
    0
  ],
  [
    1577318400000,
    0.5663017890458324
  ],
  [
    1577404800000,
    0
  ],
  [
    1577577600000,
    0.006650793292731352
  ],
  [
    1577664000000,
    0.014458918634568253
  ],
  [
    1577750400000,
    0.020817744936341764
  ],
  [
    1577836800000,
    0
  ],
  [
    1577923200000,
    0.3460978961739886
  ],
  [
    1578009600000,
    0.021618301863637113
  ],
  [
    1578096000000,
    0
  ],
  [
    1578182400000,
    0.0068185977910090205
  ],
  [
    1578268800000,
    0.15143399293920523
  ],
  [
    1578355200000,
    0.0014787094615828409
  ],
  [
    1578441600000,
    0
  ],
  [
    1578528000000,
    0.33498563231285566
  ],
  [
    1578614400000,
    0.006879964475495693
  ],
  [
    1578700800000,
    0.0018299228947724268
  ],
  [
    1578787200000,
    0.8056289941839881
  ],
  [
    1578873600000,
    0
  ],
  [
    1579046400000,
    0.03631211366283786
  ],
  [
    1579132800000,
    0.09950409566095336
  ],
  [
    1579219200000,
    1.5216652424348984
  ],
  [
    1579305600000,
    0.10631599328151406
  ],
  [
    1579392000000,
    6.697121110000814
  ],
  [
    1579478400000,
    2.4013096841921646
  ],
  [
    1579564800000,
    0.35664012157330577
  ],
  [
    1579651200000,
    0.06735913356001551
  ],
  [
    1579737600000,
    1.1532133025669349
  ],
  [
    1579824000000,
    0.003191972530633562
  ],
  [
    1579910400000,
    0.015545774648258475
  ],
  [
    1579996800000,
    0.4249909055227461
  ],
  [
    1580083200000,
    0.1557595848041499
  ],
  [
    1580169600000,
    0.006015033521420804
  ],
  [
    1580256000000,
    0.006148249906297646
  ],
  [
    1580342400000,
    0.026496959862702108
  ],
  [
    1580428800000,
    0.006206918892778614
  ],
  [
    1580601600000,
    0.027485582380375392
  ],
  [
    1580688000000,
    0.014960458338035304
  ],
  [
    1580774400000,
    0.32884940737457785
  ],
  [
    1580860800000,
    0.11708356827989018
  ],
  [
    1580947200000,
    0.039311532590542264
  ],
  [
    1581206400000,
    0.1449824674368816
  ],
  [
    1581292800000,
    0.17872709229780134
  ],
  [
    1581379200000,
    0.06263822710559788
  ],
  [
    1581465600000,
    0.48969032514557365
  ],
  [
    1581552000000,
    0.7381298279655459
  ],
  [
    1581638400000,
    0.09940283714105749
  ],
  [
    1581724800000,
    0.5084769988959591
  ],
  [
    1581811200000,
    1.3339480446936822
  ],
  [
    1581897600000,
    0.7827232269935102
  ],
  [
    1581984000000,
    0.6074098052561536
  ],
  [
    1582070400000,
    0.017842184449437866
  ],
  [
    1582156800000,
    0.017815041077863913
  ],
  [
    1582243200000,
    0.21170219170452778
  ],
  [
    1582502400000,
    0.01369690279513064
  ],
  [
    1582588800000,
    0.062190603419513775
  ],
  [
    1582761600000,
    0.28565323302386547
  ],
  [
    1583712000000,
    0.17845967925940323
  ],
  [
    1583971200000,
    0.0029543710214705206
  ],
  [
    1584057600000,
    0.762298299147476
  ],
  [
    1584144000000,
    1.960888415992082
  ],
  [
    1584230400000,
    0.15100077821718635
  ],
  [
    1584316800000,
    0.14800899525131364
  ],
  [
    1584403200000,
    0.27877327962798754
  ],
  [
    1584489600000,
    2.8876213624461022
  ],
  [
    1584576000000,
    0.07466716355599537
  ],
  [
    1584662400000,
    0.0056764853954047335
  ],
  [
    1584748800000,
    0.019344944847831134
  ],
  [
    1584835200000,
    0.016458134132924386
  ],
  [
    1584921600000,
    5.618167645448212
  ],
  [
    1585008000000,
    0.712935224882276
  ],
  [
    1585440000000,
    0.002823464249381874
  ],
  [
    1585526400000,
    0.016491035586262193
  ],
  [
    1585612800000,
    0.813333644365687
  ],
  [
    1586131200000,
    0.010966711313684376
  ],
  [
    1586217600000,
    0.019358201496921443
  ],
  [
    1586304000000,
    0.1073815935087856
  ],
  [
    1586563200000,
    0.000877925411080291
  ],
  [
    1586822400000,
    0.31842513402506895
  ],
  [
    1586908800000,
    0.3495292183904907
  ],
  [
    1586995200000,
    3.023498338481663
  ],
  [
    1587168000000,
    0.33300494767527267
  ],
  [
    1587600000000,
    0.2544502833401072
  ],
  [
    1587945600000,
    0.6836086892602524
  ],
  [
    1588032000000,
    0.4953224110478815
  ],
  [
    1588291200000,
    0.00822611445605653
  ],
  [
    1588377600000,
    0.008359708154542645
  ],
  [
    1588550400000,
    0.30091999483453186
  ],
  [
    1589760000000,
    0.017868929920732208
  ],
  [
    1590105600000,
    0.04959123891467791
  ],
  [
    1590364800000,
    0.19570648756869435
  ],
  [
    1590451200000,
    0.15293365233399644
  ],
  [
    1590624000000,
    0.39349498160478297
  ],
  [
    1592006400000,
    0.02899507870925663
  ],
  [
    1592092800000,
    0.02899507870925663
  ],
  [
    1592179200000,
    0.1755874365746155
  ],
  [
    1592265600000,
    0.06964837007597907
  ],
  [
    1592352000000,
    0.005629888526689756
  ],
  [
    1592438400000,
    0.7139960382451233
  ],
  [
    1592524800000,
    0.3016740392341411
  ],
  [
    1592611200000,
    0.20857904628267362
  ],
  [
    1592697600000,
    0.20857904628267362
  ],
  [
    1592784000000,
    0.20889109672671535
  ],
  [
    1592870400000,
    6.5736143720639735
  ],
  [
    1592956800000,
    6.5736143720639735
  ],
  [
    1593043200000,
    0.2019419435287627
  ],
  [
    1593129600000,
    0.29059522272880756
  ],
  [
    1593820800000,
    0.0034727593262967272
  ],
  [
    1593907200000,
    0.0034727593262967272
  ],
  [
    1593993600000,
    13.368239991145067
  ],
  [
    1594080000000,
    4.20594158219943
  ],
  [
    1594166400000,
    0.09142869375466584
  ],
  [
    1594252800000,
    13.395178206769058
  ],
  [
    1594339200000,
    0.007459315984425204
  ],
  [
    1594425600000,
    3.0696821264111414
  ],
  [
    1594512000000,
    0.03138214024320613
  ],
  [
    1594598400000,
    0.03138214024320613
  ],
  [
    1594684800000,
    2.355593450324158
  ],
  [
    1594771200000,
    2.355593450324158
  ],
  [
    1594857600000,
    1.386784625671514
  ],
  [
    1594944000000,
    0.4764242944470786
  ],
  [
    1595030400000,
    0.4694202833113743
  ],
  [
    1595116800000,
    0.4848169184195644
  ],
  [
    1595203200000,
    0.48511099309720523
  ],
  [
    1595289600000,
    0.2916923546836918
  ],
  [
    1595376000000,
    1.4452518503159562
  ],
  [
    1595462400000,
    1.4452518503159562
  ],
  [
    1595548800000,
    1.3383490505024425
  ],
  [
    1595635200000,
    0.11692401886188951
  ],
  [
    1595894400000,
    0.4664186267626468
  ],
  [
    1595980800000,
    0.4664186267626468
  ],
  [
    1596067200000,
    0.063639382191527
  ],
  [
    1596412800000,
    2.15043332956848
  ],
  [
    1596499200000,
    2.15043332956848
  ],
  [
    1596585600000,
    0.28688788048743885
  ],
  [
    1596672000000,
    0.28688788048743885
  ],
  [
    1596758400000,
    0.6897641753975635
  ],
  [
    1596844800000,
    2.279006771125563
  ],
  [
    1596931200000,
    2.34970174670223
  ],
  [
    1597017600000,
    1.1631625851375893
  ],
  [
    1597104000000,
    1.4969838097865948
  ],
  [
    1597363200000,
    0.04668834739994712
  ],
  [
    1597536000000,
    1.2434768100411415
  ],
  [
    1597622400000,
    1.2434768100411415
  ],
  [
    1597708800000,
    0.2754221603404736
  ],
  [
    1598313600000,
    3.702268478777102
  ],
  [
    1598400000000,
    3.702268478777102
  ],
  [
    1598486400000,
    1.5785361281532828
  ],
  [
    1598572800000,
    0.08726019317951049
  ],
  [
    1599955200000,
    0.018284848755562275
  ],
  [
    1600041600000,
    0.018284848755562275
  ],
  [
    1600128000000,
    0.8876640195091988
  ],
  [
    1600214400000,
    0.6373496679764585
  ],
  [
    1600300800000,
    0.027331021279996263
  ],
  [
    1600560000000,
    0.10661635719785027
  ],
  [
    1600646400000,
    0.10661635719785027
  ],
  [
    1600732800000,
    0.25830120624822706
  ],
  [
    1600905600000,
    3.4484987084483154
  ],
  [
    1600992000000,
    3.4484987084483154
  ],
  [
    1601510400000,
    0.09538681250200869
  ],
  [
    1601596800000,
    0.09538681250200869
  ],
  [
    1601683200000,
    0.039852045636805764
  ],
  [
    1601769600000,
    0.39341103845337577
  ],
  [
    1602374400000,
    1.61500316239893
  ],
  [
    1602460800000,
    1.61500316239893
  ],
  [
    1602547200000,
    0.019046567941319408
  ],
  [
    1602633600000,
    0.019046567941319408
  ],
  [
    1602806400000,
    0.14761368915792997
  ],
  [
    1602892800000,
    0.14761368915792997
  ],
  [
    1602979200000,
    0.03536585359827603
  ],
  [
    1603065600000,
    0.059776563527841095
  ],
  [
    1603152000000,
    0.01241050097996286
  ],
  [
    1603411200000,
    0.7855864824216287
  ],
  [
    1603497600000,
    0.7855864824216287
  ],
  [
    1603584000000,
    17.81913657506901
  ],
  [
    1603670400000,
    17.81913657506901
  ],
  [
    1603843200000,
    32.92024430884251
  ],
  [
    1603929600000,
    32.92024430884251
  ],
  [
    1604188800000,
    0.016278298522851103
  ],
  [
    1604275200000,
    0.016278298522851103
  ],
  [
    1604361600000,
    19.039824544823546
  ],
  [
    1604448000000,
    19.039824544823546
  ],
  [
    1604534400000,
    2.4994103381036794
  ],
  [
    1604620800000,
    0.021950195696817065
  ],
  [
    1604707200000,
    0.9868182770565442
  ],
  [
    1604793600000,
    0.9868182770565442
  ],
  [
    1604880000000,
    0.4982922338882319
  ],
  [
    1604966400000,
    0.01665095892724114
  ],
  [
    1605225600000,
    0.25346161770126535
  ],
  [
    1605312000000,
    0.25346161770126535
  ],
  [
    1605398400000,
    0.11763183900873182
  ],
  [
    1605571200000,
    1.555619803774302
  ],
  [
    1605657600000,
    1.555619803774302
  ],
  [
    1605744000000,
    7.284105074277989
  ],
  [
    1605830400000,
    0.574696581985035
  ],
  [
    1605916800000,
    0.528752675683977
  ],
  [
    1606003200000,
    0.528752675683977
  ],
  [
    1606089600000,
    0.05166315110256069
  ],
  [
    1606176000000,
    0.06507197508637565
  ],
  [
    1606348800000,
    0.003119671274738066
  ],
  [
    1606435200000,
    0.003119671274738066
  ],
  [
    1607212800000,
    0.017494670513440416
  ],
  [
    1607299200000,
    0.017494670513440416
  ],
  [
    1608076800000,
    0.41260403098868226
  ],
  [
    1608163200000,
    0.41260403098868226
  ],
  [
    1608422400000,
    0.0000670662847705367
  ],
  [
    1608508800000,
    0.0000670662847705367
  ],
  [
    1608681600000,
    0.12987890311777714
  ],
  [
    1608768000000,
    0.12987890311777714
  ],
  [
    1609027200000,
    2.268909259505687
  ],
  [
    1609113600000,
    2.268909259505687
  ],
  [
    1609200000000,
    0.11500029029550254
  ],
  [
    1609545600000,
    1.211543275882081
  ],
  [
    1609632000000,
    1.211543275882081
  ],
  [
    1609718400000,
    0.014804688718653376
  ],
  [
    1610755200000,
    0.32229317297741755
  ],
  [
    1610841600000,
    0.32229317297741755
  ],
  [
    1610928000000,
    0.15005008575322923
  ],
  [
    1611014400000,
    0.13144913530666083
  ],
  [
    1611100800000,
    0.015374197433048974
  ],
  [
    1611273600000,
    2.7654968147232077
  ],
  [
    1611360000000,
    2.7654968147232077
  ],
  [
    1611532800000,
    0.021036333981254426
  ],
  [
    1611619200000,
    0.021036333981254426
  ],
  [
    1611705600000,
    1.8283729939689441
  ],
  [
    1611792000000,
    1.8283729939689441
  ],
  [
    1611878400000,
    0.06408787153257633
  ],
  [
    1611964800000,
    28.638722005782004
  ],
  [
    1612051200000,
    0.6172543423463053
  ],
  [
    1612137600000,
    1.5013227337155763
  ],
  [
    1612224000000,
    0.0002232267933465503
  ],
  [
    1612915200000,
    0.13439560945557863
  ],
  [
    1613001600000,
    0.13439560945557863
  ],
  [
    1613174400000,
    1.4078394803151093
  ],
  [
    1613260800000,
    1.4078394803151093
  ],
  [
    1613347200000,
    0.38796502597212573
  ],
  [
    1613433600000,
    0.8788257740556318
  ],
  [
    1613520000000,
    1.3981309864234157
  ],
  [
    1613606400000,
    0.5726257815272331
  ],
  [
    1613692800000,
    0.2934930431670059
  ],
  [
    1613779200000,
    0.777259523686606
  ],
  [
    1613865600000,
    0.5574405557433137
  ],
  [
    1613952000000,
    1.1900011158269297
  ],
  [
    1614038400000,
    0.4585159529981191
  ],
  [
    1614124800000,
    0.48150512801935424
  ],
  [
    1614211200000,
    0.538229832326673
  ],
  [
    1614297600000,
    0.5602134311210838
  ],
  [
    1614384000000,
    0.5982446967617261
  ],
  [
    1614643200000,
    0.07601940459490154
  ],
  [
    1614729600000,
    0.07601940459490154
  ],
  [
    1614816000000,
    1.805579457747667
  ],
  [
    1614902400000,
    1.805579457747667
  ],
  [
    1615161600000,
    0.3879728619680261
  ],
  [
    1615248000000,
    0.3879728619680261
  ],
  [
    1615852800000,
    0.3185318722348264
  ],
  [
    1615939200000,
    0.3185318722348264
  ],
  [
    1616112000000,
    0.17775312931192191
  ],
  [
    1616198400000,
    0.17775312931192191
  ],
  [
    1616284800000,
    0.14864806058022478
  ],
  [
    1616803200000,
    0.13509474764544824
  ],
  [
    1616889600000,
    0.13509474764544824
  ],
  [
    1617235200000,
    0.0441221488251457
  ],
  [
    1617321600000,
    0.0441221488251457
  ],
  [
    1617494400000,
    0.4209991449565073
  ],
  [
    1617580800000,
    0.4209991449565073
  ],
  [
    1617926400000,
    0.2599046328407329
  ],
  [
    1618012800000,
    0.2599046328407329
  ],
  [
    1618099200000,
    1.6020355940169466
  ],
  [
    1618185600000,
    1.6020355940169466
  ],
  [
    1618272000000,
    7.567316859625529
  ],
  [
    1618358400000,
    7.567316859625529
  ],
  [
    1618531200000,
    1.303785977851195
  ],
  [
    1618617600000,
    1.303785977851195
  ],
  [
    1618704000000,
    0.19877343506636924
  ],
  [
    1618790400000,
    0.00361243820158163
  ],
  [
    1618876800000,
    73.79659680222898
  ],
  [
    1618963200000,
    1.100379943706488
  ],
  [
    1619049600000,
    1.873063099283455
  ],
  [
    1619222400000,
    0.0020838759564380535
  ],
  [
    1619308800000,
    0.0020838759564380535
  ],
  [
    1619395200000,
    0.15586321473778628
  ],
  [
    1619481600000,
    0.9376117486577447
  ],
  [
    1619568000000,
    0.9376117486577447
  ],
  [
    1619654400000,
    0.8852064316487747
  ],
  [
    1619740800000,
    1.1704324702371978
  ],
  [
    1619827200000,
    0.9769389370480044
  ],
  [
    1619913600000,
    4.214153227017629
  ],
  [
    1620000000000,
    1.0319724414630942
  ],
  [
    1620086400000,
    36.858437923497334
  ],
  [
    1620172800000,
    36.858437923497334
  ],
  [
    1620259200000,
    0.5092427182015216
  ],
  [
    1620345600000,
    0.6687714875635548
  ],
  [
    1620432000000,
    1.8153364882968321
  ],
  [
    1620518400000,
    1.5760031229029219
  ],
  [
    1620604800000,
    2.239560191735103
  ],
  [
    1620691200000,
    2.239560191735103
  ],
  [
    1620864000000,
    0.1079831625972058
  ],
  [
    1620950400000,
    0.1079831625972058
  ],
  [
    1621036800000,
    3.0414067892518837
  ],
  [
    1621123200000,
    3.0414067892518837
  ],
  [
    1621209600000,
    0.39390122896975793
  ],
  [
    1621468800000,
    25.041849032368646
  ],
  [
    1621555200000,
    25.041849032368646
  ],
  [
    1621900800000,
    26.292704733766996
  ],
  [
    1621987200000,
    26.292704733766996
  ],
  [
    1622073600000,
    0.7929637848462568
  ],
  [
    1622246400000,
    87.82211542657457
  ],
  [
    1622332800000,
    87.82211542657457
  ],
  [
    1622592000000,
    13.207963727645424
  ],
  [
    1622678400000,
    13.207963727645424
  ],
  [
    1622764800000,
    0.9510867743481789
  ],
  [
    1623369600000,
    1.394844348014366
  ],
  [
    1623456000000,
    1.394844348014366
  ],
  [
    1623628800000,
    5.271064654656633
  ],
  [
    1623715200000,
    5.271064654656633
  ],
  [
    1623801600000,
    17.76493663721976
  ],
  [
    1624579200000,
    1.4775076804565233
  ],
  [
    1624665600000,
    1.4775076804565233
  ],
  [
    1624752000000,
    0.6245599188089782
  ],
  [
    1624838400000,
    0.6245599188089782
  ],
  [
    1624924800000,
    0.6165302016112427
  ],
  [
    1625011200000,
    0.6321529454336604
  ],
  [
    1627257600000,
    0.8142797310342739
  ],
  [
    1627344000000,
    0.8142797310342739
  ],
  [
    1628294400000,
    0.1778440864876762
  ],
  [
    1628380800000,
    0.1778440864876762
  ],
  [
    1628467200000,
    0.0023367461766577204
  ],
  [
    1628553600000,
    0.0022925533931874276
  ],
  [
    1629244800000,
    1.0886121074498765
  ],
  [
    1629331200000,
    1.0886121074498765
  ],
  [
    1629504000000,
    5.208307748561791
  ],
  [
    1629590400000,
    5.208307748561791
  ],
  [
    1629676800000,
    10.56435853685329
  ],
  [
    1629763200000,
    1.792566944138472
  ],
  [
    1630195200000,
    0.5009507355726591
  ],
  [
    1630281600000,
    0.5009507355726591
  ],
  [
    1630368000000,
    0.5804835154387908
  ]
]