[
  [
    1620777600000,
    0
  ],
  [
    1620864000000,
    0
  ],
  [
    1620950400000,
    0
  ],
  [
    1621036800000,
    0
  ],
  [
    1621123200000,
    0
  ],
  [
    1621209600000,
    0
  ],
  [
    1621296000000,
    0
  ],
  [
    1621382400000,
    448907.33659189945
  ],
  [
    1621468800000,
    221557.31556568047
  ],
  [
    1621555200000,
    234572.4082792763
  ],
  [
    1621641600000,
    186912.37936265385
  ],
  [
    1621728000000,
    164835.2689985391
  ],
  [
    1621814400000,
    132309.9510712447
  ],
  [
    1621900800000,
    193757.9342371788
  ],
  [
    1621987200000,
    155144.64912006978
  ],
  [
    1622073600000,
    193633.494118505
  ],
  [
    1622160000000,
    200615.80952374404
  ],
  [
    1622246400000,
    197205.57235639344
  ],
  [
    1622332800000,
    194734.6821996205
  ],
  [
    1622419200000,
    211241.172887513
  ],
  [
    1622505600000,
    269246.31216599105
  ],
  [
    1622592000000,
    266976.0117374536
  ],
  [
    1622678400000,
    295150.1604382158
  ],
  [
    1622764800000,
    351125.2654763252
  ],
  [
    1622851200000,
    276277.96896107093
  ],
  [
    1622937600000,
    257503.96563872768
  ],
  [
    1623024000000,
    281322.52410389506
  ],
  [
    1623110400000,
    248439.80702878753
  ],
  [
    1623196800000,
    212830.9572739744
  ],
  [
    1623283200000,
    282182.3287801477
  ],
  [
    1623369600000,
    294334.39788378763
  ],
  [
    1623456000000,
    285178.1558066591
  ],
  [
    1623542400000,
    321674.5953361741
  ],
  [
    1623628800000,
    338634.14454177354
  ],
  [
    1623715200000,
    324795.47863201785
  ],
  [
    1623801600000,
    317886.52354026615
  ],
  [
    1623888000000,
    304169.5571740225
  ],
  [
    1623974400000,
    283204.945307029
  ],
  [
    1624060800000,
    252462.4605316221
  ],
  [
    1624147200000,
    250780.5668364189
  ],
  [
    1624233600000,
    206887.1977531661
  ],
  [
    1624320000000,
    165148.97962490877
  ],
  [
    1624406400000,
    145232.4957241551
  ],
  [
    1624492800000,
    158482.08913100677
  ],
  [
    1624579200000,
    169078.02967741693
  ],
  [
    1624665600000,
    147101.6936542936
  ],
  [
    1624752000000,
    144364.17927338692
  ],
  [
    1624838400000,
    149309.6082058515
  ],
  [
    1624924800000,
    155065.33340134044
  ],
  [
    1625011200000,
    158511.69386391225
  ],
  [
    1625097600000,
    156484.96866740435
  ],
  [
    1625184000000,
    151120.28107398542
  ],
  [
    1625270400000,
    145317.18160721922
  ],
  [
    1625356800000,
    152064.83786047876
  ],
  [
    1625443200000,
    157677.14008001692
  ],
  [
    1625529600000,
    150650.32540720684
  ],
  [
    1625616000000,
    157290.0500818122
  ],
  [
    1625702400000,
    165188.23489470067
  ],
  [
    1625788800000,
    154960.60276841707
  ],
  [
    1625875200000,
    158235.72529508913
  ],
  [
    1625961600000,
    152032.70576887444
  ],
  [
    1626048000000,
    186833.6797179773
  ],
  [
    1626134400000,
    203155.02550128094
  ],
  [
    1626220800000,
    198008.7811666441
  ],
  [
    1626307200000,
    215331.31909256752
  ],
  [
    1626393600000,
    216937.947726831
  ],
  [
    1626480000000,
    202300.36112538973
  ],
  [
    1626566400000,
    197945.4247032382
  ],
  [
    1626652800000,
    197877.29200950274
  ],
  [
    1626739200000,
    217343.36414968895
  ],
  [
    1626825600000,
    216586.64827189254
  ],
  [
    1626912000000,
    226411.3012390804
  ],
  [
    1626998400000,
    232020.59473498526
  ],
  [
    1627084800000,
    213256.59724340125
  ],
  [
    1627171200000,
    207080.74426443235
  ],
  [
    1627257600000,
    202976.26615753924
  ],
  [
    1627344000000,
    192108.88404338656
  ],
  [
    1627430400000,
    206681.98479589215
  ],
  [
    1627516800000,
    275327.52466199815
  ],
  [
    1627603200000,
    348200.8428788723
  ],
  [
    1627689600000,
    317852.4268250697
  ],
  [
    1627776000000,
    320536.26117576647
  ],
  [
    1627862400000,
    315716.8279278795
  ],
  [
    1627948800000,
    322014.16380809166
  ],
  [
    1628035200000,
    298835.9122850136
  ],
  [
    1628121600000,
    293150.3593831494
  ],
  [
    1628208000000,
    302337.25992674363
  ],
  [
    1628294400000,
    244665.5581610517
  ],
  [
    1628380800000,
    211626.69190490415
  ],
  [
    1628467200000,
    193818.4606030548
  ],
  [
    1628553600000,
    198910.03710307908
  ],
  [
    1628640000000,
    225149.1556336449
  ],
  [
    1628726400000,
    233417.05568940117
  ],
  [
    1628812800000,
    231085.11058510773
  ],
  [
    1628899200000,
    246874.6880706357
  ],
  [
    1628985600000,
    245261.25479938262
  ],
  [
    1629072000000,
    247011.77977834898
  ],
  [
    1629158400000,
    251866.1837389318
  ],
  [
    1629244800000,
    233275.95709039448
  ],
  [
    1629331200000,
    232602.8230796116
  ],
  [
    1629417600000,
    245970.53442041267
  ],
  [
    1629504000000,
    207148.7865515745
  ],
  [
    1629590400000,
    185588.63891252826
  ],
  [
    1629676800000,
    179409.21395061837
  ],
  [
    1629763200000,
    206303.61705804445
  ],
  [
    1629849600000,
    176043.80980603606
  ],
  [
    1629936000000,
    186162.11506408275
  ],
  [
    1630022400000,
    176081.585611856
  ],
  [
    1630108800000,
    172949.32269368117
  ],
  [
    1630195200000,
    154576.42220883386
  ],
  [
    1630281600000,
    151167.30459301555
  ],
  [
    1630368000000,
    150666.86552589264
  ],
  [
    1630454400000,
    138772.74705533197
  ],
  [
    1630540800000,
    148516.39493267078
  ],
  [
    1630627200000,
    141340.12033391482
  ]
]