[
  [
    1601856000000,
    0
  ],
  [
    1601942400000,
    0
  ],
  [
    1602028800000,
    0
  ],
  [
    1602115200000,
    0
  ],
  [
    1602201600000,
    0
  ],
  [
    1602288000000,
    2822187.091686261
  ],
  [
    1602374400000,
    2785313.597980277
  ],
  [
    1602460800000,
    2807830.2432736945
  ],
  [
    1602547200000,
    2497564.3193724584
  ],
  [
    1602633600000,
    2374564.4216414997
  ],
  [
    1602720000000,
    2254304.838117701
  ],
  [
    1602806400000,
    1681895.9995722047
  ],
  [
    1602892800000,
    1812558.4251953384
  ],
  [
    1602979200000,
    1569892.8210951975
  ],
  [
    1603065600000,
    1729205.103906202
  ],
  [
    1603152000000,
    1614712.0592837827
  ],
  [
    1603238400000,
    1289778.110936093
  ],
  [
    1603324800000,
    1359695.6061225382
  ],
  [
    1603411200000,
    1466011.744660945
  ],
  [
    1603497600000,
    1382396.564689164
  ],
  [
    1603584000000,
    1622224.8562362483
  ],
  [
    1603670400000,
    1746436.991202623
  ],
  [
    1603756800000,
    1712279.0036070328
  ],
  [
    1603843200000,
    1626459.2593936636
  ],
  [
    1603929600000,
    1632213.2200549576
  ],
  [
    1604016000000,
    2050901.7719930299
  ],
  [
    1604102400000,
    2434155.014449092
  ],
  [
    1604188800000,
    1956215.5185063486
  ],
  [
    1604275200000,
    2025834.339706392
  ],
  [
    1604361600000,
    2144880.865722511
  ],
  [
    1604448000000,
    1941478.0334541714
  ],
  [
    1604534400000,
    1838370.6816985596
  ],
  [
    1604620800000,
    2017720.260530476
  ],
  [
    1604707200000,
    2182569.4797090595
  ],
  [
    1604793600000,
    2223625.450067197
  ],
  [
    1604880000000,
    2240621.0820892206
  ],
  [
    1604966400000,
    2212840.337996221
  ],
  [
    1605052800000,
    2209164.2618090776
  ],
  [
    1605139200000,
    2303610.9731757734
  ],
  [
    1605225600000,
    2272131.555454885
  ],
  [
    1605312000000,
    2273409.221269748
  ],
  [
    1605398400000,
    2329358.4707265757
  ],
  [
    1605484800000,
    2346341.1335517936
  ],
  [
    1605571200000,
    2424994.472949827
  ],
  [
    1605657600000,
    3219472.5281004547
  ],
  [
    1605744000000,
    2532695.4289694005
  ],
  [
    1605830400000,
    2561924.5418466884
  ],
  [
    1605916800000,
    2615611.581841338
  ],
  [
    1606003200000,
    2555280.860447979
  ],
  [
    1606089600000,
    2793755.119390382
  ],
  [
    1606176000000,
    2813750.5499765463
  ],
  [
    1606262400000,
    2496681.174775347
  ],
  [
    1606348800000,
    2403733.3270294927
  ],
  [
    1606435200000,
    2172689.8748506904
  ],
  [
    1606521600000,
    2197735.289127069
  ],
  [
    1606608000000,
    2188154.6600495456
  ],
  [
    1606694400000,
    2218358.225604044
  ],
  [
    1606780800000,
    2374595.131762953
  ],
  [
    1606867200000,
    2225527.8682615636
  ],
  [
    1606953600000,
    2066062.8995640718
  ],
  [
    1607040000000,
    2095331.931570732
  ],
  [
    1607126400000,
    2037496.4857322313
  ],
  [
    1607212800000,
    2041350.633020673
  ],
  [
    1607299200000,
    2059325.3845491288
  ],
  [
    1607385600000,
    2181765.7358128
  ],
  [
    1607472000000,
    2220001.4699760084
  ],
  [
    1607558400000,
    2167502.9320504586
  ],
  [
    1607644800000,
    2032494.1224887797
  ],
  [
    1607731200000,
    2009561.4367353627
  ],
  [
    1607817600000,
    2037650.6737385646
  ],
  [
    1607904000000,
    1972069.1193881207
  ],
  [
    1607990400000,
    1975594.6202959667
  ],
  [
    1608076800000,
    1980382.048976074
  ],
  [
    1608163200000,
    1961203.0024756994
  ],
  [
    1608249600000,
    1776528.2632515563
  ],
  [
    1608336000000,
    1641207.2822374788
  ],
  [
    1608422400000,
    1658322.8678825845
  ],
  [
    1608508800000,
    1645028.1559736314
  ],
  [
    1608595200000,
    1621164.8755617589
  ],
  [
    1608681600000,
    1602045.2928541177
  ],
  [
    1608768000000,
    1527895.6946247898
  ],
  [
    1608854400000,
    1504102.6017386892
  ],
  [
    1608940800000,
    1501365.2209876378
  ],
  [
    1609027200000,
    1506450.369556096
  ],
  [
    1609113600000,
    1498822.7257009163
  ],
  [
    1609200000000,
    1558331.3132481095
  ],
  [
    1609286400000,
    1548050.3366258272
  ],
  [
    1609372800000,
    1562199.6040731103
  ],
  [
    1609459200000,
    1544748.1260942076
  ],
  [
    1609545600000,
    1533337.0366956717
  ],
  [
    1609632000000,
    1528409.5931919971
  ],
  [
    1609718400000,
    1518468.6420401628
  ],
  [
    1609804800000,
    1423897.3171205258
  ],
  [
    1609891200000,
    1385476.9418035008
  ],
  [
    1609977600000,
    1374944.40175257
  ],
  [
    1610064000000,
    1381951.5350900497
  ],
  [
    1610150400000,
    1373856.4646046478
  ],
  [
    1610236800000,
    1382613.1245836588
  ],
  [
    1610323200000,
    1298925.4303661853
  ],
  [
    1610409600000,
    970654.5365087056
  ],
  [
    1610496000000,
    1146542.2725510926
  ],
  [
    1610582400000,
    1130763.1979950666
  ],
  [
    1610668800000,
    1127134.6130199435
  ],
  [
    1610755200000,
    1137780.2564464633
  ],
  [
    1610841600000,
    1162490.131727502
  ],
  [
    1610928000000,
    1187060.1020753942
  ],
  [
    1611014400000,
    1176717.7779840229
  ],
  [
    1611100800000,
    1341503.7300847054
  ],
  [
    1611187200000,
    1376699.4515590144
  ],
  [
    1611273600000,
    1461292.651281956
  ],
  [
    1611360000000,
    1471853.7690989184
  ],
  [
    1611446400000,
    1460508.2483494459
  ],
  [
    1611532800000,
    1522086.265942887
  ],
  [
    1611619200000,
    1453510.9545341786
  ],
  [
    1611705600000,
    1455145.701645061
  ],
  [
    1611792000000,
    1858229.9198504284
  ],
  [
    1611878400000,
    2741110.863754562
  ],
  [
    1611964800000,
    4175454.4175889725
  ],
  [
    1612051200000,
    4156445.0039877086
  ],
  [
    1612137600000,
    3463601.613250823
  ],
  [
    1612224000000,
    2710081.0780019485
  ],
  [
    1612310400000,
    2796738.670369381
  ],
  [
    1612396800000,
    4587767.245681307
  ],
  [
    1612483200000,
    3845409.9136633202
  ],
  [
    1612569600000,
    4014432.758948757
  ],
  [
    1612656000000,
    2456350.8884105487
  ],
  [
    1612742400000,
    2721974.1208221363
  ],
  [
    1612828800000,
    3178648.2138175033
  ],
  [
    1612915200000,
    3570360.573529582
  ],
  [
    1613001600000,
    3277004.0454318332
  ],
  [
    1613088000000,
    3223614.1740200697
  ],
  [
    1613174400000,
    3264250.294963995
  ],
  [
    1613260800000,
    5979464.216610273
  ],
  [
    1613347200000,
    7594100.856263536
  ],
  [
    1613433600000,
    5724024.081100467
  ],
  [
    1613520000000,
    4964461.135591571
  ],
  [
    1613606400000,
    9955296.636380397
  ],
  [
    1613692800000,
    9453260.082599945
  ],
  [
    1613779200000,
    8370637.080156322
  ],
  [
    1613865600000,
    6759040.082418971
  ],
  [
    1613952000000,
    5724308.964636893
  ],
  [
    1614038400000,
    4538026.234733298
  ],
  [
    1614124800000,
    4287406.565950055
  ],
  [
    1614211200000,
    5066253.908655583
  ],
  [
    1614297600000,
    5970784.527416924
  ],
  [
    1614384000000,
    5480240.574521817
  ],
  [
    1614470400000,
    5145637.247054262
  ],
  [
    1614556800000,
    4711400.49048067
  ],
  [
    1614643200000,
    4897777.569128513
  ],
  [
    1614729600000,
    4743046.512634788
  ],
  [
    1614816000000,
    5520535.088647358
  ],
  [
    1614902400000,
    5613108.157960412
  ],
  [
    1614988800000,
    5021254.1897106
  ],
  [
    1615075200000,
    4972156.621425581
  ],
  [
    1615161600000,
    5606656.638507242
  ],
  [
    1615248000000,
    5991556.99080719
  ],
  [
    1615334400000,
    6560448.42656685
  ],
  [
    1615420800000,
    14227508.468887113
  ],
  [
    1615507200000,
    12214239.466737477
  ],
  [
    1615593600000,
    11738108.203977896
  ],
  [
    1615680000000,
    10585999.882939767
  ],
  [
    1615766400000,
    15852827.260845602
  ],
  [
    1615852800000,
    16694716.33836679
  ],
  [
    1615939200000,
    15437464.864454055
  ],
  [
    1616025600000,
    13949746.81081194
  ],
  [
    1616112000000,
    12365127.253638893
  ],
  [
    1616198400000,
    13055243.815914571
  ],
  [
    1616284800000,
    14303899.714725936
  ],
  [
    1616371200000,
    13670154.162258144
  ],
  [
    1616457600000,
    12426669.024280535
  ],
  [
    1616544000000,
    10233230.602770377
  ],
  [
    1616630400000,
    10688663.59818182
  ],
  [
    1616716800000,
    10339999.154949924
  ],
  [
    1616803200000,
    9461213.393284833
  ],
  [
    1616889600000,
    9097196.130276693
  ],
  [
    1616976000000,
    7186851.51501135
  ],
  [
    1617062400000,
    7094847.129667432
  ],
  [
    1617148800000,
    7384367.571783265
  ],
  [
    1617235200000,
    6897219.940821658
  ],
  [
    1617321600000,
    6957312.245857722
  ],
  [
    1617408000000,
    6774550.313776693
  ],
  [
    1617494400000,
    5789769.614203129
  ],
  [
    1617580800000,
    6479817.313215677
  ],
  [
    1617667200000,
    6513506.793374134
  ],
  [
    1617753600000,
    6372195.592359691
  ],
  [
    1617840000000,
    6317233.283459535
  ],
  [
    1617926400000,
    6227003.487858983
  ],
  [
    1618012800000,
    6120503.613455121
  ],
  [
    1618099200000,
    6108525.951735616
  ],
  [
    1618185600000,
    6097745.124366453
  ],
  [
    1618272000000,
    5766793.307939112
  ],
  [
    1618358400000,
    5767450.005636043
  ],
  [
    1618444800000,
    5959804.537872877
  ],
  [
    1618531200000,
    5913599.4424850205
  ],
  [
    1618617600000,
    5208862.283394151
  ],
  [
    1618704000000,
    7278380.106392829
  ],
  [
    1618790400000,
    5765410.0814319
  ],
  [
    1618876800000,
    5690379.607007638
  ],
  [
    1618963200000,
    5281259.396447623
  ],
  [
    1619049600000,
    5164966.805545991
  ],
  [
    1619136000000,
    5184383.830632406
  ],
  [
    1619222400000,
    4784156.758055947
  ],
  [
    1619308800000,
    4367457.479523411
  ],
  [
    1619395200000,
    3983807.1236498505
  ],
  [
    1619481600000,
    4107329.3664237703
  ],
  [
    1619568000000,
    4900486.147077108
  ],
  [
    1619654400000,
    5189046.017131596
  ],
  [
    1619740800000,
    5710697.97147943
  ],
  [
    1619827200000,
    5799011.589751552
  ],
  [
    1619913600000,
    6045004.787494343
  ],
  [
    1620000000000,
    5950659.511803881
  ],
  [
    1620086400000,
    6001372.638678843
  ],
  [
    1620172800000,
    5467087.84619245
  ],
  [
    1620259200000,
    5455403.088449951
  ],
  [
    1620345600000,
    5434443.765977371
  ],
  [
    1620432000000,
    5428484.988586097
  ],
  [
    1620518400000,
    5478417.403300667
  ],
  [
    1620604800000,
    5340217.869018922
  ],
  [
    1620691200000,
    5367800.628445654
  ],
  [
    1620777600000,
    5398625.223049729
  ],
  [
    1620864000000,
    5259617.020279717
  ],
  [
    1620950400000,
    4203730.392766248
  ],
  [
    1621036800000,
    4242322.849787895
  ],
  [
    1621123200000,
    4275584.416219324
  ],
  [
    1621209600000,
    3861909.5427293107
  ],
  [
    1621296000000,
    3825705.493645668
  ],
  [
    1621382400000,
    3957169.941973858
  ],
  [
    1621468800000,
    2979903.8016543677
  ],
  [
    1621555200000,
    2536799.790192485
  ],
  [
    1621641600000,
    2355367.9163682796
  ],
  [
    1621728000000,
    2144862.3682934507
  ],
  [
    1621814400000,
    1814511.5143442396
  ],
  [
    1621900800000,
    1998440.8440870855
  ],
  [
    1621987200000,
    1715162.8482068914
  ],
  [
    1622073600000,
    1711970.3051769126
  ],
  [
    1622160000000,
    1853874.741076202
  ],
  [
    1622246400000,
    1660965.210384633
  ],
  [
    1622332800000,
    1688532.1034342092
  ],
  [
    1622419200000,
    1677798.3522838193
  ],
  [
    1622505600000,
    1795576.730079793
  ],
  [
    1622592000000,
    1785707.4610657152
  ],
  [
    1622678400000,
    1879791.4471425717
  ],
  [
    1622764800000,
    2224685.3424480287
  ],
  [
    1622851200000,
    2208978.7157586175
  ],
  [
    1622937600000,
    2028158.4641656382
  ],
  [
    1623024000000,
    2000782.3636890866
  ],
  [
    1623110400000,
    2121173.728066867
  ],
  [
    1623196800000,
    1864185.923063545
  ],
  [
    1623283200000,
    2604557.5123381387
  ],
  [
    1623369600000,
    2435515.1919401125
  ],
  [
    1623456000000,
    2326473.4199061794
  ],
  [
    1623542400000,
    2362720.211873252
  ],
  [
    1623628800000,
    2342222.971335039
  ],
  [
    1623715200000,
    2475950.8066160115
  ],
  [
    1623801600000,
    2500989.5978608453
  ],
  [
    1623888000000,
    2443599.882473284
  ],
  [
    1623974400000,
    2423375.536743151
  ],
  [
    1624060800000,
    2425573.9788782834
  ],
  [
    1624147200000,
    2427065.9019799014
  ],
  [
    1624233600000,
    2426373.1370996446
  ],
  [
    1624320000000,
    1806378.3031576686
  ],
  [
    1624406400000,
    1670996.8435793882
  ],
  [
    1624492800000,
    1663572.9122126622
  ],
  [
    1624579200000,
    1665289.5318787934
  ],
  [
    1624665600000,
    1677973.9766556048
  ],
  [
    1624752000000,
    1649794.4405539737
  ],
  [
    1624838400000,
    1730032.6791247344
  ],
  [
    1624924800000,
    2007667.0495043693
  ],
  [
    1625011200000,
    2008451.5903257139
  ],
  [
    1625097600000,
    2018277.8175675126
  ],
  [
    1625184000000,
    2031134.9222080607
  ],
  [
    1625270400000,
    2028391.012442692
  ],
  [
    1625356800000,
    2010266.650255324
  ],
  [
    1625443200000,
    2032899.4808205087
  ],
  [
    1625529600000,
    1795838.0690139644
  ],
  [
    1625616000000,
    1875691.4453367135
  ],
  [
    1625702400000,
    1868279.054534653
  ],
  [
    1625788800000,
    1825944.7435042965
  ],
  [
    1625875200000,
    1836382.5749738216
  ],
  [
    1625961600000,
    1849337.5782699003
  ],
  [
    1626048000000,
    1782871.7931249314
  ],
  [
    1626134400000,
    1840089.4306013698
  ],
  [
    1626220800000,
    1831995.2779101692
  ],
  [
    1626307200000,
    1796292.2995092538
  ],
  [
    1626393600000,
    1774060.8365436993
  ],
  [
    1626480000000,
    1738414.5672147016
  ],
  [
    1626566400000,
    1731485.2545617218
  ],
  [
    1626652800000,
    1755974.3219244475
  ],
  [
    1626739200000,
    1771442.94898034
  ],
  [
    1626825600000,
    1678099.9640476033
  ],
  [
    1626912000000,
    1669933.5003394797
  ],
  [
    1626998400000,
    1665130.0800964034
  ],
  [
    1627084800000,
    1653922.096268482
  ],
  [
    1627171200000,
    1682716.8904754925
  ],
  [
    1627257600000,
    1813612.342062335
  ],
  [
    1627344000000,
    1860227.5925726707
  ],
  [
    1627430400000,
    1795401.6278467374
  ],
  [
    1627516800000,
    1731115.7351807232
  ],
  [
    1627603200000,
    1732184.5438330646
  ],
  [
    1627689600000,
    1742296.943885349
  ],
  [
    1627776000000,
    1535503.713184266
  ],
  [
    1627862400000,
    2568124.5853570104
  ],
  [
    1627948800000,
    1474311.1195284554
  ],
  [
    1628035200000,
    1500774.1930788308
  ],
  [
    1628121600000,
    1491458.3551267225
  ],
  [
    1628208000000,
    1504139.1107654967
  ],
  [
    1628294400000,
    1484527.7253688113
  ],
  [
    1628380800000,
    1533904.4175075386
  ],
  [
    1628467200000,
    2524854.3260787027
  ],
  [
    1628553600000,
    2624968.615578582
  ],
  [
    1628640000000,
    2454345.1632322255
  ],
  [
    1628726400000,
    2397326.3757409174
  ],
  [
    1628812800000,
    2310985.5692867665
  ],
  [
    1628899200000,
    2323655.0248544314
  ],
  [
    1628985600000,
    2312185.1011416465
  ],
  [
    1629072000000,
    2311442.815604664
  ],
  [
    1629158400000,
    2316170.8705729963
  ],
  [
    1629244800000,
    2196335.4166339347
  ],
  [
    1629331200000,
    2223453.7409043405
  ],
  [
    1629417600000,
    2180284.342227088
  ],
  [
    1629504000000,
    1959549.4227787643
  ],
  [
    1629590400000,
    2177016.1747867726
  ],
  [
    1629676800000,
    2256670.8784417817
  ],
  [
    1629763200000,
    2064182.819740171
  ],
  [
    1629849600000,
    2077767.5442117138
  ],
  [
    1629936000000,
    2067729.6018635123
  ],
  [
    1630022400000,
    2062932.232970666
  ],
  [
    1630108800000,
    2088108.4225568334
  ],
  [
    1630195200000,
    2017274.2331758805
  ],
  [
    1630281600000,
    1974350.9120839532
  ],
  [
    1630368000000,
    1930511.0970826407
  ],
  [
    1630454400000,
    1969978.3969754775
  ],
  [
    1630540800000,
    1979473.8960005348
  ],
  [
    1630627200000,
    2004139.9355414326
  ]
]