[
  [
    1620432000000,
    59057.62468731986
  ],
  [
    1620518400000,
    59057.62468731986
  ],
  [
    1620604800000,
    368770.55746798345
  ],
  [
    1620691200000,
    211980.98000149435
  ],
  [
    1620777600000,
    305013.75272995676
  ],
  [
    1620864000000,
    241515.2271724628
  ],
  [
    1620950400000,
    255028.67369298
  ],
  [
    1621036800000,
    32099.23092528684
  ],
  [
    1621123200000,
    31790.927355033895
  ],
  [
    1621209600000,
    217.084015727521
  ],
  [
    1621296000000,
    458270.23112974793
  ],
  [
    1621382400000,
    458270.23112974793
  ],
  [
    1621468800000,
    163805.02319317264
  ],
  [
    1621555200000,
    211918.34908077723
  ],
  [
    1621641600000,
    126939.10925905562
  ],
  [
    1621728000000,
    40994.80292536774
  ],
  [
    1621814400000,
    55243.191194179846
  ],
  [
    1621900800000,
    62136.560484224756
  ],
  [
    1621987200000,
    81959.08796196942
  ],
  [
    1622073600000,
    143708.2046682139
  ],
  [
    1622160000000,
    35936.72716296848
  ],
  [
    1622246400000,
    47683.88548915222
  ],
  [
    1622332800000,
    30132.04155317526
  ],
  [
    1622419200000,
    45805.52660068634
  ],
  [
    1622505600000,
    39390.45508750564
  ],
  [
    1622592000000,
    15896.999833088941
  ],
  [
    1622678400000,
    41175.8012752269
  ],
  [
    1622764800000,
    33218.147435512314
  ],
  [
    1622851200000,
    33759.05806231568
  ],
  [
    1622937600000,
    23577.284972668946
  ],
  [
    1623024000000,
    67803.84269438298
  ],
  [
    1623110400000,
    17634.495312387684
  ],
  [
    1623196800000,
    21129.717660971655
  ],
  [
    1623283200000,
    14528.962437945182
  ],
  [
    1623369600000,
    8173.832826376122
  ],
  [
    1623456000000,
    9826.654964275222
  ],
  [
    1623542400000,
    8177.1296937879715
  ],
  [
    1623628800000,
    21061.71906023119
  ],
  [
    1623715200000,
    27194.857016016926
  ],
  [
    1623801600000,
    12070.064626424344
  ],
  [
    1623888000000,
    14625.163665317545
  ],
  [
    1623974400000,
    13199.412122802072
  ],
  [
    1624060800000,
    12229.16142757237
  ],
  [
    1624147200000,
    13737.841696814625
  ],
  [
    1624233600000,
    26232.374755609682
  ],
  [
    1624320000000,
    8192.354833556126
  ],
  [
    1624406400000,
    11181.267515307429
  ],
  [
    1624492800000,
    2183.6741472795584
  ],
  [
    1624579200000,
    10919.936697075771
  ],
  [
    1624665600000,
    1640.5658270902538
  ],
  [
    1624752000000,
    927.4345635596706
  ],
  [
    1624838400000,
    3475.566912884003
  ],
  [
    1624924800000,
    3290.983628179763
  ],
  [
    1625011200000,
    7100.80124866336
  ],
  [
    1625097600000,
    4284.579288918627
  ],
  [
    1625184000000,
    11575.23348070096
  ],
  [
    1625270400000,
    4205.431882625628
  ],
  [
    1625356800000,
    5053.340470456963
  ],
  [
    1625443200000,
    26362.03407069829
  ],
  [
    1625529600000,
    8924.21713743512
  ],
  [
    1625616000000,
    743.2847861085734
  ],
  [
    1625702400000,
    666.2581624897725
  ],
  [
    1625788800000,
    506.756794634822
  ],
  [
    1625875200000,
    3491.018943975745
  ],
  [
    1625961600000,
    2754.2833689749395
  ],
  [
    1626048000000,
    198.69722757122454
  ],
  [
    1626134400000,
    38.68618299639177
  ],
  [
    1626220800000,
    5976.617177006359
  ],
  [
    1626307200000,
    238.25350979148956
  ],
  [
    1626393600000,
    1345.8164803024451
  ],
  [
    1626480000000,
    3558.8566748630897
  ],
  [
    1626566400000,
    6.296878040157448
  ],
  [
    1626652800000,
    1269.0790508940827
  ],
  [
    1626739200000,
    51.52730655270931
  ],
  [
    1626825600000,
    3893.5020034997233
  ],
  [
    1626912000000,
    859.1293438348522
  ],
  [
    1626998400000,
    1371.0923957809462
  ],
  [
    1627084800000,
    95.8008977226483
  ],
  [
    1627171200000,
    5390.751458220851
  ],
  [
    1627257600000,
    1377.683353614558
  ],
  [
    1627344000000,
    68.60944413877783
  ],
  [
    1627430400000,
    4936.122105021086
  ],
  [
    1627516800000,
    338.64941090480676
  ],
  [
    1627603200000,
    402.60360799664824
  ],
  [
    1627689600000,
    80.35374873947991
  ],
  [
    1627776000000,
    206.39231479744683
  ],
  [
    1627862400000,
    1299.4319550302932
  ],
  [
    1627948800000,
    142.1871414827038
  ],
  [
    1628035200000,
    4147.290984500186
  ],
  [
    1628121600000,
    28264.30693928635
  ],
  [
    1628208000000,
    1526.980034248702
  ],
  [
    1628294400000,
    176.29118930489963
  ],
  [
    1628380800000,
    76.39031168451592
  ],
  [
    1628467200000,
    120.60212575208753
  ],
  [
    1628553600000,
    249.73462798679247
  ],
  [
    1628640000000,
    299.9087892985064
  ],
  [
    1628726400000,
    105.47425110921802
  ],
  [
    1628812800000,
    54.414769029842404
  ],
  [
    1628899200000,
    203.59748549889878
  ],
  [
    1628985600000,
    126.44421988006559
  ],
  [
    1629072000000,
    57.98463480697387
  ],
  [
    1629158400000,
    10.31536092722093
  ],
  [
    1629244800000,
    19.444545933989257
  ],
  [
    1629331200000,
    17.81270729255958
  ],
  [
    1629417600000,
    126.2533509918758
  ],
  [
    1629504000000,
    370.33372058934805
  ],
  [
    1629590400000,
    203.55636530237882
  ],
  [
    1629676800000,
    4.132172748375874
  ],
  [
    1629763200000,
    22.467647341950617
  ],
  [
    1629849600000,
    0.7793672811231216
  ],
  [
    1629936000000,
    10.630478351385758
  ],
  [
    1630022400000,
    11.398888505799471
  ],
  [
    1630108800000,
    18.629397338990294
  ],
  [
    1630195200000,
    2.22197668266909
  ],
  [
    1630281600000,
    19.040474959258642
  ],
  [
    1630368000000,
    6.807513230985035
  ],
  [
    1630454400000,
    35.2114061515104
  ],
  [
    1630540800000,
    0
  ],
  [
    1630627200000,
    55.353146786497646
  ]
]