[
  [
    1623369600000,
    0.9969049429635788
  ],
  [
    1623456000000,
    0.9969049429635788
  ],
  [
    1623542400000,
    1.0029893793860303
  ],
  [
    1623628800000,
    1.0027725606852151
  ],
  [
    1623974400000,
    1.0080024706886526
  ],
  [
    1624060800000,
    1.0080024706886526
  ],
  [
    1624320000000,
    1.0017534556310979
  ],
  [
    1624406400000,
    1.0017534556310979
  ],
  [
    1626739200000,
    1.0089272690630113
  ],
  [
    1626825600000,
    1.0089272690630113
  ],
  [
    1627171200000,
    1.005325405070045
  ],
  [
    1627257600000,
    1.005325405070045
  ],
  [
    1627344000000,
    1.0071248331121565
  ],
  [
    1627430400000,
    1.0005558427328218
  ],
  [
    1627516800000,
    0.9998128797448114
  ],
  [
    1629417600000,
    1.0025532456684416
  ],
  [
    1629504000000,
    1.0025532456684416
  ]
]