[
  [
    1623369600000,
    5.018156518750494e-10
  ],
  [
    1623456000000,
    5.018156518750494e-10
  ],
  [
    1623542400000,
    3.776287899364886e-10
  ],
  [
    1623628800000,
    3.72655958608978e-10
  ],
  [
    1623715200000,
    5.134421973076936e-10
  ],
  [
    1623801600000,
    4.536250070003687e-10
  ],
  [
    1623888000000,
    4.143280619075738e-10
  ],
  [
    1623974400000,
    3.360264218351089e-10
  ],
  [
    1624060800000,
    3.160447439408897e-10
  ],
  [
    1624147200000,
    3.152238785434372e-10
  ],
  [
    1624233600000,
    3.091957294805499e-10
  ],
  [
    1624320000000,
    2.7277491020687537e-10
  ],
  [
    1624406400000,
    2.5522765786410083e-10
  ],
  [
    1624492800000,
    2.810568822350884e-10
  ],
  [
    1624579200000,
    3.072293354689163e-10
  ],
  [
    1624665600000,
    2.796368289092108e-10
  ],
  [
    1624752000000,
    2.7134343049530416e-10
  ],
  [
    1624838400000,
    2.8028781790450773e-10
  ],
  [
    1624924800000,
    2.601714121833922e-10
  ],
  [
    1625011200000,
    2.81830195791762e-10
  ],
  [
    1625097600000,
    2.6940905232721094e-10
  ],
  [
    1625184000000,
    2.5728947897192137e-10
  ],
  [
    1625270400000,
    2.527182884468036e-10
  ],
  [
    1625356800000,
    2.5946710381355066e-10
  ],
  [
    1625443200000,
    2.6935822682794574e-10
  ],
  [
    1625529600000,
    2.6431544414183206e-10
  ],
  [
    1625616000000,
    2.76053250798099e-10
  ],
  [
    1625702400000,
    2.8294488602611176e-10
  ],
  [
    1625788800000,
    2.65569125421888e-10
  ],
  [
    1625875200000,
    2.7458703907708055e-10
  ],
  [
    1625961600000,
    2.679634493713941e-10
  ],
  [
    1626048000000,
    2.7855439626324544e-10
  ],
  [
    1626134400000,
    2.7396655928247724e-10
  ],
  [
    1626220800000,
    2.657851478779855e-10
  ],
  [
    1626307200000,
    2.6796913520190784e-10
  ],
  [
    1626393600000,
    2.8153784920191865e-10
  ],
  [
    1626480000000,
    2.668326425669876e-10
  ],
  [
    1626566400000,
    2.7799965748763344e-10
  ],
  [
    1626652800000,
    2.802548172140209e-10
  ],
  [
    1626739200000,
    2.6224051328075414e-10
  ],
  [
    1626825600000,
    2.4383995856816813e-10
  ],
  [
    1626912000000,
    2.5962257944392126e-10
  ],
  [
    1626998400000,
    2.566758334983365e-10
  ],
  [
    1627084800000,
    2.565272659861671e-10
  ],
  [
    1627171200000,
    2.5972310988039626e-10
  ],
  [
    1627257600000,
    2.603647920748455e-10
  ],
  [
    1627344000000,
    2.663530164148869e-10
  ],
  [
    1627430400000,
    2.728133058555003e-10
  ],
  [
    1627516800000,
    2.6964132326653205e-10
  ],
  [
    1627603200000,
    2.6871391045254383e-10
  ],
  [
    1627689600000,
    2.78496941459218e-10
  ],
  [
    1627776000000,
    2.498652974300013e-10
  ],
  [
    1627862400000,
    2.446933884675413e-10
  ],
  [
    1627948800000,
    2.458855357905693e-10
  ],
  [
    1628035200000,
    2.366900147912926e-10
  ],
  [
    1628121600000,
    2.442435749536302e-10
  ],
  [
    1628208000000,
    2.5373320271627093e-10
  ],
  [
    1628294400000,
    2.5340358592819133e-10
  ],
  [
    1628380800000,
    2.564493264348141e-10
  ],
  [
    1628467200000,
    2.5711268111392034e-10
  ],
  [
    1628553600000,
    2.5711268111392034e-10
  ],
  [
    1628640000000,
    2.676086468413957e-10
  ],
  [
    1628726400000,
    2.84269991723949e-10
  ],
  [
    1628812800000,
    2.7433981536728056e-10
  ],
  [
    1628899200000,
    2.758686355102383e-10
  ],
  [
    1628985600000,
    2.9669578858858754e-10
  ],
  [
    1629072000000,
    3.0013271087247144e-10
  ],
  [
    1629158400000,
    3.061767269151428e-10
  ],
  [
    1629244800000,
    3.063822924138939e-10
  ],
  [
    1629331200000,
    2.915720585130605e-10
  ],
  [
    1629417600000,
    3.0514357074196066e-10
  ],
  [
    1629504000000,
    3.2369485133909156e-10
  ],
  [
    1629590400000,
    3.290929028643981e-10
  ],
  [
    1629676800000,
    3.1966118043978463e-10
  ],
  [
    1629763200000,
    3.54273426745458e-10
  ],
  [
    1629849600000,
    3.54273426745458e-10
  ],
  [
    1630022400000,
    3.415565881826876e-10
  ],
  [
    1630108800000,
    3.415565881826876e-10
  ],
  [
    1630195200000,
    3.3616812838777063e-10
  ],
  [
    1630281600000,
    3.3614636626283235e-10
  ],
  [
    1630368000000,
    3.239902039883612e-10
  ],
  [
    1630454400000,
    3.229101062327919e-10
  ],
  [
    1630540800000,
    3.365957144959725e-10
  ],
  [
    1630627200000,
    3.3381762214591634e-10
  ]
]