[
  [
    1623369600000,
    24875.818523958606
  ],
  [
    1623456000000,
    24875.818523958606
  ],
  [
    1623542400000,
    13724.763153484268
  ],
  [
    1623628800000,
    6513.956841840734
  ],
  [
    1623715200000,
    19639.361509828275
  ],
  [
    1623801600000,
    6613.609080180455
  ],
  [
    1623888000000,
    2276.351035528035
  ],
  [
    1623974400000,
    4699.023205574855
  ],
  [
    1624060800000,
    730.1008080969162
  ],
  [
    1624147200000,
    79.11246585541795
  ],
  [
    1624233600000,
    1004.4193387491457
  ],
  [
    1624320000000,
    3263.2893966921874
  ],
  [
    1624406400000,
    2064.4305043669365
  ],
  [
    1624492800000,
    1148.9752178124538
  ],
  [
    1624579200000,
    6161.000431492657
  ],
  [
    1624665600000,
    949.602959943917
  ],
  [
    1624752000000,
    33.217245439430265
  ],
  [
    1624838400000,
    185.4997116899629
  ],
  [
    1624924800000,
    2614.462024812634
  ],
  [
    1625011200000,
    104.63056402250773
  ],
  [
    1625097600000,
    145.9342096199455
  ],
  [
    1625184000000,
    65.84981551391945
  ],
  [
    1625270400000,
    452.5319960247573
  ],
  [
    1625356800000,
    258.57035205658565
  ],
  [
    1625443200000,
    85.2625716926546
  ],
  [
    1625529600000,
    183.1429971614963
  ],
  [
    1625616000000,
    261.0342418287355
  ],
  [
    1625702400000,
    37.3314524113987
  ],
  [
    1625788800000,
    19.619194150483825
  ],
  [
    1625875200000,
    148.2199012482882
  ],
  [
    1625961600000,
    383.252950105681
  ],
  [
    1626048000000,
    37.1490162541864
  ],
  [
    1626134400000,
    741.7594594497216
  ],
  [
    1626220800000,
    605.1025047567335
  ],
  [
    1626307200000,
    569.7122602128698
  ],
  [
    1626393600000,
    519.1445896992984
  ],
  [
    1626480000000,
    47.7537795477365
  ],
  [
    1626566400000,
    1820.0095132277036
  ],
  [
    1626652800000,
    97.84693653483467
  ],
  [
    1626739200000,
    2375.6250787205468
  ],
  [
    1626825600000,
    153.99341760924074
  ],
  [
    1626912000000,
    932.1502929125551
  ],
  [
    1626998400000,
    893.6955395963743
  ],
  [
    1627084800000,
    167.1004577869357
  ],
  [
    1627171200000,
    191.36413650421608
  ],
  [
    1627257600000,
    15.838079247179845
  ],
  [
    1627344000000,
    14.11007405681337
  ],
  [
    1627430400000,
    12.68406940117986
  ],
  [
    1627516800000,
    44.3835315713258
  ],
  [
    1627603200000,
    15.693562653967252
  ],
  [
    1627689600000,
    546.335575593525
  ],
  [
    1627776000000,
    3921.070730545784
  ],
  [
    1627862400000,
    147.68786266543742
  ],
  [
    1627948800000,
    29.14730809698409
  ],
  [
    1628035200000,
    463.5226289215939
  ],
  [
    1628121600000,
    29.539161582948402
  ],
  [
    1628208000000,
    28.779038460605335
  ],
  [
    1628294400000,
    28.741652520886554
  ],
  [
    1628380800000,
    64.28511975545726
  ],
  [
    1628467200000,
    242.44282587049494
  ],
  [
    1628553600000,
    242.44282587049494
  ],
  [
    1628640000000,
    92.501429775442
  ],
  [
    1628726400000,
    258.38679149317244
  ],
  [
    1628812800000,
    39.83183563417116
  ],
  [
    1628899200000,
    40.05380747069434
  ],
  [
    1628985600000,
    24.973241942011658
  ],
  [
    1629072000000,
    35.55870611342134
  ],
  [
    1629158400000,
    36.013649625933134
  ],
  [
    1629244800000,
    31.741481361461457
  ],
  [
    1629331200000,
    94.3812929082516
  ],
  [
    1629417600000,
    775.6905519769666
  ],
  [
    1629504000000,
    58.29253628358892
  ],
  [
    1629590400000,
    22.091162994835887
  ],
  [
    1629676800000,
    0.4954524557964942
  ],
  [
    1629763200000,
    477.393931293424
  ],
  [
    1629849600000,
    477.393931293424
  ],
  [
    1630022400000,
    613.7591811475909
  ],
  [
    1630108800000,
    613.7591811475909
  ],
  [
    1630195200000,
    8.759881119305001
  ],
  [
    1630281600000,
    8.759314041074601
  ],
  [
    1630368000000,
    10.939715369512722
  ],
  [
    1630454400000,
    0.1626644434532543
  ],
  [
    1630540800000,
    227.17859509496697
  ],
  [
    1630627200000,
    65.75939858535871
  ]
]