[
  [
    1620691200000,
    0
  ],
  [
    1620777600000,
    0
  ],
  [
    1620864000000,
    0
  ],
  [
    1620950400000,
    0
  ],
  [
    1621036800000,
    0
  ],
  [
    1621123200000,
    0
  ],
  [
    1621209600000,
    0
  ],
  [
    1621296000000,
    0
  ],
  [
    1621382400000,
    0
  ],
  [
    1621468800000,
    0
  ],
  [
    1621555200000,
    0
  ],
  [
    1621641600000,
    0
  ],
  [
    1621728000000,
    0
  ],
  [
    1621814400000,
    0
  ],
  [
    1621900800000,
    0
  ],
  [
    1621987200000,
    0
  ],
  [
    1622073600000,
    0
  ],
  [
    1622160000000,
    0
  ],
  [
    1622246400000,
    0
  ],
  [
    1622332800000,
    0
  ],
  [
    1622419200000,
    0
  ],
  [
    1622505600000,
    95128.51157722129
  ],
  [
    1622592000000,
    80757.08952679881
  ],
  [
    1622678400000,
    95448.84591110851
  ],
  [
    1622764800000,
    71621.88464940654
  ],
  [
    1622851200000,
    110370.76132300636
  ],
  [
    1622937600000,
    128873.44586346779
  ],
  [
    1623024000000,
    76913.24745344068
  ],
  [
    1623110400000,
    49296.6617294117
  ],
  [
    1623196800000,
    50770.94684856281
  ],
  [
    1623283200000,
    36629.991783525635
  ],
  [
    1623369600000,
    108891.6839939773
  ],
  [
    1623456000000,
    95218.97967987775
  ],
  [
    1623542400000,
    101531.33011573508
  ],
  [
    1623628800000,
    154075.2751274527
  ],
  [
    1623715200000,
    263436.4912434837
  ],
  [
    1623801600000,
    120667.21280095357
  ],
  [
    1623888000000,
    108356.14370767398
  ],
  [
    1623974400000,
    114132.32955929579
  ],
  [
    1624060800000,
    126068.29259198946
  ],
  [
    1624147200000,
    57880.56185624024
  ],
  [
    1624233600000,
    94062.85355315311
  ],
  [
    1624320000000,
    76456.52050568847
  ],
  [
    1624406400000,
    98299.62029170709
  ],
  [
    1624492800000,
    75920.33168072619
  ],
  [
    1624579200000,
    91409.50948569668
  ],
  [
    1624665600000,
    39708.55145954971
  ],
  [
    1624752000000,
    67635.03326299884
  ],
  [
    1624838400000,
    70288.17902757884
  ],
  [
    1624924800000,
    96771.4906325485
  ],
  [
    1625011200000,
    95239.77514280677
  ],
  [
    1625097600000,
    79963.54134278155
  ],
  [
    1625184000000,
    1050942.8775648577
  ],
  [
    1625270400000,
    1179860.8122272925
  ],
  [
    1625356800000,
    1188621.819577355
  ],
  [
    1625443200000,
    1180100.657567003
  ],
  [
    1625529600000,
    1196631.7004320722
  ],
  [
    1625616000000,
    1208446.9539227448
  ],
  [
    1625702400000,
    1295007.7011931592
  ],
  [
    1625788800000,
    1219144.3141223413
  ],
  [
    1625875200000,
    1226589.607375924
  ],
  [
    1625961600000,
    1206494.107978773
  ],
  [
    1626048000000,
    1173549.7089578123
  ],
  [
    1626134400000,
    1154816.3248544142
  ],
  [
    1626220800000,
    1127420.3586427548
  ],
  [
    1626307200000,
    1059118.113831724
  ],
  [
    1626393600000,
    1036523.8054835291
  ],
  [
    1626480000000,
    964023.4586889172
  ],
  [
    1626566400000,
    949463.9612393677
  ],
  [
    1626652800000,
    825931.5075137909
  ],
  [
    1626739200000,
    693951.4926048166
  ],
  [
    1626825600000,
    608832.0077222922
  ],
  [
    1626912000000,
    655402.027997753
  ],
  [
    1626998400000,
    639667.4954936969
  ],
  [
    1627084800000,
    646007.902840758
  ],
  [
    1627171200000,
    628605.2690956668
  ],
  [
    1627257600000,
    605950.5249388566
  ],
  [
    1627344000000,
    598502.1633037397
  ],
  [
    1627430400000,
    572534.6078058226
  ],
  [
    1627516800000,
    508113.1585794807
  ],
  [
    1627603200000,
    461625.0355921712
  ],
  [
    1627689600000,
    330171.5853390188
  ],
  [
    1627776000000,
    345474.7149977152
  ],
  [
    1627862400000,
    330407.6101076083
  ],
  [
    1627948800000,
    322376.912171558
  ],
  [
    1628035200000,
    296084.7241174389
  ],
  [
    1628121600000,
    286680.7472424931
  ],
  [
    1628208000000,
    281778.1102710857
  ],
  [
    1628294400000,
    278968.3028248772
  ],
  [
    1628380800000,
    285276.3157142581
  ],
  [
    1628467200000,
    275313.1128579767
  ],
  [
    1628553600000,
    225093.78541996225
  ],
  [
    1628640000000,
    217758.56983691952
  ],
  [
    1628726400000,
    218944.59640540706
  ],
  [
    1628812800000,
    214071.63148971496
  ],
  [
    1628899200000,
    221386.23328739207
  ],
  [
    1628985600000,
    220375.05696629325
  ],
  [
    1629072000000,
    217918.4536090507
  ],
  [
    1629158400000,
    212807.7217479416
  ],
  [
    1629244800000,
    182819.48933858145
  ],
  [
    1629331200000,
    176878.11175188443
  ],
  [
    1629417600000,
    181345.51114136368
  ],
  [
    1629504000000,
    186397.00358225865
  ],
  [
    1629590400000,
    185767.22441156118
  ],
  [
    1629676800000,
    184668.74564985797
  ],
  [
    1629763200000,
    197079.825755706
  ],
  [
    1629849600000,
    188127.42771574997
  ],
  [
    1629936000000,
    186347.81455816337
  ],
  [
    1630022400000,
    181066.39906609894
  ],
  [
    1630108800000,
    178196.0789318923
  ],
  [
    1630195200000,
    177214.36568537992
  ],
  [
    1630281600000,
    177129.51479660536
  ],
  [
    1630368000000,
    174186.5757140543
  ],
  [
    1630454400000,
    173552.39585133604
  ],
  [
    1630540800000,
    180458.16830451757
  ],
  [
    1630627200000,
    179339.45634973995
  ]
]