[
  [
    1617926400000,
    1580336.5552617172
  ],
  [
    1618012800000,
    1580336.5552617172
  ],
  [
    1618099200000,
    229814.53748903223
  ],
  [
    1618185600000,
    91876.58255493494
  ],
  [
    1618272000000,
    360935.64523595205
  ],
  [
    1618358400000,
    381958.05613110185
  ],
  [
    1618444800000,
    344669.28173229727
  ],
  [
    1618531200000,
    311214.0891497066
  ],
  [
    1618617600000,
    419829.4960292058
  ],
  [
    1618704000000,
    276905.032040682
  ],
  [
    1618790400000,
    268482.1174158579
  ],
  [
    1618876800000,
    239431.90672674385
  ],
  [
    1618963200000,
    250199.29505001227
  ],
  [
    1619049600000,
    397438.83357683726
  ],
  [
    1619136000000,
    273879.42317577783
  ],
  [
    1619222400000,
    255623.88706391945
  ],
  [
    1619308800000,
    221812.07082380747
  ],
  [
    1619395200000,
    192087.47191931918
  ],
  [
    1619481600000,
    236527.07746763548
  ],
  [
    1619568000000,
    304319.48069558095
  ],
  [
    1619654400000,
    251901.98895904742
  ],
  [
    1619740800000,
    232491.2134290764
  ],
  [
    1619827200000,
    248784.16161520005
  ],
  [
    1619913600000,
    219802.96274323718
  ],
  [
    1620000000000,
    206685.19304807615
  ],
  [
    1620086400000,
    232395.36807556116
  ],
  [
    1620172800000,
    214310.02972449822
  ],
  [
    1620259200000,
    231943.18053553518
  ],
  [
    1620345600000,
    199912.12297242446
  ],
  [
    1620432000000,
    184157.42992797671
  ],
  [
    1620518400000,
    194656.89729686076
  ],
  [
    1620604800000,
    186710.2798482874
  ],
  [
    1620691200000,
    176016.4639944469
  ],
  [
    1620777600000,
    193692.68098492178
  ],
  [
    1620864000000,
    195072.69889989783
  ],
  [
    1620950400000,
    233275.4444944502
  ],
  [
    1621036800000,
    231089.07411777388
  ],
  [
    1621123200000,
    289128.35507195716
  ],
  [
    1621209600000,
    199457.4335576358
  ],
  [
    1621296000000,
    164353.02669363597
  ],
  [
    1621382400000,
    198151.83938904823
  ],
  [
    1621468800000,
    128728.52449649242
  ],
  [
    1621555200000,
    138032.0045564616
  ],
  [
    1621641600000,
    127401.74395767499
  ],
  [
    1621728000000,
    139018.68653265524
  ],
  [
    1621814400000,
    110963.50733412892
  ],
  [
    1621900800000,
    124198.3131771865
  ],
  [
    1621987200000,
    130843.90072382544
  ],
  [
    1622073600000,
    139878.2149457315
  ],
  [
    1622160000000,
    119689.8388171206
  ],
  [
    1622246400000,
    120152.01326317695
  ],
  [
    1622332800000,
    120075.80817625107
  ],
  [
    1622419200000,
    106683.66222231553
  ],
  [
    1622505600000,
    116436.43957879973
  ],
  [
    1622592000000,
    119643.52582267704
  ],
  [
    1622678400000,
    110006.1022119108
  ],
  [
    1622764800000,
    118198.20653348236
  ],
  [
    1622851200000,
    108740.87135288805
  ],
  [
    1622937600000,
    103151.09833224822
  ],
  [
    1623024000000,
    112416.29279274725
  ],
  [
    1623110400000,
    92372.16816598564
  ],
  [
    1623196800000,
    100633.60010738292
  ],
  [
    1623283200000,
    90185.21905368856
  ],
  [
    1623369600000,
    102751.08644307192
  ],
  [
    1623456000000,
    126916.29484550525
  ],
  [
    1623542400000,
    95458.88415053574
  ],
  [
    1623628800000,
    91141.72472315126
  ],
  [
    1623715200000,
    93441.41883226631
  ],
  [
    1623801600000,
    110518.10796894626
  ],
  [
    1623888000000,
    123191.226397046
  ],
  [
    1623974400000,
    106677.67568253251
  ],
  [
    1624060800000,
    88120.91472755739
  ],
  [
    1624147200000,
    91191.9688123618
  ],
  [
    1624233600000,
    87425.12178411044
  ],
  [
    1624320000000,
    65733.8540281718
  ],
  [
    1624406400000,
    65648.18687760652
  ],
  [
    1624492800000,
    82025.818719337
  ],
  [
    1624579200000,
    78073.89846141539
  ],
  [
    1624665600000,
    64946.09617378596
  ],
  [
    1624752000000,
    67046.57367667349
  ],
  [
    1624838400000,
    69507.26381916058
  ],
  [
    1624924800000,
    69702.99846973438
  ],
  [
    1625011200000,
    71311.79761824894
  ],
  [
    1625097600000,
    77061.48560483879
  ],
  [
    1625184000000,
    73529.61151019543
  ],
  [
    1625270400000,
    67687.04837465985
  ],
  [
    1625356800000,
    69816.87042985472
  ],
  [
    1625443200000,
    68557.56510484863
  ],
  [
    1625529600000,
    65611.00394260744
  ],
  [
    1625616000000,
    71681.44282908479
  ],
  [
    1625702400000,
    67850.0173790763
  ],
  [
    1625788800000,
    66590.62059524149
  ],
  [
    1625875200000,
    74429.74612641789
  ],
  [
    1625961600000,
    66511.92907206612
  ],
  [
    1626048000000,
    66077.1911846295
  ],
  [
    1626134400000,
    68738.28080648246
  ],
  [
    1626220800000,
    70276.60532340086
  ],
  [
    1626307200000,
    74924.24682257077
  ],
  [
    1626393600000,
    64904.95734197923
  ],
  [
    1626480000000,
    61869.989602845875
  ],
  [
    1626566400000,
    60686.67024138601
  ],
  [
    1626652800000,
    59382.237464347425
  ],
  [
    1626739200000,
    62845.974079611464
  ],
  [
    1626825600000,
    55289.46834411234
  ],
  [
    1626912000000,
    61305.91408511949
  ],
  [
    1626998400000,
    63497.924333240524
  ],
  [
    1627084800000,
    71521.91306129022
  ],
  [
    1627171200000,
    67594.00702826296
  ],
  [
    1627257600000,
    70427.72211520773
  ],
  [
    1627344000000,
    67965.77738376634
  ],
  [
    1627430400000,
    67099.50483339954
  ],
  [
    1627516800000,
    62520.138656534546
  ],
  [
    1627603200000,
    68522.09170744201
  ],
  [
    1627689600000,
    70547.38182912667
  ],
  [
    1627776000000,
    67025.3682034647
  ],
  [
    1627862400000,
    63673.86897667601
  ],
  [
    1627948800000,
    64225.002225639815
  ],
  [
    1628035200000,
    315455.760607972
  ],
  [
    1628121600000,
    280177.5103891461
  ],
  [
    1628208000000,
    116479.6961396099
  ],
  [
    1628294400000,
    125872.72520775352
  ],
  [
    1628380800000,
    105546.74233176927
  ],
  [
    1628467200000,
    99424.63727711453
  ],
  [
    1628553600000,
    292519.2948132994
  ],
  [
    1628640000000,
    430150.6763125787
  ],
  [
    1628726400000,
    213239.0402455133
  ],
  [
    1628812800000,
    214865.59563076292
  ],
  [
    1628899200000,
    153445.20999154905
  ],
  [
    1628985600000,
    135024.19588700152
  ],
  [
    1629072000000,
    128774.18055843769
  ],
  [
    1629158400000,
    116314.41425508658
  ],
  [
    1629244800000,
    115064.30614203059
  ],
  [
    1629331200000,
    107368.681718078
  ],
  [
    1629417600000,
    105963.8521294692
  ],
  [
    1629504000000,
    101011.0059244761
  ],
  [
    1629590400000,
    104476.53017099996
  ],
  [
    1629676800000,
    94313.80463402692
  ],
  [
    1629763200000,
    87600.08017982161
  ],
  [
    1629849600000,
    86424.50418056406
  ],
  [
    1629936000000,
    91244.80032221023
  ],
  [
    1630022400000,
    95185.66856064097
  ],
  [
    1630108800000,
    92702.78605172416
  ],
  [
    1630195200000,
    86658.99069161963
  ],
  [
    1630281600000,
    88547.08519084266
  ],
  [
    1630368000000,
    81314.95566478805
  ],
  [
    1630454400000,
    85475.82052018469
  ],
  [
    1630540800000,
    79985.39411800362
  ],
  [
    1630627200000,
    83744.59762716356
  ]
]