[
  [
    1621209600000,
    91177.25687846226
  ],
  [
    1621296000000,
    91177.25687846226
  ],
  [
    1621382400000,
    30076.667847442506
  ],
  [
    1621468800000,
    406165.1569171636
  ],
  [
    1621555200000,
    30654.74297594364
  ],
  [
    1621641600000,
    121826.99892534471
  ],
  [
    1621728000000,
    254189.66466831043
  ],
  [
    1621814400000,
    30096.77618096757
  ],
  [
    1621900800000,
    184348.10946981664
  ],
  [
    1621987200000,
    18721.711042093593
  ],
  [
    1622073600000,
    127097.2171266238
  ],
  [
    1622160000000,
    54194.24017273766
  ],
  [
    1622246400000,
    202747.69786712676
  ],
  [
    1622332800000,
    66732.67318369221
  ],
  [
    1622419200000,
    45480.726789218286
  ],
  [
    1622505600000,
    112262.44757302792
  ],
  [
    1622592000000,
    61729.903608817964
  ],
  [
    1622678400000,
    48239.36521801154
  ],
  [
    1622764800000,
    463016.3368658743
  ],
  [
    1622851200000,
    103571.73342128925
  ],
  [
    1622937600000,
    203663.46509950102
  ],
  [
    1623024000000,
    108780.98477867982
  ],
  [
    1623110400000,
    192599.9100648347
  ],
  [
    1623196800000,
    108696.63660876048
  ],
  [
    1623283200000,
    177844.1682120624
  ],
  [
    1623369600000,
    187659.52957016008
  ],
  [
    1623456000000,
    71320.02695401275
  ],
  [
    1623542400000,
    73070.20719633042
  ],
  [
    1623628800000,
    97661.59625582304
  ],
  [
    1623715200000,
    57961.25698253464
  ],
  [
    1623801600000,
    47996.33885009004
  ],
  [
    1623888000000,
    48175.978920439724
  ],
  [
    1623974400000,
    52992.0961266409
  ],
  [
    1624060800000,
    39507.87037915713
  ],
  [
    1624147200000,
    27971.509848917132
  ],
  [
    1624233600000,
    37253.94800344012
  ],
  [
    1624320000000,
    43484.01069724272
  ],
  [
    1624406400000,
    42329.63115623644
  ],
  [
    1624492800000,
    42304.09447826228
  ],
  [
    1624579200000,
    33736.44263800154
  ],
  [
    1624665600000,
    27268.305268560736
  ],
  [
    1624752000000,
    56614.7814377948
  ],
  [
    1624838400000,
    58984.251349286926
  ],
  [
    1624924800000,
    37888.067660164816
  ],
  [
    1625011200000,
    82132.68946076167
  ],
  [
    1625097600000,
    70708.31828686452
  ],
  [
    1625184000000,
    56090.58404885371
  ],
  [
    1625270400000,
    83213.05515620936
  ],
  [
    1625356800000,
    15202.45650603439
  ],
  [
    1625443200000,
    8679.54304080772
  ],
  [
    1625529600000,
    68154.8509443078
  ],
  [
    1625616000000,
    32114.471517957594
  ],
  [
    1625702400000,
    51277.6897758621
  ],
  [
    1625788800000,
    35791.08251906993
  ],
  [
    1625875200000,
    21795.452158164593
  ],
  [
    1625961600000,
    13974.067041317436
  ],
  [
    1626048000000,
    10045.428522841772
  ],
  [
    1626134400000,
    35313.20995259858
  ],
  [
    1626220800000,
    53998.29174250907
  ],
  [
    1626307200000,
    35230.77948812707
  ],
  [
    1626393600000,
    132172.40977407942
  ],
  [
    1626480000000,
    58105.13537098832
  ],
  [
    1626566400000,
    52927.530623083585
  ],
  [
    1626652800000,
    52014.40360876435
  ],
  [
    1626739200000,
    48597.336353596016
  ],
  [
    1626825600000,
    41583.57326871277
  ],
  [
    1626912000000,
    64073.42002128127
  ],
  [
    1626998400000,
    36215.664920720905
  ],
  [
    1627084800000,
    71176.20100366401
  ],
  [
    1627171200000,
    21720.328837185003
  ],
  [
    1627257600000,
    81478.1961001225
  ],
  [
    1627344000000,
    77102.77535372922
  ],
  [
    1627430400000,
    68280.18622547072
  ],
  [
    1627516800000,
    56576.168107118596
  ],
  [
    1627603200000,
    29934.961494782034
  ],
  [
    1627689600000,
    28553.415211124353
  ],
  [
    1627776000000,
    12054.410490941867
  ],
  [
    1627862400000,
    20065.096179440716
  ],
  [
    1627948800000,
    56379.111350199884
  ],
  [
    1628035200000,
    70289.23626212461
  ],
  [
    1628121600000,
    58597.37757935508
  ],
  [
    1628208000000,
    22603.801024806584
  ],
  [
    1628294400000,
    9318.526466669102
  ],
  [
    1628380800000,
    17013.629282288217
  ],
  [
    1628467200000,
    10345.222196783294
  ],
  [
    1628553600000,
    31878.31445959399
  ],
  [
    1628640000000,
    65891.47841603862
  ],
  [
    1628726400000,
    123860.97116736762
  ],
  [
    1628812800000,
    98545.04518174911
  ],
  [
    1628899200000,
    42846.49043418486
  ],
  [
    1628985600000,
    10091.096525685498
  ],
  [
    1629072000000,
    9118.988599998765
  ],
  [
    1629158400000,
    44873.72919844958
  ],
  [
    1629244800000,
    63101.53432072929
  ],
  [
    1629331200000,
    73777.22962656556
  ],
  [
    1629417600000,
    15770.066418392904
  ],
  [
    1629504000000,
    6588.17539051366
  ],
  [
    1629590400000,
    29770.659667248783
  ],
  [
    1629676800000,
    56604.8054254202
  ],
  [
    1629763200000,
    3804.501312486019
  ],
  [
    1629849600000,
    2184.5086038116738
  ],
  [
    1629936000000,
    863.5965313131659
  ],
  [
    1630022400000,
    610.8577715069301
  ],
  [
    1630108800000,
    124145.250499555
  ],
  [
    1630195200000,
    39142.20007374324
  ],
  [
    1630281600000,
    5396.432259659507
  ],
  [
    1630368000000,
    1619.3478824257559
  ],
  [
    1630454400000,
    1685.9676437833527
  ],
  [
    1630540800000,
    12237.415959663082
  ],
  [
    1630627200000,
    6758.654909790287
  ]
]