[
  [
    1533945600000,
    0.003406282663416338
  ],
  [
    1534032000000,
    0.0031641904792337468
  ],
  [
    1534118400000,
    0.004002150648266647
  ],
  [
    1534204800000,
    0.003616929527826663
  ],
  [
    1534291200000,
    0.0033455386532654516
  ],
  [
    1534377600000,
    0.003199454218784593
  ],
  [
    1534464000000,
    0.0030869849817980882
  ],
  [
    1534550400000,
    0.003352394472863106
  ],
  [
    1534636800000,
    0.0030942149089082296
  ],
  [
    1534723200000,
    0.003147343481916062
  ],
  [
    1534809600000,
    0.0026672451124575996
  ],
  [
    1534896000000,
    0.0027075217503836355
  ],
  [
    1534982400000,
    0.002611264862320521
  ],
  [
    1535068800000,
    0.0020115273560074344
  ],
  [
    1535155200000,
    0.0020233772835024193
  ],
  [
    1535241600000,
    0.0018981017659508537
  ],
  [
    1535328000000,
    0.001997132366829797
  ],
  [
    1535414400000,
    0.0021230957559423514
  ],
  [
    1535500800000,
    0.001952089236423574
  ],
  [
    1535587200000,
    0.0020314880245201165
  ],
  [
    1535673600000,
    0.001975286941215032
  ],
  [
    1535760000000,
    0.0018429184132264553
  ],
  [
    1535846400000,
    0.0020958967916495782
  ],
  [
    1535932800000,
    0.0018062824611408768
  ],
  [
    1536019200000,
    0.001980898756640648
  ],
  [
    1536105600000,
    0.00194733781669755
  ],
  [
    1536192000000,
    0.001631098494723299
  ],
  [
    1536278400000,
    0.0015115513761163784
  ],
  [
    1536364800000,
    0.0014513627754565092
  ],
  [
    1536451200000,
    0.001229633314922437
  ],
  [
    1536537600000,
    0.00126859755901106
  ],
  [
    1536624000000,
    0.0012285985981089257
  ],
  [
    1536710400000,
    0.0012331491896316665
  ],
  [
    1536796800000,
    0.0011665200594063365
  ],
  [
    1536883200000,
    0.001230879221755825
  ],
  [
    1536969600000,
    0.0011662223238822784
  ],
  [
    1537056000000,
    0.0011796713062912322
  ],
  [
    1537142400000,
    0.0011275895811539065
  ],
  [
    1537228800000,
    0.001024104298545106
  ],
  [
    1537315200000,
    0.0009653498231592212
  ],
  [
    1537401600000,
    0.0011046906628545809
  ],
  [
    1537488000000,
    0.0010814639370029606
  ],
  [
    1537574400000,
    0.0012272626636658322
  ],
  [
    1537660800000,
    0.0012360216649913802
  ],
  [
    1537747200000,
    0.0011696178692268964
  ],
  [
    1537833600000,
    0.0011128369228315127
  ],
  [
    1537920000000,
    0.0010329457708004041
  ],
  [
    1538006400000,
    0.0008341321066922696
  ],
  [
    1538092800000,
    0.0009310681169353513
  ],
  [
    1538179200000,
    0.0008573854925475502
  ],
  [
    1538265600000,
    0.0009194653049604602
  ],
  [
    1538352000000,
    0.0010155009987734475
  ],
  [
    1538438400000,
    0.0009039542414175375
  ],
  [
    1538524800000,
    0.0008379806211206338
  ],
  [
    1538611200000,
    0.0008830899171968209
  ],
  [
    1538697600000,
    0.0008426037669959603
  ],
  [
    1538784000000,
    0.0008986288985185966
  ],
  [
    1538870400000,
    0.0008675925687819257
  ],
  [
    1538956800000,
    0.0008617183722233212
  ],
  [
    1539043200000,
    0.0008796338845037108
  ],
  [
    1539129600000,
    0.0008970079323918972
  ],
  [
    1539216000000,
    0.0008847081254762652
  ],
  [
    1539302400000,
    0.0008187362027246857
  ],
  [
    1539388800000,
    0.0009240615992972612
  ],
  [
    1539475200000,
    0.0009259866204034584
  ],
  [
    1539561600000,
    0.0009242182819585836
  ],
  [
    1539648000000,
    0.0009714250148877571
  ],
  [
    1539734400000,
    0.0009837725266267697
  ],
  [
    1539820800000,
    0.000989925505324974
  ],
  [
    1539907200000,
    0.0008406518118522391
  ],
  [
    1539993600000,
    0.000845863955002084
  ],
  [
    1540080000000,
    0.0008919211184117441
  ],
  [
    1540166400000,
    0.0008627118210006064
  ],
  [
    1540252800000,
    0.0008879352078307269
  ],
  [
    1540339200000,
    0.0008936049953490547
  ],
  [
    1540425600000,
    0.0009108978182313806
  ],
  [
    1540512000000,
    0.0008406750782864175
  ],
  [
    1540598400000,
    0.0008611424328632582
  ],
  [
    1540684800000,
    0.0008337964150128276
  ],
  [
    1540771200000,
    0.0008239764100520748
  ],
  [
    1540857600000,
    0.0008278124652297795
  ],
  [
    1540944000000,
    0.0008308421466199705
  ],
  [
    1541030400000,
    0.0008433626429675401
  ],
  [
    1541116800000,
    0.000773234815646886
  ],
  [
    1541203200000,
    0.0007999077236498188
  ],
  [
    1541289600000,
    0.0007944036101243596
  ],
  [
    1541376000000,
    0.0007918093490158737
  ],
  [
    1541462400000,
    0.0007928895424783074
  ],
  [
    1541548800000,
    0.0007943593621488818
  ],
  [
    1541635200000,
    0.0007712144803639181
  ],
  [
    1541721600000,
    0.0007751592427254971
  ],
  [
    1541808000000,
    0.0007741761155120119
  ],
  [
    1541894400000,
    0.000758881130075919
  ],
  [
    1541980800000,
    0.0007475438273424356
  ],
  [
    1542067200000,
    0.0007812247088175877
  ],
  [
    1542153600000,
    0.0007805845049231396
  ],
  [
    1542240000000,
    0.0006956389116556736
  ],
  [
    1542326400000,
    0.0006868832107726389
  ],
  [
    1542412800000,
    0.0007072781314780477
  ],
  [
    1542499200000,
    0.0007753122490611442
  ],
  [
    1542585600000,
    0.000814353631637841
  ],
  [
    1542672000000,
    0.0007083655474372267
  ],
  [
    1542758400000,
    0.0006296105771403203
  ],
  [
    1542844800000,
    0.0006288126266290746
  ],
  [
    1542931200000,
    0.0005869274097484548
  ],
  [
    1543017600000,
    0.0005601196535017455
  ],
  [
    1543104000000,
    0.0004961492410986286
  ],
  [
    1543190400000,
    0.0004867652998477571
  ],
  [
    1543276800000,
    0.00047575716939515
  ],
  [
    1543363200000,
    0.00048393666695975427
  ],
  [
    1543449600000,
    0.0005473529490635675
  ],
  [
    1543536000000,
    0.0005391237901132617
  ],
  [
    1543622400000,
    0.0004956591851358157
  ],
  [
    1543708800000,
    0.0005122559485657454
  ],
  [
    1543795200000,
    0.0004867871854100884
  ],
  [
    1543881600000,
    0.000466844082517842
  ],
  [
    1543968000000,
    0.00045692420669604493
  ],
  [
    1544054400000,
    0.0004247359761166766
  ],
  [
    1544140800000,
    0.0003906270332824565
  ],
  [
    1544227200000,
    0.00039069491060512415
  ],
  [
    1544313600000,
    0.00038643177255801025
  ],
  [
    1544400000000,
    0.0004032263759224393
  ],
  [
    1544486400000,
    0.0003817820991374954
  ],
  [
    1544572800000,
    0.0003763124520410335
  ],
  [
    1544659200000,
    0.0003806130441338205
  ],
  [
    1544745600000,
    0.00034459477367181887
  ],
  [
    1544832000000,
    0.00035300864562866704
  ],
  [
    1544918400000,
    0.0003460997654792714
  ],
  [
    1545004800000,
    0.0003651568474357279
  ],
  [
    1545091200000,
    0.00040553416507207475
  ],
  [
    1545177600000,
    0.00043034159311689787
  ],
  [
    1545264000000,
    0.0004212751853119351
  ],
  [
    1545350400000,
    0.00036589543393723774
  ],
  [
    1545436800000,
    0.0004274579764131458
  ],
  [
    1545523200000,
    0.00045195224924555127
  ],
  [
    1545609600000,
    0.0004809140277314598
  ],
  [
    1545696000000,
    0.0004729034025592382
  ],
  [
    1545782400000,
    0.0004307302906153898
  ],
  [
    1545868800000,
    0.00034422191204566124
  ],
  [
    1545955200000,
    0.00031811957785150336
  ],
  [
    1546041600000,
    0.0003750167019118208
  ],
  [
    1546128000000,
    0.0003782160737978003
  ],
  [
    1546214400000,
    0.00034014906820101643
  ],
  [
    1546300800000,
    0.0003035857027832455
  ],
  [
    1546387200000,
    0.0004086633887748334
  ],
  [
    1546473600000,
    0.00039290928299487064
  ],
  [
    1546560000000,
    0.0003561948301422663
  ],
  [
    1546646400000,
    0.0003802105572246318
  ],
  [
    1546732800000,
    0.00037148533170461957
  ],
  [
    1546819200000,
    0.00035735503007985176
  ],
  [
    1546905600000,
    0.0003832129054680715
  ],
  [
    1546992000000,
    0.0003939247885011102
  ],
  [
    1547078400000,
    0.0003469578356580556
  ],
  [
    1547164800000,
    0.0003015309616099791
  ],
  [
    1547251200000,
    0.0002954453967914862
  ],
  [
    1547337600000,
    0.00028159875087721895
  ],
  [
    1547424000000,
    0.0002687906664937175
  ],
  [
    1547510400000,
    0.00026246659272095
  ],
  [
    1547596800000,
    0.0002508975143110803
  ],
  [
    1547683200000,
    0.00029599406181923707
  ],
  [
    1547769600000,
    0.00032962731851514187
  ],
  [
    1547856000000,
    0.0003697908485732536
  ],
  [
    1547942400000,
    0.00038538805678472765
  ],
  [
    1548028800000,
    0.0003692887845304426
  ],
  [
    1548115200000,
    0.00037265234569530545
  ],
  [
    1548201600000,
    0.00036667998126614437
  ],
  [
    1548288000000,
    0.0003620952751633246
  ],
  [
    1548374400000,
    0.0003954366377684866
  ],
  [
    1548460800000,
    0.0004068710759128304
  ],
  [
    1548547200000,
    0.00047297518206894693
  ],
  [
    1548633600000,
    0.0004628526985504852
  ],
  [
    1548720000000,
    0.0004723184031679346
  ],
  [
    1548806400000,
    0.00044759396690178464
  ],
  [
    1548892800000,
    0.0004040410544294176
  ],
  [
    1548979200000,
    0.00043398407890155727
  ],
  [
    1549065600000,
    0.00046451031483555515
  ],
  [
    1549152000000,
    0.0004368636726965069
  ],
  [
    1549238400000,
    0.00043424884680572085
  ],
  [
    1549324800000,
    0.00047551752057065137
  ],
  [
    1549411200000,
    0.0004155587995907373
  ],
  [
    1549497600000,
    0.00039422725945863283
  ],
  [
    1549584000000,
    0.0004043115973266161
  ],
  [
    1549670400000,
    0.0004339465642823566
  ],
  [
    1549756800000,
    0.0004275762427797256
  ],
  [
    1549843200000,
    0.0004218142553293218
  ],
  [
    1549929600000,
    0.0003663485038619263
  ],
  [
    1550016000000,
    0.0004389532441319634
  ],
  [
    1550102400000,
    0.00042617551666380906
  ],
  [
    1550188800000,
    0.0003964349324239709
  ],
  [
    1550275200000,
    0.00041965199237315554
  ],
  [
    1550361600000,
    0.00044669795711196387
  ],
  [
    1550448000000,
    0.0004329801318839701
  ],
  [
    1550534400000,
    0.00042735380583258604
  ],
  [
    1550620800000,
    0.0004968686907228942
  ],
  [
    1550707200000,
    0.0004987578166508296
  ],
  [
    1550793600000,
    0.0004707015582463392
  ],
  [
    1550880000000,
    0.0004647935887401581
  ],
  [
    1550966400000,
    0.0004833495963419446
  ],
  [
    1551052800000,
    0.00043137347785143494
  ],
  [
    1551139200000,
    0.00046197553059112794
  ],
  [
    1551225600000,
    0.0005015426182050803
  ],
  [
    1551312000000,
    0.00045243336390695185
  ],
  [
    1551398400000,
    0.0004942584323749518
  ],
  [
    1551484800000,
    0.0005094217081783215
  ],
  [
    1551571200000,
    0.0005035215865483817
  ],
  [
    1551657600000,
    0.00048572091798628034
  ],
  [
    1551744000000,
    0.00042870097203651233
  ],
  [
    1551830400000,
    0.0004631029511446153
  ],
  [
    1551916800000,
    0.00047342378564744033
  ],
  [
    1552003200000,
    0.0004174483399820958
  ],
  [
    1552089600000,
    0.00038978722756118154
  ],
  [
    1552176000000,
    0.00045898215495732646
  ],
  [
    1552262400000,
    0.00038210554135021437
  ],
  [
    1552348800000,
    0.00038283977173984537
  ],
  [
    1552435200000,
    0.0004215327142477749
  ],
  [
    1552521600000,
    0.00039546050926568706
  ],
  [
    1552608000000,
    0.00038614377635222
  ],
  [
    1552694400000,
    0.000439622096640124
  ],
  [
    1552780800000,
    0.00039879563453790667
  ],
  [
    1552867200000,
    0.0003838892708097991
  ],
  [
    1552953600000,
    0.0004276638697838282
  ],
  [
    1553040000000,
    0.0003983804553738056
  ],
  [
    1553126400000,
    0.0004033233548767893
  ],
  [
    1553212800000,
    0.00039521921395198843
  ],
  [
    1553299200000,
    0.00037396829504112366
  ],
  [
    1553385600000,
    0.00040117151744253107
  ],
  [
    1553472000000,
    0.0003987449198938142
  ],
  [
    1553558400000,
    0.0004367819708244452
  ],
  [
    1553644800000,
    0.00041667444462189265
  ],
  [
    1553731200000,
    0.00042316809571167385
  ],
  [
    1553817600000,
    0.00040995186988147044
  ],
  [
    1553904000000,
    0.00044961966443325
  ],
  [
    1553990400000,
    0.00045360963009875263
  ],
  [
    1554076800000,
    0.0004520046523812109
  ],
  [
    1554163200000,
    0.00044995000415582034
  ],
  [
    1554249600000,
    0.0005071430685591191
  ],
  [
    1554336000000,
    0.0004750198626455555
  ],
  [
    1554422400000,
    0.0004983413740060621
  ],
  [
    1554508800000,
    0.0005414548403850108
  ],
  [
    1554595200000,
    0.0005193736399620716
  ],
  [
    1554681600000,
    0.0005230121590184544
  ],
  [
    1554768000000,
    0.0005430812869079008
  ],
  [
    1554854400000,
    0.0005448642097654916
  ],
  [
    1554940800000,
    0.0005736559266250839
  ],
  [
    1555027200000,
    0.0006575340024221877
  ],
  [
    1555113600000,
    0.0005612328385501975
  ],
  [
    1555200000000,
    0.0005673668255661367
  ],
  [
    1555286400000,
    0.000643915978653232
  ],
  [
    1555372800000,
    0.0005967323120026827
  ],
  [
    1555459200000,
    0.0005897526372264119
  ],
  [
    1555545600000,
    0.0006021838744336867
  ],
  [
    1555632000000,
    0.0006359217369655898
  ],
  [
    1555718400000,
    0.0006220954738623601
  ],
  [
    1555804800000,
    0.0005361385875121351
  ],
  [
    1555891200000,
    0.0005334837360685639
  ],
  [
    1555977600000,
    0.000530446819567565
  ],
  [
    1556064000000,
    0.0005217573405373861
  ],
  [
    1556150400000,
    0.0005091242299841994
  ],
  [
    1556236800000,
    0.00047731916686294325
  ],
  [
    1556323200000,
    0.0005129777082268087
  ],
  [
    1556409600000,
    0.0005454263388753751
  ],
  [
    1556496000000,
    0.0005006276863532492
  ],
  [
    1556582400000,
    0.0004976095202276396
  ],
  [
    1556668800000,
    0.000512801941167451
  ],
  [
    1556755200000,
    0.0005835074856761234
  ],
  [
    1556841600000,
    0.0006030675406627656
  ],
  [
    1556928000000,
    0.0005799856918447759
  ],
  [
    1557014400000,
    0.0005456396156678199
  ],
  [
    1557100800000,
    0.0005764089461702464
  ],
  [
    1557187200000,
    0.0005384511144949704
  ],
  [
    1557273600000,
    0.0005361193806589476
  ],
  [
    1557360000000,
    0.0005403013012878365
  ],
  [
    1557446400000,
    0.0005518031083575839
  ],
  [
    1557532800000,
    0.0005317631749401416
  ],
  [
    1557619200000,
    0.0006245276136606457
  ],
  [
    1557705600000,
    0.0005913349113252921
  ],
  [
    1557792000000,
    0.0006160078100875183
  ],
  [
    1557878400000,
    0.0005960525931998561
  ],
  [
    1557964800000,
    0.0005415839752990728
  ],
  [
    1558051200000,
    0.0005606718041001348
  ],
  [
    1558137600000,
    0.0004957330248143451
  ],
  [
    1558224000000,
    0.0005457472943259772
  ],
  [
    1558310400000,
    0.000602601398509946
  ],
  [
    1558396800000,
    0.0005995405498933777
  ],
  [
    1558483200000,
    0.0004934755208769397
  ],
  [
    1558569600000,
    0.0004694748224576153
  ],
  [
    1558656000000,
    0.00046404212302918207
  ],
  [
    1558742400000,
    0.0005065226723568423
  ],
  [
    1558828800000,
    0.0005377551548336964
  ],
  [
    1558915200000,
    0.000602054639294761
  ],
  [
    1559001600000,
    0.0006425664329254687
  ],
  [
    1559088000000,
    0.0006917684966994041
  ],
  [
    1559174400000,
    0.0007056446567538654
  ],
  [
    1559260800000,
    0.0006826166651855614
  ],
  [
    1559347200000,
    0.0008376971439852014
  ],
  [
    1559433600000,
    0.000773933104554023
  ],
  [
    1559520000000,
    0.0008135435899124832
  ],
  [
    1559606400000,
    0.0007344125722606552
  ],
  [
    1559692800000,
    0.0006755789644109739
  ],
  [
    1559779200000,
    0.0007173293493746122
  ],
  [
    1559865600000,
    0.0007038333504473573
  ],
  [
    1559952000000,
    0.000788231141626775
  ],
  [
    1560038400000,
    0.0007675982076859199
  ],
  [
    1560124800000,
    0.0007094266810384864
  ],
  [
    1560211200000,
    0.0007409978499179656
  ],
  [
    1560297600000,
    0.0007317661123955274
  ],
  [
    1560384000000,
    0.0007637704899854118
  ],
  [
    1560470400000,
    0.0007854317028444095
  ],
  [
    1560556800000,
    0.0008009801832317725
  ],
  [
    1560643200000,
    0.0007865937846649586
  ],
  [
    1560729600000,
    0.0008179214924448753
  ],
  [
    1560816000000,
    0.0008235175279705664
  ],
  [
    1560902400000,
    0.0007870265354900058
  ],
  [
    1560988800000,
    0.0007731326595962582
  ],
  [
    1561075200000,
    0.000675419212500718
  ],
  [
    1561161600000,
    0.0008896423203526985
  ],
  [
    1561248000000,
    0.0008583280070345927
  ],
  [
    1561334400000,
    0.0009586634039689226
  ],
  [
    1561420800000,
    0.0007827368063189108
  ],
  [
    1561507200000,
    0.0006563077875722095
  ],
  [
    1561593600000,
    0.0007374553021312465
  ],
  [
    1561680000000,
    0.000659411250640504
  ],
  [
    1561766400000,
    0.0007810181340652375
  ],
  [
    1561852800000,
    0.0008235206747925893
  ],
  [
    1561939200000,
    0.0006982975655515362
  ],
  [
    1562025600000,
    0.0006467946633256586
  ],
  [
    1562112000000,
    0.0006480194156384055
  ],
  [
    1562198400000,
    0.0007390333264311354
  ],
  [
    1562284800000,
    0.000580874835409425
  ],
  [
    1562371200000,
    0.0006924808241647873
  ],
  [
    1562457600000,
    0.0007782497203767803
  ],
  [
    1562544000000,
    0.0007934233807674261
  ],
  [
    1562630400000,
    0.0007905376786216279
  ],
  [
    1562716800000,
    0.000800067707891617
  ],
  [
    1562803200000,
    0.0006848117982968803
  ],
  [
    1562889600000,
    0.000657805153149
  ],
  [
    1562976000000,
    0.000704126627813774
  ],
  [
    1563062400000,
    0.0006764939751593901
  ],
  [
    1563148800000,
    0.000540018026491664
  ],
  [
    1563235200000,
    0.0005603574636260224
  ],
  [
    1563321600000,
    0.0004964623698913451
  ],
  [
    1563408000000,
    0.0005242601999868097
  ],
  [
    1563494400000,
    0.0005551094858718506
  ],
  [
    1563580800000,
    0.0005513556018849062
  ],
  [
    1563667200000,
    0.0005746548229007746
  ],
  [
    1563753600000,
    0.0005787057335469582
  ],
  [
    1563840000000,
    0.0005528729056333082
  ],
  [
    1563926400000,
    0.0005259675660944028
  ],
  [
    1564012800000,
    0.0005133513533481024
  ],
  [
    1564099200000,
    0.000501777082733985
  ],
  [
    1564185600000,
    0.0005135089753281614
  ],
  [
    1564272000000,
    0.00047667153113361557
  ],
  [
    1564358400000,
    0.0005039175221702986
  ],
  [
    1564444800000,
    0.0004946395089338617
  ],
  [
    1564531200000,
    0.0005244015692247711
  ],
  [
    1564617600000,
    0.0005493677696865227
  ],
  [
    1564704000000,
    0.0005502858308500341
  ],
  [
    1564790400000,
    0.000532859831631254
  ],
  [
    1564876800000,
    0.0005402301056727319
  ],
  [
    1564963200000,
    0.0005514329466432855
  ],
  [
    1565049600000,
    0.0005809741237822293
  ],
  [
    1565136000000,
    0.0005392790689944417
  ],
  [
    1565222400000,
    0.0005503691574377285
  ],
  [
    1565308800000,
    0.0005246165606499604
  ],
  [
    1565395200000,
    0.0005085704286206782
  ],
  [
    1565481600000,
    0.0004404284541637567
  ],
  [
    1565568000000,
    0.00046033154551458844
  ],
  [
    1565654400000,
    0.00045068536607195474
  ],
  [
    1565740800000,
    0.0004380279475598701
  ],
  [
    1565827200000,
    0.00039643151439058914
  ],
  [
    1565913600000,
    0.0004023731940398813
  ],
  [
    1566000000000,
    0.00039291875162379583
  ],
  [
    1566086400000,
    0.0003875761476764178
  ],
  [
    1566172800000,
    0.000404993772994571
  ],
  [
    1566259200000,
    0.0005177147464601466
  ],
  [
    1566345600000,
    0.0004649264621901949
  ],
  [
    1566432000000,
    0.0004397690823621617
  ],
  [
    1566518400000,
    0.0004423698378669635
  ],
  [
    1566604800000,
    0.0004505251478672403
  ],
  [
    1566691200000,
    0.0004405042948581992
  ],
  [
    1566777600000,
    0.0004305625342737576
  ],
  [
    1566864000000,
    0.000436866289178141
  ],
  [
    1566950400000,
    0.000433147718454764
  ],
  [
    1567036800000,
    0.00041598120597382106
  ],
  [
    1567123200000,
    0.00042975766517030145
  ],
  [
    1567209600000,
    0.00043591995602302897
  ],
  [
    1567296000000,
    0.0004804975700493686
  ],
  [
    1567382400000,
    0.0005443413061836743
  ],
  [
    1567468800000,
    0.0005881552664700528
  ],
  [
    1567555200000,
    0.0004649837090429141
  ],
  [
    1567641600000,
    0.00040311041407995656
  ],
  [
    1567728000000,
    0.0004419068818373027
  ],
  [
    1567814400000,
    0.00044537611413664863
  ],
  [
    1567900800000,
    0.0004411641951530509
  ],
  [
    1567987200000,
    0.00044300746421762775
  ],
  [
    1568073600000,
    0.00043283502351604736
  ],
  [
    1568160000000,
    0.000414741993142548
  ],
  [
    1568246400000,
    0.0004109431004780954
  ],
  [
    1568332800000,
    0.00047816950541907163
  ],
  [
    1568419200000,
    0.000480812709082439
  ],
  [
    1568505600000,
    0.00045265564692129116
  ],
  [
    1568592000000,
    0.0004418532400478878
  ],
  [
    1568678400000,
    0.00042693958651845
  ],
  [
    1568764800000,
    0.0004141227269631732
  ],
  [
    1568851200000,
    0.0004207254268418958
  ],
  [
    1568937600000,
    0.00040976728493200535
  ],
  [
    1569024000000,
    0.00038776238030499284
  ],
  [
    1569110400000,
    0.0003890745997839568
  ],
  [
    1569196800000,
    0.00041490138736350967
  ],
  [
    1569283200000,
    0.00035688756485176265
  ],
  [
    1569369600000,
    0.00031430974833822817
  ],
  [
    1569456000000,
    0.00028293195934346165
  ],
  [
    1569542400000,
    0.00021432928638753616
  ],
  [
    1569628800000,
    0.00024041530531047553
  ],
  [
    1569715200000,
    0.00023010399802015025
  ],
  [
    1569801600000,
    0.0001975416816840323
  ],
  [
    1569888000000,
    0.0001990789324666715
  ],
  [
    1569974400000,
    0.00021123211382563154
  ],
  [
    1570060800000,
    0.00021123211382563154
  ],
  [
    1570147200000,
    0.00018412549147031566
  ],
  [
    1570233600000,
    0.00018169342507196924
  ],
  [
    1570320000000,
    0.0001696766167985969
  ],
  [
    1570406400000,
    0.00016054842821657114
  ],
  [
    1570492800000,
    0.00016986222640711182
  ],
  [
    1570579200000,
    0.00017036715851367906
  ],
  [
    1570665600000,
    0.00018176694283394826
  ],
  [
    1570752000000,
    0.00017115830686259136
  ],
  [
    1570838400000,
    0.00016182537302921124
  ],
  [
    1570924800000,
    0.00013772480598639027
  ],
  [
    1571011200000,
    0.00013212383295853997
  ],
  [
    1571097600000,
    0.00013438657460848022
  ],
  [
    1571184000000,
    0.00013023160092962322
  ],
  [
    1571270400000,
    0.0001024581511173456
  ],
  [
    1571356800000,
    0.00010586597780540394
  ],
  [
    1571443200000,
    0.00010300335456061637
  ],
  [
    1571529600000,
    0.00011381505663788832
  ],
  [
    1571616000000,
    0.00011973830088555644
  ],
  [
    1571702400000,
    0.00012008203730943983
  ],
  [
    1571788800000,
    0.00012606341725804007
  ],
  [
    1571875200000,
    0.0002066197042204064
  ],
  [
    1571961600000,
    0.00022130131435945118
  ],
  [
    1572048000000,
    0.00021679346840574462
  ],
  [
    1572134400000,
    0.00020209620406425944
  ],
  [
    1572220800000,
    0.00018062903598557286
  ],
  [
    1572307200000,
    0.00017462228534800454
  ],
  [
    1572393600000,
    0.00018648691501502567
  ],
  [
    1572480000000,
    0.00019015116372507918
  ],
  [
    1572566400000,
    0.00018382502777622312
  ],
  [
    1572652800000,
    0.00014761611474337877
  ],
  [
    1572739200000,
    0.00015346110158054213
  ],
  [
    1572825600000,
    0.0001642021694505616
  ],
  [
    1572912000000,
    0.00017257017549591864
  ],
  [
    1572998400000,
    0.00017410069097288013
  ],
  [
    1573084800000,
    0.00017480520505693605
  ],
  [
    1573171200000,
    0.00017318956395201044
  ],
  [
    1573257600000,
    0.0001716413561537458
  ],
  [
    1573344000000,
    0.00017328355283941887
  ],
  [
    1573430400000,
    0.00015089405989219344
  ],
  [
    1573516800000,
    0.00012377871605805135
  ],
  [
    1573603200000,
    0.0001236945944715372
  ],
  [
    1573689600000,
    0.00013114340581202086
  ],
  [
    1573776000000,
    0.00012944601343967637
  ],
  [
    1573862400000,
    0.00012731159304117215
  ],
  [
    1573948800000,
    0.00012255640606766233
  ],
  [
    1574035200000,
    0.00012654323001130466
  ],
  [
    1574121600000,
    0.00011896507957244488
  ],
  [
    1574208000000,
    0.0001245283241630279
  ],
  [
    1574294400000,
    0.00012257384142714045
  ],
  [
    1574380800000,
    0.00015624309129140383
  ],
  [
    1574467200000,
    0.00011112945609721987
  ],
  [
    1574553600000,
    0.00014456616632613556
  ],
  [
    1574640000000,
    0.00011794855791420289
  ],
  [
    1574726400000,
    0.0001270190831111717
  ],
  [
    1574812800000,
    0.0001267824721838356
  ],
  [
    1574899200000,
    0.00013125153786998833
  ],
  [
    1574985600000,
    0.00012867701501736105
  ],
  [
    1575072000000,
    0.00013215524576386652
  ],
  [
    1575158400000,
    0.00013166404895807843
  ],
  [
    1575244800000,
    0.00013002316745491056
  ],
  [
    1575331200000,
    0.00012753367317463524
  ],
  [
    1575417600000,
    0.00013212809961147995
  ],
  [
    1575504000000,
    0.00012679309599053124
  ],
  [
    1575590400000,
    0.00013046440601013654
  ],
  [
    1575676800000,
    0.00013456665771928049
  ],
  [
    1575763200000,
    0.00013335427564614423
  ],
  [
    1575849600000,
    0.00013471694050546908
  ],
  [
    1575936000000,
    0.0001321701986521514
  ],
  [
    1576022400000,
    0.0001333107201674542
  ],
  [
    1576108800000,
    0.0001292807920910177
  ],
  [
    1576195200000,
    0.00012878849036111878
  ],
  [
    1576281600000,
    0.0001292729645447163
  ],
  [
    1576368000000,
    0.00012728226422759563
  ],
  [
    1576454400000,
    0.00012656081192067816
  ],
  [
    1576540800000,
    0.00011829104733925232
  ],
  [
    1576627200000,
    0.00011256040523846687
  ],
  [
    1576713600000,
    0.0001234136412787798
  ],
  [
    1576800000000,
    0.0001229285991072602
  ],
  [
    1576886400000,
    0.0001209111428458924
  ],
  [
    1576972800000,
    0.00011992299418325052
  ],
  [
    1577059200000,
    0.00012583461154026674
  ],
  [
    1577145600000,
    0.00011736763167507488
  ],
  [
    1577232000000,
    0.00011425019665645379
  ],
  [
    1577318400000,
    0.00011343136627341174
  ],
  [
    1577404800000,
    0.00011307931171829495
  ],
  [
    1577491200000,
    0.00011817528440341401
  ],
  [
    1577577600000,
    0.00012455628196496614
  ],
  [
    1577664000000,
    0.0001293854695011864
  ],
  [
    1577750400000,
    0.0001413274663592214
  ],
  [
    1577836800000,
    0.00013926664720626244
  ],
  [
    1577923200000,
    0.00014122638802006513
  ],
  [
    1578009600000,
    0.00011722045444573359
  ],
  [
    1578096000000,
    0.00012417925605168534
  ],
  [
    1578182400000,
    0.00013509814411765366
  ],
  [
    1578268800000,
    0.00013701848833668506
  ],
  [
    1578355200000,
    0.00014130165474516594
  ],
  [
    1578441600000,
    0.00014617402767041378
  ],
  [
    1578528000000,
    0.00014293243307168002
  ],
  [
    1578614400000,
    0.0001458434446249573
  ],
  [
    1578700800000,
    0.0001415896079490478
  ],
  [
    1578787200000,
    0.00013975010990566322
  ],
  [
    1578873600000,
    0.0001436742515785293
  ],
  [
    1578960000000,
    0.0001434401368084946
  ],
  [
    1579046400000,
    0.00017043146688914748
  ],
  [
    1579132800000,
    0.00015041083215704959
  ],
  [
    1579219200000,
    0.00015051024279343704
  ],
  [
    1579305600000,
    0.00016035126039410668
  ],
  [
    1579392000000,
    0.00016208594190036824
  ],
  [
    1579478400000,
    0.000136568288464942
  ],
  [
    1579564800000,
    0.00013248390934040031
  ],
  [
    1579651200000,
    0.00013127856118905882
  ],
  [
    1579737600000,
    0.00012942765398366984
  ],
  [
    1579824000000,
    0.00012162574698762753
  ],
  [
    1579910400000,
    0.00012165699942985555
  ],
  [
    1579996800000,
    0.00010699162548434712
  ],
  [
    1580083200000,
    0.00010064371269573083
  ],
  [
    1580169600000,
    0.00010332943279558519
  ],
  [
    1580256000000,
    0.00011244076537522782
  ],
  [
    1580342400000,
    0.00011071997382433292
  ],
  [
    1580428800000,
    0.0001169595651790068
  ],
  [
    1580515200000,
    0.00012257780102508924
  ],
  [
    1580601600000,
    0.00012372258548592582
  ],
  [
    1580688000000,
    0.00013301474230666745
  ],
  [
    1580774400000,
    0.00012251527103726228
  ],
  [
    1580860800000,
    0.0001247083951884649
  ],
  [
    1580947200000,
    0.00013304857550048392
  ],
  [
    1581033600000,
    0.0001514404156373215
  ],
  [
    1581120000000,
    0.00015538270863278363
  ],
  [
    1581206400000,
    0.00015587698266734238
  ],
  [
    1581292800000,
    0.00013978574104097713
  ],
  [
    1581379200000,
    0.000147028430742523
  ],
  [
    1581465600000,
    0.00017609748218273526
  ],
  [
    1581552000000,
    0.00019200855261340813
  ],
  [
    1581638400000,
    0.00016038993664436752
  ],
  [
    1581724800000,
    0.00017289178834486313
  ],
  [
    1581811200000,
    0.00015409096825635466
  ],
  [
    1581897600000,
    0.00015367405290674576
  ],
  [
    1581984000000,
    0.0001608063991691229
  ],
  [
    1582070400000,
    0.00016599997070062666
  ],
  [
    1582156800000,
    0.00014945533707217993
  ],
  [
    1582243200000,
    0.00014335860098430725
  ],
  [
    1582329600000,
    0.00016057260497282763
  ],
  [
    1582416000000,
    0.00016096140324474412
  ],
  [
    1582502400000,
    0.00014010531196987063
  ],
  [
    1582588800000,
    0.0000870654730905718
  ],
  [
    1582675200000,
    0.00011155480346286026
  ],
  [
    1582761600000,
    0.00013273258901056693
  ],
  [
    1582848000000,
    0.0001364779498841105
  ],
  [
    1582934400000,
    0.00013481117557972048
  ],
  [
    1583020800000,
    0.00013206550584912006
  ],
  [
    1583107200000,
    0.000113910376286411
  ],
  [
    1583193600000,
    0.00010744216215353449
  ],
  [
    1583280000000,
    0.00010793288256164574
  ],
  [
    1583366400000,
    0.00010371619931748776
  ],
  [
    1583452800000,
    0.00010398868649630801
  ],
  [
    1583539200000,
    0.00011634245588273524
  ],
  [
    1583625600000,
    0.00013673207470455483
  ],
  [
    1583712000000,
    0.00010998402957596843
  ],
  [
    1583798400000,
    0.00010890562795556103
  ],
  [
    1583884800000,
    0.00011834077388034889
  ],
  [
    1583971200000,
    0.00010026298945171846
  ],
  [
    1584057600000,
    0.000046994490645313967
  ],
  [
    1584144000000,
    0.00006465396025799682
  ],
  [
    1584230400000,
    0.0000564451466935609
  ],
  [
    1584316800000,
    0.00005839698768803669
  ],
  [
    1584403200000,
    0.00004740228039378409
  ],
  [
    1584489600000,
    0.00005647042361854552
  ],
  [
    1584576000000,
    0.00006322387327717113
  ],
  [
    1584662400000,
    0.00007548970305165931
  ],
  [
    1584748800000,
    0.0000717125858412311
  ],
  [
    1584835200000,
    0.00007224565063685297
  ],
  [
    1584921600000,
    0.0000686401786579405
  ],
  [
    1585008000000,
    0.000084525626041734
  ],
  [
    1585094400000,
    0.0000894403146275185
  ],
  [
    1585180800000,
    0.00008178869039569619
  ],
  [
    1585267200000,
    0.00008449336278827729
  ],
  [
    1585353600000,
    0.00006183462974515613
  ],
  [
    1585440000000,
    0.00005997255806577282
  ],
  [
    1585526400000,
    0.00006154371401074047
  ],
  [
    1585612800000,
    0.0000612174514534017
  ],
  [
    1585699200000,
    0.00006172274552240045
  ],
  [
    1585785600000,
    0.00006300965825245965
  ],
  [
    1585872000000,
    0.00007247535744529676
  ],
  [
    1585958400000,
    0.00007135121360074771
  ],
  [
    1586044800000,
    0.0000706683404747207
  ],
  [
    1586131200000,
    0.00006991958361933689
  ],
  [
    1586217600000,
    0.00011357215283152539
  ],
  [
    1586304000000,
    0.00006693881431961047
  ],
  [
    1586390400000,
    0.00007139812707870017
  ],
  [
    1586476800000,
    0.00007569428896019645
  ],
  [
    1586563200000,
    0.0000692412116332928
  ],
  [
    1586649600000,
    0.00007141094152998632
  ],
  [
    1586736000000,
    0.00007093974353571136
  ],
  [
    1586822400000,
    0.00006901365523753511
  ],
  [
    1586908800000,
    0.00006510591404159908
  ],
  [
    1586995200000,
    0.00006330304459491415
  ],
  [
    1587081600000,
    0.00006850716694915048
  ],
  [
    1587168000000,
    0.00009405521149354951
  ],
  [
    1587254400000,
    0.00006050908774663576
  ],
  [
    1587340800000,
    0.00006152325770543295
  ],
  [
    1587427200000,
    0.000054839831086365574
  ],
  [
    1587513600000,
    0.00005887657665033102
  ],
  [
    1587600000000,
    0.00007638016458467358
  ],
  [
    1587686400000,
    0.00007600970258119645
  ],
  [
    1587772800000,
    0.00008660393463666325
  ],
  [
    1587859200000,
    0.00009039083736675542
  ],
  [
    1587945600000,
    0.00009246997564606284
  ],
  [
    1588032000000,
    0.00009250841929327176
  ],
  [
    1588118400000,
    0.00008901432010378966
  ],
  [
    1588204800000,
    0.00010149949255056872
  ],
  [
    1588291200000,
    0.00012345221924216516
  ],
  [
    1588377600000,
    0.0000980414204464111
  ],
  [
    1588464000000,
    0.00009753042281077794
  ],
  [
    1588550400000,
    0.0000963669172141993
  ],
  [
    1588636800000,
    0.00009510224957986829
  ],
  [
    1588723200000,
    0.00009280240764770162
  ],
  [
    1588809600000,
    0.00010868659843468098
  ],
  [
    1588896000000,
    0.00011537826530680396
  ],
  [
    1588982400000,
    0.00011517028397865665
  ],
  [
    1589068800000,
    0.00011081842920566451
  ],
  [
    1589155200000,
    0.00008818020593628522
  ],
  [
    1589241600000,
    0.00008811677566991263
  ],
  [
    1589328000000,
    0.00008950554787470257
  ],
  [
    1589414400000,
    0.00009400727217781388
  ],
  [
    1589500800000,
    0.00009761638791495787
  ],
  [
    1589587200000,
    0.00008745278377024291
  ],
  [
    1589673600000,
    0.00006836292967800188
  ],
  [
    1589760000000,
    0.0000617719095142125
  ],
  [
    1589846400000,
    0.00007680595668874969
  ],
  [
    1589932800000,
    0.00007530014542159735
  ],
  [
    1590019200000,
    0.00007358464940739009
  ],
  [
    1590105600000,
    0.00006914609977236308
  ],
  [
    1590192000000,
    0.00007296709833706226
  ],
  [
    1590278400000,
    0.00007366321927503155
  ],
  [
    1590364800000,
    0.00008560731759554773
  ],
  [
    1590451200000,
    0.00009037737964761289
  ],
  [
    1590537600000,
    0.00010005754210288802
  ],
  [
    1590624000000,
    0.00010837492550127526
  ],
  [
    1590710400000,
    0.00014726494565801048
  ],
  [
    1590796800000,
    0.00013875818595349482
  ],
  [
    1590883200000,
    0.00018486301735317007
  ],
  [
    1590969600000,
    0.00012215708998901363
  ],
  [
    1591056000000,
    0.0001123447735676786
  ],
  [
    1591142400000,
    0.00009886238469539367
  ],
  [
    1591228800000,
    0.00010192494352713589
  ],
  [
    1591315200000,
    0.00010392665690797644
  ],
  [
    1591401600000,
    0.00010067328048348624
  ],
  [
    1591488000000,
    0.00010207812510306242
  ],
  [
    1591574400000,
    0.0001025308511257427
  ],
  [
    1591660800000,
    0.00009488111658657987
  ],
  [
    1591747200000,
    0.00008560378516437763
  ],
  [
    1591833600000,
    0.00009228023757556204
  ],
  [
    1591920000000,
    0.00008557473530969814
  ],
  [
    1592006400000,
    0.0000880608435761958
  ],
  [
    1592092800000,
    0.00013480121477692824
  ],
  [
    1592179200000,
    0.00033655733134856894
  ],
  [
    1592265600000,
    0.00022327183569437921
  ],
  [
    1592352000000,
    0.00015905048134432214
  ],
  [
    1592438400000,
    0.00019353085418827626
  ],
  [
    1592524800000,
    0.00019776509553542498
  ],
  [
    1592611200000,
    0.00020063955848537732
  ],
  [
    1592697600000,
    0.00020747043600546217
  ],
  [
    1592784000000,
    0.00021529850451726583
  ],
  [
    1592870400000,
    0.0001780202496930136
  ],
  [
    1592956800000,
    0.0001741354309910911
  ],
  [
    1593043200000,
    0.0001636932222121909
  ],
  [
    1593129600000,
    0.0001626048684007344
  ],
  [
    1593216000000,
    0.00014294177925741136
  ],
  [
    1593302400000,
    0.00013782012348322425
  ],
  [
    1593388800000,
    0.00012433561566328464
  ],
  [
    1593475200000,
    0.00012562737387391624
  ],
  [
    1593561600000,
    0.00009095738228492696
  ],
  [
    1593648000000,
    0.00010996041652520784
  ],
  [
    1593734400000,
    0.00010731709416451075
  ],
  [
    1593820800000,
    0.00010387161003708398
  ],
  [
    1593907200000,
    0.00010536234382909098
  ],
  [
    1593993600000,
    0.00010630978167474457
  ],
  [
    1594080000000,
    0.00011308834678707884
  ],
  [
    1594166400000,
    0.00010741437682916002
  ],
  [
    1594252800000,
    0.00010969493562623856
  ],
  [
    1594339200000,
    0.00010805718199916006
  ],
  [
    1594425600000,
    0.0001063343578254451
  ],
  [
    1594512000000,
    0.00009776237970543173
  ],
  [
    1594598400000,
    0.0000995634045437712
  ],
  [
    1594684800000,
    0.0000981875266342994
  ],
  [
    1594771200000,
    0.00010510291383869105
  ],
  [
    1594857600000,
    0.00010352298270883666
  ],
  [
    1594944000000,
    0.00010209796730640209
  ],
  [
    1595030400000,
    0.00010056948853258806
  ],
  [
    1595116800000,
    0.00010163103633338902
  ],
  [
    1595203200000,
    0.00009897364158031477
  ],
  [
    1595289600000,
    0.0000966050550777832
  ],
  [
    1595376000000,
    0.00009952382042353154
  ],
  [
    1595462400000,
    0.0000993853734892718
  ],
  [
    1595548800000,
    0.0000950260257432183
  ],
  [
    1595635200000,
    0.00009558279890988659
  ],
  [
    1595721600000,
    0.00008706903810621546
  ],
  [
    1595808000000,
    0.00008919825789619204
  ],
  [
    1595894400000,
    0.00009025282803744573
  ],
  [
    1595980800000,
    0.00007137825257052387
  ],
  [
    1596067200000,
    0.00007532024684095541
  ],
  [
    1596153600000,
    0.00008007988832755518
  ],
  [
    1596240000000,
    0.00011796832544434784
  ],
  [
    1596326400000,
    0.00010212336788944624
  ],
  [
    1596412800000,
    0.00009602438864480823
  ],
  [
    1596499200000,
    0.00012612325693355902
  ],
  [
    1596585600000,
    0.00009042469381219299
  ],
  [
    1596672000000,
    0.00013440361284211297
  ],
  [
    1596758400000,
    0.00011492266586396478
  ],
  [
    1596844800000,
    0.00011490753453619575
  ],
  [
    1596931200000,
    0.0001192362652200668
  ],
  [
    1597017600000,
    0.00009599941521043092
  ],
  [
    1597104000000,
    0.00011254366000454778
  ],
  [
    1597190400000,
    0.00011276273214462503
  ],
  [
    1597276800000,
    0.00011819952483996288
  ],
  [
    1597363200000,
    0.00012061353749175646
  ],
  [
    1597449600000,
    0.0001278275964752648
  ],
  [
    1597536000000,
    0.00011668606896169097
  ],
  [
    1597622400000,
    0.00010166829386748055
  ],
  [
    1597708800000,
    0.0001044873439900758
  ],
  [
    1597795200000,
    0.00010195746381793527
  ],
  [
    1597881600000,
    0.00008401625312206974
  ],
  [
    1597968000000,
    0.00009104692092539212
  ],
  [
    1598054400000,
    0.00007470600734694865
  ],
  [
    1598140800000,
    0.00007947588950512831
  ],
  [
    1598227200000,
    0.00007587111785637449
  ],
  [
    1598313600000,
    0.00008979991601205563
  ],
  [
    1598400000000,
    0.0000826413365272738
  ],
  [
    1598486400000,
    0.00008389388221042252
  ],
  [
    1598572800000,
    0.00008440727477049777
  ],
  [
    1598659200000,
    0.00008083554785946233
  ],
  [
    1598745600000,
    0.00008208274931418121
  ],
  [
    1598832000000,
    0.00009020610394052216
  ],
  [
    1598918400000,
    0.00009414932804039976
  ],
  [
    1599004800000,
    0.00009939450426944334
  ],
  [
    1599091200000,
    0.00008566296161047715
  ],
  [
    1599177600000,
    0.00009576678532183967
  ],
  [
    1599264000000,
    0.00007164500601271903
  ],
  [
    1599350400000,
    0.00006279881356698252
  ],
  [
    1599436800000,
    0.00006247120238005411
  ],
  [
    1599523200000,
    0.00006703918729678125
  ],
  [
    1599609600000,
    0.00008180345010322063
  ],
  [
    1599696000000,
    0.00008770331643241197
  ],
  [
    1599782400000,
    0.00008929750887348127
  ],
  [
    1599868800000,
    0.00009017416619030919
  ],
  [
    1599955200000,
    0.0000891034743233665
  ],
  [
    1600041600000,
    0.00008848179019636313
  ],
  [
    1600128000000,
    0.00008559733402687387
  ],
  [
    1600214400000,
    0.0000860945797419429
  ],
  [
    1600300800000,
    0.00010364555607774394
  ],
  [
    1600387200000,
    0.00006234769981440699
  ],
  [
    1600473600000,
    0.00008769828041378856
  ],
  [
    1600560000000,
    0.00008868056381239983
  ],
  [
    1600646400000,
    0.00008313016378987882
  ],
  [
    1600732800000,
    0.0001004809929246308
  ],
  [
    1600819200000,
    0.00009475111109573399
  ],
  [
    1600905600000,
    0.00009048669932977814
  ],
  [
    1600992000000,
    0.00009576353095224893
  ],
  [
    1601078400000,
    0.00009799935640574497
  ],
  [
    1601164800000,
    0.0001001692452167434
  ],
  [
    1601251200000,
    0.00007964021191217423
  ],
  [
    1601337600000,
    0.00007911815142292915
  ],
  [
    1601424000000,
    0.00007543924647117072
  ],
  [
    1601510400000,
    0.00007508061402572192
  ],
  [
    1601596800000,
    0.00007365211687226274
  ],
  [
    1601683200000,
    0.00007162350092137207
  ],
  [
    1601769600000,
    0.00007078135639659054
  ],
  [
    1601856000000,
    0.00007282488692760194
  ],
  [
    1601942400000,
    0.00007332887805567941
  ],
  [
    1602028800000,
    0.00007330106379781453
  ],
  [
    1602115200000,
    0.00007326643095660655
  ],
  [
    1602201600000,
    0.00009891294080998346
  ],
  [
    1602288000000,
    0.00008110551502976961
  ],
  [
    1602374400000,
    0.00008301185482453706
  ],
  [
    1602460800000,
    0.00007972149628217144
  ],
  [
    1602547200000,
    0.0000865035232953769
  ],
  [
    1602633600000,
    0.00008524605888371356
  ],
  [
    1602720000000,
    0.00008174782842806546
  ],
  [
    1602806400000,
    0.00008648636782325391
  ],
  [
    1602892800000,
    0.00008555857505983585
  ],
  [
    1602979200000,
    0.00008677893031387031
  ],
  [
    1603065600000,
    0.00008754914534442478
  ],
  [
    1603152000000,
    0.00009026669483501153
  ],
  [
    1603238400000,
    0.00009116174514885442
  ],
  [
    1603324800000,
    0.00009415294268139047
  ],
  [
    1603411200000,
    0.00009899539687764118
  ],
  [
    1603497600000,
    0.00009821907054025523
  ],
  [
    1603584000000,
    0.00009925137127542345
  ],
  [
    1603670400000,
    0.00009443247998947267
  ],
  [
    1603756800000,
    0.00009120001290421102
  ],
  [
    1603843200000,
    0.00009250702005957343
  ],
  [
    1603929600000,
    0.0000917478239711014
  ],
  [
    1604016000000,
    0.00009274099178763329
  ],
  [
    1604102400000,
    0.00005836965798149606
  ],
  [
    1604188800000,
    0.00008871375365237592
  ],
  [
    1604275200000,
    0.00009040700262443157
  ],
  [
    1604361600000,
    0.00007396067474942295
  ],
  [
    1604448000000,
    0.00008016222506138932
  ],
  [
    1604534400000,
    0.00007080681235055625
  ],
  [
    1604620800000,
    0.00006966913697706111
  ],
  [
    1604707200000,
    0.00007082119231505133
  ],
  [
    1604793600000,
    0.00007054027327977069
  ],
  [
    1604880000000,
    0.00006907137336442764
  ],
  [
    1604966400000,
    0.00006604381713577486
  ],
  [
    1605052800000,
    0.00006567491163886698
  ],
  [
    1605139200000,
    0.00006789897454477328
  ],
  [
    1605225600000,
    0.00006048671905258955
  ],
  [
    1605312000000,
    0.00006093341388304193
  ],
  [
    1605398400000,
    0.00005468767781102031
  ],
  [
    1605484800000,
    0.00005414398286679139
  ],
  [
    1605571200000,
    0.0000638032540629067
  ],
  [
    1605657600000,
    0.00006179253961736474
  ],
  [
    1605744000000,
    0.00007694293664427788
  ],
  [
    1605830400000,
    0.00007439635113341173
  ],
  [
    1605916800000,
    0.0000793204802164533
  ],
  [
    1606003200000,
    0.00007075481137807056
  ],
  [
    1606089600000,
    0.00006454136149676433
  ],
  [
    1606176000000,
    0.00006527572066184475
  ],
  [
    1606262400000,
    0.00004017595502375936
  ],
  [
    1606348800000,
    0.00004383667300847609
  ],
  [
    1606435200000,
    0.00005179679365721635
  ],
  [
    1606521600000,
    0.000059371009264323105
  ],
  [
    1606608000000,
    0.00006171865663462212
  ],
  [
    1606694400000,
    0.00006546808226227333
  ],
  [
    1606780800000,
    0.0000701785311674706
  ],
  [
    1606867200000,
    0.00008064445024176299
  ],
  [
    1606953600000,
    0.00008218509625441386
  ],
  [
    1607040000000,
    0.000050981626804348414
  ],
  [
    1607126400000,
    0.00006921325352700155
  ],
  [
    1607212800000,
    0.00007064019095179405
  ],
  [
    1607299200000,
    0.00006950867666727171
  ],
  [
    1607385600000,
    0.00006620733846239433
  ],
  [
    1607472000000,
    0.00005172252129707678
  ],
  [
    1607558400000,
    0.0000639408209148006
  ],
  [
    1607644800000,
    0.00005513294671081017
  ],
  [
    1607731200000,
    0.00004909287047644121
  ],
  [
    1607817600000,
    0.000049908085397109066
  ],
  [
    1607904000000,
    0.00006537091941327306
  ],
  [
    1607990400000,
    0.00005410654264462394
  ],
  [
    1608076800000,
    0.0000621511016418365
  ],
  [
    1608163200000,
    0.00005906947490228036
  ],
  [
    1608249600000,
    0.00006975214104245837
  ],
  [
    1608336000000,
    0.00007154217426154329
  ],
  [
    1608422400000,
    0.00007228994595126807
  ],
  [
    1608508800000,
    0.00007019762797148138
  ],
  [
    1608595200000,
    0.0000739807252673006
  ],
  [
    1608681600000,
    0.00007032242549377534
  ],
  [
    1608768000000,
    0.00006187560178221908
  ],
  [
    1608854400000,
    0.00006724949795616372
  ],
  [
    1608940800000,
    0.00006132325034268448
  ],
  [
    1609027200000,
    0.00006902263870564496
  ],
  [
    1609113600000,
    0.00007536727522096994
  ],
  [
    1609200000000,
    0.00008344694598885145
  ],
  [
    1609286400000,
    0.00009917555968591546
  ],
  [
    1609372800000,
    0.00007076982132402631
  ],
  [
    1609459200000,
    0.00006571010255786737
  ],
  [
    1609545600000,
    0.00006614549479585657
  ],
  [
    1609632000000,
    0.00007206288817818736
  ],
  [
    1609718400000,
    0.00007776946306688096
  ],
  [
    1609804800000,
    0.00006708842902757202
  ],
  [
    1609891200000,
    0.0000915273658431089
  ],
  [
    1609977600000,
    0.00007861068156746403
  ],
  [
    1610064000000,
    0.00007834695012991075
  ],
  [
    1610150400000,
    0.0000914219577355653
  ],
  [
    1610236800000,
    0.00010465603925685545
  ],
  [
    1610323200000,
    0.00007427746174823559
  ],
  [
    1610409600000,
    0.00008072180659844831
  ],
  [
    1610496000000,
    0.00010050228587044465
  ],
  [
    1610582400000,
    0.00011062742101329397
  ],
  [
    1610668800000,
    0.00011477764194721028
  ],
  [
    1610755200000,
    0.00008820186961780166
  ],
  [
    1610841600000,
    0.00009238083895666605
  ],
  [
    1610928000000,
    0.00009951673718040721
  ],
  [
    1611014400000,
    0.00010559072403093878
  ],
  [
    1611100800000,
    0.00009843562426357375
  ],
  [
    1611187200000,
    0.0001026450076368461
  ],
  [
    1611273600000,
    0.00009467071829321266
  ],
  [
    1611360000000,
    0.00011873621533376938
  ],
  [
    1611446400000,
    0.0002007453209874292
  ],
  [
    1611532800000,
    0.00012558825552847408
  ],
  [
    1611619200000,
    0.00010937123824189834
  ],
  [
    1611705600000,
    0.00011300796920174559
  ],
  [
    1611792000000,
    0.00010111000582838581
  ],
  [
    1611878400000,
    0.00012789233961988292
  ],
  [
    1611964800000,
    0.00017159955921031207
  ],
  [
    1612051200000,
    0.0001727610386439913
  ],
  [
    1612137600000,
    0.00011594027643752617
  ],
  [
    1612224000000,
    0.0001713991980768186
  ],
  [
    1612310400000,
    0.00018015778550714348
  ],
  [
    1612396800000,
    0.00017430684523794438
  ],
  [
    1612483200000,
    0.00010872057098934138
  ],
  [
    1612569600000,
    0.00015715134835740113
  ],
  [
    1612656000000,
    0.00021052645495556971
  ],
  [
    1612742400000,
    0.00019607346449057041
  ],
  [
    1612828800000,
    0.000250289851751174
  ],
  [
    1612915200000,
    0.0003018442258801524
  ],
  [
    1613001600000,
    0.00032738064102144583
  ],
  [
    1613088000000,
    0.0003979131747333561
  ],
  [
    1613174400000,
    0.0003453003516922586
  ],
  [
    1613260800000,
    0.00036066134819538146
  ],
  [
    1613347200000,
    0.0003520841494610311
  ],
  [
    1613433600000,
    0.0003701494751874593
  ],
  [
    1613520000000,
    0.0003300180206667257
  ],
  [
    1613606400000,
    0.00035458938512568296
  ],
  [
    1613692800000,
    0.0004244590518190796
  ],
  [
    1613779200000,
    0.0004613110826848044
  ],
  [
    1613865600000,
    0.0005057871914958334
  ],
  [
    1613952000000,
    0.0004844388396357085
  ],
  [
    1614038400000,
    0.0004585122747072548
  ],
  [
    1614124800000,
    0.00040302273413579865
  ],
  [
    1614211200000,
    0.0005165526233662433
  ],
  [
    1614297600000,
    0.00046492814805855444
  ],
  [
    1614384000000,
    0.0004035431703608054
  ],
  [
    1614470400000,
    0.00037007623164465316
  ],
  [
    1614556800000,
    0.00032403919900584195
  ],
  [
    1614643200000,
    0.00036025499805775494
  ],
  [
    1614729600000,
    0.00024884677331795
  ],
  [
    1614816000000,
    0.00028114288032991987
  ],
  [
    1614902400000,
    0.0003284482746413493
  ],
  [
    1614988800000,
    0.0003498478506300243
  ],
  [
    1615075200000,
    0.000339000838629309
  ],
  [
    1615161600000,
    0.00036860644762448067
  ],
  [
    1615248000000,
    0.00034471980672646195
  ],
  [
    1615334400000,
    0.0003620723157026095
  ],
  [
    1615420800000,
    0.00039057906931485453
  ],
  [
    1615507200000,
    0.00036220995430180327
  ],
  [
    1615593600000,
    0.0003890859346578502
  ],
  [
    1615680000000,
    0.0004334238431065354
  ],
  [
    1615766400000,
    0.0004346060121197771
  ],
  [
    1615852800000,
    0.0004833448242008494
  ],
  [
    1615939200000,
    0.0004930822708971893
  ],
  [
    1616025600000,
    0.0004738274177577389
  ],
  [
    1616112000000,
    0.0005216938554025241
  ],
  [
    1616198400000,
    0.0006567009848485197
  ],
  [
    1616284800000,
    0.0009058145815293157
  ],
  [
    1616371200000,
    0.002727583943655677
  ],
  [
    1616457600000,
    0.0022978610254618683
  ],
  [
    1616544000000,
    0.0022071332485421643
  ],
  [
    1616630400000,
    0.0017485585132418417
  ],
  [
    1616716800000,
    0.0016914731831561263
  ],
  [
    1616803200000,
    0.0015660654366685092
  ],
  [
    1616889600000,
    0.0014679142528915385
  ],
  [
    1616976000000,
    0.001563825899008533
  ],
  [
    1617062400000,
    0.0012687559280055024
  ],
  [
    1617148800000,
    0.0011173322700422379
  ],
  [
    1617235200000,
    0.0013074689715058172
  ],
  [
    1617321600000,
    0.001121899859229135
  ],
  [
    1617408000000,
    0.0010612711022169707
  ],
  [
    1617494400000,
    0.0007162328844268869
  ],
  [
    1617580800000,
    0.001509107389903371
  ],
  [
    1617667200000,
    0.0015200953285665311
  ],
  [
    1617753600000,
    0.0015716278434699774
  ],
  [
    1617840000000,
    0.0015168408493919552
  ],
  [
    1617926400000,
    0.0019591532886947885
  ],
  [
    1618012800000,
    0.001606113086680873
  ],
  [
    1618099200000,
    0.0015311721457317226
  ],
  [
    1618185600000,
    0.0012518084250636658
  ],
  [
    1618272000000,
    0.0011622745072574308
  ],
  [
    1618358400000,
    0.001133748807188446
  ],
  [
    1618444800000,
    0.0011137926936391018
  ],
  [
    1618531200000,
    0.0011649736460995915
  ],
  [
    1618617600000,
    0.0010555059184933482
  ],
  [
    1618704000000,
    0.0008727310464845563
  ],
  [
    1618790400000,
    0.0008602381539189534
  ],
  [
    1618876800000,
    0.0006241711074219471
  ],
  [
    1618963200000,
    0.0007368715804543657
  ],
  [
    1619049600000,
    0.000957241185068202
  ],
  [
    1619136000000,
    0.0008667753936979586
  ],
  [
    1619222400000,
    0.0007793118931214433
  ],
  [
    1619308800000,
    0.0008068913710977948
  ],
  [
    1619395200000,
    0.0007481337211745756
  ],
  [
    1619481600000,
    0.0008187360261127732
  ],
  [
    1619568000000,
    0.0007691339181217729
  ],
  [
    1619654400000,
    0.0007069142540848453
  ],
  [
    1619740800000,
    0.000600762904560968
  ],
  [
    1619827200000,
    0.0006929228105142497
  ],
  [
    1619913600000,
    0.0006993667770966993
  ],
  [
    1620000000000,
    0.0007785073957981624
  ],
  [
    1620086400000,
    0.0009208735222550862
  ],
  [
    1620172800000,
    0.0007655227371217218
  ],
  [
    1620259200000,
    0.0008101761141947711
  ],
  [
    1620345600000,
    0.0007484924821749038
  ],
  [
    1620432000000,
    0.0006923837653620695
  ],
  [
    1620518400000,
    0.00064954821745732
  ],
  [
    1620604800000,
    0.0007016945875665899
  ],
  [
    1620691200000,
    0.000698378019034838
  ],
  [
    1620777600000,
    0.0006979349965653073
  ],
  [
    1620864000000,
    0.0005794681977725839
  ],
  [
    1620950400000,
    0.000504714506009741
  ],
  [
    1621036800000,
    0.0006092187349307585
  ],
  [
    1621123200000,
    0.0005560975904756833
  ],
  [
    1621209600000,
    0.0005257051532843567
  ],
  [
    1621296000000,
    0.0004753954844407314
  ],
  [
    1621382400000,
    0.00046514538862630516
  ],
  [
    1621468800000,
    0.0003809537604366214
  ],
  [
    1621555200000,
    0.000546412679701716
  ],
  [
    1621641600000,
    0.00043873514778008607
  ],
  [
    1621728000000,
    0.0002582339143229124
  ],
  [
    1621814400000,
    0.00027256584045935066
  ],
  [
    1621900800000,
    0.00022808857291641487
  ],
  [
    1621987200000,
    0.00021501928126871914
  ],
  [
    1622073600000,
    0.00021834078183882372
  ],
  [
    1622160000000,
    0.00019172461799194033
  ],
  [
    1622246400000,
    0.00017908264251720007
  ],
  [
    1622332800000,
    0.00017566381110638185
  ],
  [
    1622419200000,
    0.0002488435061266173
  ],
  [
    1622505600000,
    0.0002463901785689715
  ],
  [
    1622592000000,
    0.00024072113061306184
  ],
  [
    1622678400000,
    0.0002292257946777145
  ],
  [
    1622764800000,
    0.00014525018805277136
  ],
  [
    1622851200000,
    0.00020120587125324642
  ],
  [
    1622937600000,
    0.00016800831872573955
  ],
  [
    1623024000000,
    0.0001557178321078536
  ],
  [
    1623110400000,
    0.00015768530771503522
  ],
  [
    1623196800000,
    0.00007644500612269052
  ],
  [
    1623283200000,
    0.00012972692079734385
  ],
  [
    1623369600000,
    0.0001443840868777645
  ],
  [
    1623456000000,
    0.00011531500373465049
  ],
  [
    1623542400000,
    0.00010986199543826826
  ],
  [
    1623628800000,
    0.00011694347600181122
  ],
  [
    1623715200000,
    0.0001311390016717697
  ],
  [
    1623801600000,
    0.00012917457035802288
  ],
  [
    1623888000000,
    0.00013071906565476193
  ],
  [
    1623974400000,
    0.0001384152720626968
  ],
  [
    1624060800000,
    0.00014076314209439747
  ],
  [
    1624147200000,
    0.00013834343307403724
  ],
  [
    1624233600000,
    0.00016054052440182291
  ],
  [
    1624320000000,
    0.00015666560823443412
  ],
  [
    1624406400000,
    0.00015949066622247238
  ],
  [
    1624492800000,
    0.0001606890080843172
  ],
  [
    1624579200000,
    0.00030041408230514343
  ],
  [
    1624665600000,
    0.00022244627625963678
  ],
  [
    1624752000000,
    0.00015878116968725064
  ],
  [
    1624838400000,
    0.00021903571278160354
  ],
  [
    1624924800000,
    0.0002050769152468148
  ],
  [
    1625011200000,
    0.00026696167938126584
  ],
  [
    1625097600000,
    0.00027804871480144083
  ],
  [
    1625184000000,
    0.0002710277620516842
  ],
  [
    1625270400000,
    0.00029268840577114855
  ],
  [
    1625356800000,
    0.00027263638229243435
  ],
  [
    1625443200000,
    0.00028628298113170003
  ],
  [
    1625529600000,
    0.000246856496699697
  ],
  [
    1625616000000,
    0.0002419808410877361
  ],
  [
    1625702400000,
    0.0002804166489832384
  ],
  [
    1625788800000,
    0.00025609018033062836
  ],
  [
    1625875200000,
    0.0002477000907305888
  ],
  [
    1625961600000,
    0.00027534414959335714
  ],
  [
    1626048000000,
    0.00023640157128048688
  ],
  [
    1626134400000,
    0.0002352880193806841
  ],
  [
    1626220800000,
    0.00021912553192863842
  ],
  [
    1626307200000,
    0.00021116091052300333
  ],
  [
    1626393600000,
    0.00018264728574890555
  ],
  [
    1626480000000,
    0.00018312900788531195
  ],
  [
    1626566400000,
    0.0002085976198687188
  ],
  [
    1626652800000,
    0.00017645646534182884
  ],
  [
    1626739200000,
    0.00022510720986413803
  ],
  [
    1626825600000,
    0.00018089544635309016
  ],
  [
    1626912000000,
    0.0002052925287111451
  ],
  [
    1626998400000,
    0.00021404739875369256
  ],
  [
    1627084800000,
    0.00022389864164358683
  ],
  [
    1627171200000,
    0.00023221317211294553
  ],
  [
    1627257600000,
    0.00022623427547500624
  ],
  [
    1627344000000,
    0.00024254996012525195
  ],
  [
    1627430400000,
    0.00020694340397343864
  ],
  [
    1627516800000,
    0.00020469657869885273
  ],
  [
    1627603200000,
    0.00021986747126027806
  ],
  [
    1627689600000,
    0.0002196349194144522
  ],
  [
    1627776000000,
    0.0001996123342759546
  ],
  [
    1627862400000,
    0.0002145641572287454
  ],
  [
    1627948800000,
    0.00019937856227289095
  ],
  [
    1628035200000,
    0.0002079408053692912
  ],
  [
    1628121600000,
    0.00022261149772650243
  ],
  [
    1628208000000,
    0.00023092016935456107
  ],
  [
    1628294400000,
    0.00020901814224153167
  ],
  [
    1628380800000,
    0.00022879589063535172
  ],
  [
    1628467200000,
    0.0002168785474425479
  ],
  [
    1628553600000,
    0.00022169261183787277
  ],
  [
    1628640000000,
    0.00022983166724988133
  ],
  [
    1628726400000,
    0.00022631151098952335
  ],
  [
    1628812800000,
    0.00022059696609281657
  ],
  [
    1628899200000,
    0.0002366777155005664
  ],
  [
    1628985600000,
    0.00021907416142373637
  ],
  [
    1629072000000,
    0.00021021788170869017
  ],
  [
    1629158400000,
    0.0002068072873570127
  ],
  [
    1629244800000,
    0.00020353199060070329
  ],
  [
    1629331200000,
    0.000208284964504213
  ],
  [
    1629417600000,
    0.0002162608744638952
  ],
  [
    1629504000000,
    0.00020879916693231939
  ],
  [
    1629590400000,
    0.00021017863712976493
  ],
  [
    1629676800000,
    0.00020566491674553006
  ],
  [
    1629763200000,
    0.00021833949854427
  ],
  [
    1629849600000,
    0.00021909720949606117
  ],
  [
    1629936000000,
    0.0001982924121149371
  ],
  [
    1630022400000,
    0.00021542552231768183
  ],
  [
    1630108800000,
    0.0002122158106996957
  ],
  [
    1630195200000,
    0.00021552917569319212
  ],
  [
    1630281600000,
    0.00019485003298519167
  ],
  [
    1630368000000,
    0.00021159691470651185
  ],
  [
    1630454400000,
    0.00020484394382858773
  ],
  [
    1630540800000,
    0.00021362470696663282
  ],
  [
    1630627200000,
    0.00020401427568181792
  ]
]