[
  [
    1510444800000,
    149331.90368940783
  ],
  [
    1510531200000,
    217034.39309924524
  ],
  [
    1510617600000,
    564414.321401248
  ],
  [
    1510704000000,
    788763.970940043
  ],
  [
    1510790400000,
    320653.954946956
  ],
  [
    1510876800000,
    363994.191553803
  ],
  [
    1510963200000,
    124177.13141188
  ],
  [
    1511049600000,
    67768.2093205467
  ],
  [
    1511136000000,
    188340.076773666
  ],
  [
    1511222400000,
    60329.7292982259
  ],
  [
    1511308800000,
    735318.889344811
  ],
  [
    1511395200000,
    10320348.3776775
  ],
  [
    1511481600000,
    5823062.67781844
  ],
  [
    1511568000000,
    5425196.28972252
  ],
  [
    1511654400000,
    8117707.88212536
  ],
  [
    1511740800000,
    12412555.6973181
  ],
  [
    1511827200000,
    12006422.2339881
  ],
  [
    1511913600000,
    10335850.7080381
  ],
  [
    1512000000000,
    11816307.0345382
  ],
  [
    1512086400000,
    11756878.3010818
  ],
  [
    1512172800000,
    10732848.5476168
  ],
  [
    1512259200000,
    11488766.7486614
  ],
  [
    1512345600000,
    10865858.0615697
  ],
  [
    1512432000000,
    12967797.6847846
  ],
  [
    1512518400000,
    131702.718531522
  ],
  [
    1512604800000,
    11653788.0252875
  ],
  [
    1512691200000,
    11305953.9674362
  ],
  [
    1512777600000,
    10959016.2956091
  ],
  [
    1512864000000,
    7803929.61465758
  ],
  [
    1512950400000,
    7979794.23489592
  ],
  [
    1513036800000,
    11806473.2745561
  ],
  [
    1513123200000,
    14745115.6993482
  ],
  [
    1513209600000,
    7824675.5348881
  ],
  [
    1513296000000,
    9496188.69958438
  ],
  [
    1513382400000,
    16227940.4668612
  ],
  [
    1513468800000,
    15200226.6233505
  ],
  [
    1513555200000,
    12400809.0156937
  ],
  [
    1513641600000,
    13941818.0170611
  ],
  [
    1513728000000,
    9343281.64481841
  ],
  [
    1513814400000,
    9815141.59426421
  ],
  [
    1513900800000,
    5091676.80913575
  ],
  [
    1513987200000,
    379955.356093858
  ],
  [
    1514073600000,
    217425.805899813
  ],
  [
    1514160000000,
    232072.884677196
  ],
  [
    1514246400000,
    6589298.19212919
  ],
  [
    1514332800000,
    7036660.14431373
  ],
  [
    1514419200000,
    8152300.05203081
  ],
  [
    1514505600000,
    8951998.14024253
  ],
  [
    1514592000000,
    11482970.2691974
  ],
  [
    1514678400000,
    11440091.0670541
  ],
  [
    1514764800000,
    14835296.8584721
  ],
  [
    1514851200000,
    26349187.5489046
  ],
  [
    1514937600000,
    20519037.07582527
  ],
  [
    1515024000000,
    26665949.286911123
  ],
  [
    1515110400000,
    25590019.99126132
  ],
  [
    1515196800000,
    29887842.805163413
  ],
  [
    1515283200000,
    41659790.23448952
  ],
  [
    1515369600000,
    26613220.468223166
  ],
  [
    1515456000000,
    23476353.191285882
  ],
  [
    1515542400000,
    23791830.78690436
  ],
  [
    1515628800000,
    23492602.776951395
  ],
  [
    1515715200000,
    18472477.487368964
  ],
  [
    1515801600000,
    18710337.699907973
  ],
  [
    1515888000000,
    18230006.55049554
  ],
  [
    1515974400000,
    15623624.212618576
  ],
  [
    1516060800000,
    13666229.979263704
  ],
  [
    1516147200000,
    13629717.354170585
  ],
  [
    1516233600000,
    15138529.759578217
  ],
  [
    1516320000000,
    11712282.684230197
  ],
  [
    1516406400000,
    6875695.386953873
  ],
  [
    1516492800000,
    4573094.113066361
  ],
  [
    1516579200000,
    10808150.15482854
  ],
  [
    1516665600000,
    9639231.353469968
  ],
  [
    1516752000000,
    11734322.736648986
  ],
  [
    1516838400000,
    10523509.657823965
  ],
  [
    1516924800000,
    9040795.99051747
  ],
  [
    1517011200000,
    10345484.85298433
  ],
  [
    1517097600000,
    18016096.44134047
  ],
  [
    1517184000000,
    11510516.29287472
  ],
  [
    1517270708284,
    11533413.135098122
  ],
  [
    1517356800000,
    8151547.715495225
  ],
  [
    1517443200000,
    12176067.17471522
  ],
  [
    1517529600000,
    10062610.095690757
  ],
  [
    1517616000000,
    4015382.1317161336
  ],
  [
    1517702400000,
    7032142.979038225
  ],
  [
    1517788800000,
    6148675.398571632
  ],
  [
    1517875200000,
    4916330.787106681
  ],
  [
    1517961600000,
    4938258.582073457
  ],
  [
    1518048315239,
    5740434.744908444
  ],
  [
    1518134400000,
    2955946.5219703913
  ],
  [
    1518220800000,
    3488403.252081836
  ],
  [
    1518307200000,
    2804793.120984593
  ],
  [
    1518393600000,
    2303709.235074716
  ],
  [
    1518480000000,
    1930794.520485598
  ],
  [
    1518566400000,
    1958885.8673241043
  ],
  [
    1518652800000,
    2611684.2293879646
  ],
  [
    1518739200000,
    2711759.7308393987
  ],
  [
    1518825600000,
    2268584.5385304033
  ],
  [
    1518912000000,
    2963607.3299502223
  ],
  [
    1518998400000,
    3203623.3776256754
  ],
  [
    1519084800000,
    5965318.6338802315
  ],
  [
    1519171200000,
    14520049.899514014
  ],
  [
    1519257600000,
    3068399.0762059125
  ],
  [
    1519344000000,
    3030707.2022270723
  ],
  [
    1519430400000,
    2674588.200314812
  ],
  [
    1519516800000,
    1757035.4987815414
  ],
  [
    1519603200000,
    2228221.275395387
  ],
  [
    1519689600000,
    3277662.9404798755
  ],
  [
    1519776000000,
    2572704.6360431393
  ],
  [
    1519862400000,
    3146880.1977662994
  ],
  [
    1519948800000,
    3623401.730781237
  ],
  [
    1520035200000,
    3633668.424153905
  ],
  [
    1520121600000,
    3044122.1972323563
  ],
  [
    1520208000000,
    4684771.986587049
  ],
  [
    1520294400000,
    2611358.186767124
  ],
  [
    1520380800000,
    3184573.626831091
  ],
  [
    1520467200000,
    2897452.7039737296
  ],
  [
    1520553600000,
    1564442.9055655687
  ],
  [
    1520640000000,
    1826737.0762350045
  ],
  [
    1520726400000,
    3412070.5771260294
  ],
  [
    1520812800000,
    2975784.246852655
  ],
  [
    1520899200000,
    13049600.321668392
  ],
  [
    1520985600000,
    8796852.075314473
  ],
  [
    1521072000000,
    9200296.7108319
  ],
  [
    1521158400000,
    8410620.217077566
  ],
  [
    1521244800000,
    8824029.73667469
  ],
  [
    1521331200000,
    6771497.84789023
  ],
  [
    1521417600000,
    8214001.391628448
  ],
  [
    1521504000000,
    9090813.415460072
  ],
  [
    1521590400000,
    8973050.650839657
  ],
  [
    1521676800000,
    7010527.35360619
  ],
  [
    1521763200000,
    6402640.1852418855
  ],
  [
    1521849600000,
    7038417.348725324
  ],
  [
    1521936000000,
    8324980.499161438
  ],
  [
    1522022400000,
    6641393.908841924
  ],
  [
    1522108800000,
    6855983.95468329
  ],
  [
    1522195200000,
    4892532.483682793
  ],
  [
    1522281600000,
    8701712.496043595
  ],
  [
    1522368000000,
    11545714.693468094
  ],
  [
    1522454400000,
    6751543.751944055
  ],
  [
    1522540800000,
    6627332.8624491645
  ],
  [
    1522627200000,
    5915729.674640793
  ],
  [
    1522713600000,
    5820992.05648625
  ],
  [
    1522800000000,
    5867089.814447703
  ],
  [
    1522886400000,
    5145251.6339558745
  ],
  [
    1522972800000,
    6316965.869401666
  ],
  [
    1523059200000,
    5657941.557076917
  ],
  [
    1523145600000,
    7006101.0661777165
  ],
  [
    1523232000000,
    6217930.847533206
  ],
  [
    1523318400000,
    5790731.672960146
  ],
  [
    1523404800000,
    6147750.779486602
  ],
  [
    1523491200000,
    6387631.713216422
  ],
  [
    1523577600000,
    7770051.45996132
  ],
  [
    1523664000000,
    7451924.61022932
  ],
  [
    1523750400000,
    5793141.453902505
  ],
  [
    1523836800000,
    7013193.830696147
  ],
  [
    1523923200000,
    7426924.065844207
  ],
  [
    1524009600000,
    6511032.109245015
  ],
  [
    1524096000000,
    7200370.28052352
  ],
  [
    1524182400000,
    9185946.176993297
  ],
  [
    1524268800000,
    7895316.316350433
  ],
  [
    1524355200000,
    7365731.316751398
  ],
  [
    1524441600000,
    14092325.605883561
  ],
  [
    1524528000000,
    8257477.963835162
  ],
  [
    1524614400000,
    9614910.747137656
  ],
  [
    1524700800000,
    8801767.696259987
  ],
  [
    1524787200000,
    8821299.670873238
  ],
  [
    1524873600000,
    5024285.660683567
  ],
  [
    1524960000000,
    6834240.181949352
  ],
  [
    1525046400000,
    8173057.892472682
  ],
  [
    1525132800000,
    7930967.2711593425
  ],
  [
    1525219200000,
    5192359.21739575
  ],
  [
    1525305600000,
    4282169.353214467
  ],
  [
    1525392000000,
    3527001.2373459507
  ],
  [
    1525478400000,
    4153404.5014044032
  ],
  [
    1525564800000,
    3644648.013590796
  ],
  [
    1525651200000,
    2842467.693543885
  ],
  [
    1525737600000,
    2415847.15531067
  ],
  [
    1525824000000,
    1842238.167435403
  ],
  [
    1525910400000,
    2443586.5217636004
  ],
  [
    1525996800000,
    4024482.085943996
  ],
  [
    1526083200000,
    2506174.0411576596
  ],
  [
    1526169600000,
    2526857.3329493753
  ],
  [
    1526256000000,
    2043228.07827489
  ],
  [
    1526342400000,
    1772246.880611126
  ],
  [
    1526428800000,
    1775265.6726005538
  ],
  [
    1526515200000,
    1488407.1307856787
  ],
  [
    1526601600000,
    1785022.2985228973
  ],
  [
    1526688000000,
    1801204.686254516
  ],
  [
    1526774400000,
    1700831.4832012714
  ],
  [
    1526860800000,
    1731958.516410525
  ],
  [
    1526947200000,
    1456413.8243387965
  ],
  [
    1527033600000,
    1444732.105637399
  ],
  [
    1527120000000,
    1198421.1198305956
  ],
  [
    1527206400000,
    1128847.6384377063
  ],
  [
    1527292800000,
    1145889.4239336615
  ],
  [
    1527379200000,
    862399.4254361921
  ],
  [
    1527465600000,
    1130784.2980537433
  ],
  [
    1527552000000,
    1664989.7764357808
  ],
  [
    1527638400000,
    1058778.2708596466
  ],
  [
    1527724800000,
    1109870.279922113
  ],
  [
    1527811200000,
    2036585.1288983154
  ],
  [
    1527897600000,
    1354950.2184154699
  ],
  [
    1527984000000,
    1156480.2008811485
  ],
  [
    1528070400000,
    985206.9382002263
  ],
  [
    1528156800000,
    881160.7331530063
  ],
  [
    1528243200000,
    1492669.5963487541
  ],
  [
    1528329600000,
    1708038.9555162853
  ],
  [
    1528416000000,
    652991.0836824119
  ],
  [
    1528502400000,
    691467.2134056776
  ],
  [
    1528588800000,
    981925.5772428538
  ],
  [
    1528675200000,
    1307555.6146982997
  ],
  [
    1528761600000,
    887800.0972496188
  ],
  [
    1528848000000,
    1010130.6493950498
  ],
  [
    1528934400000,
    965277.3928525219
  ],
  [
    1529020800000,
    3216850.806190729
  ],
  [
    1529107200000,
    1948475.4068512572
  ],
  [
    1529193600000,
    1034615.8519234158
  ],
  [
    1529280000000,
    1181036.2353289863
  ],
  [
    1529366400000,
    823678.2839990094
  ],
  [
    1529452800000,
    1522515.9875592662
  ],
  [
    1529539200000,
    797785.0381343397
  ],
  [
    1529625600000,
    755759.2281929983
  ],
  [
    1529712000000,
    835905.848550798
  ],
  [
    1529798400000,
    1205697.0272232923
  ],
  [
    1529884800000,
    1055690.018026654
  ],
  [
    1529971200000,
    1143269.327640311
  ],
  [
    1530057600000,
    785343.625095535
  ],
  [
    1530144000000,
    543795.1709519138
  ],
  [
    1530230400000,
    832124.083998039
  ],
  [
    1530316800000,
    710283.8336606242
  ],
  [
    1530403200000,
    867064.199072475
  ],
  [
    1530489600000,
    256557.99128278918
  ],
  [
    1530576000000,
    2005506.5423241418
  ],
  [
    1530662400000,
    1758448.3954273774
  ],
  [
    1530748800000,
    915290.149076984
  ],
  [
    1530835200000,
    1393893.3259351207
  ],
  [
    1530921600000,
    756769.5179874819
  ],
  [
    1531008000000,
    1586319.5812070789
  ],
  [
    1531094400000,
    481321.54593480635
  ],
  [
    1531180800000,
    606309.5533800421
  ],
  [
    1531267200000,
    1511688.294370419
  ],
  [
    1531353600000,
    1390588.6721067848
  ],
  [
    1531440000000,
    1791349.4347736272
  ],
  [
    1531526400000,
    2119211.071490676
  ],
  [
    1531612800000,
    1856821.8195512937
  ],
  [
    1531699200000,
    1582221.1672355162
  ],
  [
    1531785600000,
    1744619.1615811484
  ],
  [
    1531872000000,
    1648229.960945016
  ],
  [
    1531958400000,
    1712095.3465589683
  ],
  [
    1532044800000,
    1522063.5047740194
  ],
  [
    1532131200000,
    1809010.5722470558
  ],
  [
    1532217600000,
    1967382.543170802
  ],
  [
    1532304000000,
    2202725.303985629
  ],
  [
    1532390400000,
    1786837.6835596578
  ],
  [
    1532476800000,
    1645213.773256828
  ],
  [
    1532563200000,
    1684396.8533926522
  ],
  [
    1532649600000,
    1185886.1252545845
  ],
  [
    1532736000000,
    844756.6926470798
  ],
  [
    1532822400000,
    553457.0093811621
  ],
  [
    1532908800000,
    1565208.4649609893
  ],
  [
    1532995200000,
    1674839.793601182
  ],
  [
    1533081600000,
    1683372.5228979925
  ],
  [
    1533168000000,
    1102152.4165094118
  ],
  [
    1533254400000,
    857591.7612296889
  ],
  [
    1533340800000,
    653019.6285586946
  ],
  [
    1533427200000,
    659625.519576859
  ],
  [
    1533513600000,
    544048.6986821161
  ],
  [
    1533600000000,
    605202.0484598556
  ],
  [
    1533686400000,
    1212668.3404075203
  ],
  [
    1533772800000,
    1314274.818143649
  ],
  [
    1533859200000,
    1622826.8176736431
  ],
  [
    1533945600000,
    2892873.5484144734
  ],
  [
    1534032000000,
    2303668.4891831144
  ],
  [
    1534118400000,
    1432711.5478576815
  ],
  [
    1534204800000,
    782303.186063404
  ],
  [
    1534291200000,
    1040381.1140766403
  ],
  [
    1534377600000,
    566281.7012885052
  ],
  [
    1534464000000,
    411004.6205117107
  ],
  [
    1534550400000,
    829896.8146174499
  ],
  [
    1534636800000,
    570882.2835096685
  ],
  [
    1534723200000,
    142395.97589432815
  ],
  [
    1534809600000,
    172684.39533004063
  ],
  [
    1534896000000,
    834399.4700852378
  ],
  [
    1534982400000,
    169065.7012424436
  ],
  [
    1535068800000,
    311017.33784497774
  ],
  [
    1535155200000,
    100492.39502616032
  ],
  [
    1535241600000,
    121611.36983773122
  ],
  [
    1535328000000,
    307520.01626687165
  ],
  [
    1535414400000,
    678235.0139284479
  ],
  [
    1535500800000,
    450886.1494682666
  ],
  [
    1535587200000,
    1605898.3769002804
  ],
  [
    1535673600000,
    2112931.0092467563
  ],
  [
    1535760000000,
    2506946.448272722
  ],
  [
    1535846400000,
    1376903.8335360212
  ],
  [
    1535932800000,
    1066418.738333366
  ],
  [
    1536019200000,
    1122449.583753139
  ],
  [
    1536105600000,
    970654.7268028328
  ],
  [
    1536192000000,
    1516532.2928422035
  ],
  [
    1536278400000,
    2843816.3168684165
  ],
  [
    1536364800000,
    1385836.653108991
  ],
  [
    1536451200000,
    1126363.2179255055
  ],
  [
    1536537600000,
    602035.9311575355
  ],
  [
    1536624000000,
    1211874.4619030263
  ],
  [
    1536710400000,
    995951.8998551033
  ],
  [
    1536796800000,
    670675.0404364117
  ],
  [
    1536883200000,
    3722849.5960859144
  ],
  [
    1536969600000,
    1854962.293457465
  ],
  [
    1537056000000,
    1056068.8896485993
  ],
  [
    1537142400000,
    1141781.5217895329
  ],
  [
    1537228800000,
    1066429.3750151533
  ],
  [
    1537315200000,
    915051.9328478872
  ],
  [
    1537401600000,
    693403.4345736682
  ],
  [
    1537488000000,
    850897.8677795274
  ],
  [
    1537574400000,
    1157008.628853792
  ],
  [
    1537660800000,
    310257.00473067316
  ],
  [
    1537747200000,
    186157.76197706125
  ],
  [
    1537833600000,
    210993.37717686355
  ],
  [
    1537920000000,
    470272.48450295907
  ],
  [
    1538006400000,
    749817.6035668467
  ],
  [
    1538092800000,
    929544.8422381848
  ],
  [
    1538179200000,
    657122.4307317744
  ],
  [
    1538265600000,
    951215.0569543511
  ],
  [
    1538352000000,
    444941.1679549518
  ],
  [
    1538438400000,
    739579.8090224945
  ],
  [
    1538524800000,
    633753.8267762227
  ],
  [
    1538611200000,
    447996.4945278972
  ],
  [
    1538697600000,
    1821003.7645754777
  ],
  [
    1538784000000,
    9014246.821947146
  ],
  [
    1538870400000,
    1467648.6687476737
  ],
  [
    1538956800000,
    773912.530074575
  ],
  [
    1539043200000,
    2701216.880822919
  ],
  [
    1539129600000,
    3835709.379820089
  ],
  [
    1539216000000,
    692991.4372080498
  ],
  [
    1539302400000,
    818763.877619084
  ],
  [
    1539388800000,
    662064.73535544
  ],
  [
    1539475200000,
    1570866.6958506722
  ],
  [
    1539561600000,
    2645460.596771317
  ],
  [
    1539648000000,
    1554725.445670428
  ],
  [
    1539734400000,
    1850531.1952383681
  ],
  [
    1539820800000,
    2248555.4208938302
  ],
  [
    1539907200000,
    1769209.3068182073
  ],
  [
    1539993600000,
    1453633.8688777226
  ],
  [
    1540080000000,
    4967643.327570233
  ],
  [
    1540166400000,
    1963889.6165006396
  ],
  [
    1540252800000,
    3693453.616195246
  ],
  [
    1540339200000,
    2782399.973309692
  ],
  [
    1540425600000,
    1441885.5911547216
  ],
  [
    1540512000000,
    589282.7226979766
  ],
  [
    1540598400000,
    2852429.782127764
  ],
  [
    1540684800000,
    1826974.5154501789
  ],
  [
    1540771200000,
    2516286.7006188272
  ],
  [
    1540857600000,
    2500910.5243777684
  ],
  [
    1540944000000,
    1968372.5145650373
  ],
  [
    1541030400000,
    1297345.2865346859
  ],
  [
    1541116800000,
    2600840.2220474044
  ],
  [
    1541203200000,
    2562618.1210737503
  ],
  [
    1541289600000,
    2600629.272737763
  ],
  [
    1541376000000,
    2522413.862583739
  ],
  [
    1541462400000,
    2827426.93538113
  ],
  [
    1541548800000,
    3259300.6438297965
  ],
  [
    1541635200000,
    5392956.073511731
  ],
  [
    1541721600000,
    3658534.201671785
  ],
  [
    1541808000000,
    2958260.2410804424
  ],
  [
    1541894400000,
    3739988.8869830053
  ],
  [
    1541980800000,
    3624855.19248115
  ],
  [
    1542067200000,
    2839760.8021220397
  ],
  [
    1542153600000,
    2534742.7944145855
  ],
  [
    1542240000000,
    2493776.472502071
  ],
  [
    1542326400000,
    2490243.3581574317
  ],
  [
    1542412800000,
    2434942.7132871626
  ],
  [
    1542499200000,
    2341595.66857766
  ],
  [
    1542585600000,
    2066998.2110100891
  ],
  [
    1542672000000,
    1561721.8388490549
  ],
  [
    1542758400000,
    3488081.9028196675
  ],
  [
    1542844800000,
    2162364.2314176974
  ],
  [
    1542931200000,
    727633.4139886069
  ],
  [
    1543017600000,
    679769.2856427414
  ],
  [
    1543104000000,
    717726.8025860004
  ],
  [
    1543190400000,
    660123.3652740064
  ],
  [
    1543276800000,
    770954.2088107992
  ],
  [
    1543363200000,
    1474647.4313182277
  ],
  [
    1543449600000,
    1526087.251704423
  ],
  [
    1543536000000,
    1161760.5866663246
  ],
  [
    1543622400000,
    925347.4870287395
  ],
  [
    1543708800000,
    1045866.1719548081
  ],
  [
    1543795200000,
    1358843.757512661
  ],
  [
    1543881600000,
    1346729.9030832583
  ],
  [
    1543968000000,
    1020399.843606472
  ],
  [
    1544054400000,
    793514.9266956759
  ],
  [
    1544140800000,
    900750.7542810951
  ],
  [
    1544227200000,
    1012817.8836802264
  ],
  [
    1544313600000,
    721865.5287757204
  ],
  [
    1544400000000,
    768390.0985298731
  ],
  [
    1544486400000,
    1767553.8157442703
  ],
  [
    1544572800000,
    1903751.2791006924
  ],
  [
    1544659200000,
    1538219.6873908509
  ],
  [
    1544745600000,
    796597.9392280423
  ],
  [
    1544832000000,
    422450.0622081933
  ],
  [
    1544918400000,
    729871.048731171
  ],
  [
    1545004800000,
    677108.3735561704
  ],
  [
    1545091200000,
    655622.6239313956
  ],
  [
    1545177600000,
    908607.3530592439
  ],
  [
    1545264000000,
    445407.45661569026
  ],
  [
    1545350400000,
    474976.27523503476
  ],
  [
    1545436800000,
    502781.8545730653
  ],
  [
    1545523200000,
    15003438.44672452
  ],
  [
    1545609600000,
    2653057.918735739
  ],
  [
    1545696000000,
    1468517.9248020004
  ],
  [
    1545782400000,
    869973.621207794
  ],
  [
    1545868800000,
    763041.7751258285
  ],
  [
    1545955200000,
    776087.9973633899
  ],
  [
    1546041600000,
    674571.1587176167
  ],
  [
    1546128000000,
    628141.0077607649
  ],
  [
    1546214400000,
    3739274.569515968
  ],
  [
    1546300800000,
    1220779.7110046502
  ],
  [
    1546387200000,
    745424.6162415543
  ],
  [
    1546473600000,
    1593367.7404852237
  ],
  [
    1546560000000,
    4395403.062648871
  ],
  [
    1546646400000,
    1787945.1826141148
  ],
  [
    1546732800000,
    672517.0553926999
  ],
  [
    1546819200000,
    435498.9776806051
  ],
  [
    1546905600000,
    559414.2706255261
  ],
  [
    1546992000000,
    343773.96266365
  ],
  [
    1547078400000,
    348558.7897128671
  ],
  [
    1547164800000,
    784875.9793853514
  ],
  [
    1547251200000,
    288054.7113513681
  ],
  [
    1547337600000,
    846808.7625330332
  ],
  [
    1547424000000,
    345782.96039872576
  ],
  [
    1547510400000,
    374387.9719918813
  ],
  [
    1547596800000,
    352161.4801724712
  ],
  [
    1547683200000,
    522534.5615835886
  ],
  [
    1547769600000,
    1477111.2298548445
  ],
  [
    1547856000000,
    1332908.928568273
  ],
  [
    1547942400000,
    830814.2272262458
  ],
  [
    1548028800000,
    1211322.0223736942
  ],
  [
    1548115200000,
    593790.4147933298
  ],
  [
    1548201600000,
    517238.08445910725
  ],
  [
    1548288000000,
    4241598.915290291
  ],
  [
    1548374400000,
    1831219.5151799473
  ],
  [
    1548460800000,
    1085497.6609670967
  ],
  [
    1548547200000,
    1145977.4763980096
  ],
  [
    1548633600000,
    1632027.7866657218
  ],
  [
    1548720000000,
    2135064.1509530796
  ],
  [
    1548806400000,
    2328146.7959939353
  ],
  [
    1548892800000,
    1147000.5130868133
  ],
  [
    1548979200000,
    1021161.9539040559
  ],
  [
    1549065600000,
    1524266.2896704406
  ],
  [
    1549152000000,
    1251556.518404899
  ],
  [
    1549238400000,
    949029.1496375571
  ],
  [
    1549324800000,
    623236.3541146895
  ],
  [
    1549411200000,
    188315.94715837136
  ],
  [
    1549497600000,
    509018.62384652096
  ],
  [
    1549584000000,
    1805295.8846587064
  ],
  [
    1549670400000,
    1261479.178624397
  ],
  [
    1549756800000,
    272526.8543580986
  ],
  [
    1549843200000,
    259080.3793871625
  ],
  [
    1549929600000,
    258183.34137044038
  ],
  [
    1550016000000,
    250650.16767494223
  ],
  [
    1550102400000,
    357507.05141653
  ],
  [
    1550188800000,
    324303.6304111772
  ],
  [
    1550275200000,
    567294.536239949
  ],
  [
    1550361600000,
    3030063.5108697615
  ],
  [
    1550448000000,
    6250011.502418894
  ],
  [
    1550534400000,
    2164000.4593235496
  ],
  [
    1550620800000,
    1229102.0410075302
  ],
  [
    1550707200000,
    779580.288700463
  ],
  [
    1550793600000,
    620326.7501907604
  ],
  [
    1550880000000,
    1290510.9134936742
  ],
  [
    1550966400000,
    2172197.239429573
  ],
  [
    1551052800000,
    1348712.1378995585
  ],
  [
    1551139200000,
    987613.8042707283
  ],
  [
    1551225600000,
    5168799.881374774
  ],
  [
    1551312000000,
    3729418.3224764424
  ],
  [
    1551398400000,
    2220278.6259216825
  ],
  [
    1551484800000,
    1551617.0761060931
  ],
  [
    1551571200000,
    1743111.877609537
  ],
  [
    1551657600000,
    1093039.7713291917
  ],
  [
    1551744000000,
    690146.6692734229
  ],
  [
    1551830400000,
    2107235.939451874
  ],
  [
    1551916800000,
    1520036.7603842183
  ],
  [
    1552003200000,
    983434.46495454
  ],
  [
    1552089600000,
    1812727.4125042432
  ],
  [
    1552176000000,
    2037546.2903680806
  ],
  [
    1552262400000,
    932787.377291855
  ],
  [
    1552348800000,
    1263943.9217565598
  ],
  [
    1552435200000,
    3809382.296652773
  ],
  [
    1552521600000,
    1133502.0851865653
  ],
  [
    1552608000000,
    2354709.0657676044
  ],
  [
    1552694400000,
    1106533.453593129
  ],
  [
    1552780800000,
    1807785.761482263
  ],
  [
    1552867200000,
    3720781.686704219
  ],
  [
    1552953600000,
    957913.2056679691
  ],
  [
    1553040000000,
    719081.6441310351
  ],
  [
    1553126400000,
    966801.0546863185
  ],
  [
    1553212800000,
    1233214.9613038616
  ],
  [
    1553299200000,
    1051238.2930138917
  ],
  [
    1553385600000,
    1051153.8180752427
  ],
  [
    1553472000000,
    1411842.3432017849
  ],
  [
    1553558400000,
    1943877.9906081143
  ],
  [
    1553644800000,
    3978305.4098019702
  ],
  [
    1553731200000,
    1907908.448965441
  ],
  [
    1553817600000,
    1355950.6862778338
  ],
  [
    1553904000000,
    1133703.9414419949
  ],
  [
    1553990400000,
    2461233.3913450744
  ],
  [
    1554076800000,
    1202099.4881107053
  ],
  [
    1554163200000,
    808522.8017789547
  ],
  [
    1554249600000,
    1620046.081807647
  ],
  [
    1554336000000,
    1499016.742110725
  ],
  [
    1554422400000,
    670586.3925445622
  ],
  [
    1554508800000,
    676657.2646133531
  ],
  [
    1554595200000,
    872683.0915890497
  ],
  [
    1554681600000,
    2254633.0888672266
  ],
  [
    1554768000000,
    2040378.9204293936
  ],
  [
    1554854400000,
    1891439.8297099269
  ],
  [
    1554940800000,
    851230.7480671805
  ],
  [
    1555027200000,
    957922.4703961817
  ],
  [
    1555113600000,
    1015637.5597127322
  ],
  [
    1555200000000,
    1581616.5496837464
  ],
  [
    1555286400000,
    989064.0833379446
  ],
  [
    1555372800000,
    965453.9569747068
  ],
  [
    1555459200000,
    835094.9448707476
  ],
  [
    1555545600000,
    701219.4463218505
  ],
  [
    1555632000000,
    794532.1800052118
  ],
  [
    1555718400000,
    773723.1576951974
  ],
  [
    1555804800000,
    1188430.639316399
  ],
  [
    1555891200000,
    753041.4893946213
  ],
  [
    1555977600000,
    793887.5777368145
  ],
  [
    1556064000000,
    1024534.3991525851
  ],
  [
    1556150400000,
    1517468.9932887428
  ],
  [
    1556236800000,
    710547.1290411706
  ],
  [
    1556323200000,
    574118.6036496838
  ],
  [
    1556409600000,
    623326.4928295471
  ],
  [
    1556496000000,
    508966.6633704858
  ],
  [
    1556582400000,
    429559.4779085052
  ],
  [
    1556668800000,
    231789.41488634652
  ],
  [
    1556755200000,
    755696.2274571207
  ],
  [
    1556841600000,
    1415013.4034766532
  ],
  [
    1556928000000,
    584848.6019910631
  ],
  [
    1557014400000,
    274613.3599360592
  ],
  [
    1557100800000,
    255599.98119597632
  ],
  [
    1557187200000,
    482712.0954062152
  ],
  [
    1557273600000,
    367591.24967901234
  ],
  [
    1557360000000,
    414799.1584850214
  ],
  [
    1557446400000,
    440173.3840494868
  ],
  [
    1557532800000,
    736516.6249490486
  ],
  [
    1557619200000,
    628374.9003940407
  ],
  [
    1557705600000,
    1007653.2021196214
  ],
  [
    1557792000000,
    693393.0648077332
  ],
  [
    1557878400000,
    581548.690774295
  ],
  [
    1557964800000,
    1003483.2688934986
  ],
  [
    1558051200000,
    817502.7258261921
  ],
  [
    1558137600000,
    276686.1070243191
  ],
  [
    1558224000000,
    583426.6188843584
  ],
  [
    1558310400000,
    1347772.698977982
  ],
  [
    1558396800000,
    613300.4748368767
  ],
  [
    1558483200000,
    1353489.275897256
  ],
  [
    1558569600000,
    1141683.848544634
  ],
  [
    1558656000000,
    1232637.6016337592
  ],
  [
    1558742400000,
    935233.8890874808
  ],
  [
    1558828800000,
    730023.7592054867
  ],
  [
    1558915200000,
    837726.8382726727
  ],
  [
    1559001600000,
    613711.4242568986
  ],
  [
    1559088000000,
    726815.096330214
  ],
  [
    1559174400000,
    2021989.8762146973
  ],
  [
    1559260800000,
    3387349.4133290863
  ],
  [
    1559347200000,
    7947154.400253894
  ],
  [
    1559433600000,
    1954746.4140695662
  ],
  [
    1559520000000,
    1124467.8038735914
  ],
  [
    1559606400000,
    931454.0490251393
  ],
  [
    1559692800000,
    976074.0803198369
  ],
  [
    1559779200000,
    253886.17818780456
  ],
  [
    1559865600000,
    181323.9764992406
  ],
  [
    1559952000000,
    582069.4800050313
  ],
  [
    1560038400000,
    968241.5246792582
  ],
  [
    1560124800000,
    835708.9611027703
  ],
  [
    1560211200000,
    949914.9166134964
  ],
  [
    1560297600000,
    756095.7900082127
  ],
  [
    1560384000000,
    522137.6246868236
  ],
  [
    1560470400000,
    806737.438503718
  ],
  [
    1560556800000,
    781796.388233568
  ],
  [
    1560643200000,
    673708.8551574037
  ],
  [
    1560729600000,
    546085.2433299227
  ],
  [
    1560816000000,
    4962262.081550766
  ],
  [
    1560902400000,
    5571492.773081828
  ],
  [
    1560988800000,
    973627.9621317222
  ],
  [
    1561075200000,
    676826.1857559525
  ],
  [
    1561161600000,
    1171700.3763094472
  ],
  [
    1561248000000,
    1864461.564408137
  ],
  [
    1561334400000,
    650777.9819813435
  ],
  [
    1561420800000,
    310540.0029405839
  ],
  [
    1561507200000,
    1777378.9019931867
  ],
  [
    1561593600000,
    996304.1229479215
  ],
  [
    1561680000000,
    676847.6829612808
  ],
  [
    1561766400000,
    543106.098032965
  ],
  [
    1561852800000,
    2623871.3890684014
  ],
  [
    1561939200000,
    534167.3148269126
  ],
  [
    1562025600000,
    741584.8745009564
  ],
  [
    1562112000000,
    1192545.8137661326
  ],
  [
    1562198400000,
    1031247.4820071645
  ],
  [
    1562284800000,
    541124.7159305991
  ],
  [
    1562371200000,
    368493.80711204925
  ],
  [
    1562457600000,
    431470.6760274742
  ],
  [
    1562544000000,
    803966.7190385511
  ],
  [
    1562630400000,
    425968.5021210357
  ],
  [
    1562716800000,
    521894.09221021476
  ],
  [
    1562803200000,
    313922.5877390749
  ],
  [
    1562889600000,
    758715.4071522758
  ],
  [
    1562976000000,
    434049.60169653874
  ],
  [
    1563062400000,
    163989.72023397227
  ],
  [
    1563148800000,
    103943.98199388997
  ],
  [
    1563235200000,
    290821.729521685
  ],
  [
    1563321600000,
    337230.76916883746
  ],
  [
    1563408000000,
    194347.04945809316
  ],
  [
    1563494400000,
    304775.3006858129
  ],
  [
    1563580800000,
    185476.72152569494
  ],
  [
    1563667200000,
    832060.8038638042
  ],
  [
    1563753600000,
    146628.01966411684
  ],
  [
    1563840000000,
    234605.23685625682
  ],
  [
    1563926400000,
    201631.63966197643
  ],
  [
    1564012800000,
    149068.4502641037
  ],
  [
    1564099200000,
    172008.4447214473
  ],
  [
    1564185600000,
    218171.08351721984
  ],
  [
    1564272000000,
    207980.18460972738
  ],
  [
    1564358400000,
    205450.73822812596
  ],
  [
    1564444800000,
    321667.29727226304
  ],
  [
    1564531200000,
    330451.08949682495
  ],
  [
    1564617600000,
    183585.7655169483
  ],
  [
    1564704000000,
    205919.8506038089
  ],
  [
    1564790400000,
    119153.86151139581
  ],
  [
    1564876800000,
    104699.48901107634
  ],
  [
    1564963200000,
    166496.8140355558
  ],
  [
    1565049600000,
    313922.60970615083
  ],
  [
    1565136000000,
    562869.9770165887
  ],
  [
    1565222400000,
    796424.9000145352
  ],
  [
    1565308800000,
    894810.5787381751
  ],
  [
    1565395200000,
    275312.0999540108
  ],
  [
    1565481600000,
    174283.6121254922
  ],
  [
    1565568000000,
    165569.2667882955
  ],
  [
    1565654400000,
    487968.82891444524
  ],
  [
    1565740800000,
    478914.98237157194
  ],
  [
    1565827200000,
    1231682.1369630068
  ],
  [
    1565913600000,
    344788.7944700938
  ],
  [
    1566000000000,
    259433.33386210562
  ],
  [
    1566086400000,
    306336.06466529204
  ],
  [
    1566172800000,
    237608.4914937228
  ],
  [
    1566259200000,
    1873515.6659884087
  ],
  [
    1566345600000,
    420658.4514180827
  ],
  [
    1566432000000,
    705626.2652345567
  ],
  [
    1566518400000,
    716238.5383188219
  ],
  [
    1566604800000,
    662113.9557683876
  ],
  [
    1566691200000,
    599252.9948100351
  ],
  [
    1566777600000,
    763440.7529807327
  ],
  [
    1566864000000,
    404093.57310021925
  ],
  [
    1566950400000,
    486979.91720169777
  ],
  [
    1567036800000,
    433743.9264405911
  ],
  [
    1567123200000,
    471748.6312375143
  ],
  [
    1567209600000,
    489638.8160850542
  ],
  [
    1567296000000,
    133986.75533165626
  ],
  [
    1567382400000,
    125725.0440834688
  ],
  [
    1567468800000,
    970035.5212716173
  ],
  [
    1567555200000,
    265741.16472493915
  ],
  [
    1567641600000,
    962221.1748145495
  ],
  [
    1567728000000,
    326278.91328735463
  ],
  [
    1567814400000,
    205337.47625288164
  ],
  [
    1567900800000,
    176930.9185249931
  ],
  [
    1567987200000,
    156920.37023181093
  ],
  [
    1568073600000,
    159592.89934982345
  ],
  [
    1568160000000,
    264725.13263011014
  ],
  [
    1568246400000,
    231685.56396625153
  ],
  [
    1568332800000,
    185825.2435597623
  ],
  [
    1568419200000,
    104829.5390733419
  ],
  [
    1568505600000,
    68367.41219484182
  ],
  [
    1568592000000,
    286331.1080933148
  ],
  [
    1568678400000,
    148778.70441875895
  ],
  [
    1568764800000,
    207617.85247572127
  ],
  [
    1568851200000,
    671584.0551082555
  ],
  [
    1568937600000,
    409388.86628638225
  ],
  [
    1569024000000,
    208781.87745324924
  ],
  [
    1569110400000,
    122989.15655986544
  ],
  [
    1569196800000,
    187667.14809890598
  ],
  [
    1569283200000,
    391519.14143212984
  ],
  [
    1569369600000,
    317367.1328731398
  ],
  [
    1569456000000,
    205210.49087128814
  ],
  [
    1569542400000,
    441405.8166825203
  ],
  [
    1569628800000,
    158959.26193402545
  ],
  [
    1569715200000,
    127112.60177416996
  ],
  [
    1569801600000,
    139164.8411565508
  ],
  [
    1569888000000,
    134193.8447669826
  ],
  [
    1569974400000,
    1668953.535412706
  ],
  [
    1570060800000,
    1668953.535412706
  ],
  [
    1570147200000,
    579434.0858167893
  ],
  [
    1570233600000,
    577968.0628499397
  ],
  [
    1570320000000,
    469435.3206696409
  ],
  [
    1570406400000,
    743053.3734500533
  ],
  [
    1570492800000,
    1805208.667885992
  ],
  [
    1570579200000,
    3612539.9877338866
  ],
  [
    1570665600000,
    2291242.50669209
  ],
  [
    1570752000000,
    4047037.409110011
  ],
  [
    1570838400000,
    3413226.906921778
  ],
  [
    1570924800000,
    1810778.3837636213
  ],
  [
    1571011200000,
    3616238.131114784
  ],
  [
    1571097600000,
    1807013.0240004412
  ],
  [
    1571184000000,
    6172367.83813545
  ],
  [
    1571270400000,
    15123035.003447311
  ],
  [
    1571356800000,
    1362056.765501382
  ],
  [
    1571443200000,
    1241405.4652698669
  ],
  [
    1571529600000,
    1055868.9290638708
  ],
  [
    1571616000000,
    1178865.0732394224
  ],
  [
    1571702400000,
    2650738.3446490173
  ],
  [
    1571788800000,
    1402663.1590580728
  ],
  [
    1571875200000,
    7612834.027233117
  ],
  [
    1571961600000,
    2540360.8476106375
  ],
  [
    1572048000000,
    8948196.889728267
  ],
  [
    1572134400000,
    1705476.5423139073
  ],
  [
    1572220800000,
    8213276.330283365
  ],
  [
    1572307200000,
    15536275.284513513
  ],
  [
    1572393600000,
    5118804.820520885
  ],
  [
    1572480000000,
    1498791.1090025906
  ],
  [
    1572566400000,
    2495014.510928919
  ],
  [
    1572652800000,
    1191513.9691886238
  ],
  [
    1572739200000,
    1191432.853622576
  ],
  [
    1572825600000,
    1340807.7326269408
  ],
  [
    1572912000000,
    2593778.4325516187
  ],
  [
    1572998400000,
    1181699.240708669
  ],
  [
    1573084800000,
    63324639.945538655
  ],
  [
    1573171200000,
    1794609.0259194148
  ],
  [
    1573257600000,
    2558337.381286094
  ],
  [
    1573344000000,
    950915.6525858028
  ],
  [
    1573430400000,
    1055767.732052362
  ],
  [
    1573516800000,
    1051616.4267988442
  ],
  [
    1573603200000,
    1081626.6381711387
  ],
  [
    1573689600000,
    2601739.934478732
  ],
  [
    1573776000000,
    5635548.257503819
  ],
  [
    1573862400000,
    1961454.2716565514
  ],
  [
    1573948800000,
    1136426.0022309176
  ],
  [
    1574035200000,
    1143318.7668592345
  ],
  [
    1574121600000,
    1167614.0505463511
  ],
  [
    1574208000000,
    2758901.8453735393
  ],
  [
    1574294400000,
    1306734.1833841659
  ],
  [
    1574380800000,
    1271181.2860705047
  ],
  [
    1574467200000,
    1329334.212245497
  ],
  [
    1574553600000,
    1183393.017368483
  ],
  [
    1574640000000,
    1154125.726420402
  ],
  [
    1574726400000,
    1416639.1948959236
  ],
  [
    1574812800000,
    2186479.820458236
  ],
  [
    1574899200000,
    1633920.0182183138
  ],
  [
    1574985600000,
    1731947.0154449088
  ],
  [
    1575072000000,
    1335386.0699384506
  ],
  [
    1575158400000,
    1558863.8579130352
  ],
  [
    1575244800000,
    1457675.0049452297
  ],
  [
    1575331200000,
    1205557.245253544
  ],
  [
    1575417600000,
    1138750.877947474
  ],
  [
    1575504000000,
    1177717.0267394949
  ],
  [
    1575590400000,
    1162590.4866784068
  ],
  [
    1575676800000,
    1322436.0687763956
  ],
  [
    1575763200000,
    1087556.1508763775
  ],
  [
    1575849600000,
    1742431.2591960682
  ],
  [
    1575936000000,
    1198499.928480911
  ],
  [
    1576022400000,
    1259443.3605588395
  ],
  [
    1576108800000,
    1131717.162720898
  ],
  [
    1576195200000,
    1085321.6277604913
  ],
  [
    1576281600000,
    1335617.575437364
  ],
  [
    1576368000000,
    1214324.4923416283
  ],
  [
    1576454400000,
    1067231.5428390114
  ],
  [
    1576540800000,
    3156559.368880391
  ],
  [
    1576627200000,
    1410868.2159287315
  ],
  [
    1576713600000,
    3084210.078804122
  ],
  [
    1576800000000,
    886250.2577806832
  ],
  [
    1576886400000,
    841004.4241368626
  ],
  [
    1576972800000,
    794431.9033070054
  ],
  [
    1577059200000,
    886608.3048987386
  ],
  [
    1577145600000,
    910908.1777931661
  ],
  [
    1577232000000,
    801316.4938330775
  ],
  [
    1577318400000,
    219876.74933394368
  ],
  [
    1577404800000,
    856894.1163387293
  ],
  [
    1577491200000,
    846046.7258014136
  ],
  [
    1577577600000,
    823612.7239916258
  ],
  [
    1577664000000,
    1326773.0813056992
  ],
  [
    1577750400000,
    366077.6783685997
  ],
  [
    1577836800000,
    851521.5543378716
  ],
  [
    1577923200000,
    1022980.8555363739
  ],
  [
    1578009600000,
    1066099.5192712997
  ],
  [
    1578096000000,
    871379.968657665
  ],
  [
    1578182400000,
    1312279.9383385193
  ],
  [
    1578268800000,
    858227.6863556356
  ],
  [
    1578355200000,
    1164587.3781404507
  ],
  [
    1578441600000,
    960580.0872206049
  ],
  [
    1578528000000,
    2065234.2505486894
  ],
  [
    1578614400000,
    1055273.2639149525
  ],
  [
    1578700800000,
    3174159.537935081
  ],
  [
    1578787200000,
    1015246.3198753718
  ],
  [
    1578873600000,
    1136532.4061528512
  ],
  [
    1578960000000,
    939369.8802124524
  ],
  [
    1579046400000,
    947472.4798722322
  ],
  [
    1579132800000,
    1146523.9561594368
  ],
  [
    1579219200000,
    1217497.8820024296
  ],
  [
    1579305600000,
    1185737.9559194185
  ],
  [
    1579392000000,
    2022831.2925047711
  ],
  [
    1579478400000,
    3052257.8069953322
  ],
  [
    1579564800000,
    1132293.0227439082
  ],
  [
    1579651200000,
    1010059.2518951923
  ],
  [
    1579737600000,
    983364.0730659985
  ],
  [
    1579824000000,
    1047866.7807776234
  ],
  [
    1579910400000,
    908341.5276963768
  ],
  [
    1579996800000,
    1004798.8486339671
  ],
  [
    1580083200000,
    926117.9413916518
  ],
  [
    1580169600000,
    968229.4314216531
  ],
  [
    1580256000000,
    1107736.752317866
  ],
  [
    1580342400000,
    1021290.5644420331
  ],
  [
    1580428800000,
    2779844.6646943367
  ],
  [
    1580515200000,
    1104921.6058353246
  ],
  [
    1580601600000,
    5041400.881002698
  ],
  [
    1580688000000,
    2569330.4248349695
  ],
  [
    1580774400000,
    1762270.0923353503
  ],
  [
    1580860800000,
    1799532.1403646546
  ],
  [
    1580947200000,
    1380711.5127465809
  ],
  [
    1581033600000,
    1422944.1234612472
  ],
  [
    1581120000000,
    1718007.0415818687
  ],
  [
    1581206400000,
    1549066.8377866258
  ],
  [
    1581292800000,
    1810383.0963096234
  ],
  [
    1581379200000,
    2695268.3895384166
  ],
  [
    1581465600000,
    1525140.2234064538
  ],
  [
    1581552000000,
    2257828.4946650914
  ],
  [
    1581638400000,
    1935687.4800117451
  ],
  [
    1581724800000,
    2251084.6717296247
  ],
  [
    1581811200000,
    2351042.115962726
  ],
  [
    1581897600000,
    4318471.611540292
  ],
  [
    1581984000000,
    2156592.105131176
  ],
  [
    1582070400000,
    1672098.4025083315
  ],
  [
    1582156800000,
    1237208.9313133939
  ],
  [
    1582243200000,
    1287254.559320839
  ],
  [
    1582329600000,
    1227882.3903600385
  ],
  [
    1582416000000,
    475851.0458534849
  ],
  [
    1582502400000,
    1453523.6582609362
  ],
  [
    1582588800000,
    1162947.499587747
  ],
  [
    1582675200000,
    1191180.525809348
  ],
  [
    1582761600000,
    1182450.670994539
  ],
  [
    1582848000000,
    1122138.8672855566
  ],
  [
    1582934400000,
    1043028.3549750114
  ],
  [
    1583020800000,
    1186608.6094661374
  ],
  [
    1583107200000,
    990376.8595793218
  ],
  [
    1583193600000,
    1049736.6265721328
  ],
  [
    1583280000000,
    2395494.8581015547
  ],
  [
    1583366400000,
    1496245.8496626823
  ],
  [
    1583452800000,
    1835552.109684274
  ],
  [
    1583539200000,
    1291042.2339970972
  ],
  [
    1583625600000,
    1199467.8630439695
  ],
  [
    1583712000000,
    1031987.3812192766
  ],
  [
    1583798400000,
    948946.9931200808
  ],
  [
    1583884800000,
    1003225.6948022412
  ],
  [
    1583971200000,
    1072733.9397184614
  ],
  [
    1584057600000,
    603827.0810124443
  ],
  [
    1584144000000,
    1603055.5610273355
  ],
  [
    1584230400000,
    669477.6418854678
  ],
  [
    1584316800000,
    635730.742806559
  ],
  [
    1584403200000,
    160105.8400067929
  ],
  [
    1584489600000,
    352699.1309286182
  ],
  [
    1584576000000,
    197072.92544277836
  ],
  [
    1584662400000,
    341895.8706068033
  ],
  [
    1584748800000,
    700389.1171219387
  ],
  [
    1584835200000,
    571975.4494722249
  ],
  [
    1584921600000,
    291650.845539449
  ],
  [
    1585008000000,
    310657.9245436399
  ],
  [
    1585094400000,
    171103.52857511412
  ],
  [
    1585180800000,
    338560.89931181475
  ],
  [
    1585267200000,
    946271.3760385253
  ],
  [
    1585353600000,
    1314261.816998347
  ],
  [
    1585440000000,
    388234.3168088455
  ],
  [
    1585526400000,
    370696.9032820867
  ],
  [
    1585612800000,
    487415.05606693955
  ],
  [
    1585699200000,
    1466308.2357740037
  ],
  [
    1585785600000,
    521061.8240327563
  ],
  [
    1585872000000,
    530709.1206527901
  ],
  [
    1585958400000,
    519952.22436048253
  ],
  [
    1586044800000,
    542125.9648320639
  ],
  [
    1586131200000,
    687282.4029902837
  ],
  [
    1586217600000,
    1170104.3255079628
  ],
  [
    1586304000000,
    673461.0656599029
  ],
  [
    1586390400000,
    617215.3241269153
  ],
  [
    1586476800000,
    643568.5603895149
  ],
  [
    1586563200000,
    1439678.310099429
  ],
  [
    1586649600000,
    549424.7445232299
  ],
  [
    1586736000000,
    662312.030339118
  ],
  [
    1586822400000,
    879394.5536068333
  ],
  [
    1586908800000,
    539878.7571560986
  ],
  [
    1586995200000,
    695124.407758132
  ],
  [
    1587081600000,
    704369.1238072375
  ],
  [
    1587168000000,
    630979.7841351427
  ],
  [
    1587254400000,
    711124.1844504392
  ],
  [
    1587340800000,
    547356.6747281138
  ],
  [
    1587427200000,
    587183.4245745476
  ],
  [
    1587513600000,
    1037165.8993952995
  ],
  [
    1587600000000,
    844250.9790525725
  ],
  [
    1587686400000,
    577070.7347342286
  ],
  [
    1587772800000,
    595087.0365466119
  ],
  [
    1587859200000,
    696667.981877729
  ],
  [
    1587945600000,
    685992.9252276751
  ],
  [
    1588032000000,
    697251.3544439836
  ],
  [
    1588118400000,
    2835528.6809138623
  ],
  [
    1588204800000,
    1609932.12187937
  ],
  [
    1588291200000,
    908765.6988308519
  ],
  [
    1588377600000,
    3662161.827118876
  ],
  [
    1588464000000,
    1292767.9307553396
  ],
  [
    1588550400000,
    955474.7916809866
  ],
  [
    1588636800000,
    778518.2020993571
  ],
  [
    1588723200000,
    2626105.6179460427
  ],
  [
    1588809600000,
    853294.5513947608
  ],
  [
    1588896000000,
    975821.5403058582
  ],
  [
    1588982400000,
    1056399.4610256895
  ],
  [
    1589068800000,
    763341.8506923873
  ],
  [
    1589155200000,
    885670.1692743597
  ],
  [
    1589241600000,
    858817.3887647068
  ],
  [
    1589328000000,
    649448.6464739732
  ],
  [
    1589414400000,
    646118.8675400813
  ],
  [
    1589500800000,
    664843.9703773599
  ],
  [
    1589587200000,
    654836.1331121563
  ],
  [
    1589673600000,
    816192.4029250873
  ],
  [
    1589760000000,
    775429.3517037577
  ],
  [
    1589846400000,
    698444.1810892591
  ],
  [
    1589932800000,
    873515.8449875325
  ],
  [
    1590019200000,
    725517.7192705849
  ],
  [
    1590105600000,
    1375956.9972517171
  ],
  [
    1590192000000,
    858112.05897787
  ],
  [
    1590278400000,
    832427.552161088
  ],
  [
    1590364800000,
    757928.5482656703
  ],
  [
    1590451200000,
    1367571.127233158
  ],
  [
    1590537600000,
    1053760.8872453384
  ],
  [
    1590624000000,
    2542923.278184601
  ],
  [
    1590710400000,
    1555215.7603667222
  ],
  [
    1590796800000,
    1876728.4354710132
  ],
  [
    1590883200000,
    1445047.598625379
  ],
  [
    1590969600000,
    1155901.4855289047
  ],
  [
    1591056000000,
    1011046.1040712931
  ],
  [
    1591142400000,
    1179121.6833640535
  ],
  [
    1591228800000,
    1104354.6761879567
  ],
  [
    1591315200000,
    1168750.5536688329
  ],
  [
    1591401600000,
    1088214.2963707424
  ],
  [
    1591488000000,
    886962.8759491763
  ],
  [
    1591574400000,
    1731795.5104715573
  ],
  [
    1591660800000,
    2353525.5330761443
  ],
  [
    1591747200000,
    8777086.866231212
  ],
  [
    1591833600000,
    4689851.268857254
  ],
  [
    1591920000000,
    1880794.1863898572
  ],
  [
    1592006400000,
    2461184.2963276776
  ],
  [
    1592092800000,
    1823324.1037210687
  ],
  [
    1592179200000,
    2192041.991704689
  ],
  [
    1592265600000,
    2156289.285360798
  ],
  [
    1592352000000,
    1653813.0471597093
  ],
  [
    1592438400000,
    2132618.718922947
  ],
  [
    1592524800000,
    1887922.656831796
  ],
  [
    1592611200000,
    754542.0929120423
  ],
  [
    1592697600000,
    1153175.2218653397
  ],
  [
    1592784000000,
    3179248.57822827
  ],
  [
    1592870400000,
    3570908.499188446
  ],
  [
    1592956800000,
    2871154.7686523898
  ],
  [
    1593043200000,
    2137554.1687180735
  ],
  [
    1593129600000,
    1772824.3435965262
  ],
  [
    1593216000000,
    1747534.767508785
  ],
  [
    1593302400000,
    1448408.700630895
  ],
  [
    1593388800000,
    1389043.4170119397
  ],
  [
    1593475200000,
    591433.2258867422
  ],
  [
    1593561600000,
    426223.25148740475
  ],
  [
    1593648000000,
    1107009.0182868014
  ],
  [
    1593734400000,
    386432.417151693
  ],
  [
    1593820800000,
    1753889.3052504314
  ],
  [
    1593907200000,
    1279071.8619734766
  ],
  [
    1593993600000,
    1165375.7978302483
  ],
  [
    1594080000000,
    1559501.3349775672
  ],
  [
    1594166400000,
    1419343.5045071281
  ],
  [
    1594252800000,
    1495318.1245781314
  ],
  [
    1594339200000,
    840184.1922935091
  ],
  [
    1594425600000,
    2547959.2125562793
  ],
  [
    1594512000000,
    547377.9257261879
  ],
  [
    1594598400000,
    1028765.5376198723
  ],
  [
    1594684800000,
    2393620.42085792
  ],
  [
    1594771200000,
    388710.81315373175
  ],
  [
    1594857600000,
    1735269.8783874225
  ],
  [
    1594944000000,
    505748.1057487853
  ],
  [
    1595030400000,
    1716813.833992674
  ],
  [
    1595116800000,
    1764308.7956894685
  ],
  [
    1595203200000,
    1673861.6354591914
  ],
  [
    1595289600000,
    1964434.7761694465
  ],
  [
    1595376000000,
    3363192.190638035
  ],
  [
    1595462400000,
    2594756.242336654
  ],
  [
    1595548800000,
    2418541.7605126565
  ],
  [
    1595635200000,
    1884658.0164263686
  ],
  [
    1595721600000,
    324013.84495711984
  ],
  [
    1595808000000,
    2204763.337095369
  ],
  [
    1595894400000,
    958420.2600536855
  ],
  [
    1595980800000,
    1129360.172917768
  ],
  [
    1596067200000,
    1940381.2210999038
  ],
  [
    1596153600000,
    489729.53907010175
  ],
  [
    1596240000000,
    2161648.427728683
  ],
  [
    1596326400000,
    277606.6085509584
  ],
  [
    1596412800000,
    2055202.8719402852
  ],
  [
    1596499200000,
    1616043.8532981675
  ],
  [
    1596585600000,
    2026066.2983222082
  ],
  [
    1596672000000,
    1949873.0241373533
  ],
  [
    1596758400000,
    1607377.8083488238
  ],
  [
    1596844800000,
    310479.75146148953
  ],
  [
    1596931200000,
    2131569.771363383
  ],
  [
    1597017600000,
    1682278.9804700632
  ],
  [
    1597104000000,
    2661806.4130325005
  ],
  [
    1597190400000,
    2522835.857745007
  ],
  [
    1597276800000,
    2846276.7552906377
  ],
  [
    1597363200000,
    4866444.020466842
  ],
  [
    1597449600000,
    2070605.8445606139
  ],
  [
    1597536000000,
    3202318.86470115
  ],
  [
    1597622400000,
    981238.6788900374
  ],
  [
    1597708800000,
    6461893.5233213985
  ],
  [
    1597795200000,
    4038550.7673617145
  ],
  [
    1597881600000,
    3576266.376019547
  ],
  [
    1597968000000,
    3201321.3221504083
  ],
  [
    1598054400000,
    3241833.0371337226
  ],
  [
    1598140800000,
    2479179.904309319
  ],
  [
    1598227200000,
    3079184.483871416
  ],
  [
    1598313600000,
    593316.0146120319
  ],
  [
    1598400000000,
    4501090.6145103285
  ],
  [
    1598486400000,
    518247.69457268296
  ],
  [
    1598572800000,
    2913989.482040806
  ],
  [
    1598659200000,
    2700748.570829552
  ],
  [
    1598745600000,
    2512758.7433357434
  ],
  [
    1598832000000,
    3036826.698228361
  ],
  [
    1598918400000,
    2813443.605430098
  ],
  [
    1599004800000,
    755129.58019245
  ],
  [
    1599091200000,
    1697290.3451399512
  ],
  [
    1599177600000,
    2637063.1800045674
  ],
  [
    1599264000000,
    1104732.4638337647
  ],
  [
    1599350400000,
    2206218.8431405853
  ],
  [
    1599436800000,
    686326.888619683
  ],
  [
    1599523200000,
    354461.857603458
  ],
  [
    1599609600000,
    1362735.369861164
  ],
  [
    1599696000000,
    2283860.409223539
  ],
  [
    1599782400000,
    2187500.7942925524
  ],
  [
    1599868800000,
    1885034.342804441
  ],
  [
    1599955200000,
    1766832.593603344
  ],
  [
    1600041600000,
    1701975.5908216855
  ],
  [
    1600128000000,
    1841775.1359315522
  ],
  [
    1600214400000,
    1496340.2790383727
  ],
  [
    1600300800000,
    1573925.1075853633
  ],
  [
    1600387200000,
    275405.2894568282
  ],
  [
    1600473600000,
    145944.29457894608
  ],
  [
    1600560000000,
    1216093.5811178205
  ],
  [
    1600646400000,
    1182973.3900280674
  ],
  [
    1600732800000,
    1711360.721174629
  ],
  [
    1600819200000,
    1582702.8723712752
  ],
  [
    1600905600000,
    974258.8262060029
  ],
  [
    1600992000000,
    960142.8699625998
  ],
  [
    1601078400000,
    1367841.5712657105
  ],
  [
    1601164800000,
    1152226.746678724
  ],
  [
    1601251200000,
    201771.76639323035
  ],
  [
    1601337600000,
    1173911.1500994463
  ],
  [
    1601424000000,
    1042223.5138382391
  ],
  [
    1601510400000,
    1444091.5725915574
  ],
  [
    1601596800000,
    1173836.380336116
  ],
  [
    1601683200000,
    1227721.6850321945
  ],
  [
    1601769600000,
    850402.954232594
  ],
  [
    1601856000000,
    1125291.2476661564
  ],
  [
    1601942400000,
    1103905.379984517
  ],
  [
    1602028800000,
    893975.5239368451
  ],
  [
    1602115200000,
    903784.7684256787
  ],
  [
    1602201600000,
    819045.1183579619
  ],
  [
    1602288000000,
    1242006.2697690225
  ],
  [
    1602374400000,
    1079868.160054078
  ],
  [
    1602460800000,
    1086635.7172566268
  ],
  [
    1602547200000,
    1093827.8139051367
  ],
  [
    1602633600000,
    1102748.725017391
  ],
  [
    1602720000000,
    1175397.6595706937
  ],
  [
    1602806400000,
    1074412.9366571812
  ],
  [
    1602892800000,
    1030055.0683692906
  ],
  [
    1602979200000,
    2250186.9347173464
  ],
  [
    1603065600000,
    1201856.7055942602
  ],
  [
    1603152000000,
    1069955.2233270844
  ],
  [
    1603238400000,
    178791.14715623448
  ],
  [
    1603324800000,
    1129684.0088705632
  ],
  [
    1603411200000,
    74966.35266978802
  ],
  [
    1603497600000,
    1248040.9887860545
  ],
  [
    1603584000000,
    1137945.2918215585
  ],
  [
    1603670400000,
    1077093.6866740603
  ],
  [
    1603756800000,
    967981.358113816
  ],
  [
    1603843200000,
    1016537.5662398991
  ],
  [
    1603929600000,
    921495.2411198348
  ],
  [
    1604016000000,
    914587.6084681518
  ],
  [
    1604102400000,
    188933.9800896104
  ],
  [
    1604188800000,
    2259369.684072514
  ],
  [
    1604275200000,
    849390.0071322226
  ],
  [
    1604361600000,
    109311.90572679308
  ],
  [
    1604448000000,
    866951.6346849379
  ],
  [
    1604534400000,
    57659.70208290609
  ],
  [
    1604620800000,
    85128.11956515057
  ],
  [
    1604707200000,
    1169922.6757256216
  ],
  [
    1604793600000,
    1071118.5801246392
  ],
  [
    1604880000000,
    1018365.3062427918
  ],
  [
    1604966400000,
    916124.1400643943
  ],
  [
    1605052800000,
    1884617.7954209724
  ],
  [
    1605139200000,
    1235701.5409731434
  ],
  [
    1605225600000,
    129389.9736777093
  ],
  [
    1605312000000,
    84035.78023665922
  ],
  [
    1605398400000,
    90485.42166303282
  ],
  [
    1605484800000,
    92331.35195774314
  ],
  [
    1605571200000,
    85381.08731276053
  ],
  [
    1605657600000,
    222816.66116890634
  ],
  [
    1605744000000,
    171254.53602728384
  ],
  [
    1605830400000,
    802216.7538015239
  ],
  [
    1605916800000,
    927949.4062513242
  ],
  [
    1606003200000,
    1192589.8433430023
  ],
  [
    1606089600000,
    1322711.8033253946
  ],
  [
    1606176000000,
    2277325.3686635243
  ],
  [
    1606262400000,
    1694240.0914527103
  ],
  [
    1606348800000,
    3561779.9375286135
  ],
  [
    1606435200000,
    2403384.173810411
  ],
  [
    1606521600000,
    2822456.4446131256
  ],
  [
    1606608000000,
    2714583.023715275
  ],
  [
    1606694400000,
    1746657.0050490403
  ],
  [
    1606780800000,
    1936944.7728211263
  ],
  [
    1606867200000,
    1550803.5657906216
  ],
  [
    1606953600000,
    2139785.4681696263
  ],
  [
    1607040000000,
    2115811.6680111876
  ],
  [
    1607126400000,
    1180430.7479941037
  ],
  [
    1607212800000,
    883583.0951164658
  ],
  [
    1607299200000,
    801238.8774868621
  ],
  [
    1607385600000,
    722906.5850759238
  ],
  [
    1607472000000,
    673190.0451006513
  ],
  [
    1607558400000,
    804011.9430579637
  ],
  [
    1607644800000,
    637615.6686506355
  ],
  [
    1607731200000,
    579011.534091931
  ],
  [
    1607817600000,
    702820.0870237226
  ],
  [
    1607904000000,
    726363.4857352905
  ],
  [
    1607990400000,
    613468.4156756096
  ],
  [
    1608076800000,
    693622.1132400905
  ],
  [
    1608163200000,
    860897.5574147104
  ],
  [
    1608249600000,
    1392022.6831379505
  ],
  [
    1608336000000,
    1068786.3454806968
  ],
  [
    1608422400000,
    3280119.6260388284
  ],
  [
    1608508800000,
    1209993.6071944644
  ],
  [
    1608595200000,
    162221.56358141944
  ],
  [
    1608681600000,
    854341.2193242484
  ],
  [
    1608768000000,
    849877.4888045583
  ],
  [
    1608854400000,
    843124.2299595114
  ],
  [
    1608940800000,
    686261.388982472
  ],
  [
    1609027200000,
    670977.3078370884
  ],
  [
    1609113600000,
    816178.3859637935
  ],
  [
    1609200000000,
    165666.58558435342
  ],
  [
    1609286400000,
    873719.6124361643
  ],
  [
    1609372800000,
    234439.30255257638
  ],
  [
    1609459200000,
    548243.6854775092
  ],
  [
    1609545600000,
    869804.7444576221
  ],
  [
    1609632000000,
    973467.7163088153
  ],
  [
    1609718400000,
    195125.1270821343
  ],
  [
    1609804800000,
    590766.7287914053
  ],
  [
    1609891200000,
    2272268.059043119
  ],
  [
    1609977600000,
    2185072.4475679216
  ],
  [
    1610064000000,
    673319.1668776874
  ],
  [
    1610150400000,
    575451.7899412735
  ],
  [
    1610236800000,
    4508186.296981018
  ],
  [
    1610323200000,
    1000055.977526405
  ],
  [
    1610409600000,
    1004563.6437243073
  ],
  [
    1610496000000,
    239291.84022928323
  ],
  [
    1610582400000,
    325557.9327054609
  ],
  [
    1610668800000,
    691013.7958778186
  ],
  [
    1610755200000,
    715444.7401112897
  ],
  [
    1610841600000,
    637924.304813642
  ],
  [
    1610928000000,
    327212.71776799374
  ],
  [
    1611014400000,
    670024.2538604476
  ],
  [
    1611100800000,
    748415.4941390875
  ],
  [
    1611187200000,
    642070.530255672
  ],
  [
    1611273600000,
    903390.7876606976
  ],
  [
    1611360000000,
    868037.072631077
  ],
  [
    1611446400000,
    1449412.3258922335
  ],
  [
    1611532800000,
    623744.4703884731
  ],
  [
    1611619200000,
    308796.6503684797
  ],
  [
    1611705600000,
    319933.55651458236
  ],
  [
    1611792000000,
    419714.95951778843
  ],
  [
    1611878400000,
    400972.21665766573
  ],
  [
    1611964800000,
    657855.2078453823
  ],
  [
    1612051200000,
    1312861.8087573866
  ],
  [
    1612137600000,
    5904271.171984467
  ],
  [
    1612224000000,
    1310499.9834134795
  ],
  [
    1612310400000,
    3622480.115438333
  ],
  [
    1612396800000,
    1057744.329441178
  ],
  [
    1612483200000,
    920794.4261789962
  ],
  [
    1612569600000,
    2379717.1095416057
  ],
  [
    1612656000000,
    1362548.2278862323
  ],
  [
    1612742400000,
    1055766.2069408866
  ],
  [
    1612828800000,
    1024313.2276128776
  ],
  [
    1612915200000,
    1189034.6387354052
  ],
  [
    1613001600000,
    1492283.5443588584
  ],
  [
    1613088000000,
    1176258.9670099055
  ],
  [
    1613174400000,
    1082071.4801371996
  ],
  [
    1613260800000,
    2204360.4102809913
  ],
  [
    1613347200000,
    10872455.692361016
  ],
  [
    1613433600000,
    6798595.556005635
  ],
  [
    1613520000000,
    1842868.0732880393
  ],
  [
    1613606400000,
    2830693.2817023876
  ],
  [
    1613692800000,
    1230398.8271947615
  ],
  [
    1613779200000,
    4322865.780821431
  ],
  [
    1613865600000,
    3496564.799621512
  ],
  [
    1613952000000,
    2014616.9192044116
  ],
  [
    1614038400000,
    20149349.916930173
  ],
  [
    1614124800000,
    4019597.8315146584
  ],
  [
    1614211200000,
    2105007.426766437
  ],
  [
    1614297600000,
    922554.4064172182
  ],
  [
    1614384000000,
    892654.9038760383
  ],
  [
    1614470400000,
    1898618.0393561884
  ],
  [
    1614556800000,
    859436.7008664785
  ],
  [
    1614643200000,
    551018.3023569809
  ],
  [
    1614729600000,
    690687.3817876636
  ],
  [
    1614816000000,
    691352.184647523
  ],
  [
    1614902400000,
    1970482.4048553833
  ],
  [
    1614988800000,
    1369577.8479880437
  ],
  [
    1615075200000,
    579547.8196307999
  ],
  [
    1615161600000,
    1828632.1383187764
  ],
  [
    1615248000000,
    989546.9019451793
  ],
  [
    1615334400000,
    686188.3613422627
  ],
  [
    1615420800000,
    1227008.2375384516
  ],
  [
    1615507200000,
    8176219.792197972
  ],
  [
    1615593600000,
    1254391.6253216816
  ],
  [
    1615680000000,
    1842570.9902872092
  ],
  [
    1615766400000,
    7006172.792168226
  ],
  [
    1615852800000,
    2418216.3390950477
  ],
  [
    1615939200000,
    6102975.235290069
  ],
  [
    1616025600000,
    3010740.7263542986
  ],
  [
    1616112000000,
    1439145.6172035288
  ],
  [
    1616198400000,
    861579.9336199485
  ],
  [
    1616284800000,
    2396883.281376721
  ],
  [
    1616371200000,
    2617829.1427658526
  ],
  [
    1616457600000,
    2394230.710048068
  ],
  [
    1616544000000,
    1632519.25128057
  ],
  [
    1616630400000,
    1036316.454265681
  ],
  [
    1616716800000,
    644052.7476244607
  ],
  [
    1616803200000,
    515561.7326794313
  ],
  [
    1616889600000,
    3899032.249754957
  ],
  [
    1616976000000,
    67027501.51422342
  ],
  [
    1617062400000,
    54974066.14552345
  ],
  [
    1617148800000,
    9545556.22499996
  ],
  [
    1617235200000,
    5446769.054758019
  ],
  [
    1617321600000,
    6063806.08038911
  ],
  [
    1617408000000,
    3501191.9354799464
  ],
  [
    1617494400000,
    4421384.852824282
  ],
  [
    1617580800000,
    3092303.1502799196
  ],
  [
    1617667200000,
    2296379.2105014813
  ],
  [
    1617753600000,
    5639181.021283511
  ],
  [
    1617840000000,
    2587851.8411454796
  ],
  [
    1617926400000,
    1720212.8441657755
  ],
  [
    1618012800000,
    3516880.4008048936
  ],
  [
    1618099200000,
    12267465.99133328
  ],
  [
    1618185600000,
    11367587.047804568
  ],
  [
    1618272000000,
    1930575.892184671
  ],
  [
    1618358400000,
    2652872.8812571587
  ],
  [
    1618444800000,
    2681053.3260968546
  ],
  [
    1618531200000,
    2991442.2860263027
  ],
  [
    1618617600000,
    2482393.5471349717
  ],
  [
    1618704000000,
    2265662.2386710155
  ],
  [
    1618790400000,
    1676454.5038810582
  ],
  [
    1618876800000,
    1943880.6990030948
  ],
  [
    1618963200000,
    2266854.452303517
  ],
  [
    1619049600000,
    3895709.8148734313
  ],
  [
    1619136000000,
    3023686.692763819
  ],
  [
    1619222400000,
    10694928.038978161
  ],
  [
    1619308800000,
    4394702.6591827525
  ],
  [
    1619395200000,
    6521952.295279753
  ],
  [
    1619481600000,
    2780792.3612715956
  ],
  [
    1619568000000,
    1797082.1740558585
  ],
  [
    1619654400000,
    1328871.1001509228
  ],
  [
    1619740800000,
    2254665.816497427
  ],
  [
    1619827200000,
    1357185.0987820684
  ],
  [
    1619913600000,
    2330511.3731920402
  ],
  [
    1620000000000,
    987801.2392539445
  ],
  [
    1620086400000,
    1409499.0169582414
  ],
  [
    1620172800000,
    1596041.8481113343
  ],
  [
    1620259200000,
    1171410.7871011593
  ],
  [
    1620345600000,
    1233102.315212931
  ],
  [
    1620432000000,
    1905996.4395785632
  ],
  [
    1620518400000,
    1080758.9911214595
  ],
  [
    1620604800000,
    659460.4693315207
  ],
  [
    1620691200000,
    1829369.0059175736
  ],
  [
    1620777600000,
    8349731.633998173
  ],
  [
    1620864000000,
    3458764.6297967043
  ],
  [
    1620950400000,
    1115430.0631056682
  ],
  [
    1621036800000,
    1386040.9877798373
  ],
  [
    1621123200000,
    860024.3859215546
  ],
  [
    1621209600000,
    1151652.9244105744
  ],
  [
    1621296000000,
    740074.9626032196
  ],
  [
    1621382400000,
    1052994.1836508627
  ],
  [
    1621468800000,
    2188134.441522407
  ],
  [
    1621555200000,
    696657.7680490603
  ],
  [
    1621641600000,
    761219.1350799657
  ],
  [
    1621728000000,
    397473.8011213328
  ],
  [
    1621814400000,
    934347.9596397529
  ],
  [
    1621900800000,
    2293200.573020239
  ],
  [
    1621987200000,
    524314.8212177354
  ],
  [
    1622073600000,
    877955.541289121
  ],
  [
    1622160000000,
    651775.7877472334
  ],
  [
    1622246400000,
    462783.79627803847
  ],
  [
    1622332800000,
    594296.671719639
  ],
  [
    1622419200000,
    503679.5698254102
  ],
  [
    1622505600000,
    265653.2823657122
  ],
  [
    1622592000000,
    652832.9235879434
  ],
  [
    1622678400000,
    758084.0309476119
  ],
  [
    1622764800000,
    954565.2967554781
  ],
  [
    1622851200000,
    541528.397384932
  ],
  [
    1622937600000,
    1128716.2797817087
  ],
  [
    1623024000000,
    735921.0683737488
  ],
  [
    1623110400000,
    900193.0631151361
  ],
  [
    1623196800000,
    592495.1206698484
  ],
  [
    1623283200000,
    973473.749711247
  ],
  [
    1623369600000,
    248768.34694654885
  ],
  [
    1623456000000,
    248670.42305252462
  ],
  [
    1623542400000,
    302954.29425803194
  ],
  [
    1623628800000,
    1476313.1086665215
  ],
  [
    1623715200000,
    808694.3668319511
  ],
  [
    1623801600000,
    552289.8557160619
  ],
  [
    1623888000000,
    563633.0042735226
  ],
  [
    1623974400000,
    119442.52223831962
  ],
  [
    1624060800000,
    431115.76233443065
  ],
  [
    1624147200000,
    1261443.5405882285
  ],
  [
    1624233600000,
    1377899.1795490829
  ],
  [
    1624320000000,
    616177.2224965154
  ],
  [
    1624406400000,
    429828.4561114033
  ],
  [
    1624492800000,
    168846.02296033187
  ],
  [
    1624579200000,
    267406.4288899902
  ],
  [
    1624665600000,
    276459.3109677071
  ],
  [
    1624752000000,
    169499.55740928213
  ],
  [
    1624838400000,
    407594.03149746015
  ],
  [
    1624924800000,
    161958.4062404212
  ],
  [
    1625011200000,
    744329.4800269924
  ],
  [
    1625097600000,
    323426.7548599079
  ],
  [
    1625184000000,
    186349.5870790699
  ],
  [
    1625270400000,
    499127.91639210883
  ],
  [
    1625356800000,
    97265.8293472419
  ],
  [
    1625443200000,
    256002.91754304967
  ],
  [
    1625529600000,
    162285.85308266096
  ],
  [
    1625616000000,
    674420.4847616977
  ],
  [
    1625702400000,
    774352.6135539757
  ],
  [
    1625788800000,
    1558957.6575975877
  ],
  [
    1625875200000,
    142817.40453031714
  ],
  [
    1625961600000,
    155468.0551284018
  ],
  [
    1626048000000,
    100778.46174040351
  ],
  [
    1626134400000,
    348810.67213820305
  ],
  [
    1626220800000,
    215556.2130676517
  ],
  [
    1626307200000,
    172940.3884787266
  ],
  [
    1626393600000,
    131663.38224804628
  ],
  [
    1626480000000,
    109463.58541421135
  ],
  [
    1626566400000,
    360538.17843979556
  ],
  [
    1626652800000,
    324644.93313858885
  ],
  [
    1626739200000,
    459889.7710241919
  ],
  [
    1626825600000,
    348688.78762227506
  ],
  [
    1626912000000,
    102196.8578012821
  ],
  [
    1626998400000,
    425492.664162848
  ],
  [
    1627084800000,
    241639.40164371222
  ],
  [
    1627171200000,
    104220.27698857621
  ],
  [
    1627257600000,
    6833247.524007904
  ],
  [
    1627344000000,
    6274873.803714777
  ],
  [
    1627430400000,
    1758955.6401639325
  ],
  [
    1627516800000,
    1306346.846938673
  ],
  [
    1627603200000,
    1683132.9147797606
  ],
  [
    1627689600000,
    1223754.3354017993
  ],
  [
    1627776000000,
    590849.4135096887
  ],
  [
    1627862400000,
    696049.5590883339
  ],
  [
    1627948800000,
    628177.4353624646
  ],
  [
    1628035200000,
    405526.19515855215
  ],
  [
    1628121600000,
    465961.7395998115
  ],
  [
    1628208000000,
    600102.6607751502
  ],
  [
    1628294400000,
    768017.1276299546
  ],
  [
    1628380800000,
    920982.3647631905
  ],
  [
    1628467200000,
    608086.6715309944
  ],
  [
    1628553600000,
    433524.7649765015
  ],
  [
    1628640000000,
    2637946.283226994
  ],
  [
    1628726400000,
    1436100.660991751
  ],
  [
    1628812800000,
    909176.5820787547
  ],
  [
    1628899200000,
    355626.5458520937
  ],
  [
    1628985600000,
    847792.1486468505
  ],
  [
    1629072000000,
    1156155.287456205
  ],
  [
    1629158400000,
    853152.7333573677
  ],
  [
    1629244800000,
    885040.3835824302
  ],
  [
    1629331200000,
    449067.7333964184
  ],
  [
    1629417600000,
    48037466.922659844
  ],
  [
    1629504000000,
    6970885.291460642
  ],
  [
    1629590400000,
    2242564.0952564306
  ],
  [
    1629676800000,
    1827191.4200092177
  ],
  [
    1629763200000,
    1426144.0473910426
  ],
  [
    1629849600000,
    1118436.4701400634
  ],
  [
    1629936000000,
    1287489.7963080013
  ],
  [
    1630022400000,
    981865.4795735705
  ],
  [
    1630108800000,
    766925.8688955946
  ],
  [
    1630195200000,
    517894.24973255984
  ],
  [
    1630281600000,
    1348268.015552795
  ],
  [
    1630368000000,
    1530199.6826918013
  ],
  [
    1630454400000,
    1156265.8840779606
  ],
  [
    1630540800000,
    1454380.0181792767
  ],
  [
    1630627200000,
    936904.6359966062
  ]
]