[
  [
    1629244800000,
    763289.8399456023
  ],
  [
    1629331200000,
    763289.8399456023
  ],
  [
    1629417600000,
    248311.487811072
  ],
  [
    1629504000000,
    743785.5936765232
  ],
  [
    1629590400000,
    1799924.2298479953
  ],
  [
    1629676800000,
    261383.21399938661
  ],
  [
    1629763200000,
    64231.182948066606
  ],
  [
    1629849600000,
    3901.3640064423316
  ],
  [
    1629936000000,
    1456.9424907807663
  ],
  [
    1630022400000,
    387.5571570035548
  ],
  [
    1630108800000,
    2555.781151302824
  ],
  [
    1630195200000,
    119.89410181370197
  ],
  [
    1630540800000,
    113.56510175608504
  ],
  [
    1630627200000,
    113.56510175608504
  ]
]