[
  [
    1599436800000,
    0.0014938180570553006
  ],
  [
    1599523200000,
    0.0014938180570553006
  ],
  [
    1599609600000,
    0.0020822248390751598
  ],
  [
    1599696000000,
    0.0026259538214452914
  ],
  [
    1599782400000,
    0.00265959110156583
  ],
  [
    1599868800000,
    0.002254098642804559
  ],
  [
    1599955200000,
    0.0021673128741233143
  ],
  [
    1600041600000,
    0.0021449377226667754
  ],
  [
    1600128000000,
    0.0019169177919021267
  ],
  [
    1600214400000,
    0.0020451646906993024
  ],
  [
    1600300800000,
    0.002522315209055313
  ],
  [
    1600387200000,
    0.001787410899600711
  ],
  [
    1600473600000,
    0.0016651424225916439
  ],
  [
    1600560000000,
    0.0017037571915342312
  ],
  [
    1600646400000,
    0.0016131233860765756
  ],
  [
    1600732800000,
    0.0015234606967311937
  ],
  [
    1600819200000,
    0.0013488659042298267
  ],
  [
    1600905600000,
    0.0011840829706543591
  ],
  [
    1600992000000,
    0.001193291730638265
  ],
  [
    1601078400000,
    0.001220076744306938
  ],
  [
    1601164800000,
    0.0012882361728808608
  ],
  [
    1601251200000,
    0.0012888470857868616
  ],
  [
    1601337600000,
    0.0011835765192392774
  ],
  [
    1601424000000,
    0.0013103390249044188
  ],
  [
    1601510400000,
    0.0015333260833021072
  ],
  [
    1601596800000,
    0.0013066137107298494
  ],
  [
    1601683200000,
    0.0013031163306397515
  ],
  [
    1601769600000,
    0.0012915857189916768
  ],
  [
    1601856000000,
    0.0013173305655150057
  ],
  [
    1601942400000,
    0.0013272537253479091
  ],
  [
    1602028800000,
    0.0012986121752491424
  ],
  [
    1602115200000,
    0.0014372662783771158
  ],
  [
    1602201600000,
    0.0014402651712739417
  ],
  [
    1602288000000,
    0.0014992113653887953
  ],
  [
    1602374400000,
    0.001558217623651833
  ],
  [
    1602460800000,
    0.001539104135845111
  ],
  [
    1602547200000,
    0.0015700030004331797
  ],
  [
    1602633600000,
    0.0014574010329612452
  ],
  [
    1602720000000,
    0.0013859934946834507
  ],
  [
    1602806400000,
    0.001377262660830796
  ],
  [
    1602892800000,
    0.001358676448871376
  ],
  [
    1602979200000,
    0.001363079282403936
  ],
  [
    1603065600000,
    0.001371833464133904
  ],
  [
    1603152000000,
    0.0014082863254524852
  ],
  [
    1603238400000,
    0.0013051652987687901
  ],
  [
    1603324800000,
    0.001405762855230348
  ],
  [
    1603411200000,
    0.001377008432322644
  ],
  [
    1603497600000,
    0.0015128022948847823
  ],
  [
    1603584000000,
    0.0014749305113879528
  ],
  [
    1603670400000,
    0.001443615493094916
  ],
  [
    1603756800000,
    0.0014102569553779926
  ],
  [
    1603843200000,
    0.0013692348203584966
  ],
  [
    1603929600000,
    0.0013000619161535718
  ],
  [
    1604016000000,
    0.0013124346164824106
  ],
  [
    1604102400000,
    0.001255208949470724
  ],
  [
    1604188800000,
    0.0012820301359751471
  ],
  [
    1604275200000,
    0.0012024019027335987
  ],
  [
    1604361600000,
    0.001227415205697413
  ],
  [
    1604448000000,
    0.0011432147312311618
  ],
  [
    1604534400000,
    0.0012121778262082269
  ],
  [
    1604620800000,
    0.0007737352973163784
  ],
  [
    1604707200000,
    0.0008207867205161548
  ],
  [
    1604793600000,
    0.0007200637269126521
  ],
  [
    1604880000000,
    0.0005413160874656025
  ],
  [
    1604966400000,
    0.0005245155762871541
  ],
  [
    1605052800000,
    0.0005263561833157823
  ],
  [
    1605139200000,
    0.0008063278836680175
  ],
  [
    1605225600000,
    0.0013248661331068153
  ],
  [
    1605312000000,
    0.0013213477293759373
  ],
  [
    1605398400000,
    0.001143031216316917
  ],
  [
    1605484800000,
    0.001040274738685827
  ],
  [
    1605571200000,
    0.0009225982310172235
  ],
  [
    1605657600000,
    0.0009823839433428265
  ],
  [
    1605744000000,
    0.0010272910973385496
  ],
  [
    1605830400000,
    0.0010516278399559321
  ],
  [
    1605916800000,
    0.0010084272952237898
  ],
  [
    1606003200000,
    0.0011297122754080893
  ],
  [
    1606089600000,
    0.001123925533319594
  ],
  [
    1606176000000,
    0.001114869337220174
  ],
  [
    1606262400000,
    0.001016388343870047
  ],
  [
    1606348800000,
    0.0006937078076552063
  ],
  [
    1606435200000,
    0.000859813109954205
  ],
  [
    1606521600000,
    0.0006976282911120398
  ],
  [
    1606608000000,
    0.0010628394200937145
  ],
  [
    1606694400000,
    0.00091389415741158
  ],
  [
    1606780800000,
    0.000984058729283425
  ],
  [
    1606867200000,
    0.000762658219032012
  ],
  [
    1606953600000,
    0.0009076440199112867
  ],
  [
    1607040000000,
    0.0009113175767008164
  ],
  [
    1607126400000,
    0.0009113175767008164
  ],
  [
    1607212800000,
    0.0008932602083660525
  ],
  [
    1607299200000,
    0.0009304266923425672
  ],
  [
    1607385600000,
    0.000573185800975239
  ],
  [
    1607472000000,
    0.000731821659055216
  ],
  [
    1607558400000,
    0.000687591712125405
  ],
  [
    1607644800000,
    0.0009172861809866995
  ],
  [
    1607731200000,
    0.00089816756519217
  ],
  [
    1607817600000,
    0.0011050399795135709
  ],
  [
    1607904000000,
    0.00076715580702566
  ],
  [
    1607990400000,
    0.000755404244250976
  ],
  [
    1608076800000,
    0.000747048854473451
  ],
  [
    1608163200000,
    0.0008940352018695622
  ],
  [
    1608249600000,
    0.0004457396117353856
  ],
  [
    1608336000000,
    0.00041620381747112153
  ],
  [
    1608422400000,
    0.0005096602487806711
  ],
  [
    1608508800000,
    0.0007744233825949304
  ],
  [
    1608595200000,
    0.000231509967785022
  ],
  [
    1608681600000,
    0.000248904692646186
  ],
  [
    1608768000000,
    0.00024125044466802265
  ],
  [
    1608854400000,
    0.00023716807369509
  ],
  [
    1608940800000,
    0.000243280264746075
  ],
  [
    1609027200000,
    0.000533656065647744
  ],
  [
    1609113600000,
    0.00026097802266306205
  ],
  [
    1609200000000,
    0.000272821576875051
  ],
  [
    1609286400000,
    0.000264854053321392
  ],
  [
    1609372800000,
    0.000277935687270081
  ],
  [
    1609459200000,
    0.000289744542535161
  ],
  [
    1609545600000,
    0.0003241149618899664
  ],
  [
    1609632000000,
    0.0003241149618899664
  ],
  [
    1609718400000,
    0.000676599980827662
  ],
  [
    1609804800000,
    0.000625725887528804
  ],
  [
    1609891200000,
    0.000350411466376042
  ],
  [
    1609977600000,
    0.000350411466376042
  ],
  [
    1610064000000,
    0.000386704222587445
  ],
  [
    1610150400000,
    0.0009709491483786186
  ],
  [
    1610236800000,
    0.0009612145029511328
  ],
  [
    1610323200000,
    0.0009320867193169438
  ],
  [
    1610409600000,
    0.0002888366424448131
  ],
  [
    1610496000000,
    0.000352072881748438
  ],
  [
    1610582400000,
    0.0006292391215325124
  ],
  [
    1610668800000,
    0.0008623912915440184
  ],
  [
    1610755200000,
    0.0008758993963736918
  ],
  [
    1610928000000,
    0.0007939738617344069
  ],
  [
    1611014400000,
    0.0007939738617344069
  ],
  [
    1611100800000,
    0.0014242610430459973
  ],
  [
    1611187200000,
    0.0010750589423745476
  ],
  [
    1611273600000,
    0.0010937457021526055
  ],
  [
    1611360000000,
    0.0012032148691498634
  ],
  [
    1611446400000,
    0.0009915209038702541
  ],
  [
    1611532800000,
    0.000956970319863382
  ],
  [
    1611619200000,
    0.0009600847752033768
  ],
  [
    1611705600000,
    0.000985902137133499
  ],
  [
    1611792000000,
    0.000615306180289042
  ],
  [
    1611878400000,
    0.000655054698662446
  ],
  [
    1611964800000,
    0.00100939531447857
  ],
  [
    1612051200000,
    0.0009372915409874363
  ],
  [
    1612137600000,
    0.0008037735621435614
  ],
  [
    1612224000000,
    0.000812068244370189
  ],
  [
    1612310400000,
    0.000713324591234588
  ],
  [
    1612396800000,
    0.0007540996795895067
  ],
  [
    1612483200000,
    0.000746175215814948
  ],
  [
    1612569600000,
    0.0009054676497772414
  ],
  [
    1612656000000,
    0.0010378888259775726
  ],
  [
    1612742400000,
    0.000382634665376196
  ],
  [
    1612828800000,
    0.000389405898856646
  ],
  [
    1612915200000,
    0.000472551127156673
  ],
  [
    1613001600000,
    0.000445143115611307
  ],
  [
    1613088000000,
    0.0009110370564401782
  ],
  [
    1613174400000,
    0.0007650754412945903
  ],
  [
    1613260800000,
    0.0011305715995121248
  ],
  [
    1613347200000,
    0.001464739274932821
  ],
  [
    1613433600000,
    0.001453995225569952
  ],
  [
    1613520000000,
    0.0009391725050736484
  ],
  [
    1613606400000,
    0.0008885717372875453
  ],
  [
    1613692800000,
    0.0009416582732709641
  ],
  [
    1613779200000,
    0.00052746869312131
  ],
  [
    1613865600000,
    0.000567437732206993
  ],
  [
    1613952000000,
    0.0005841885786071
  ],
  [
    1614038400000,
    0.000534222859812061
  ],
  [
    1614124800000,
    0.0004899344464927871
  ],
  [
    1614211200000,
    0.0005585146239801092
  ],
  [
    1614297600000,
    0.0010104547155174596
  ],
  [
    1614384000000,
    0.00053776519765465
  ],
  [
    1614470400000,
    0.00053776519765465
  ],
  [
    1614556800000,
    0.0004916670322819014
  ],
  [
    1614729600000,
    0.0005910570922308184
  ],
  [
    1614816000000,
    0.0005910570922308184
  ],
  [
    1614902400000,
    0.000601897860295483
  ],
  [
    1614988800000,
    0.0006562789525210679
  ],
  [
    1615075200000,
    0.0006615011700128202
  ],
  [
    1615161600000,
    0.001012266180680564
  ],
  [
    1615248000000,
    0.000516112310036645
  ],
  [
    1615334400000,
    0.000539254006193972
  ],
  [
    1615420800000,
    0.000561277764016055
  ],
  [
    1615507200000,
    0.000565952401278231
  ],
  [
    1615593600000,
    0.0004059078325752564
  ],
  [
    1615680000000,
    0.00044200822672191227
  ],
  [
    1615766400000,
    0.000564982975700351
  ],
  [
    1615852800000,
    0.000564982975700351
  ],
  [
    1615939200000,
    0.00040923047598996225
  ],
  [
    1616025600000,
    0.00019829205485579114
  ],
  [
    1616112000000,
    0.00059499870193986
  ],
  [
    1616198400000,
    0.0005889476921435523
  ],
  [
    1616284800000,
    0.0003116141700307431
  ],
  [
    1616371200000,
    0.00030578745979708503
  ],
  [
    1616457600000,
    0.000543060298427709
  ],
  [
    1616544000000,
    0.0002869346529875334
  ],
  [
    1616630400000,
    0.00020620160214154026
  ],
  [
    1616716800000,
    0.0003601500364430361
  ],
  [
    1616803200000,
    0.0001663846047970672
  ],
  [
    1616889600000,
    0.00025307329534025934
  ],
  [
    1616976000000,
    0.00025608174348317256
  ],
  [
    1617062400000,
    0.00027178733197556743
  ],
  [
    1617148800000,
    0.00027651398599953396
  ],
  [
    1617235200000,
    0.0005868793949455317
  ],
  [
    1617321600000,
    0.0005870687499284691
  ],
  [
    1617494400000,
    0.00020249597282785003
  ],
  [
    1617580800000,
    0.00020249597282785003
  ],
  [
    1617667200000,
    0.00027424607497328134
  ],
  [
    1617753600000,
    0.00027424607497328134
  ],
  [
    1617840000000,
    0.0002770135290427387
  ],
  [
    1617926400000,
    0.0005744805258825865
  ],
  [
    1618012800000,
    0.0002698849373224219
  ],
  [
    1618099200000,
    0.0004687033273232984
  ],
  [
    1618185600000,
    0.0004720084485200241
  ],
  [
    1618272000000,
    0.0005998824315820206
  ],
  [
    1618444800000,
    0.0002950723905082952
  ],
  [
    1618531200000,
    0.0002950723905082952
  ],
  [
    1618617600000,
    0.000616869513172192
  ],
  [
    1618704000000,
    0.000607732085642094
  ],
  [
    1618790400000,
    0.000560193290876163
  ],
  [
    1618876800000,
    0.0005639555967069606
  ],
  [
    1618963200000,
    0.0003969417250225076
  ],
  [
    1619049600000,
    0.000550824210752717
  ],
  [
    1619136000000,
    0.000516578082546243
  ],
  [
    1619222400000,
    0.000489991369892997
  ],
  [
    1619308800000,
    0.000500560593974466
  ],
  [
    1619481600000,
    0.0005497342157760068
  ],
  [
    1619568000000,
    0.0005497342157760068
  ],
  [
    1619654400000,
    0.000720947214944056
  ],
  [
    1619740800000,
    0.0006741031166855432
  ],
  [
    1619827200000,
    0.00071348949742942
  ],
  [
    1619913600000,
    0.0007358964115417924
  ],
  [
    1620000000000,
    0.0008763892839404494
  ],
  [
    1620086400000,
    0.0009732445884591145
  ],
  [
    1620172800000,
    0.001683962426867769
  ],
  [
    1620259200000,
    0.0006319296077383692
  ],
  [
    1620345600000,
    0.001144398580981036
  ],
  [
    1620432000000,
    0.0007672311577979774
  ],
  [
    1620518400000,
    0.0007879975788820365
  ],
  [
    1620604800000,
    0.0007723669131559747
  ],
  [
    1620691200000,
    0.0007868195097063205
  ],
  [
    1620777600000,
    0.0007625592845454017
  ],
  [
    1620864000000,
    0.0005675983003003867
  ],
  [
    1620950400000,
    0.00100821147317103
  ],
  [
    1621123200000,
    0.0008704801279002738
  ],
  [
    1621209600000,
    0.0008704801279002738
  ],
  [
    1621296000000,
    0.0004333960348141953
  ],
  [
    1621382400000,
    0.0004332754448258573
  ],
  [
    1621468800000,
    0.000356737221291197
  ],
  [
    1621555200000,
    0.000414655673700118
  ],
  [
    1621641600000,
    0.000414655673700118
  ],
  [
    1621728000000,
    0.000380872725379761
  ],
  [
    1621900800000,
    0.000762567182920714
  ],
  [
    1621987200000,
    0.000762567182920714
  ],
  [
    1622073600000,
    0.00038881563599783
  ],
  [
    1622160000000,
    0.000390687380553142
  ],
  [
    1622246400000,
    0.00031044186514652317
  ],
  [
    1622332800000,
    0.0006625234836047437
  ],
  [
    1623024000000,
    0.000365554103820784
  ],
  [
    1623110400000,
    0.000365554103820784
  ],
  [
    1623196800000,
    0.000656965330088434
  ],
  [
    1623283200000,
    0.00066023261016787
  ],
  [
    1623369600000,
    0.000366641374016282
  ],
  [
    1623456000000,
    0.0007465778736836273
  ],
  [
    1623542400000,
    0.0002847602617261392
  ],
  [
    1624233600000,
    0.00045359954294104965
  ],
  [
    1624320000000,
    0.00045359954294104965
  ],
  [
    1624406400000,
    0.000326510011869051
  ],
  [
    1624492800000,
    0.000669943530620714
  ],
  [
    1624579200000,
    0.000695116991379782
  ],
  [
    1624665600000,
    0.0002200720353006036
  ],
  [
    1624752000000,
    0.000312588218919651
  ],
  [
    1624838400000,
    0.000688463137037774
  ],
  [
    1625097600000,
    0.00047651832746431266
  ],
  [
    1625184000000,
    0.00047651832746431266
  ],
  [
    1625270400000,
    0.000658932576567071
  ],
  [
    1625356800000,
    0.000658932576567071
  ],
  [
    1625443200000,
    0.0006568822165846623
  ],
  [
    1625616000000,
    0.0003562399845646942
  ],
  [
    1625702400000,
    0.0003562399845646942
  ],
  [
    1625788800000,
    0.0003242467850131277
  ],
  [
    1625875200000,
    0.00032697095177373745
  ],
  [
    1625961600000,
    0.000340369713392074
  ],
  [
    1626048000000,
    0.000340369713392074
  ],
  [
    1626134400000,
    0.0003145167361725035
  ],
  [
    1626307200000,
    0.00023477798580561155
  ],
  [
    1626393600000,
    0.00023477798580561155
  ],
  [
    1626480000000,
    0.0002263134819823865
  ],
  [
    1626652800000,
    0.00014612514748887806
  ],
  [
    1626739200000,
    0.00014612514748887806
  ],
  [
    1626825600000,
    0.00014351388216353269
  ],
  [
    1626998400000,
    0.00024496576501134375
  ],
  [
    1627084800000,
    0.00024496576501134375
  ],
  [
    1627171200000,
    0.00016953832489911038
  ],
  [
    1627257600000,
    0.00016953832489911038
  ],
  [
    1627344000000,
    0.0002162596416241037
  ],
  [
    1627430400000,
    0.0002162596416241037
  ],
  [
    1627516800000,
    0.00023964063148385764
  ],
  [
    1627603200000,
    0.00023964063148385764
  ],
  [
    1627689600000,
    0.000412757947779846
  ],
  [
    1627776000000,
    0.000417129670756229
  ],
  [
    1627862400000,
    0.0003473235717581911
  ],
  [
    1627948800000,
    0.00012491715377839003
  ],
  [
    1628035200000,
    0.00012491715377839003
  ],
  [
    1628121600000,
    0.00010887618273821393
  ],
  [
    1628208000000,
    0.00029894167283804694
  ],
  [
    1628294400000,
    0.00012241957737799879
  ],
  [
    1628380800000,
    0.00012241957737799879
  ],
  [
    1628467200000,
    0.00011950963438947019
  ],
  [
    1628553600000,
    0.0001236352767927456
  ],
  [
    1628640000000,
    0.0001236352767927456
  ],
  [
    1628726400000,
    0.00012969620539039724
  ],
  [
    1628812800000,
    0.00012199940053344733
  ],
  [
    1628899200000,
    0.00012993532991152274
  ],
  [
    1628985600000,
    0.00012993532991152274
  ],
  [
    1629072000000,
    0.00013055458884415926
  ],
  [
    1629158400000,
    0.0000956774009592554
  ],
  [
    1629244800000,
    0.0000910057493873548
  ],
  [
    1629331200000,
    0.00009124285915926515
  ],
  [
    1629417600000,
    0.00009000025718626551
  ],
  [
    1629504000000,
    0.00010655956746551049
  ],
  [
    1629590400000,
    0.00010655956746551049
  ],
  [
    1629676800000,
    0.00009419872217083437
  ],
  [
    1629763200000,
    0.0002626123679243002
  ],
  [
    1629849600000,
    0.00019764685931557342
  ],
  [
    1629936000000,
    0.000480737294039138
  ],
  [
    1630022400000,
    0.0002802254624219843
  ],
  [
    1630108800000,
    0.00019109453912928407
  ],
  [
    1630281600000,
    0.00048532542538397
  ],
  [
    1630368000000,
    0.00048532542538397
  ],
  [
    1630454400000,
    0.00045974155766885413
  ],
  [
    1630540800000,
    0.000141095807032509
  ],
  [
    1630627200000,
    0.00015154452142829788
  ]
]