[
  [
    1627171200000,
    4.38034617764734e-12
  ],
  [
    1627257600000,
    4.38034617764734e-12
  ],
  [
    1627344000000,
    7.977173640414364e-12
  ],
  [
    1627430400000,
    8.539839486599569e-12
  ],
  [
    1627516800000,
    5.792966168491969e-12
  ],
  [
    1627603200000,
    3.2424557602660254e-12
  ],
  [
    1627689600000,
    3.279898628830161e-12
  ],
  [
    1627776000000,
    2.7483679791889092e-12
  ],
  [
    1627862400000,
    3.7291402554121686e-12
  ],
  [
    1627948800000,
    3.838081403101993e-12
  ],
  [
    1628035200000,
    4.251972328729659e-12
  ],
  [
    1628121600000,
    4.285594674890317e-12
  ],
  [
    1628208000000,
    2.7994684853731833e-12
  ],
  [
    1628294400000,
    2.7953437559790964e-12
  ],
  [
    1628380800000,
    3.6153485571890044e-12
  ],
  [
    1628467200000,
    3.7928520457871165e-12
  ],
  [
    1628553600000,
    3.13642100064817e-12
  ],
  [
    1628640000000,
    2.6189987598305425e-12
  ],
  [
    1628726400000,
    2.4246586017913144e-12
  ],
  [
    1628812800000,
    1.975125554735953e-12
  ],
  [
    1628899200000,
    1.719522123427595e-12
  ],
  [
    1628985600000,
    1.7651529954721938e-12
  ],
  [
    1629072000000,
    1.3906514230008696e-12
  ],
  [
    1629158400000,
    2.1694597588093214e-12
  ],
  [
    1629244800000,
    1.9723614096754774e-12
  ],
  [
    1629331200000,
    1.60932009964539e-12
  ],
  [
    1629417600000,
    1.4973283438608712e-12
  ],
  [
    1629504000000,
    1.2554141107545673e-12
  ],
  [
    1629590400000,
    1.1932902822667599e-12
  ],
  [
    1629676800000,
    1.191457885047935e-12
  ],
  [
    1629763200000,
    1.1419100596785764e-12
  ],
  [
    1629849600000,
    1.0478129195208835e-12
  ],
  [
    1629936000000,
    1.0213801916128657e-12
  ],
  [
    1630022400000,
    1.0443922412260034e-12
  ],
  [
    1630108800000,
    1.0111225228453022e-12
  ],
  [
    1630195200000,
    1.060905413265377e-12
  ],
  [
    1630281600000,
    1.0709902085587766e-12
  ],
  [
    1630368000000,
    9.264087884712043e-13
  ],
  [
    1630454400000,
    1.0944870476086522e-12
  ],
  [
    1630540800000,
    9.560248560004378e-13
  ],
  [
    1630627200000,
    7.030791068387154e-13
  ]
]