[
  [
    1618444800000,
    17880.84711689868
  ],
  [
    1618531200000,
    17880.84711689868
  ],
  [
    1618617600000,
    1513.637759234926
  ],
  [
    1618704000000,
    1122.188761617953
  ],
  [
    1618790400000,
    4721.307592499869
  ],
  [
    1618876800000,
    4721.307592499869
  ],
  [
    1618963200000,
    8002.698539100203
  ],
  [
    1619136000000,
    407.4956328384443
  ],
  [
    1619222400000,
    407.4956328384443
  ],
  [
    1619308800000,
    730.5256381866471
  ],
  [
    1619395200000,
    730.5256381866471
  ],
  [
    1619654400000,
    860.0237328771055
  ],
  [
    1619740800000,
    860.0237328771055
  ],
  [
    1619913600000,
    3879.631554014855
  ],
  [
    1620000000000,
    3879.631554014855
  ],
  [
    1622678400000,
    720.2797735805956
  ],
  [
    1622764800000,
    720.2797735805956
  ],
  [
    1624752000000,
    243.1499907616003
  ],
  [
    1624838400000,
    243.1499907616003
  ],
  [
    1630540800000,
    0
  ],
  [
    1630627200000,
    0
  ]
]