[
  [
    1621209600000,
    0.3428511537324003
  ],
  [
    1621296000000,
    0.3428511537324003
  ],
  [
    1621382400000,
    0.26638983530801524
  ],
  [
    1621468800000,
    0.16536418100252662
  ],
  [
    1621555200000,
    0.16640464173691788
  ],
  [
    1621641600000,
    0.11998633150760094
  ],
  [
    1621728000000,
    0.1023722895945466
  ],
  [
    1621814400000,
    0.0813584316100659
  ],
  [
    1621900800000,
    0.1038958380586848
  ],
  [
    1621987200000,
    0.10220832409472749
  ],
  [
    1622073600000,
    0.10148406899678125
  ],
  [
    1622160000000,
    0.11111006839690495
  ],
  [
    1622246400000,
    0.09116069907033619
  ],
  [
    1622332800000,
    0.08286091270362217
  ],
  [
    1622419200000,
    0.07201630935981003
  ],
  [
    1622505600000,
    0.09341204038528818
  ],
  [
    1622592000000,
    0.08051549207503148
  ],
  [
    1622678400000,
    0.08925845261463058
  ],
  [
    1622764800000,
    0.10680385132914481
  ],
  [
    1622851200000,
    0.09900246672091703
  ],
  [
    1622937600000,
    0.08005774905271967
  ],
  [
    1623024000000,
    0.0972805630806449
  ],
  [
    1623110400000,
    0.0806699784834429
  ],
  [
    1623196800000,
    0.07416920243205435
  ],
  [
    1623283200000,
    0.08171375171477242
  ],
  [
    1623369600000,
    0.06511175837499308
  ],
  [
    1623456000000,
    0.0556760048569399
  ],
  [
    1623542400000,
    0.06363666394778936
  ],
  [
    1623628800000,
    0.0636351716346466
  ],
  [
    1623715200000,
    0.052984132517945044
  ],
  [
    1623801600000,
    0.05174917595932631
  ],
  [
    1623888000000,
    0.04967441148890808
  ],
  [
    1623974400000,
    0.044750501991988434
  ],
  [
    1624060800000,
    0.03963346640690586
  ],
  [
    1624147200000,
    0.04091529633715709
  ],
  [
    1624233600000,
    0.021778654858041434
  ],
  [
    1624320000000,
    0.026970603630864395
  ],
  [
    1624406400000,
    0.025964584888119716
  ],
  [
    1624492800000,
    0.031539739156620554
  ],
  [
    1624579200000,
    0.03821046737450349
  ],
  [
    1624665600000,
    0.032711267457906534
  ],
  [
    1624752000000,
    0.03360802626770957
  ],
  [
    1624838400000,
    0.039017199234832094
  ],
  [
    1624924800000,
    0.036548577191842
  ],
  [
    1625011200000,
    0.03866348853601151
  ],
  [
    1625097600000,
    0.04757174539986037
  ],
  [
    1625184000000,
    0.04472405486274155
  ],
  [
    1625270400000,
    0.04395872683523457
  ],
  [
    1625356800000,
    0.04183286405369139
  ],
  [
    1625443200000,
    0.04617107461034849
  ],
  [
    1625529600000,
    0.04179054941600226
  ],
  [
    1625616000000,
    0.04525080000425778
  ],
  [
    1625702400000,
    0.05091780378569123
  ],
  [
    1625788800000,
    0.046523386395207006
  ],
  [
    1625875200000,
    0.04854776202002321
  ],
  [
    1625961600000,
    0.047248963974511636
  ],
  [
    1626048000000,
    0.04793168094179657
  ],
  [
    1626134400000,
    0.04363525129997247
  ],
  [
    1626220800000,
    0.0409137109677367
  ],
  [
    1626307200000,
    0.040881631271267586
  ],
  [
    1626393600000,
    0.04073965372556338
  ],
  [
    1626480000000,
    0.039242534640093966
  ],
  [
    1626566400000,
    0.035628360290086
  ],
  [
    1626652800000,
    0.03265797598115049
  ],
  [
    1626739200000,
    0.030820245046291956
  ],
  [
    1626825600000,
    0.02853363865990704
  ],
  [
    1626912000000,
    0.03464752033185479
  ],
  [
    1626998400000,
    0.030150963647851674
  ],
  [
    1627084800000,
    0.03061347217143026
  ],
  [
    1627171200000,
    0.03403723412108943
  ],
  [
    1627257600000,
    0.031057912130146487
  ],
  [
    1627344000000,
    0.03139532711395352
  ],
  [
    1627430400000,
    0.029046122170096625
  ],
  [
    1627516800000,
    0.02926749176152813
  ],
  [
    1627603200000,
    0.030379027093978588
  ],
  [
    1627689600000,
    0.02887494498323208
  ],
  [
    1627776000000,
    0.02970404322922621
  ],
  [
    1627862400000,
    0.0306403059424904
  ],
  [
    1627948800000,
    0.03356205417561808
  ],
  [
    1628035200000,
    0.03244851768583826
  ],
  [
    1628121600000,
    0.032939921760604535
  ],
  [
    1628208000000,
    0.038947680859676904
  ],
  [
    1628294400000,
    0.04421564043270278
  ],
  [
    1628380800000,
    0.05294374597372011
  ],
  [
    1628467200000,
    0.0482092862229794
  ],
  [
    1628553600000,
    0.0493853211006701
  ],
  [
    1628640000000,
    0.04747139788347985
  ],
  [
    1628726400000,
    0.061631534919826945
  ],
  [
    1628812800000,
    0.06444465214689922
  ],
  [
    1628899200000,
    0.07225571548886796
  ],
  [
    1628985600000,
    0.07142222211553276
  ],
  [
    1629072000000,
    0.07201494886361459
  ],
  [
    1629158400000,
    0.06475837407631599
  ],
  [
    1629244800000,
    0.06164802049013767
  ],
  [
    1629331200000,
    0.05807786496749005
  ],
  [
    1629417600000,
    0.062102360540696414
  ],
  [
    1629504000000,
    0.076955181110929
  ],
  [
    1629590400000,
    0.06717607709172124
  ],
  [
    1629676800000,
    0.059286884726928515
  ],
  [
    1629763200000,
    0.07218822809640299
  ],
  [
    1629849600000,
    0.06948658042711016
  ],
  [
    1629936000000,
    0.06181293225854124
  ],
  [
    1630022400000,
    0.06495729097366715
  ],
  [
    1630108800000,
    0.06967632140382822
  ],
  [
    1630195200000,
    0.06627500942006807
  ],
  [
    1630281600000,
    0.06720376358340852
  ],
  [
    1630368000000,
    0.06779983241372138
  ],
  [
    1630454400000,
    0.06508860318064524
  ],
  [
    1630540800000,
    0.06708663626506829
  ],
  [
    1630627200000,
    0.0658889243732106
  ]
]