[
  [
    1519948800000,
    0.0771859
  ],
  [
    1520035200000,
    0.0770314
  ],
  [
    1520121600000,
    0.0720419
  ],
  [
    1520208000000,
    0.0762071
  ],
  [
    1520294400000,
    0.0822635
  ],
  [
    1520380800000,
    0.069668
  ],
  [
    1520467200000,
    0.0625745
  ],
  [
    1520553600000,
    0.0559037
  ],
  [
    1520640000000,
    0.0534401
  ],
  [
    1520726400000,
    0.0555592
  ],
  [
    1520812800000,
    0.0581765
  ],
  [
    1520899200000,
    0.05360498985821119
  ],
  [
    1520985600000,
    0.052421189746492486
  ],
  [
    1521072000000,
    0.04868703975739521
  ],
  [
    1521158400000,
    0.044046707754474904
  ],
  [
    1521244800000,
    0.049363780577284654
  ],
  [
    1521331200000,
    0.04488110230182725
  ],
  [
    1521417600000,
    0.04294765656439925
  ],
  [
    1521504000000,
    0.04339307558487801
  ],
  [
    1521590400000,
    0.048411151591578175
  ],
  [
    1521676800000,
    0.050037659290111156
  ],
  [
    1521763200000,
    0.05106226183457109
  ],
  [
    1521849600000,
    0.047826764881231075
  ],
  [
    1521936000000,
    0.046658383248491676
  ],
  [
    1522022400000,
    0.044766087068749204
  ],
  [
    1522108800000,
    0.04263810537362626
  ],
  [
    1522195200000,
    0.04041292085473685
  ],
  [
    1522281600000,
    0.0423291744798752
  ],
  [
    1522368000000,
    0.034068675282387544
  ],
  [
    1522454400000,
    0.03562681092077812
  ],
  [
    1522540800000,
    0.036456250566433916
  ],
  [
    1522627200000,
    0.03428747016189662
  ],
  [
    1522713600000,
    0.03450820403887373
  ],
  [
    1522800000000,
    0.0336004904429094
  ],
  [
    1522886400000,
    0.030969508423850003
  ],
  [
    1522972800000,
    0.030934098194552895
  ],
  [
    1523059200000,
    0.030585585850810493
  ],
  [
    1523145600000,
    0.03163010655244981
  ],
  [
    1523232000000,
    0.03546482949036622
  ],
  [
    1523318400000,
    0.033102099133878495
  ],
  [
    1523404800000,
    0.03356437034648185
  ],
  [
    1523491200000,
    0.035731335484766966
  ],
  [
    1523577600000,
    0.04510484559145094
  ],
  [
    1523664000000,
    0.04775376833135297
  ],
  [
    1523750400000,
    0.04805259339539781
  ],
  [
    1523836800000,
    0.05915586558261855
  ],
  [
    1523923200000,
    0.0705279390774704
  ],
  [
    1524009600000,
    0.07405461695321712
  ],
  [
    1524096000000,
    0.07362387854568044
  ],
  [
    1524182400000,
    0.07680771186972946
  ],
  [
    1524268800000,
    0.08013320493481872
  ],
  [
    1524355200000,
    0.07978623860137703
  ],
  [
    1524441600000,
    0.07710960213583536
  ],
  [
    1524528000000,
    0.07711046556219164
  ],
  [
    1524614400000,
    0.078819820193567
  ],
  [
    1524700800000,
    0.06294743646451509
  ],
  [
    1524787200000,
    0.07431753071049857
  ],
  [
    1524873600000,
    0.07723861363165364
  ],
  [
    1524960000000,
    0.07887093683894018
  ],
  [
    1525046400000,
    0.08777996961215143
  ],
  [
    1525132800000,
    0.08151217979618046
  ],
  [
    1525219200000,
    0.08011360588351546
  ],
  [
    1525305600000,
    0.0898154641147907
  ],
  [
    1525392000000,
    0.09980906477225447
  ],
  [
    1525478400000,
    0.10294058852076596
  ],
  [
    1525564800000,
    0.1067494169328708
  ],
  [
    1525651200000,
    0.09569661068508231
  ],
  [
    1525737600000,
    0.08773517019648704
  ],
  [
    1525824000000,
    0.10324432885472769
  ],
  [
    1525910400000,
    0.10277853547752826
  ],
  [
    1525996800000,
    0.10527801436461313
  ],
  [
    1526083200000,
    0.09782726792590174
  ],
  [
    1526169600000,
    0.08962797302093284
  ],
  [
    1526256000000,
    0.10183153347185786
  ],
  [
    1526342400000,
    0.12477781940616618
  ],
  [
    1526428800000,
    0.12075240040358073
  ],
  [
    1526515200000,
    0.1260563719203611
  ],
  [
    1526601600000,
    0.12399837085115147
  ],
  [
    1526688000000,
    0.12478741564813396
  ],
  [
    1526774400000,
    0.11771355751811516
  ],
  [
    1526860800000,
    0.11876748640883257
  ],
  [
    1526947200000,
    0.11328866114975394
  ],
  [
    1527033600000,
    0.10451155661650419
  ],
  [
    1527120000000,
    0.08841264550360613
  ],
  [
    1527206400000,
    0.09375828126652117
  ],
  [
    1527292800000,
    0.09107632390162725
  ],
  [
    1527379200000,
    0.0929170718799951
  ],
  [
    1527465600000,
    0.09169572895404438
  ],
  [
    1527552000000,
    0.08159783395806489
  ],
  [
    1527638400000,
    0.08712400123622241
  ],
  [
    1527724800000,
    0.0858095161072028
  ],
  [
    1527811200000,
    0.09640906194333256
  ],
  [
    1527897600000,
    0.09606363870932803
  ],
  [
    1527984000000,
    0.09514447906884171
  ],
  [
    1528070400000,
    0.10046388793213276
  ],
  [
    1528156800000,
    0.09338383510154089
  ],
  [
    1528243200000,
    0.09316910858476062
  ],
  [
    1528329600000,
    0.09762730572521813
  ],
  [
    1528416000000,
    0.09736517010443704
  ],
  [
    1528502400000,
    0.09567626786958087
  ],
  [
    1528588800000,
    0.0945403585274682
  ],
  [
    1528675200000,
    0.08270467715016402
  ],
  [
    1528761600000,
    0.07974619183425155
  ],
  [
    1528848000000,
    0.08118345522583251
  ],
  [
    1528934400000,
    0.07743871780625879
  ],
  [
    1529020800000,
    0.08400803707867256
  ],
  [
    1529107200000,
    0.07890824408859218
  ],
  [
    1529193600000,
    0.07819396908407739
  ],
  [
    1529280000000,
    0.07932504458597026
  ],
  [
    1529366400000,
    0.08236761667437752
  ],
  [
    1529452800000,
    0.0821833696076342
  ],
  [
    1529539200000,
    0.07932504787983075
  ],
  [
    1529625600000,
    0.07784749384748221
  ],
  [
    1529712000000,
    0.06758654881849492
  ],
  [
    1529798400000,
    0.05949054165371008
  ],
  [
    1529884800000,
    0.05670055378929572
  ],
  [
    1529971200000,
    0.0637720321530434
  ],
  [
    1530057600000,
    0.06006744414123473
  ],
  [
    1530144000000,
    0.043090548326554436
  ],
  [
    1530230400000,
    0.04307239683867267
  ],
  [
    1530316800000,
    0.04731735086495235
  ],
  [
    1530403200000,
    0.047892105820208315
  ],
  [
    1530489600000,
    0.046180212360104986
  ],
  [
    1530576000000,
    0.052546762180177446
  ],
  [
    1530662400000,
    0.050653490555802975
  ],
  [
    1530748800000,
    0.05299538461656082
  ],
  [
    1530835200000,
    0.051346161590493225
  ],
  [
    1530921600000,
    0.04734593151816709
  ],
  [
    1531008000000,
    0.046974242397751234
  ],
  [
    1531094400000,
    0.04483848384895555
  ],
  [
    1531180800000,
    0.04399649228139105
  ],
  [
    1531267200000,
    0.039853525992572074
  ],
  [
    1531353600000,
    0.03928068501891102
  ],
  [
    1531440000000,
    0.037433691370016633
  ],
  [
    1531526400000,
    0.03358218068825126
  ],
  [
    1531612800000,
    0.03485408044535871
  ],
  [
    1531699200000,
    0.036544315407225456
  ],
  [
    1531785600000,
    0.039839203087214003
  ],
  [
    1531872000000,
    0.045860304618409294
  ],
  [
    1531958400000,
    0.045397317457859576
  ],
  [
    1532044800000,
    0.04301202155815352
  ],
  [
    1532131200000,
    0.041358195558848544
  ],
  [
    1532217600000,
    0.04208411243114252
  ],
  [
    1532304000000,
    0.04212351054661077
  ],
  [
    1532390400000,
    0.0370343169963526
  ],
  [
    1532476800000,
    0.042266815628439335
  ],
  [
    1532563200000,
    0.04176196400102374
  ],
  [
    1532649600000,
    0.04356276671484925
  ],
  [
    1532736000000,
    0.042716845520765434
  ],
  [
    1532822400000,
    0.03985826768920822
  ],
  [
    1532908800000,
    0.0391096831870275
  ],
  [
    1532995200000,
    0.037794987625752695
  ],
  [
    1533081600000,
    0.036656224601078084
  ],
  [
    1533168000000,
    0.03719115757785401
  ],
  [
    1533254400000,
    0.03629976207206859
  ],
  [
    1533340800000,
    0.037898214210896806
  ],
  [
    1533427200000,
    0.0341277502086864
  ],
  [
    1533513600000,
    0.03585334257582956
  ],
  [
    1533600000000,
    0.034772368004271824
  ],
  [
    1533686400000,
    0.03221125558108955
  ],
  [
    1533772800000,
    0.02863105307706517
  ],
  [
    1533859200000,
    0.029578670834525086
  ],
  [
    1533945600000,
    0.027742632300100486
  ],
  [
    1534032000000,
    0.02621602178820198
  ],
  [
    1534118400000,
    0.025381164816066726
  ],
  [
    1534204800000,
    0.023258753032751545
  ],
  [
    1534291200000,
    0.022501265751080825
  ],
  [
    1534377600000,
    0.023971186873438133
  ],
  [
    1534464000000,
    0.0229805079404894
  ],
  [
    1534550400000,
    0.0242435008725353
  ],
  [
    1534636800000,
    0.022358489530319284
  ],
  [
    1534723200000,
    0.022517415014977678
  ],
  [
    1534809600000,
    0.020710424802200172
  ],
  [
    1534896000000,
    0.020789344788989087
  ],
  [
    1534982400000,
    0.019907171754549473
  ],
  [
    1535068800000,
    0.01940875805355685
  ],
  [
    1535155200000,
    0.020917038935696238
  ],
  [
    1535241600000,
    0.022568281736031464
  ],
  [
    1535328000000,
    0.026643613743169384
  ],
  [
    1535414400000,
    0.023779717053275935
  ],
  [
    1535500800000,
    0.024972690570741765
  ],
  [
    1535587200000,
    0.024524040818257795
  ],
  [
    1535673600000,
    0.02413828767049161
  ],
  [
    1535760000000,
    0.02500412246654668
  ],
  [
    1535846400000,
    0.02793104620830818
  ],
  [
    1535932800000,
    0.02922506628385088
  ],
  [
    1536019200000,
    0.03189875708177213
  ],
  [
    1536105600000,
    0.03588554991365364
  ],
  [
    1536192000000,
    0.0274189376484995
  ],
  [
    1536278400000,
    0.028881243169787133
  ],
  [
    1536364800000,
    0.025874901726153733
  ],
  [
    1536451200000,
    0.025459446567379678
  ],
  [
    1536537600000,
    0.024990380932685585
  ],
  [
    1536624000000,
    0.02550267620006553
  ],
  [
    1536710400000,
    0.02593382752976112
  ],
  [
    1536796800000,
    0.02852608200976567
  ],
  [
    1536883200000,
    0.030260187224241546
  ],
  [
    1536969600000,
    0.032584615241812456
  ],
  [
    1537056000000,
    0.032392509717311155
  ],
  [
    1537142400000,
    0.032564169785078485
  ],
  [
    1537228800000,
    0.028469480462599762
  ],
  [
    1537315200000,
    0.02933036586597373
  ],
  [
    1537401600000,
    0.030142618406669264
  ],
  [
    1537488000000,
    0.032878006102000985
  ],
  [
    1537574400000,
    0.036767231610491224
  ],
  [
    1537660800000,
    0.035254630159093525
  ],
  [
    1537747200000,
    0.035500738766257645
  ],
  [
    1537833600000,
    0.033429087434705754
  ],
  [
    1537920000000,
    0.03135318990843703
  ],
  [
    1538006400000,
    0.03150293102378486
  ],
  [
    1538092800000,
    0.034864540082720254
  ],
  [
    1538179200000,
    0.032608842855552864
  ],
  [
    1538265600000,
    0.03583070909075573
  ],
  [
    1538352000000,
    0.03513328089230477
  ],
  [
    1538438400000,
    0.035819810101136274
  ],
  [
    1538524800000,
    0.03529529478312766
  ],
  [
    1538611200000,
    0.03201298014477065
  ],
  [
    1538697600000,
    0.032644119638875035
  ],
  [
    1538784000000,
    0.0316755787799987
  ],
  [
    1538870400000,
    0.03054220673780869
  ],
  [
    1538956800000,
    0.030570261137375376
  ],
  [
    1539043200000,
    0.03008432414535548
  ],
  [
    1539129600000,
    0.029545276151484525
  ],
  [
    1539216000000,
    0.02992561917009516
  ],
  [
    1539302400000,
    0.025424264117618885
  ],
  [
    1539388800000,
    0.026010263346160536
  ],
  [
    1539475200000,
    0.02637577819518599
  ],
  [
    1539561600000,
    0.02605363399090137
  ],
  [
    1539648000000,
    0.028130285479080638
  ],
  [
    1539734400000,
    0.028233642157435162
  ],
  [
    1539820800000,
    0.02850929475512042
  ],
  [
    1539907200000,
    0.0285542685822795
  ],
  [
    1539993600000,
    0.029964622276569108
  ],
  [
    1540080000000,
    0.02932380195336558
  ],
  [
    1540166400000,
    0.02925869807361317
  ],
  [
    1540252800000,
    0.028681327447511177
  ],
  [
    1540339200000,
    0.028492840535490085
  ],
  [
    1540425600000,
    0.02854417775335053
  ],
  [
    1540512000000,
    0.03043796085585029
  ],
  [
    1540598400000,
    0.03155562853767886
  ],
  [
    1540684800000,
    0.03317472210818723
  ],
  [
    1540771200000,
    0.03557672390877549
  ],
  [
    1540857600000,
    0.03284273406976526
  ],
  [
    1540944000000,
    0.03665992659120892
  ],
  [
    1541030400000,
    0.03921970623992276
  ],
  [
    1541116800000,
    0.043683426935449576
  ],
  [
    1541203200000,
    0.04314100470958946
  ],
  [
    1541289600000,
    0.04261129449213436
  ],
  [
    1541376000000,
    0.04151993194796251
  ],
  [
    1541462400000,
    0.04216771116543543
  ],
  [
    1541548800000,
    0.04860586668915835
  ],
  [
    1541635200000,
    0.04593728607527098
  ],
  [
    1541721600000,
    0.043545903363262514
  ],
  [
    1541808000000,
    0.04125188990876431
  ],
  [
    1541894400000,
    0.044443642018050004
  ],
  [
    1541980800000,
    0.04075596797638491
  ],
  [
    1542067200000,
    0.0389391459011495
  ],
  [
    1542153600000,
    0.036959570921812956
  ],
  [
    1542240000000,
    0.03025828552010625
  ],
  [
    1542326400000,
    0.029905117909554246
  ],
  [
    1542412800000,
    0.030873706317554143
  ],
  [
    1542499200000,
    0.029518990987228964
  ],
  [
    1542585600000,
    0.0297168508679141
  ],
  [
    1542672000000,
    0.02292669977188065
  ],
  [
    1542758400000,
    0.020912962702461093
  ],
  [
    1542844800000,
    0.021785731182204202
  ],
  [
    1542931200000,
    0.018517527250031113
  ],
  [
    1543017600000,
    0.019162336914009214
  ],
  [
    1543104000000,
    0.017937812176944477
  ],
  [
    1543190400000,
    0.018087789555388742
  ],
  [
    1543276800000,
    0.017352547378449726
  ],
  [
    1543363200000,
    0.01768301064121689
  ],
  [
    1543449600000,
    0.019394698385063257
  ],
  [
    1543536000000,
    0.018576637233816386
  ],
  [
    1543622400000,
    0.018203075453489426
  ],
  [
    1543708800000,
    0.018968937422775896
  ],
  [
    1543795200000,
    0.018782824915025455
  ],
  [
    1543881600000,
    0.0175459575738917
  ],
  [
    1543968000000,
    0.01905820968875871
  ],
  [
    1544054400000,
    0.01763796209979907
  ],
  [
    1544140800000,
    0.021671176116223153
  ],
  [
    1544227200000,
    0.021108430828829367
  ],
  [
    1544313600000,
    0.02516659858258559
  ],
  [
    1544400000000,
    0.026492753962607172
  ],
  [
    1544486400000,
    0.02338400507171012
  ],
  [
    1544572800000,
    0.022277192422912987
  ],
  [
    1544659200000,
    0.022336741683562096
  ],
  [
    1544745600000,
    0.020238038708129496
  ],
  [
    1544832000000,
    0.018698112172504885
  ],
  [
    1544918400000,
    0.019216661822011222
  ],
  [
    1545004800000,
    0.018129452159635188
  ],
  [
    1545091200000,
    0.02011418191510987
  ],
  [
    1545177600000,
    0.01993762460959157
  ],
  [
    1545264000000,
    0.020409978127703763
  ],
  [
    1545350400000,
    0.02173330201782951
  ],
  [
    1545436800000,
    0.0204403709936963
  ],
  [
    1545523200000,
    0.024885795677075707
  ],
  [
    1545609600000,
    0.02299005385451568
  ],
  [
    1545696000000,
    0.022932676642934312
  ],
  [
    1545782400000,
    0.020491678087323623
  ],
  [
    1545868800000,
    0.021957570484814323
  ],
  [
    1545955200000,
    0.018974911140726893
  ],
  [
    1546041600000,
    0.02137636631445246
  ],
  [
    1546128000000,
    0.020893319752943642
  ],
  [
    1546214400000,
    0.021051390314727875
  ],
  [
    1546300800000,
    0.020148396916750164
  ],
  [
    1546387200000,
    0.021636394065314767
  ],
  [
    1546473600000,
    0.02188034396678487
  ],
  [
    1546560000000,
    0.02081960415371826
  ],
  [
    1546646400000,
    0.021070108403585402
  ],
  [
    1546732800000,
    0.021280721200950165
  ],
  [
    1546819200000,
    0.023009433251240965
  ],
  [
    1546905600000,
    0.023086715766149696
  ],
  [
    1546992000000,
    0.022329549635180072
  ],
  [
    1547078400000,
    0.0225788292670755
  ],
  [
    1547164800000,
    0.018605948542170483
  ],
  [
    1547251200000,
    0.018956588083406504
  ],
  [
    1547337600000,
    0.018788933378482402
  ],
  [
    1547424000000,
    0.0176295189075712
  ],
  [
    1547510400000,
    0.018725402548836256
  ],
  [
    1547596800000,
    0.017964703913425275
  ],
  [
    1547683200000,
    0.018573474721216322
  ],
  [
    1547769600000,
    0.01938275256188651
  ],
  [
    1547856000000,
    0.018860170041004275
  ],
  [
    1547942400000,
    0.020110043659549846
  ],
  [
    1548028800000,
    0.018599715532359444
  ],
  [
    1548115200000,
    0.018481200802854408
  ],
  [
    1548201600000,
    0.018817760019413994
  ],
  [
    1548288000000,
    0.01838987343931665
  ],
  [
    1548374400000,
    0.019154214917210366
  ],
  [
    1548460800000,
    0.01889810739908226
  ],
  [
    1548547200000,
    0.02082491783305487
  ],
  [
    1548633600000,
    0.018964502468347317
  ],
  [
    1548720000000,
    0.017664438681073376
  ],
  [
    1548806400000,
    0.01867621275945483
  ],
  [
    1548892800000,
    0.01871388950587634
  ],
  [
    1548979200000,
    0.017874094488117494
  ],
  [
    1549065600000,
    0.017598722822878284
  ],
  [
    1549152000000,
    0.017716856184072843
  ],
  [
    1549238400000,
    0.01745916370513495
  ],
  [
    1549324800000,
    0.01743565879890279
  ],
  [
    1549411200000,
    0.01641845599413373
  ],
  [
    1549497600000,
    0.015958462828667686
  ],
  [
    1549584000000,
    0.01597939423330915
  ],
  [
    1549670400000,
    0.01752120884811512
  ],
  [
    1549756800000,
    0.017544608776890964
  ],
  [
    1549843200000,
    0.017725603282096963
  ],
  [
    1549929600000,
    0.016774988110270086
  ],
  [
    1550016000000,
    0.01645429558908828
  ],
  [
    1550102400000,
    0.016231675197388308
  ],
  [
    1550188800000,
    0.016378340723129315
  ],
  [
    1550275200000,
    0.01618782954794484
  ],
  [
    1550361600000,
    0.0163530954983049
  ],
  [
    1550448000000,
    0.017244494195209827
  ],
  [
    1550534400000,
    0.01764353385500551
  ],
  [
    1550620800000,
    0.017672214082270054
  ],
  [
    1550707200000,
    0.01826217252029271
  ],
  [
    1550793600000,
    0.01719997843898097
  ],
  [
    1550880000000,
    0.01743448998603961
  ],
  [
    1550966400000,
    0.017993427401896907
  ],
  [
    1551052800000,
    0.01548000269568379
  ],
  [
    1551139200000,
    0.01611124078686306
  ],
  [
    1551225600000,
    0.01704593336310207
  ],
  [
    1551312000000,
    0.01680930405974043
  ],
  [
    1551398400000,
    0.017015518046252065
  ],
  [
    1551484800000,
    0.016963103133842576
  ],
  [
    1551571200000,
    0.017358047606219333
  ],
  [
    1551657600000,
    0.01713145592194941
  ],
  [
    1551744000000,
    0.01809856259783022
  ],
  [
    1551830400000,
    0.01837449094503022
  ],
  [
    1551916800000,
    0.019216242291976982
  ],
  [
    1552003200000,
    0.020694215953926606
  ],
  [
    1552089600000,
    0.019494138507360655
  ],
  [
    1552176000000,
    0.02034016406877838
  ],
  [
    1552262400000,
    0.020674432479261692
  ],
  [
    1552348800000,
    0.020019571738724116
  ],
  [
    1552435200000,
    0.020489382327917374
  ],
  [
    1552521600000,
    0.020113199073285796
  ],
  [
    1552608000000,
    0.0199996744299262
  ],
  [
    1552694400000,
    0.02059037998258647
  ],
  [
    1552780800000,
    0.02052942412020758
  ],
  [
    1552867200000,
    0.020345461325659654
  ],
  [
    1552953600000,
    0.02078002122498378
  ],
  [
    1553040000000,
    0.020738182326373013
  ],
  [
    1553126400000,
    0.02092136518574039
  ],
  [
    1553212800000,
    0.01965587728490373
  ],
  [
    1553299200000,
    0.019593980764095666
  ],
  [
    1553385600000,
    0.019155605323917312
  ],
  [
    1553472000000,
    0.019977657446650806
  ],
  [
    1553558400000,
    0.025301900940980337
  ],
  [
    1553644800000,
    0.023378231002828216
  ],
  [
    1553731200000,
    0.024000219888555288
  ],
  [
    1553817600000,
    0.02368015703386065
  ],
  [
    1553904000000,
    0.023546646054491
  ],
  [
    1553990400000,
    0.024479339105519155
  ],
  [
    1554076800000,
    0.0246203990926257
  ],
  [
    1554163200000,
    0.02522041228351648
  ],
  [
    1554249600000,
    0.02656353620906669
  ],
  [
    1554336000000,
    0.02900888988357716
  ],
  [
    1554422400000,
    0.028162150580497782
  ],
  [
    1554508800000,
    0.02981755387468723
  ],
  [
    1554595200000,
    0.029260384157694563
  ],
  [
    1554681600000,
    0.0322502363044824
  ],
  [
    1554768000000,
    0.03079080710650433
  ],
  [
    1554854400000,
    0.03085475721463722
  ],
  [
    1554940800000,
    0.03155174107535222
  ],
  [
    1555027200000,
    0.027245766258283094
  ],
  [
    1555113600000,
    0.028730453621961752
  ],
  [
    1555200000000,
    0.02768003257285872
  ],
  [
    1555286400000,
    0.02885437034495809
  ],
  [
    1555372800000,
    0.027273665902570843
  ],
  [
    1555459200000,
    0.02763210568423347
  ],
  [
    1555545600000,
    0.02728505935834377
  ],
  [
    1555632000000,
    0.02812967914588862
  ],
  [
    1555718400000,
    0.02885529666027807
  ],
  [
    1555804800000,
    0.026889156952183812
  ],
  [
    1555891200000,
    0.02558830983905417
  ],
  [
    1555977600000,
    0.02704277219538044
  ],
  [
    1556064000000,
    0.025011653203986992
  ],
  [
    1556150400000,
    0.024819479304090567
  ],
  [
    1556236800000,
    0.02256749407381527
  ],
  [
    1556323200000,
    0.023140177913467588
  ],
  [
    1556409600000,
    0.023997585427149738
  ],
  [
    1556496000000,
    0.02299742291764207
  ],
  [
    1556582400000,
    0.02195682594845983
  ],
  [
    1556668800000,
    0.022903799502676722
  ],
  [
    1556755200000,
    0.02369001295257115
  ],
  [
    1556841600000,
    0.0256090776607542
  ],
  [
    1556928000000,
    0.02549199517028715
  ],
  [
    1557014400000,
    0.025844894188983746
  ],
  [
    1557100800000,
    0.025255340271114677
  ],
  [
    1557187200000,
    0.025567626383952997
  ],
  [
    1557273600000,
    0.025305689693196576
  ],
  [
    1557360000000,
    0.02591613471074789
  ],
  [
    1557446400000,
    0.02289623597993985
  ],
  [
    1557532800000,
    0.02466784250553305
  ],
  [
    1557619200000,
    0.027428137397366284
  ],
  [
    1557705600000,
    0.02516946334787242
  ],
  [
    1557792000000,
    0.025311938413419284
  ],
  [
    1557878400000,
    0.026113982472836365
  ],
  [
    1557964800000,
    0.030189979700331205
  ],
  [
    1558051200000,
    0.030115493138603015
  ],
  [
    1558137600000,
    0.027752174335591327
  ],
  [
    1558224000000,
    0.031804244751567755
  ],
  [
    1558310400000,
    0.0316358720269065
  ],
  [
    1558396800000,
    0.032076024792315055
  ],
  [
    1558483200000,
    0.03374430696274864
  ],
  [
    1558569600000,
    0.034301926264497906
  ],
  [
    1558656000000,
    0.03461010255265153
  ],
  [
    1558742400000,
    0.0318335516518608
  ],
  [
    1558828800000,
    0.03284668659479844
  ],
  [
    1558915200000,
    0.030923034818604464
  ],
  [
    1559001600000,
    0.03185373926030183
  ],
  [
    1559088000000,
    0.03238749300349266
  ],
  [
    1559174400000,
    0.032795155985229966
  ],
  [
    1559260800000,
    0.03710984402979738
  ],
  [
    1559347200000,
    0.040308943386759735
  ],
  [
    1559433600000,
    0.04376302356971482
  ],
  [
    1559520000000,
    0.04327889958198018
  ],
  [
    1559606400000,
    0.040493328446606705
  ],
  [
    1559692800000,
    0.039781274577421116
  ],
  [
    1559779200000,
    0.04319372426126599
  ],
  [
    1559865600000,
    0.04169931230771782
  ],
  [
    1559952000000,
    0.04204457013647452
  ],
  [
    1560038400000,
    0.044268427313728105
  ],
  [
    1560124800000,
    0.04580728606240819
  ],
  [
    1560211200000,
    0.049627871847615766
  ],
  [
    1560297600000,
    0.046115757985276375
  ],
  [
    1560384000000,
    0.04681027672697157
  ],
  [
    1560470400000,
    0.04687909427283782
  ],
  [
    1560556800000,
    0.04390093331556406
  ],
  [
    1560643200000,
    0.041127020625580823
  ],
  [
    1560729600000,
    0.053291192568174175
  ],
  [
    1560816000000,
    0.047479855424183204
  ],
  [
    1560902400000,
    0.04740441261267824
  ],
  [
    1560988800000,
    0.04907174264506268
  ],
  [
    1561075200000,
    0.052250946813620545
  ],
  [
    1561161600000,
    0.05234123219732301
  ],
  [
    1561248000000,
    0.06058270553794731
  ],
  [
    1561334400000,
    0.05854772985539902
  ],
  [
    1561420800000,
    0.05738236740544234
  ],
  [
    1561507200000,
    0.06292065756656968
  ],
  [
    1561593600000,
    0.07038924707508395
  ],
  [
    1561680000000,
    0.0653403399883649
  ],
  [
    1561766400000,
    0.07576342205219304
  ],
  [
    1561852800000,
    0.076224874176179
  ],
  [
    1561939200000,
    0.0748580184728524
  ],
  [
    1562025600000,
    0.09048918920980403
  ],
  [
    1562112000000,
    0.1182829729477368
  ],
  [
    1562198400000,
    0.09744520530920484
  ],
  [
    1562284800000,
    0.1019566463817422
  ],
  [
    1562371200000,
    0.09805648218662602
  ],
  [
    1562457600000,
    0.09292537239345536
  ],
  [
    1562544000000,
    0.08211039243926677
  ],
  [
    1562630400000,
    0.081404673443619
  ],
  [
    1562716800000,
    0.10531234178839426
  ],
  [
    1562803200000,
    0.10400497190246248
  ],
  [
    1562889600000,
    0.10445643155671132
  ],
  [
    1562976000000,
    0.10412188278834585
  ],
  [
    1563062400000,
    0.09476164034848378
  ],
  [
    1563148800000,
    0.08186021035952638
  ],
  [
    1563235200000,
    0.0762034162693262
  ],
  [
    1563321600000,
    0.06127437704251228
  ],
  [
    1563408000000,
    0.06418134598490124
  ],
  [
    1563494400000,
    0.07229477487750727
  ],
  [
    1563580800000,
    0.08196583269595041
  ],
  [
    1563667200000,
    0.0975639096809734
  ],
  [
    1563753600000,
    0.09575602022352439
  ],
  [
    1563840000000,
    0.1199702071018055
  ],
  [
    1563926400000,
    0.12470840180187942
  ],
  [
    1564012800000,
    0.11885225159996274
  ],
  [
    1564099200000,
    0.13519154419283247
  ],
  [
    1564185600000,
    0.1291950860422071
  ],
  [
    1564272000000,
    0.11110101661701312
  ],
  [
    1564358400000,
    0.11809814922390212
  ],
  [
    1564444800000,
    0.10956025400950575
  ],
  [
    1564531200000,
    0.10483410893179324
  ],
  [
    1564617600000,
    0.10238453766583346
  ],
  [
    1564704000000,
    0.09949043836890795
  ],
  [
    1564790400000,
    0.12023093854903416
  ],
  [
    1564876800000,
    0.10921180281167275
  ],
  [
    1564963200000,
    0.12555864340973152
  ],
  [
    1565049600000,
    0.14187314546240287
  ],
  [
    1565136000000,
    0.129565970425533
  ],
  [
    1565222400000,
    0.12103620686060235
  ],
  [
    1565308800000,
    0.1280397131342005
  ],
  [
    1565395200000,
    0.1271933352004876
  ],
  [
    1565481600000,
    0.11464537874926901
  ],
  [
    1565568000000,
    0.11480239529423376
  ],
  [
    1565654400000,
    0.11061781565490333
  ],
  [
    1565740800000,
    0.10414544621313868
  ],
  [
    1565827200000,
    0.0909952484761591
  ],
  [
    1565913600000,
    0.10550234650425785
  ],
  [
    1566000000000,
    0.09706641271778016
  ],
  [
    1566086400000,
    0.09608504586348987
  ],
  [
    1566172800000,
    0.09318019331927682
  ],
  [
    1566259200000,
    0.09885740055012891
  ],
  [
    1566345600000,
    0.09371042992128542
  ],
  [
    1566432000000,
    0.0833468182022953
  ],
  [
    1566518400000,
    0.08727230911948691
  ],
  [
    1566604800000,
    0.08436644624526594
  ],
  [
    1566691200000,
    0.07924415975286113
  ],
  [
    1566777600000,
    0.07816114813364435
  ],
  [
    1566864000000,
    0.07494183109731258
  ],
  [
    1566950400000,
    0.08264441786575462
  ],
  [
    1567036800000,
    0.07049662985723582
  ],
  [
    1567123200000,
    0.06260215545187556
  ],
  [
    1567209600000,
    0.06872139457602115
  ],
  [
    1567296000000,
    0.06372304841620838
  ],
  [
    1567382400000,
    0.060688256804886605
  ],
  [
    1567468800000,
    0.05905099902928292
  ],
  [
    1567555200000,
    0.05536337112791633
  ],
  [
    1567641600000,
    0.052431755897272975
  ],
  [
    1567728000000,
    0.05059992324957529
  ],
  [
    1567814400000,
    0.04773128404989505
  ],
  [
    1567900800000,
    0.051900716255813266
  ],
  [
    1567987200000,
    0.04696713457357961
  ],
  [
    1568073600000,
    0.045023579321215125
  ],
  [
    1568160000000,
    0.044754649783220454
  ],
  [
    1568246400000,
    0.043527707798993606
  ],
  [
    1568332800000,
    0.03827214921651331
  ],
  [
    1568419200000,
    0.03918907746080466
  ],
  [
    1568505600000,
    0.039854233120166276
  ],
  [
    1568592000000,
    0.04429078600371909
  ],
  [
    1568678400000,
    0.042167999253476446
  ],
  [
    1568764800000,
    0.042506272704405525
  ],
  [
    1568851200000,
    0.046795286698602716
  ],
  [
    1568937600000,
    0.052282973893401016
  ],
  [
    1569024000000,
    0.05671442118686825
  ],
  [
    1569110400000,
    0.054665654185128525
  ],
  [
    1569196800000,
    0.04926474119029603
  ],
  [
    1569283200000,
    0.0438069763290205
  ],
  [
    1569369600000,
    0.03481247059608841
  ],
  [
    1569456000000,
    0.03845766608938465
  ],
  [
    1569542400000,
    0.03686434194513937
  ],
  [
    1569628800000,
    0.038593361008425066
  ],
  [
    1569715200000,
    0.038631392916208804
  ],
  [
    1569801600000,
    0.041163588152522815
  ],
  [
    1569888000000,
    0.03984558358351026
  ],
  [
    1569974400000,
    0.041478577849424346
  ],
  [
    1570060800000,
    0.041478577849424346
  ],
  [
    1570147200000,
    0.04163879635350175
  ],
  [
    1570233600000,
    0.04171466664475088
  ],
  [
    1570320000000,
    0.04347971384608729
  ],
  [
    1570406400000,
    0.04290211468461754
  ],
  [
    1570492800000,
    0.044558223293430406
  ],
  [
    1570579200000,
    0.05034240275922988
  ],
  [
    1570665600000,
    0.0630069407316935
  ],
  [
    1570752000000,
    0.059135750955422645
  ],
  [
    1570838400000,
    0.059062295361179296
  ],
  [
    1570924800000,
    0.06162207535561896
  ],
  [
    1571011200000,
    0.06049670417516953
  ],
  [
    1571097600000,
    0.06617917087598503
  ],
  [
    1571184000000,
    0.06252552010277977
  ],
  [
    1571270400000,
    0.05714013434331898
  ],
  [
    1571356800000,
    0.056802889283354585
  ],
  [
    1571443200000,
    0.05369734785430803
  ],
  [
    1571529600000,
    0.054654541284809406
  ],
  [
    1571616000000,
    0.05448846826281097
  ],
  [
    1571702400000,
    0.05489419084704261
  ],
  [
    1571788800000,
    0.05729828963872693
  ],
  [
    1571875200000,
    0.05138857003099699
  ],
  [
    1571961600000,
    0.052965680635360265
  ],
  [
    1572048000000,
    0.057942789825785226
  ],
  [
    1572134400000,
    0.05082407914847474
  ],
  [
    1572220800000,
    0.05144185231857896
  ],
  [
    1572307200000,
    0.05135009055120678
  ],
  [
    1572393600000,
    0.05060436298489123
  ],
  [
    1572480000000,
    0.0493745828765996
  ],
  [
    1572566400000,
    0.049809071761494315
  ],
  [
    1572652800000,
    0.052975505983235714
  ],
  [
    1572739200000,
    0.054538626631391446
  ],
  [
    1572825600000,
    0.053286479987102425
  ],
  [
    1572912000000,
    0.05178816473915575
  ],
  [
    1572998400000,
    0.05258384727052865
  ],
  [
    1573084800000,
    0.0601876540533565
  ],
  [
    1573171200000,
    0.05750674890407483
  ],
  [
    1573257600000,
    0.05427829164725312
  ],
  [
    1573344000000,
    0.057520010976135745
  ],
  [
    1573430400000,
    0.05579783506460778
  ],
  [
    1573516800000,
    0.05556672522401003
  ],
  [
    1573603200000,
    0.057931721275425556
  ],
  [
    1573689600000,
    0.05872290960872088
  ],
  [
    1573776000000,
    0.061504874033040904
  ],
  [
    1573862400000,
    0.05702967760302919
  ],
  [
    1573948800000,
    0.05764158174289749
  ],
  [
    1574035200000,
    0.056009300411564794
  ],
  [
    1574121600000,
    0.05117126408366605
  ],
  [
    1574208000000,
    0.05198773333195339
  ],
  [
    1574294400000,
    0.049590791210948414
  ],
  [
    1574380800000,
    0.0490998812070547
  ],
  [
    1574467200000,
    0.045531210788621115
  ],
  [
    1574553600000,
    0.04727828956548837
  ],
  [
    1574640000000,
    0.042514539688891094
  ],
  [
    1574726400000,
    0.03949222923125056
  ],
  [
    1574812800000,
    0.0406062984668597
  ],
  [
    1574899200000,
    0.04087534336421216
  ],
  [
    1574985600000,
    0.04056759791057245
  ],
  [
    1575072000000,
    0.041546789442098254
  ],
  [
    1575158400000,
    0.04085837946079924
  ],
  [
    1575244800000,
    0.03866108498709626
  ],
  [
    1575331200000,
    0.03778656857658476
  ],
  [
    1575417600000,
    0.03896940236676034
  ],
  [
    1575504000000,
    0.03524490880069548
  ],
  [
    1575590400000,
    0.037915279896976205
  ],
  [
    1575676800000,
    0.039102973307957915
  ],
  [
    1575763200000,
    0.03886205189178744
  ],
  [
    1575849600000,
    0.03769090825485146
  ],
  [
    1575936000000,
    0.03707830748160051
  ],
  [
    1576022400000,
    0.03449491099461684
  ],
  [
    1576108800000,
    0.033811940318956936
  ],
  [
    1576195200000,
    0.03385175231501766
  ],
  [
    1576281600000,
    0.03455607957023543
  ],
  [
    1576368000000,
    0.03653409600817712
  ],
  [
    1576454400000,
    0.035964598303728106
  ],
  [
    1576540800000,
    0.03233243439448139
  ],
  [
    1576627200000,
    0.02909110040567139
  ],
  [
    1576713600000,
    0.03202052612001999
  ],
  [
    1576800000000,
    0.03138308624179208
  ],
  [
    1576886400000,
    0.0316486225627288
  ],
  [
    1576972800000,
    0.032129905256336945
  ],
  [
    1577059200000,
    0.032984871190337044
  ],
  [
    1577145600000,
    0.03285811572992614
  ],
  [
    1577232000000,
    0.034710759033030565
  ],
  [
    1577318400000,
    0.032333892721532476
  ],
  [
    1577404800000,
    0.03248219879149514
  ],
  [
    1577491200000,
    0.032725286279569
  ],
  [
    1577577600000,
    0.031217438634008315
  ],
  [
    1577664000000,
    0.03112937645272914
  ],
  [
    1577750400000,
    0.03168967102023461
  ],
  [
    1577836800000,
    0.030875450047684383
  ],
  [
    1577923200000,
    0.031927579340833616
  ],
  [
    1578009600000,
    0.035419368249982465
  ],
  [
    1578096000000,
    0.035280518401326996
  ],
  [
    1578182400000,
    0.03534946473778553
  ],
  [
    1578268800000,
    0.03512542317704836
  ],
  [
    1578355200000,
    0.04009566860584996
  ],
  [
    1578441600000,
    0.03861350465533988
  ],
  [
    1578528000000,
    0.04002173248846504
  ],
  [
    1578614400000,
    0.04101500933300852
  ],
  [
    1578700800000,
    0.045828606616491185
  ],
  [
    1578787200000,
    0.04542332935432005
  ],
  [
    1578873600000,
    0.04460518360348591
  ],
  [
    1578960000000,
    0.04573611449031461
  ],
  [
    1579046400000,
    0.04390116285236718
  ],
  [
    1579132800000,
    0.04633872080515298
  ],
  [
    1579219200000,
    0.04358186337838741
  ],
  [
    1579305600000,
    0.04510444846952042
  ],
  [
    1579392000000,
    0.04442880872934274
  ],
  [
    1579478400000,
    0.04257904620910174
  ],
  [
    1579564800000,
    0.041371338953837086
  ],
  [
    1579651200000,
    0.04234576903486899
  ],
  [
    1579737600000,
    0.041729260736026515
  ],
  [
    1579824000000,
    0.04019699229797324
  ],
  [
    1579910400000,
    0.04008616409745743
  ],
  [
    1579996800000,
    0.040381855937224126
  ],
  [
    1580083200000,
    0.04114558822971228
  ],
  [
    1580169600000,
    0.04155974370193847
  ],
  [
    1580256000000,
    0.043386025004997796
  ],
  [
    1580342400000,
    0.0429444564113189
  ],
  [
    1580428800000,
    0.04345075521336542
  ],
  [
    1580515200000,
    0.044310934174890224
  ],
  [
    1580601600000,
    0.04416664393846316
  ],
  [
    1580688000000,
    0.04639775530049989
  ],
  [
    1580774400000,
    0.047863325421819564
  ],
  [
    1580860800000,
    0.054243911946224535
  ],
  [
    1580947200000,
    0.05340113613672304
  ],
  [
    1581033600000,
    0.0597617880960979
  ],
  [
    1581120000000,
    0.05792193972102786
  ],
  [
    1581206400000,
    0.05599330501527456
  ],
  [
    1581292800000,
    0.058886190468447994
  ],
  [
    1581379200000,
    0.05673114616092211
  ],
  [
    1581465600000,
    0.06077189721350017
  ],
  [
    1581552000000,
    0.06015607248974999
  ],
  [
    1581638400000,
    0.06373932071639311
  ],
  [
    1581724800000,
    0.06681527635877842
  ],
  [
    1581811200000,
    0.060271839547912605
  ],
  [
    1581897600000,
    0.0644641953347999
  ],
  [
    1581984000000,
    0.061522469647316065
  ],
  [
    1582070400000,
    0.06176252323008993
  ],
  [
    1582156800000,
    0.05629729979101513
  ],
  [
    1582243200000,
    0.0618653494426959
  ],
  [
    1582329600000,
    0.0635013828987165
  ],
  [
    1582416000000,
    0.06237221376931807
  ],
  [
    1582502400000,
    0.06406505455269827
  ],
  [
    1582588800000,
    0.0587139593807637
  ],
  [
    1582675200000,
    0.05687461204436888
  ],
  [
    1582761600000,
    0.05247467306965284
  ],
  [
    1582848000000,
    0.05375377005763796
  ],
  [
    1582934400000,
    0.053869586201455114
  ],
  [
    1583020800000,
    0.05136637450476201
  ],
  [
    1583107200000,
    0.05526846421820109
  ],
  [
    1583193600000,
    0.0640983287291577
  ],
  [
    1583280000000,
    0.06168219829383854
  ],
  [
    1583366400000,
    0.06553665803818531
  ],
  [
    1583452800000,
    0.07155582507419159
  ],
  [
    1583539200000,
    0.06761533931276519
  ],
  [
    1583625600000,
    0.08236272734122221
  ],
  [
    1583712000000,
    0.07359680892834053
  ],
  [
    1583798400000,
    0.06657047277303822
  ],
  [
    1583884800000,
    0.07223794149949658
  ],
  [
    1583971200000,
    0.0761772296452512
  ],
  [
    1584057600000,
    0.03716180641774311
  ],
  [
    1584144000000,
    0.04200579642964538
  ],
  [
    1584230400000,
    0.039899065634019674
  ],
  [
    1584316800000,
    0.037788400222883385
  ],
  [
    1584403200000,
    0.029484365333626226
  ],
  [
    1584489600000,
    0.03424173961866112
  ],
  [
    1584576000000,
    0.03288927078785477
  ],
  [
    1584662400000,
    0.039803400139487695
  ],
  [
    1584748800000,
    0.038897554969804
  ],
  [
    1584835200000,
    0.040240594580666006
  ],
  [
    1584921600000,
    0.03545747481277911
  ],
  [
    1585008000000,
    0.04120022118148438
  ],
  [
    1585094400000,
    0.04143899747708366
  ],
  [
    1585180800000,
    0.04246091260160932
  ],
  [
    1585267200000,
    0.045699816119313855
  ],
  [
    1585353600000,
    0.04178742016109174
  ],
  [
    1585440000000,
    0.04228563418396953
  ],
  [
    1585526400000,
    0.038385438269906556
  ],
  [
    1585612800000,
    0.04399473323841723
  ],
  [
    1585699200000,
    0.04649470726062055
  ],
  [
    1585785600000,
    0.04721021050970267
  ],
  [
    1585872000000,
    0.04831982365386535
  ],
  [
    1585958400000,
    0.05040399730685962
  ],
  [
    1586044800000,
    0.0519525521560253
  ],
  [
    1586131200000,
    0.05071831390749457
  ],
  [
    1586217600000,
    0.051367161193014065
  ],
  [
    1586304000000,
    0.050614243524534475
  ],
  [
    1586390400000,
    0.05271289727293306
  ],
  [
    1586476800000,
    0.05490742209419824
  ],
  [
    1586563200000,
    0.05001441133899082
  ],
  [
    1586649600000,
    0.04946962506196944
  ],
  [
    1586736000000,
    0.05252477804728005
  ],
  [
    1586822400000,
    0.05172958311885565
  ],
  [
    1586908800000,
    0.05231224510502076
  ],
  [
    1586995200000,
    0.04967386847811329
  ],
  [
    1587081600000,
    0.05510554149810988
  ],
  [
    1587168000000,
    0.0588185904132095
  ],
  [
    1587254400000,
    0.06240198917317363
  ],
  [
    1587340800000,
    0.06044450031039829
  ],
  [
    1587427200000,
    0.05563931827417076
  ],
  [
    1587513600000,
    0.05485669404820944
  ],
  [
    1587600000000,
    0.0598434688807647
  ],
  [
    1587686400000,
    0.06079496362410028
  ],
  [
    1587772800000,
    0.06391825015047153
  ],
  [
    1587859200000,
    0.06394891175219741
  ],
  [
    1587945600000,
    0.06389815376460342
  ],
  [
    1588032000000,
    0.06606719379102952
  ],
  [
    1588118400000,
    0.06595960785633932
  ],
  [
    1588204800000,
    0.0694378189442311
  ],
  [
    1588291200000,
    0.06790789762022738
  ],
  [
    1588377600000,
    0.06694081195668806
  ],
  [
    1588464000000,
    0.06701073664813023
  ],
  [
    1588550400000,
    0.06431353065299825
  ],
  [
    1588636800000,
    0.06388938902214684
  ],
  [
    1588723200000,
    0.06988948478676156
  ],
  [
    1588809600000,
    0.06854573264903056
  ],
  [
    1588896000000,
    0.06750046690068878
  ],
  [
    1588982400000,
    0.06996070238399814
  ],
  [
    1589068800000,
    0.06977745565547218
  ],
  [
    1589155200000,
    0.0730328761344232
  ],
  [
    1589241600000,
    0.06877997551537907
  ],
  [
    1589328000000,
    0.07810666594075018
  ],
  [
    1589414400000,
    0.07936224783208551
  ],
  [
    1589500800000,
    0.07652049928458483
  ],
  [
    1589587200000,
    0.07630364272184405
  ],
  [
    1589673600000,
    0.08102972531785928
  ],
  [
    1589760000000,
    0.08912571543772833
  ],
  [
    1589846400000,
    0.08444442779994055
  ],
  [
    1589932800000,
    0.08853669511836498
  ],
  [
    1590019200000,
    0.09192062364097144
  ],
  [
    1590105600000,
    0.08854592090190394
  ],
  [
    1590192000000,
    0.09722809680837555
  ],
  [
    1590278400000,
    0.1000809111997004
  ],
  [
    1590364800000,
    0.09725618806057937
  ],
  [
    1590451200000,
    0.0971774353678206
  ],
  [
    1590537600000,
    0.09106589468553275
  ],
  [
    1590624000000,
    0.09060160599540718
  ],
  [
    1590710400000,
    0.09277004303628851
  ],
  [
    1590796800000,
    0.09057856022864509
  ],
  [
    1590883200000,
    0.09542461527918976
  ],
  [
    1590969600000,
    0.09188397890965838
  ],
  [
    1591056000000,
    0.09111281411557891
  ],
  [
    1591142400000,
    0.08785818780468334
  ],
  [
    1591228800000,
    0.08895343307430148
  ],
  [
    1591315200000,
    0.09717299207506327
  ],
  [
    1591401600000,
    0.09057073903674767
  ],
  [
    1591488000000,
    0.08760768824184535
  ],
  [
    1591574400000,
    0.08904761308411584
  ],
  [
    1591660800000,
    0.08599036832450149
  ],
  [
    1591747200000,
    0.08642918970218517
  ],
  [
    1591833600000,
    0.09644142511957003
  ],
  [
    1591920000000,
    0.08847718432404766
  ],
  [
    1592006400000,
    0.09747341484329146
  ],
  [
    1592092800000,
    0.10177877551815993
  ],
  [
    1592179200000,
    0.10083719272401519
  ],
  [
    1592265600000,
    0.11528678769157036
  ],
  [
    1592352000000,
    0.11705567668263411
  ],
  [
    1592438400000,
    0.1164189647946778
  ],
  [
    1592524800000,
    0.1209417855302762
  ],
  [
    1592611200000,
    0.12345156869266054
  ],
  [
    1592697600000,
    0.1185262411123359
  ],
  [
    1592784000000,
    0.11476221717192765
  ],
  [
    1592870400000,
    0.14336380310366972
  ],
  [
    1592956800000,
    0.15510037761624593
  ],
  [
    1593043200000,
    0.17037773317919097
  ],
  [
    1593129600000,
    0.15954518658158182
  ],
  [
    1593216000000,
    0.15226995137993665
  ],
  [
    1593302400000,
    0.1400193595188704
  ],
  [
    1593388800000,
    0.14980350534635123
  ],
  [
    1593475200000,
    0.15498187401392055
  ],
  [
    1593561600000,
    0.1465638843094907
  ],
  [
    1593648000000,
    0.1450460391410975
  ],
  [
    1593734400000,
    0.15290301784966814
  ],
  [
    1593820800000,
    0.1663649168023056
  ],
  [
    1593907200000,
    0.1678539840178413
  ],
  [
    1593993600000,
    0.158300633949578
  ],
  [
    1594080000000,
    0.1744481064266495
  ],
  [
    1594166400000,
    0.18290873248399375
  ],
  [
    1594252800000,
    0.191469277270141
  ],
  [
    1594339200000,
    0.1777414732043153
  ],
  [
    1594425600000,
    0.17659125689733743
  ],
  [
    1594512000000,
    0.18202697463558373
  ],
  [
    1594598400000,
    0.19391464395319355
  ],
  [
    1594684800000,
    0.17634094174369827
  ],
  [
    1594771200000,
    0.18070053282184248
  ],
  [
    1594857600000,
    0.17293866775265815
  ],
  [
    1594944000000,
    0.16235959983148568
  ],
  [
    1595030400000,
    0.17625249236395513
  ],
  [
    1595116800000,
    0.17442185002757557
  ],
  [
    1595203200000,
    0.18816370200911703
  ],
  [
    1595289600000,
    0.1666363618215098
  ],
  [
    1595376000000,
    0.16182580233725888
  ],
  [
    1595462400000,
    0.17000022642514998
  ],
  [
    1595548800000,
    0.16189253737077444
  ],
  [
    1595635200000,
    0.15264311131269148
  ],
  [
    1595721600000,
    0.15782097626363878
  ],
  [
    1595808000000,
    0.1537894331355699
  ],
  [
    1595894400000,
    0.15381305849897664
  ],
  [
    1595980800000,
    0.17154810942582013
  ],
  [
    1596067200000,
    0.16277144377503652
  ],
  [
    1596153600000,
    0.1621535361187262
  ],
  [
    1596240000000,
    0.15860801482820966
  ],
  [
    1596326400000,
    0.16379759905182772
  ],
  [
    1596412800000,
    0.18588640541603965
  ],
  [
    1596499200000,
    0.21511459702165336
  ],
  [
    1596585600000,
    0.20624237181443267
  ],
  [
    1596672000000,
    0.22407512724448728
  ],
  [
    1596758400000,
    0.231851687552666
  ],
  [
    1596844800000,
    0.2278086841140148
  ],
  [
    1596931200000,
    0.21771558850075468
  ],
  [
    1597017600000,
    0.22346898169636958
  ],
  [
    1597104000000,
    0.27445512165101854
  ],
  [
    1597190400000,
    0.25214557807702587
  ],
  [
    1597276800000,
    0.3120397556460234
  ],
  [
    1597363200000,
    0.27365940325667704
  ],
  [
    1597449600000,
    0.29923373218799965
  ],
  [
    1597536000000,
    0.33104065548092243
  ],
  [
    1597622400000,
    0.4032670268118957
  ],
  [
    1597708800000,
    0.4713914848261639
  ],
  [
    1597795200000,
    0.5238416065414181
  ],
  [
    1597881600000,
    0.49153047948524203
  ],
  [
    1597968000000,
    0.44484242176134775
  ],
  [
    1598054400000,
    0.42438353837014603
  ],
  [
    1598140800000,
    0.45991791215458083
  ],
  [
    1598227200000,
    0.43764597387743287
  ],
  [
    1598313600000,
    0.4440338903005992
  ],
  [
    1598400000000,
    0.4055272665333006
  ],
  [
    1598486400000,
    0.4548261819081329
  ],
  [
    1598572800000,
    0.42053474163106835
  ],
  [
    1598659200000,
    0.4423159327839377
  ],
  [
    1598745600000,
    0.42417906467741484
  ],
  [
    1598832000000,
    0.4440177482772266
  ],
  [
    1598918400000,
    0.5075405722860333
  ],
  [
    1599004800000,
    0.5832313033813313
  ],
  [
    1599091200000,
    0.5059853718088914
  ],
  [
    1599177600000,
    0.36770194161152286
  ],
  [
    1599264000000,
    0.3766920582356923
  ],
  [
    1599350400000,
    0.2845492073973647
  ],
  [
    1599436800000,
    0.3036283454550607
  ],
  [
    1599523200000,
    0.2939186885631684
  ],
  [
    1599609600000,
    0.2766212815325326
  ],
  [
    1599696000000,
    0.3197280395546966
  ],
  [
    1599782400000,
    0.323746731907708
  ],
  [
    1599868800000,
    0.31921411468989047
  ],
  [
    1599955200000,
    0.3296180318101055
  ],
  [
    1600041600000,
    0.31775133601603006
  ],
  [
    1600128000000,
    0.3142409236275934
  ],
  [
    1600214400000,
    0.27481881389508217
  ],
  [
    1600300800000,
    0.2690194235953379
  ],
  [
    1600387200000,
    0.2589883852404823
  ],
  [
    1600473600000,
    0.24164634417644668
  ],
  [
    1600560000000,
    0.242787271291052
  ],
  [
    1600646400000,
    0.2324325313140311
  ],
  [
    1600732800000,
    0.21182451927851764
  ],
  [
    1600819200000,
    0.20581823310864591
  ],
  [
    1600905600000,
    0.16890400203680273
  ],
  [
    1600992000000,
    0.19515865128666357
  ],
  [
    1601078400000,
    0.22652188669786547
  ],
  [
    1601164800000,
    0.24905378937723455
  ],
  [
    1601251200000,
    0.2398629617894987
  ],
  [
    1601337600000,
    0.21966256553528185
  ],
  [
    1601424000000,
    0.23667742995367727
  ],
  [
    1601510400000,
    0.23830230879035413
  ],
  [
    1601596800000,
    0.2835046947624177
  ],
  [
    1601683200000,
    0.25964953814603464
  ],
  [
    1601769600000,
    0.26828807627071666
  ],
  [
    1601856000000,
    0.2697841662471669
  ],
  [
    1601942400000,
    0.24885685547843397
  ],
  [
    1602028800000,
    0.23544223844170523
  ],
  [
    1602115200000,
    0.25867875357367126
  ],
  [
    1602201600000,
    0.27323639769848057
  ],
  [
    1602288000000,
    0.27940104679937944
  ],
  [
    1602374400000,
    0.30597350689316616
  ],
  [
    1602460800000,
    0.42357112614100245
  ],
  [
    1602547200000,
    0.3543319497256319
  ],
  [
    1602633600000,
    0.3401813647890298
  ],
  [
    1602720000000,
    0.38524830837040486
  ],
  [
    1602806400000,
    0.3606202799996636
  ],
  [
    1602892800000,
    0.3250669087228031
  ],
  [
    1602979200000,
    0.3464341618718392
  ],
  [
    1603065600000,
    0.34845562060637947
  ],
  [
    1603152000000,
    0.3240334337744003
  ],
  [
    1603238400000,
    0.28390562836554833
  ],
  [
    1603324800000,
    0.32644360747341644
  ],
  [
    1603411200000,
    0.33681763614707677
  ],
  [
    1603497600000,
    0.33921153766735296
  ],
  [
    1603584000000,
    0.32747100124828366
  ],
  [
    1603670400000,
    0.31439627447723645
  ],
  [
    1603756800000,
    0.29667832421087625
  ],
  [
    1603843200000,
    0.30069071380837126
  ],
  [
    1603929600000,
    0.27807075270442705
  ],
  [
    1604016000000,
    0.2568836980698857
  ],
  [
    1604102400000,
    0.2675954477713425
  ],
  [
    1604188800000,
    0.28532613153640995
  ],
  [
    1604275200000,
    0.26612828742737754
  ],
  [
    1604361600000,
    0.25150979217794955
  ],
  [
    1604448000000,
    0.25712328504266424
  ],
  [
    1604534400000,
    0.248343261940606
  ],
  [
    1604620800000,
    0.2633178731625012
  ],
  [
    1604707200000,
    0.3110512084156355
  ],
  [
    1604793600000,
    0.2824880158909545
  ],
  [
    1604880000000,
    0.3072240123441794
  ],
  [
    1604966400000,
    0.3246556419798937
  ],
  [
    1605052800000,
    0.34148324331676044
  ],
  [
    1605139200000,
    0.3152789735321622
  ],
  [
    1605225600000,
    0.2968430196921679
  ],
  [
    1605312000000,
    0.31840667763572117
  ],
  [
    1605398400000,
    0.30741966509862173
  ],
  [
    1605484800000,
    0.3052268416875168
  ],
  [
    1605571200000,
    0.32184138749051316
  ],
  [
    1605657600000,
    0.3438232260176623
  ],
  [
    1605744000000,
    0.3219708939376681
  ],
  [
    1605830400000,
    0.3156159533172498
  ],
  [
    1605916800000,
    0.3187171137600328
  ],
  [
    1606003200000,
    0.35365835663668677
  ],
  [
    1606089600000,
    0.35194344749942347
  ],
  [
    1606176000000,
    0.3654339279486529
  ],
  [
    1606262400000,
    0.3709176257147005
  ],
  [
    1606348800000,
    0.3685628960402102
  ],
  [
    1606435200000,
    0.3160310036912282
  ],
  [
    1606521600000,
    0.31174002022442254
  ],
  [
    1606608000000,
    0.3157771856690892
  ],
  [
    1606694400000,
    0.3220098603222585
  ],
  [
    1606780800000,
    0.3358726941131161
  ],
  [
    1606867200000,
    0.3127827957978983
  ],
  [
    1606953600000,
    0.34024662393490723
  ],
  [
    1607040000000,
    0.3553789567494043
  ],
  [
    1607126400000,
    0.3202608524373735
  ],
  [
    1607212800000,
    0.33353825086053007
  ],
  [
    1607299200000,
    0.3390305180463505
  ],
  [
    1607385600000,
    0.3352835408961988
  ],
  [
    1607472000000,
    0.2967497809855806
  ],
  [
    1607558400000,
    0.29424281898428145
  ],
  [
    1607644800000,
    0.27909726805251
  ],
  [
    1607731200000,
    0.26815588538193563
  ],
  [
    1607817600000,
    0.28256869159595205
  ],
  [
    1607904000000,
    0.28802123323698936
  ],
  [
    1607990400000,
    0.28527091970356816
  ],
  [
    1608076800000,
    0.291342960507758
  ],
  [
    1608163200000,
    0.3037262258106611
  ],
  [
    1608249600000,
    0.28921330547563123
  ],
  [
    1608336000000,
    0.2961922152988548
  ],
  [
    1608422400000,
    0.29089864496896894
  ],
  [
    1608508800000,
    0.2789327227359294
  ],
  [
    1608595200000,
    0.2682990580419567
  ],
  [
    1608681600000,
    0.2903375690972428
  ],
  [
    1608768000000,
    0.2542678771205692
  ],
  [
    1608854400000,
    0.27116985862316656
  ],
  [
    1608940800000,
    0.26746449159754765
  ],
  [
    1609027200000,
    0.2585065201716176
  ],
  [
    1609113600000,
    0.2811984034686444
  ],
  [
    1609200000000,
    0.33602267634025906
  ],
  [
    1609286400000,
    0.3574617087301088
  ],
  [
    1609372800000,
    0.3250663478948163
  ],
  [
    1609459200000,
    0.32079481020807854
  ],
  [
    1609545600000,
    0.3169638224074909
  ],
  [
    1609632000000,
    0.3122705868777681
  ],
  [
    1609718400000,
    0.33320167115348037
  ],
  [
    1609804800000,
    0.3289120563578296
  ],
  [
    1609891200000,
    0.34558560477030725
  ],
  [
    1609977600000,
    0.36988928772308716
  ],
  [
    1610064000000,
    0.3646465903338251
  ],
  [
    1610150400000,
    0.38532575718482626
  ],
  [
    1610236800000,
    0.4476091150497484
  ],
  [
    1610323200000,
    0.4142235692785658
  ],
  [
    1610409600000,
    0.36748958498834533
  ],
  [
    1610496000000,
    0.3594985781565111
  ],
  [
    1610582400000,
    0.43643325409276307
  ],
  [
    1610668800000,
    0.4734759887227782
  ],
  [
    1610755200000,
    0.5138705737445067
  ],
  [
    1610841600000,
    0.5386450718545014
  ],
  [
    1610928000000,
    0.6196872552915157
  ],
  [
    1611014400000,
    0.5910993438835002
  ],
  [
    1611100800000,
    0.6930303589651735
  ],
  [
    1611187200000,
    0.7648452373023255
  ],
  [
    1611273600000,
    0.5857115326040659
  ],
  [
    1611360000000,
    0.6360028009531636
  ],
  [
    1611446400000,
    0.6260425420555124
  ],
  [
    1611532800000,
    0.6270818433881863
  ],
  [
    1611619200000,
    0.5766151447823408
  ],
  [
    1611705600000,
    0.5953753653319036
  ],
  [
    1611792000000,
    0.5226091010254512
  ],
  [
    1611878400000,
    0.5787131606546553
  ],
  [
    1611964800000,
    0.5651099890944314
  ],
  [
    1612051200000,
    0.5871049842894229
  ],
  [
    1612137600000,
    0.6263029747076156
  ],
  [
    1612224000000,
    0.6238799033894872
  ],
  [
    1612310400000,
    0.6678383039621406
  ],
  [
    1612396800000,
    0.6852544980230565
  ],
  [
    1612483200000,
    0.801383196749469
  ],
  [
    1612569600000,
    0.8510181712683091
  ],
  [
    1612656000000,
    0.7796370773079537
  ],
  [
    1612742400000,
    0.767217165158581
  ],
  [
    1612828800000,
    0.8092181114085395
  ],
  [
    1612915200000,
    0.8754302752254758
  ],
  [
    1613001600000,
    0.8546449598552751
  ],
  [
    1613088000000,
    1.002472632415058
  ],
  [
    1613174400000,
    1.049048247447355
  ],
  [
    1613260800000,
    0.9921896362507817
  ],
  [
    1613347200000,
    0.9011672112639046
  ],
  [
    1613433600000,
    0.9025253537283128
  ],
  [
    1613520000000,
    1.0663011438220793
  ],
  [
    1613606400000,
    1.008287955481849
  ],
  [
    1613692800000,
    1.1876598120446937
  ],
  [
    1613779200000,
    1.720174650156729
  ],
  [
    1613865600000,
    1.4111556862620889
  ],
  [
    1613952000000,
    1.3908339305386823
  ],
  [
    1614038400000,
    1.3546642902734616
  ],
  [
    1614124800000,
    1.1145235692122755
  ],
  [
    1614211200000,
    1.1492612194059748
  ],
  [
    1614297600000,
    1.070750979861481
  ],
  [
    1614384000000,
    1.020457766980526
  ],
  [
    1614470400000,
    1.0882487237818887
  ],
  [
    1614556800000,
    1.0337114444977125
  ],
  [
    1614643200000,
    1.1450946502008288
  ],
  [
    1614729600000,
    1.1038933498766823
  ],
  [
    1614816000000,
    1.1257779239854566
  ],
  [
    1614902400000,
    1.050648098451659
  ],
  [
    1614988800000,
    1.05250876416623
  ],
  [
    1615075200000,
    1.071404563601639
  ],
  [
    1615161600000,
    1.1942549109399003
  ],
  [
    1615248000000,
    1.219685624115595
  ],
  [
    1615334400000,
    1.3375952580715715
  ],
  [
    1615420800000,
    1.2382001106714668
  ],
  [
    1615507200000,
    1.2471179861360884
  ],
  [
    1615593600000,
    1.1587411832542178
  ],
  [
    1615680000000,
    1.2022459760131343
  ],
  [
    1615766400000,
    1.111791058615286
  ],
  [
    1615852800000,
    1.0916388217167563
  ],
  [
    1615939200000,
    1.100767136075714
  ],
  [
    1616025600000,
    1.1104150966961426
  ],
  [
    1616112000000,
    1.1017632887368625
  ],
  [
    1616198400000,
    1.1070916690615693
  ],
  [
    1616284800000,
    1.080676781780578
  ],
  [
    1616371200000,
    1.0691151515116133
  ],
  [
    1616457600000,
    1.0035294181097127
  ],
  [
    1616544000000,
    0.9681552655904998
  ],
  [
    1616630400000,
    0.8796489019373195
  ],
  [
    1616716800000,
    0.8493586936146306
  ],
  [
    1616803200000,
    0.9573688400416578
  ],
  [
    1616889600000,
    0.9705399715328965
  ],
  [
    1616976000000,
    1.0095231055747984
  ],
  [
    1617062400000,
    1.0871228672245508
  ],
  [
    1617148800000,
    1.0699695345772846
  ],
  [
    1617235200000,
    1.026178586744763
  ],
  [
    1617321600000,
    1.049893764157437
  ],
  [
    1617408000000,
    1.1061686605053187
  ],
  [
    1617494400000,
    1.0102870611892922
  ],
  [
    1617580800000,
    1.0806477998269044
  ],
  [
    1617667200000,
    1.0379891449023748
  ],
  [
    1617753600000,
    1.0838261623164145
  ],
  [
    1617840000000,
    0.9934741766832454
  ],
  [
    1617926400000,
    1.0313170887125673
  ],
  [
    1618012800000,
    1.0470264805717435
  ],
  [
    1618099200000,
    1.0653474257413864
  ],
  [
    1618185600000,
    1.045781893212318
  ],
  [
    1618272000000,
    1.0283543960395338
  ],
  [
    1618358400000,
    1.023998064716135
  ],
  [
    1618444800000,
    1.0219106609445845
  ],
  [
    1618531200000,
    1.1067278891423875
  ],
  [
    1618617600000,
    1.1625591776727697
  ],
  [
    1618704000000,
    1.1031814087350136
  ],
  [
    1618790400000,
    0.9624700534165375
  ],
  [
    1618876800000,
    0.8709424273448808
  ],
  [
    1618963200000,
    0.8800988152895234
  ],
  [
    1619049600000,
    0.8511291340303774
  ],
  [
    1619136000000,
    0.8093676304909001
  ],
  [
    1619222400000,
    0.8153266044900843
  ],
  [
    1619308800000,
    0.75101992624818
  ],
  [
    1619395200000,
    0.7415147204461575
  ],
  [
    1619481600000,
    0.852852258919039
  ],
  [
    1619568000000,
    0.8973816612016504
  ],
  [
    1619654400000,
    0.8563891591045205
  ],
  [
    1619740800000,
    0.8426319683016715
  ],
  [
    1619827200000,
    0.9769340701011681
  ],
  [
    1619913600000,
    0.9816754031211777
  ],
  [
    1620000000000,
    0.9641157201091172
  ],
  [
    1620086400000,
    0.982034563310048
  ],
  [
    1620172800000,
    0.8803951149938988
  ],
  [
    1620259200000,
    0.9759869528602023
  ],
  [
    1620345600000,
    0.9697190069831719
  ],
  [
    1620432000000,
    1.01749870484262
  ],
  [
    1620518400000,
    1.011183479405145
  ],
  [
    1620604800000,
    0.9705248786978415
  ],
  [
    1620691200000,
    0.8647545480313333
  ],
  [
    1620777600000,
    0.9290886963107003
  ],
  [
    1620864000000,
    0.8137482189482973
  ],
  [
    1620950400000,
    0.8213772227270257
  ],
  [
    1621036800000,
    0.8507925027536045
  ],
  [
    1621123200000,
    0.7636886951418124
  ],
  [
    1621209600000,
    0.7749204322983685
  ],
  [
    1621296000000,
    0.7202786147072563
  ],
  [
    1621382400000,
    0.7452893983707809
  ],
  [
    1621468800000,
    0.4782939779684259
  ],
  [
    1621555200000,
    0.5526376547051753
  ],
  [
    1621641600000,
    0.45892793774972934
  ],
  [
    1621728000000,
    0.4172052204299189
  ],
  [
    1621814400000,
    0.3685276165552041
  ],
  [
    1621900800000,
    0.47722938682345795
  ],
  [
    1621987200000,
    0.4768914597492525
  ],
  [
    1622073600000,
    0.5874187823245923
  ],
  [
    1622160000000,
    0.6024179422112664
  ],
  [
    1622246400000,
    0.5163124536845969
  ],
  [
    1622332800000,
    0.45306284612236614
  ],
  [
    1622419200000,
    0.4528604242747316
  ],
  [
    1622505600000,
    0.5568206863280907
  ],
  [
    1622592000000,
    0.616591803826868
  ],
  [
    1622678400000,
    0.5990632361447915
  ],
  [
    1622764800000,
    0.6092576118645202
  ],
  [
    1622851200000,
    0.553912899223965
  ],
  [
    1622937600000,
    0.5172569342520522
  ],
  [
    1623024000000,
    0.5317324252437159
  ],
  [
    1623110400000,
    0.47546339036748697
  ],
  [
    1623196800000,
    0.5050271136981077
  ],
  [
    1623283200000,
    0.49212558923321664
  ],
  [
    1623369600000,
    0.45501217882299894
  ],
  [
    1623456000000,
    0.4248798513259668
  ],
  [
    1623542400000,
    0.41225343861836766
  ],
  [
    1623628800000,
    0.43656140271006555
  ],
  [
    1623715200000,
    0.4619761624599827
  ],
  [
    1623801600000,
    0.4718311195519347
  ],
  [
    1623888000000,
    0.42703913060280196
  ],
  [
    1623974400000,
    0.438891133879047
  ],
  [
    1624060800000,
    0.4023894293408016
  ],
  [
    1624147200000,
    0.4116565943444896
  ],
  [
    1624233600000,
    0.4141100754768454
  ],
  [
    1624320000000,
    0.34084621708153273
  ],
  [
    1624406400000,
    0.3166258371958769
  ],
  [
    1624492800000,
    0.34413902820750175
  ],
  [
    1624579200000,
    0.35346057489061883
  ],
  [
    1624665600000,
    0.3456437583882097
  ],
  [
    1624752000000,
    0.33076735324147233
  ],
  [
    1624838400000,
    0.34608569757730445
  ],
  [
    1624924800000,
    0.35454588604663445
  ],
  [
    1625011200000,
    0.38246916229797123
  ],
  [
    1625097600000,
    0.37292215765655023
  ],
  [
    1625184000000,
    0.35102415467267145
  ],
  [
    1625270400000,
    0.3522236815589781
  ],
  [
    1625356800000,
    0.38810333415518905
  ],
  [
    1625443200000,
    0.38442793375296735
  ],
  [
    1625529600000,
    0.37211906562686886
  ],
  [
    1625616000000,
    0.3919495106011187
  ],
  [
    1625702400000,
    0.39721515603590507
  ],
  [
    1625788800000,
    0.3605350722843196
  ],
  [
    1625875200000,
    0.3655296105737606
  ],
  [
    1625961600000,
    0.3686499117747095
  ],
  [
    1626048000000,
    0.3678750224780366
  ],
  [
    1626134400000,
    0.3603864398548866
  ],
  [
    1626220800000,
    0.33359590565418384
  ],
  [
    1626307200000,
    0.33904442404294743
  ],
  [
    1626393600000,
    0.3181387655019771
  ],
  [
    1626480000000,
    0.3050354902326532
  ],
  [
    1626566400000,
    0.305820082919529
  ],
  [
    1626652800000,
    0.31348003823187337
  ],
  [
    1626739200000,
    0.2985903216332984
  ],
  [
    1626825600000,
    0.2799346527108138
  ],
  [
    1626912000000,
    0.3144426787644216
  ],
  [
    1626998400000,
    0.320898765790196
  ],
  [
    1627084800000,
    0.33849459836512547
  ],
  [
    1627171200000,
    0.33592022284173845
  ],
  [
    1627257600000,
    0.3403935436981821
  ],
  [
    1627344000000,
    0.3477357710155579
  ],
  [
    1627430400000,
    0.3487187876485596
  ],
  [
    1627516800000,
    0.3624222839447936
  ],
  [
    1627603200000,
    0.37848378909052105
  ],
  [
    1627689600000,
    0.42268258515334856
  ],
  [
    1627776000000,
    0.4439335548961278
  ],
  [
    1627862400000,
    0.43425391095832777
  ],
  [
    1627948800000,
    0.4361549898299263
  ],
  [
    1628035200000,
    0.4246735914865822
  ],
  [
    1628121600000,
    0.4270933449004491
  ],
  [
    1628208000000,
    0.4336760832419706
  ],
  [
    1628294400000,
    0.44534486170234044
  ],
  [
    1628380800000,
    0.4709437526107176
  ],
  [
    1628467200000,
    0.42371338629596667
  ],
  [
    1628553600000,
    0.4500905137183987
  ],
  [
    1628640000000,
    0.47557273142527273
  ],
  [
    1628726400000,
    0.5033268212441527
  ],
  [
    1628812800000,
    0.47477952843528454
  ],
  [
    1628899200000,
    0.5187159347303576
  ],
  [
    1628985600000,
    0.5222255439062962
  ],
  [
    1629072000000,
    0.5145208645446996
  ],
  [
    1629158400000,
    0.5046765934262211
  ],
  [
    1629244800000,
    0.5912106706651382
  ],
  [
    1629331200000,
    0.559195525439964
  ],
  [
    1629417600000,
    0.5692901079444961
  ],
  [
    1629504000000,
    0.6362237987238452
  ],
  [
    1629590400000,
    0.6062698833723371
  ],
  [
    1629676800000,
    0.6130702408204689
  ],
  [
    1629763200000,
    0.6505974255974771
  ],
  [
    1629849600000,
    0.6179305751215979
  ],
  [
    1629936000000,
    0.5889172371972587
  ],
  [
    1630022400000,
    0.5529058719786816
  ],
  [
    1630108800000,
    0.6109169956295123
  ],
  [
    1630195200000,
    0.6053042199439806
  ],
  [
    1630281600000,
    0.6671736631182894
  ],
  [
    1630368000000,
    0.6481687753107062
  ],
  [
    1630454400000,
    0.7712794145607691
  ],
  [
    1630540800000,
    0.8608925620585548
  ],
  [
    1630627200000,
    0.8080586273624322
  ]
]