[
  [
    1620691200000,
    894122.5068018244
  ],
  [
    1620777600000,
    894122.5068018244
  ],
  [
    1620864000000,
    1831157.8531909834
  ],
  [
    1620950400000,
    621791.4549024913
  ],
  [
    1621036800000,
    1119297.6599964339
  ],
  [
    1621123200000,
    1048383.4902279942
  ],
  [
    1621209600000,
    586826.3851700478
  ],
  [
    1621296000000,
    993697.3189610092
  ],
  [
    1621382400000,
    24.961847801313233
  ],
  [
    1621468800000,
    437149.5577437636
  ],
  [
    1621555200000,
    281357.9043700523
  ],
  [
    1621641600000,
    269351.1874903312
  ],
  [
    1621728000000,
    66035.37746986878
  ],
  [
    1621814400000,
    456420.21198166505
  ],
  [
    1621900800000,
    785691.4537789846
  ],
  [
    1621987200000,
    414951.6334572382
  ],
  [
    1622073600000,
    354122.7481533513
  ],
  [
    1622160000000,
    228070.4441308761
  ],
  [
    1622246400000,
    196614.69411317602
  ],
  [
    1622332800000,
    117772.17003515731
  ],
  [
    1622419200000,
    154384.90721587415
  ],
  [
    1622505600000,
    84244.10739659188
  ],
  [
    1622592000000,
    81627.82701746294
  ],
  [
    1622678400000,
    187216.20897459897
  ],
  [
    1622764800000,
    148873.8374063638
  ],
  [
    1622851200000,
    112090.02285354621
  ],
  [
    1622937600000,
    113852.59765968627
  ],
  [
    1623024000000,
    86764.94280685404
  ],
  [
    1623110400000,
    122208.98309833174
  ],
  [
    1623196800000,
    191841.93941810683
  ],
  [
    1623283200000,
    114530.63331328779
  ],
  [
    1623369600000,
    172366.13057033112
  ],
  [
    1623456000000,
    94301.64321465304
  ],
  [
    1623542400000,
    60229.88480019382
  ],
  [
    1623628800000,
    103712.79631818282
  ],
  [
    1623715200000,
    35107.798216897216
  ],
  [
    1623801600000,
    58907.75441631183
  ],
  [
    1623888000000,
    66629.90762989907
  ],
  [
    1623974400000,
    85388.97530957223
  ],
  [
    1624060800000,
    83002.11933295516
  ],
  [
    1624147200000,
    55114.41657325939
  ],
  [
    1624233600000,
    24506.152933231937
  ],
  [
    1624320000000,
    54955.846773466685
  ],
  [
    1624406400000,
    71746.114998162
  ],
  [
    1624492800000,
    31966.499921146606
  ],
  [
    1624579200000,
    154114.2895162595
  ],
  [
    1624665600000,
    37334.06577016606
  ],
  [
    1624752000000,
    17530.047169906382
  ],
  [
    1624838400000,
    35959.336197471166
  ],
  [
    1624924800000,
    22109.368196405816
  ],
  [
    1625011200000,
    25398.854652737053
  ],
  [
    1625097600000,
    43803.66091376369
  ],
  [
    1625184000000,
    83409.39338035004
  ],
  [
    1625270400000,
    8048.08576194337
  ],
  [
    1625356800000,
    9807.472606710218
  ],
  [
    1625443200000,
    24913.327925727728
  ],
  [
    1625529600000,
    18309.630168978703
  ],
  [
    1625616000000,
    25603.028918496766
  ],
  [
    1625702400000,
    15045.47159599627
  ],
  [
    1625788800000,
    10859.00580288596
  ],
  [
    1625875200000,
    21234.428915647983
  ],
  [
    1625961600000,
    14098.762143155405
  ],
  [
    1626048000000,
    5004.518178385062
  ],
  [
    1626134400000,
    12277.825568050343
  ],
  [
    1626220800000,
    7212.431399116435
  ],
  [
    1626307200000,
    18778.304959180517
  ],
  [
    1626393600000,
    41926.35037322694
  ],
  [
    1626480000000,
    89938.13701616258
  ],
  [
    1626566400000,
    34006.4165985738
  ],
  [
    1626652800000,
    37907.12870058426
  ],
  [
    1626739200000,
    97850.00548203547
  ],
  [
    1626825600000,
    36613.97638633823
  ],
  [
    1626912000000,
    18059.744468372064
  ],
  [
    1626998400000,
    6148.187187934695
  ],
  [
    1627084800000,
    3535.05775237864
  ],
  [
    1627171200000,
    7077.006600764514
  ],
  [
    1627257600000,
    12616.072064613038
  ],
  [
    1627344000000,
    11336.809212060449
  ],
  [
    1627430400000,
    4598.181466062163
  ],
  [
    1627516800000,
    3954.1257513707305
  ],
  [
    1627603200000,
    46398.287087188
  ],
  [
    1627689600000,
    28462.899049707892
  ],
  [
    1627776000000,
    25358.07193535402
  ],
  [
    1627862400000,
    19770.782097526768
  ],
  [
    1627948800000,
    19606.13479377125
  ],
  [
    1628035200000,
    4343.53598712717
  ],
  [
    1628121600000,
    36629.95213616948
  ],
  [
    1628208000000,
    6078.076431315059
  ],
  [
    1628294400000,
    22193.88999967387
  ],
  [
    1628380800000,
    10040.053672173404
  ],
  [
    1628467200000,
    5725.597650170702
  ],
  [
    1628553600000,
    5957.569012739167
  ],
  [
    1628640000000,
    9928.282373119353
  ],
  [
    1628726400000,
    9446.54609045422
  ],
  [
    1628812800000,
    7242.981978639393
  ],
  [
    1628899200000,
    12334.105584966865
  ],
  [
    1628985600000,
    16919.29877955944
  ],
  [
    1629072000000,
    7615.769360152887
  ],
  [
    1629158400000,
    12743.266982249339
  ],
  [
    1629244800000,
    5090.589660978468
  ],
  [
    1629331200000,
    5120.010672612831
  ],
  [
    1629417600000,
    22943.596606755542
  ],
  [
    1629504000000,
    15897.6938098315
  ],
  [
    1629590400000,
    4679.897544013887
  ],
  [
    1629676800000,
    3997.8016724794593
  ],
  [
    1629763200000,
    7400.580371495761
  ],
  [
    1629849600000,
    17997.376924130178
  ],
  [
    1629936000000,
    2163.7893055493814
  ],
  [
    1630022400000,
    7557.368166868197
  ],
  [
    1630108800000,
    14192.25694269006
  ],
  [
    1630195200000,
    3514.444460915511
  ],
  [
    1630281600000,
    2288.838109829308
  ],
  [
    1630368000000,
    6557.251741049429
  ],
  [
    1630454400000,
    5887.251770923757
  ],
  [
    1630540800000,
    18094.14495015082
  ],
  [
    1630627200000,
    9628.770392274486
  ]
]