[
  [
    1528156800000,
    0.22809298012398974
  ],
  [
    1528243200000,
    863.1419151667224
  ],
  [
    1528329600000,
    193.67583370345946
  ],
  [
    1528416000000,
    375.28879050452383
  ],
  [
    1528502400000,
    30.71129228748872
  ],
  [
    1528588800000,
    0.02164587202437835
  ],
  [
    1528675200000,
    3.034438745030028
  ],
  [
    1528761600000,
    130.28437408712938
  ],
  [
    1528848000000,
    63.41151007423031
  ],
  [
    1528934400000,
    63.41151007423031
  ],
  [
    1529020800000,
    52049.79799833366
  ],
  [
    1529107200000,
    29663.306792411277
  ],
  [
    1529193600000,
    138614.51047628754
  ],
  [
    1529280000000,
    130988.9474561117
  ],
  [
    1529366400000,
    259676.9687150561
  ],
  [
    1529452800000,
    162638.02844427995
  ],
  [
    1529539200000,
    118446.54348379734
  ],
  [
    1529625600000,
    95347.09171403448
  ],
  [
    1529712000000,
    159453.2056139723
  ],
  [
    1529798400000,
    106653.0837584847
  ],
  [
    1529884800000,
    109248.9329141087
  ],
  [
    1529971200000,
    135822.0703520699
  ],
  [
    1530057600000,
    49977.4875742016
  ],
  [
    1530144000000,
    74658.68639499375
  ],
  [
    1530230400000,
    72034.52230895738
  ],
  [
    1530316800000,
    39050.840399553475
  ],
  [
    1530403200000,
    43055.83928874128
  ],
  [
    1530489600000,
    31876.597650494707
  ],
  [
    1530576000000,
    53999.91360752717
  ],
  [
    1530662400000,
    12015.580225634329
  ],
  [
    1530748800000,
    33762.88457513211
  ],
  [
    1530835200000,
    74621.61629750072
  ],
  [
    1530921600000,
    41562.81558605467
  ],
  [
    1531008000000,
    71473.18083860779
  ],
  [
    1531094400000,
    20613.767439598396
  ],
  [
    1531180800000,
    98213.98010942902
  ],
  [
    1531267200000,
    42546.40904095732
  ],
  [
    1531353600000,
    81632.01636026888
  ],
  [
    1531440000000,
    57450.73630676805
  ],
  [
    1531526400000,
    55996.51087848951
  ],
  [
    1531612800000,
    61186.936605785304
  ],
  [
    1531699200000,
    7129.600714713143
  ],
  [
    1531785600000,
    96113.57451954938
  ],
  [
    1531872000000,
    49056.02181944069
  ],
  [
    1531958400000,
    43745.47976568196
  ],
  [
    1532044800000,
    109521.74370615608
  ],
  [
    1532131200000,
    35362.68316825366
  ],
  [
    1532217600000,
    34155.642851025485
  ],
  [
    1532304000000,
    41785.01988915217
  ],
  [
    1532390400000,
    49682.95605015008
  ],
  [
    1532476800000,
    83832.53183499243
  ],
  [
    1532563200000,
    59249.217661159535
  ],
  [
    1532649600000,
    38467.01783264328
  ],
  [
    1532736000000,
    36873.174636243006
  ],
  [
    1532822400000,
    177176.33199363382
  ],
  [
    1532908800000,
    190195.70247914435
  ],
  [
    1532995200000,
    99247.44084397418
  ],
  [
    1533081600000,
    119818.07248754585
  ],
  [
    1533168000000,
    125038.43095526431
  ],
  [
    1533254400000,
    192066.45224280996
  ],
  [
    1533340800000,
    201561.8777918683
  ],
  [
    1533427200000,
    60071.70937986227
  ],
  [
    1533513600000,
    45033.75744777013
  ],
  [
    1533600000000,
    23277.14698721015
  ],
  [
    1533686400000,
    19746.075360768526
  ],
  [
    1533772800000,
    12111.994932427197
  ],
  [
    1533859200000,
    13535.804032257867
  ],
  [
    1533945600000,
    10094.506745804194
  ],
  [
    1534032000000,
    15908.393061098703
  ],
  [
    1534118400000,
    10239.803990804408
  ],
  [
    1534204800000,
    2585.8868546916224
  ],
  [
    1534291200000,
    26339.717053772158
  ],
  [
    1534377600000,
    13190.336299041728
  ],
  [
    1534464000000,
    1128.6248737588292
  ],
  [
    1534550400000,
    21064.570795577394
  ],
  [
    1534636800000,
    54647.37931426762
  ],
  [
    1534723200000,
    66190.91925020632
  ],
  [
    1534809600000,
    15179.123835509323
  ],
  [
    1534896000000,
    37045.28287520605
  ],
  [
    1534982400000,
    84481.89319046198
  ],
  [
    1535068800000,
    104968.11418845103
  ],
  [
    1535155200000,
    115300.0411860414
  ],
  [
    1535241600000,
    30520.169985220644
  ],
  [
    1535328000000,
    33384.97234979137
  ],
  [
    1535414400000,
    33125.66526427726
  ],
  [
    1535500800000,
    74234.8452167266
  ],
  [
    1535587200000,
    41512.72283361273
  ],
  [
    1535673600000,
    37213.14726211816
  ],
  [
    1535760000000,
    78489.10560958419
  ],
  [
    1535846400000,
    23543.458149435097
  ],
  [
    1535932800000,
    45534.61657828707
  ],
  [
    1536019200000,
    40225.223070507054
  ],
  [
    1536105600000,
    29070.249312627577
  ],
  [
    1536192000000,
    54423.5781584158
  ],
  [
    1536278400000,
    12884.188886985223
  ],
  [
    1536364800000,
    48414.96800886297
  ],
  [
    1536451200000,
    2895.344997444797
  ],
  [
    1536537600000,
    26075.28473147729
  ],
  [
    1536624000000,
    4149.399925737234
  ],
  [
    1536710400000,
    85774.95480326201
  ],
  [
    1536796800000,
    20621.59812421058
  ],
  [
    1536883200000,
    75794.60560755264
  ],
  [
    1536969600000,
    103625.30747948537
  ],
  [
    1537056000000,
    50851.02671658536
  ],
  [
    1537142400000,
    45305.30386010669
  ],
  [
    1537228800000,
    81446.99834876503
  ],
  [
    1537315200000,
    49812.56244266575
  ],
  [
    1537401600000,
    44030.61660686108
  ],
  [
    1537488000000,
    95396.4711081063
  ],
  [
    1537574400000,
    59485.64840421358
  ],
  [
    1537660800000,
    53549.085782660666
  ],
  [
    1537747200000,
    35340.48586374818
  ],
  [
    1537833600000,
    50979.71605000224
  ],
  [
    1537920000000,
    61980.84225115123
  ],
  [
    1538006400000,
    63293.82123626094
  ],
  [
    1538092800000,
    68128.59211124163
  ],
  [
    1538179200000,
    57168.724896944375
  ],
  [
    1538265600000,
    47378.08933454468
  ],
  [
    1538352000000,
    42216.88139402471
  ],
  [
    1538438400000,
    46579.765609370486
  ],
  [
    1538524800000,
    62336.68529876729
  ],
  [
    1538611200000,
    68984.43553733676
  ],
  [
    1538697600000,
    57198.8676805697
  ],
  [
    1538784000000,
    59564.877869635624
  ],
  [
    1538870400000,
    96615.77138518433
  ],
  [
    1538956800000,
    90375.77120549146
  ],
  [
    1539043200000,
    37308.743577748
  ],
  [
    1539129600000,
    60514.52646314136
  ],
  [
    1539216000000,
    41314.803877343365
  ],
  [
    1539302400000,
    48330.70685341453
  ],
  [
    1539388800000,
    57927.740347492254
  ],
  [
    1539475200000,
    21564.744119375595
  ],
  [
    1539561600000,
    58706.39322512702
  ],
  [
    1539648000000,
    49440.40848792354
  ],
  [
    1539734400000,
    39368.819745329645
  ],
  [
    1539820800000,
    46321.016435144484
  ],
  [
    1539907200000,
    60719.03789246463
  ],
  [
    1539993600000,
    36135.55135525001
  ],
  [
    1540080000000,
    40079.14598470236
  ],
  [
    1540166400000,
    39072.29550583922
  ],
  [
    1540252800000,
    45592.991691724645
  ],
  [
    1540339200000,
    37974.8207850445
  ],
  [
    1540425600000,
    4185.598374505542
  ],
  [
    1540512000000,
    52956.79003295478
  ],
  [
    1540598400000,
    4333.781861422897
  ],
  [
    1540684800000,
    48646.41447066612
  ],
  [
    1540771200000,
    32004.24607295986
  ],
  [
    1540857600000,
    45607.282728384926
  ],
  [
    1540944000000,
    39326.86014945457
  ],
  [
    1541030400000,
    18833.280000322855
  ],
  [
    1541116800000,
    24402.940665118185
  ],
  [
    1541203200000,
    51743.97027503444
  ],
  [
    1541289600000,
    31648.487068312326
  ],
  [
    1541376000000,
    30903.02436722056
  ],
  [
    1541462400000,
    8412.797408436207
  ],
  [
    1541548800000,
    48992.6878525506
  ],
  [
    1541635200000,
    44940.6803193762
  ],
  [
    1541721600000,
    79767.41641695138
  ],
  [
    1541808000000,
    36722.74388834282
  ],
  [
    1541894400000,
    50703.019527184944
  ],
  [
    1541980800000,
    23959.57029187576
  ],
  [
    1542067200000,
    53447.14638661884
  ],
  [
    1542153600000,
    69161.1936667612
  ],
  [
    1542240000000,
    53512.99700893724
  ],
  [
    1542326400000,
    10678.340737857896
  ],
  [
    1542412800000,
    20854.297289500242
  ],
  [
    1542499200000,
    14700.606805551419
  ],
  [
    1542585600000,
    35369.016733982964
  ],
  [
    1542672000000,
    10527.413689293695
  ],
  [
    1542758400000,
    27365.83166279247
  ],
  [
    1542844800000,
    2134.6447906995872
  ],
  [
    1542931200000,
    17081.507463450554
  ],
  [
    1543017600000,
    16884.531542169796
  ],
  [
    1543104000000,
    8703.641118423084
  ],
  [
    1543190400000,
    10909.616277234676
  ],
  [
    1543276800000,
    21252.271470748645
  ],
  [
    1543363200000,
    10217.989045883634
  ],
  [
    1543449600000,
    12721.636224158307
  ],
  [
    1543536000000,
    3926.2455909578325
  ],
  [
    1543622400000,
    4939.809402127266
  ],
  [
    1543708800000,
    5039.470766183623
  ],
  [
    1543795200000,
    3869.880138039281
  ],
  [
    1543881600000,
    7460.19097949719
  ],
  [
    1543968000000,
    91527.5274831681
  ],
  [
    1544054400000,
    25599.876564550676
  ],
  [
    1544140800000,
    57839.72265074019
  ],
  [
    1544227200000,
    85464.81504282782
  ],
  [
    1544313600000,
    45561.04293441269
  ],
  [
    1544400000000,
    40380.47805157389
  ],
  [
    1544486400000,
    83566.33207427291
  ],
  [
    1544572800000,
    108365.44066747357
  ],
  [
    1544659200000,
    107791.93371807998
  ],
  [
    1544745600000,
    99122.2813283071
  ],
  [
    1544832000000,
    85738.45775854473
  ],
  [
    1544918400000,
    3328.6220938501606
  ],
  [
    1545004800000,
    2349.3586281601306
  ],
  [
    1545091200000,
    66007.14193812897
  ],
  [
    1545177600000,
    7457.652716888019
  ],
  [
    1545264000000,
    12606.381359103201
  ],
  [
    1545350400000,
    10420.013744601541
  ],
  [
    1545436800000,
    2016.2771260796148
  ],
  [
    1545523200000,
    23679.361858695305
  ],
  [
    1545609600000,
    788.8189817133546
  ],
  [
    1545696000000,
    1832.4901548514863
  ],
  [
    1545782400000,
    1013.7407341407248
  ],
  [
    1545868800000,
    731.9818604183113
  ],
  [
    1545955200000,
    537.1802791943976
  ],
  [
    1546041600000,
    19490.60678925156
  ],
  [
    1546128000000,
    4182.579036194472
  ],
  [
    1546214400000,
    9770.955138679288
  ],
  [
    1546300800000,
    1141.6816707475803
  ],
  [
    1546387200000,
    1634.3979351170444
  ],
  [
    1546473600000,
    3680.785764057705
  ],
  [
    1546560000000,
    1167.0243592485763
  ],
  [
    1546646400000,
    6191.279715616417
  ],
  [
    1546732800000,
    4072.618822170145
  ],
  [
    1546819200000,
    3009.2351248480163
  ],
  [
    1546905600000,
    2050.4839779830604
  ],
  [
    1546992000000,
    895.306099299023
  ],
  [
    1547078400000,
    16566.31456328892
  ],
  [
    1547164800000,
    18854.82721518771
  ],
  [
    1547251200000,
    334.6829088354453
  ],
  [
    1547337600000,
    3304.3991029731483
  ],
  [
    1547424000000,
    5880.0263520948165
  ],
  [
    1547510400000,
    2208.8456783622833
  ],
  [
    1547596800000,
    3768.561638909237
  ],
  [
    1547683200000,
    1820.286064390841
  ],
  [
    1547769600000,
    1661.6226928102244
  ],
  [
    1547856000000,
    2005.6659724868746
  ],
  [
    1547942400000,
    2.2102968396640152
  ],
  [
    1548028800000,
    1081.299156736406
  ],
  [
    1548115200000,
    2898.706315533207
  ],
  [
    1548201600000,
    846.5493408126495
  ],
  [
    1548288000000,
    7314.046310266724
  ],
  [
    1548374400000,
    19.738115505736463
  ],
  [
    1548460800000,
    1365.3049803281706
  ],
  [
    1548547200000,
    762.950503755039
  ],
  [
    1548633600000,
    1465.8107189127707
  ],
  [
    1548720000000,
    1214.967044632156
  ],
  [
    1548806400000,
    3171.8808512770115
  ],
  [
    1548892800000,
    2052.3048831957085
  ],
  [
    1548979200000,
    1504.8756747114692
  ],
  [
    1549065600000,
    2958.0965303165663
  ],
  [
    1549152000000,
    502.24598633254203
  ],
  [
    1549238400000,
    703.7680173110907
  ],
  [
    1549324800000,
    0
  ],
  [
    1549411200000,
    2475.062185425403
  ],
  [
    1549497600000,
    1094.0842736824172
  ],
  [
    1549584000000,
    744.1146493921967
  ],
  [
    1549670400000,
    1001.5395568729259
  ],
  [
    1549756800000,
    701.1785715559417
  ],
  [
    1549843200000,
    1292.7048695581996
  ],
  [
    1549929600000,
    338.5910602644452
  ],
  [
    1550016000000,
    1602.54051071422
  ],
  [
    1550102400000,
    579.876275574056
  ],
  [
    1550188800000,
    4790.949370253076
  ],
  [
    1550275200000,
    1185.7525007429583
  ],
  [
    1550361600000,
    61.46707176255169
  ],
  [
    1550448000000,
    1037.2336361995626
  ],
  [
    1550534400000,
    4229.77110975092
  ],
  [
    1550620800000,
    1244.0599824048459
  ],
  [
    1550707200000,
    242.62714614640495
  ],
  [
    1550793600000,
    2964.7497486232405
  ],
  [
    1550880000000,
    1156.9354778328768
  ],
  [
    1550966400000,
    2144.0781294131584
  ],
  [
    1551052800000,
    1461.4693470976072
  ],
  [
    1551139200000,
    438.3518001191507
  ],
  [
    1551225600000,
    3186.652406611567
  ],
  [
    1551312000000,
    2496.9723936204646
  ],
  [
    1551398400000,
    1286.9686948461388
  ],
  [
    1551484800000,
    1471.8122903243714
  ],
  [
    1551571200000,
    5147.339501123899
  ],
  [
    1551657600000,
    3220.3477748288174
  ],
  [
    1551744000000,
    2233.6778734849618
  ],
  [
    1551830400000,
    2029.4885239273347
  ],
  [
    1551916800000,
    1584.689200734352
  ],
  [
    1552003200000,
    632.9262946629458
  ],
  [
    1552089600000,
    731.6464922957691
  ],
  [
    1552176000000,
    280.12425554200684
  ],
  [
    1552262400000,
    2877.5257233470757
  ],
  [
    1552348800000,
    3217.3086089909966
  ],
  [
    1552435200000,
    1656.6805737421141
  ],
  [
    1552521600000,
    0
  ],
  [
    1552608000000,
    0
  ],
  [
    1552694400000,
    0
  ],
  [
    1552780800000,
    0
  ],
  [
    1552867200000,
    0.7569416120480978
  ],
  [
    1552953600000,
    4770.365174433195
  ],
  [
    1553040000000,
    0
  ],
  [
    1553126400000,
    2.576663588654947
  ],
  [
    1553212800000,
    4851.9573312849
  ],
  [
    1553299200000,
    2385.9352978206643
  ],
  [
    1553385600000,
    5098.57959721844
  ],
  [
    1553472000000,
    858.2090457589522
  ],
  [
    1553558400000,
    0
  ],
  [
    1553644800000,
    1834.036893199659
  ],
  [
    1553731200000,
    1218.2920864024802
  ],
  [
    1553817600000,
    261.8141672147991
  ],
  [
    1553904000000,
    0
  ],
  [
    1553990400000,
    2650.3650828761597
  ],
  [
    1554076800000,
    773.1582187528879
  ],
  [
    1554163200000,
    0.4815207282291163
  ],
  [
    1554249600000,
    0
  ],
  [
    1554336000000,
    5820.373496695156
  ],
  [
    1554422400000,
    4065.241531989172
  ],
  [
    1554508800000,
    5319.748194038765
  ],
  [
    1554595200000,
    4473.770695142349
  ],
  [
    1554681600000,
    3451.565188845436
  ],
  [
    1554768000000,
    2354.482922841369
  ],
  [
    1554854400000,
    2054.5915663700193
  ],
  [
    1554940800000,
    3755.264462065197
  ],
  [
    1555027200000,
    3151.827844013234
  ],
  [
    1555113600000,
    4950.689252065998
  ],
  [
    1555200000000,
    4397.031658184935
  ],
  [
    1555286400000,
    7140.152924215228
  ],
  [
    1555372800000,
    3911.589144725113
  ],
  [
    1555459200000,
    2321.9779579577744
  ],
  [
    1555545600000,
    5041.665922542572
  ],
  [
    1555632000000,
    2869.752478566928
  ],
  [
    1555718400000,
    5509.880339054353
  ],
  [
    1555804800000,
    0
  ],
  [
    1555891200000,
    0
  ],
  [
    1555977600000,
    0
  ],
  [
    1556064000000,
    8963.586927814878
  ],
  [
    1556150400000,
    8547.568610348451
  ],
  [
    1556236800000,
    17013.72595795922
  ],
  [
    1556323200000,
    10019.792953457245
  ],
  [
    1556409600000,
    6786.870845298833
  ],
  [
    1556496000000,
    2264.579663407986
  ],
  [
    1556582400000,
    4362.907639361686
  ],
  [
    1556668800000,
    2044.205932776061
  ],
  [
    1556755200000,
    9516.847934588508
  ],
  [
    1556841600000,
    2939.535443358307
  ],
  [
    1556928000000,
    5123.082975443643
  ],
  [
    1557014400000,
    10627.51273542005
  ],
  [
    1557100800000,
    2970.247100842272
  ],
  [
    1557187200000,
    4912.467724597269
  ],
  [
    1557273600000,
    5174.991230713641
  ],
  [
    1557360000000,
    1915.8885359065978
  ],
  [
    1557446400000,
    5565.615345300599
  ],
  [
    1557532800000,
    1650.8549940288044
  ],
  [
    1557619200000,
    2226.5509630087718
  ],
  [
    1557705600000,
    2637.650200293475
  ],
  [
    1557792000000,
    2893.211071841632
  ],
  [
    1557878400000,
    5002.946920823009
  ],
  [
    1557964800000,
    4812.176629134143
  ],
  [
    1558051200000,
    6767.013597318905
  ],
  [
    1558137600000,
    2543.3290681357166
  ],
  [
    1558224000000,
    2294.729944989181
  ],
  [
    1558310400000,
    1984.297436302581
  ],
  [
    1558396800000,
    4347.615862384822
  ],
  [
    1558483200000,
    3513.3554948674614
  ],
  [
    1558569600000,
    2972.9990587607526
  ],
  [
    1558656000000,
    2528.512350425872
  ],
  [
    1558742400000,
    1869.6291464045428
  ],
  [
    1558828800000,
    3293.2741386593148
  ],
  [
    1558915200000,
    1910.342298017866
  ],
  [
    1559001600000,
    3537.970960560037
  ],
  [
    1559088000000,
    8651.519659999498
  ],
  [
    1559174400000,
    3951.0685562190115
  ],
  [
    1559260800000,
    1443.4465355236723
  ],
  [
    1559347200000,
    5190.035166152287
  ],
  [
    1559433600000,
    3292.6463378300896
  ],
  [
    1559520000000,
    4340.6177569925
  ],
  [
    1559606400000,
    3445.511101345446
  ],
  [
    1559692800000,
    3196.314361802384
  ],
  [
    1559779200000,
    2415.845022988591
  ],
  [
    1559865600000,
    1131.1237767264836
  ],
  [
    1559952000000,
    5759.2340598368
  ],
  [
    1560038400000,
    2713.111996539855
  ],
  [
    1560124800000,
    1.8915751760075128
  ],
  [
    1560211200000,
    6061.297689194065
  ],
  [
    1560297600000,
    1424.1034833551528
  ],
  [
    1560384000000,
    404.12956125447585
  ],
  [
    1560470400000,
    1544.0113669638379
  ],
  [
    1560556800000,
    5519.672437977682
  ],
  [
    1560643200000,
    4885.806502941638
  ],
  [
    1560729600000,
    2264.04254674888
  ],
  [
    1560816000000,
    2142.58054090092
  ],
  [
    1560902400000,
    5819.618424269231
  ],
  [
    1560988800000,
    4634.242676864246
  ],
  [
    1561075200000,
    3778.9950063852216
  ],
  [
    1561161600000,
    1975.4319372185194
  ],
  [
    1561248000000,
    3775.4293673008297
  ],
  [
    1561334400000,
    3322.7009043012667
  ],
  [
    1561420800000,
    8930.993526399126
  ],
  [
    1561507200000,
    1947.2995282820095
  ],
  [
    1561593600000,
    11865.369490814144
  ],
  [
    1561680000000,
    8407.364793051825
  ],
  [
    1561766400000,
    10864.392693929183
  ],
  [
    1561852800000,
    6185.462472052247
  ],
  [
    1561939200000,
    7189.480914838711
  ],
  [
    1562025600000,
    4334.4996888965625
  ],
  [
    1562112000000,
    6154.011557093166
  ],
  [
    1562198400000,
    5041.718927270684
  ],
  [
    1562284800000,
    6962.104618357029
  ],
  [
    1562371200000,
    7014.737124534917
  ],
  [
    1562457600000,
    7546.039346874998
  ],
  [
    1562544000000,
    2231.8833435146107
  ],
  [
    1562630400000,
    13699.46921783969
  ],
  [
    1562716800000,
    14205.091928741533
  ],
  [
    1562803200000,
    7037.061627072216
  ],
  [
    1562889600000,
    3867.71287040985
  ],
  [
    1562976000000,
    4613.362702887698
  ],
  [
    1563062400000,
    4487.80766124794
  ],
  [
    1563148800000,
    5935.94193963053
  ],
  [
    1563235200000,
    3656.1252588829766
  ],
  [
    1563321600000,
    2029.8095246116848
  ],
  [
    1563408000000,
    688.9287851176543
  ],
  [
    1563494400000,
    1514.4696199960558
  ],
  [
    1563580800000,
    4967.077828232995
  ],
  [
    1563667200000,
    5992.499959515866
  ],
  [
    1563753600000,
    6448.491262759324
  ],
  [
    1563840000000,
    6804.954585679374
  ],
  [
    1563926400000,
    7868.271906600891
  ],
  [
    1564012800000,
    9422.14283452791
  ],
  [
    1564099200000,
    44383.71318290991
  ],
  [
    1564185600000,
    65211.09163407041
  ],
  [
    1564272000000,
    53307.387737816316
  ],
  [
    1564358400000,
    64276.54204137312
  ],
  [
    1564444800000,
    55521.83904991535
  ],
  [
    1564531200000,
    71906.65901426868
  ],
  [
    1564617600000,
    93169.4217472653
  ],
  [
    1564704000000,
    114846.25077430483
  ],
  [
    1564790400000,
    108864.76119339492
  ],
  [
    1564876800000,
    88987.85598466794
  ],
  [
    1564963200000,
    116841.8300131121
  ],
  [
    1565049600000,
    113870.86348733769
  ],
  [
    1565136000000,
    101136.61534797357
  ],
  [
    1565222400000,
    120441.09662309187
  ],
  [
    1565308800000,
    135721.3867628806
  ],
  [
    1565395200000,
    132616.23195935963
  ],
  [
    1565481600000,
    137924.8353252451
  ],
  [
    1565568000000,
    136729.8456242269
  ],
  [
    1565654400000,
    140379.32412353434
  ],
  [
    1565740800000,
    106846.95679754077
  ],
  [
    1565827200000,
    83752.55277050378
  ],
  [
    1565913600000,
    146556.7720761373
  ],
  [
    1566000000000,
    132470.0132306022
  ],
  [
    1566086400000,
    116623.80463860257
  ],
  [
    1566172800000,
    67350.36766574222
  ],
  [
    1566259200000,
    77478.43238790538
  ],
  [
    1566345600000,
    125519.95945115454
  ],
  [
    1566432000000,
    122782.37207841713
  ],
  [
    1566518400000,
    153706.01643551947
  ],
  [
    1566604800000,
    63753.412430608056
  ],
  [
    1566691200000,
    22273.47711457433
  ],
  [
    1566777600000,
    139370.49089191935
  ],
  [
    1566864000000,
    131778.23114881234
  ],
  [
    1566950400000,
    122524.77271315073
  ],
  [
    1567036800000,
    94536.73304549675
  ],
  [
    1567123200000,
    11158.728290625571
  ],
  [
    1567209600000,
    32290.646068619986
  ],
  [
    1567296000000,
    8691.878879366312
  ],
  [
    1567382400000,
    723.7003093388404
  ],
  [
    1567468800000,
    6791.119467004246
  ],
  [
    1567555200000,
    6873.098834101368
  ],
  [
    1567641600000,
    37066.98863697984
  ],
  [
    1567728000000,
    49831.8065920118
  ],
  [
    1567814400000,
    59252.06847794492
  ],
  [
    1567900800000,
    42752.17323535938
  ],
  [
    1567987200000,
    31880.727911118407
  ],
  [
    1568073600000,
    54420.00587777346
  ],
  [
    1568160000000,
    95782.3487804527
  ],
  [
    1568246400000,
    106082.76422652119
  ],
  [
    1568332800000,
    92111.45626810635
  ],
  [
    1568419200000,
    51213.12750754049
  ],
  [
    1568505600000,
    42586.119616382035
  ],
  [
    1568592000000,
    87324.0989675764
  ],
  [
    1568678400000,
    102233.53052278841
  ],
  [
    1568764800000,
    94468.24598107919
  ],
  [
    1568851200000,
    63242.257126933946
  ],
  [
    1568937600000,
    68007.67645643442
  ],
  [
    1569024000000,
    84723.51887771476
  ],
  [
    1569110400000,
    95283.79315817339
  ],
  [
    1569196800000,
    97631.83229658195
  ],
  [
    1569283200000,
    90528.05652509716
  ],
  [
    1569369600000,
    74541.49829091292
  ],
  [
    1569456000000,
    61553.53429864432
  ],
  [
    1569542400000,
    83.23380319142589
  ],
  [
    1569628800000,
    15989.30456964423
  ],
  [
    1569715200000,
    36798.556949964666
  ],
  [
    1569801600000,
    40858.16268039825
  ],
  [
    1569888000000,
    39333.97784302202
  ],
  [
    1569974400000,
    37491.07966088742
  ],
  [
    1570060800000,
    37491.07966088742
  ],
  [
    1570147200000,
    36179.81296703996
  ],
  [
    1570233600000,
    35585.94301165641
  ],
  [
    1570320000000,
    38215.99374792765
  ],
  [
    1570406400000,
    35705.99877294396
  ],
  [
    1570492800000,
    36142.14691518706
  ],
  [
    1570579200000,
    31741.66246031604
  ],
  [
    1570665600000,
    39860.58116063084
  ],
  [
    1570752000000,
    37425.813647114366
  ],
  [
    1570838400000,
    39128.19658222808
  ],
  [
    1570924800000,
    35458.8623115955
  ],
  [
    1571011200000,
    34433.13568366827
  ],
  [
    1571097600000,
    34098.63956166076
  ],
  [
    1571184000000,
    35601.93748103177
  ],
  [
    1571270400000,
    35791.59917059456
  ],
  [
    1571356800000,
    35195.54657631015
  ],
  [
    1571443200000,
    33397.038365930886
  ],
  [
    1571529600000,
    36711.10726003123
  ],
  [
    1571616000000,
    44678.01618933668
  ],
  [
    1571702400000,
    58118.39771199182
  ],
  [
    1571788800000,
    63798.323138664666
  ],
  [
    1571875200000,
    64691.56296593683
  ],
  [
    1571961600000,
    60352.51743589243
  ],
  [
    1572048000000,
    74098.12919169547
  ],
  [
    1572134400000,
    69761.25241301965
  ],
  [
    1572220800000,
    68988.21523751477
  ],
  [
    1572307200000,
    65016.10937315035
  ],
  [
    1572393600000,
    78959.962071534
  ],
  [
    1572480000000,
    81120.6489686188
  ],
  [
    1572566400000,
    76138.45861356569
  ],
  [
    1572652800000,
    74712.70399402843
  ],
  [
    1572739200000,
    72476.20620210221
  ],
  [
    1572825600000,
    76581.0773717819
  ],
  [
    1572912000000,
    83957.7907120249
  ],
  [
    1572998400000,
    70696.29783797782
  ],
  [
    1573084800000,
    78663.04918865196
  ],
  [
    1573171200000,
    77556.36508391784
  ],
  [
    1573257600000,
    73402.12873253986
  ],
  [
    1573344000000,
    40483.09756003748
  ],
  [
    1573430400000,
    63149.1547095115
  ],
  [
    1573516800000,
    79088.14476118665
  ],
  [
    1573603200000,
    67733.87296725968
  ],
  [
    1573689600000,
    74868.23777979422
  ],
  [
    1573776000000,
    68017.48513196813
  ],
  [
    1573862400000,
    75585.35945094499
  ],
  [
    1573948800000,
    67608.00321358192
  ],
  [
    1574035200000,
    67368.98213386905
  ],
  [
    1574121600000,
    71144.32580581533
  ],
  [
    1574208000000,
    61220.662667053446
  ],
  [
    1574294400000,
    63155.129596493054
  ],
  [
    1574380800000,
    62215.75298242749
  ],
  [
    1574467200000,
    59845.132522292544
  ],
  [
    1574553600000,
    58468.20548959817
  ],
  [
    1574640000000,
    56914.06900448807
  ],
  [
    1574726400000,
    57079.171039973364
  ],
  [
    1574812800000,
    58243.01970074139
  ],
  [
    1574899200000,
    66568.04865417093
  ],
  [
    1574985600000,
    57004.00374801511
  ],
  [
    1575072000000,
    56152.91112374379
  ],
  [
    1575158400000,
    56409.341005595445
  ],
  [
    1575244800000,
    54771.11384125275
  ],
  [
    1575331200000,
    54061.55837608825
  ],
  [
    1575417600000,
    52241.734165552436
  ],
  [
    1575504000000,
    52211.47552284129
  ],
  [
    1575590400000,
    54119.289770019444
  ],
  [
    1575676800000,
    42049.387614691164
  ],
  [
    1575763200000,
    51663.66922067549
  ],
  [
    1575849600000,
    55327.649315368006
  ],
  [
    1575936000000,
    40873.355998225605
  ],
  [
    1576022400000,
    50318.47588982014
  ],
  [
    1576108800000,
    50874.53511512618
  ],
  [
    1576195200000,
    52205.814356965704
  ],
  [
    1576281600000,
    54243.36317324262
  ],
  [
    1576368000000,
    50839.39152544871
  ],
  [
    1576454400000,
    43980.81977853834
  ],
  [
    1576540800000,
    18856.159516783024
  ],
  [
    1576627200000,
    24727.44391762558
  ],
  [
    1576713600000,
    50108.713331029685
  ],
  [
    1576800000000,
    46384.064761521324
  ],
  [
    1576886400000,
    74271.8421851371
  ],
  [
    1576972800000,
    88036.12945966987
  ],
  [
    1577059200000,
    95525.51728552383
  ],
  [
    1577145600000,
    24263.39971345969
  ],
  [
    1577232000000,
    60042.09978955811
  ],
  [
    1577318400000,
    103805.37505906656
  ],
  [
    1577404800000,
    91073.50125899719
  ],
  [
    1577491200000,
    79141.4258293248
  ],
  [
    1577577600000,
    79336.1518521549
  ],
  [
    1577664000000,
    64050.51704742434
  ],
  [
    1577750400000,
    85867.65785711363
  ],
  [
    1577836800000,
    51538.57068654681
  ],
  [
    1577923200000,
    114.77601061369371
  ],
  [
    1578009600000,
    59967.15416958828
  ],
  [
    1578096000000,
    99308.23727316504
  ],
  [
    1578182400000,
    96529.2951677927
  ],
  [
    1578268800000,
    94305.21700256571
  ],
  [
    1578355200000,
    95471.823212406
  ],
  [
    1578441600000,
    60675.796369279524
  ],
  [
    1578528000000,
    56250.65378792474
  ],
  [
    1578614400000,
    106855.24360754788
  ],
  [
    1578700800000,
    100964.71937757738
  ],
  [
    1578787200000,
    106518.49300611879
  ],
  [
    1578873600000,
    103818.90629298316
  ],
  [
    1578960000000,
    102941.65170932357
  ],
  [
    1579046400000,
    123435.76356031382
  ],
  [
    1579132800000,
    122588.74098131928
  ],
  [
    1579219200000,
    113018.76331033839
  ],
  [
    1579305600000,
    107497.2206967711
  ],
  [
    1579392000000,
    121309.85590241074
  ],
  [
    1579478400000,
    113887.53540113925
  ],
  [
    1579564800000,
    113004.79557803247
  ],
  [
    1579651200000,
    117547.63838475174
  ],
  [
    1579737600000,
    119814.27234145651
  ],
  [
    1579824000000,
    106782.92236238229
  ],
  [
    1579910400000,
    106776.22492543567
  ],
  [
    1579996800000,
    108085.01506641542
  ],
  [
    1580083200000,
    91750.50995625003
  ],
  [
    1580169600000,
    87203.64264266856
  ],
  [
    1580256000000,
    121742.74156633695
  ],
  [
    1580342400000,
    123020.65193344612
  ],
  [
    1580428800000,
    125525.23903207395
  ],
  [
    1580515200000,
    122310.39279308525
  ],
  [
    1580601600000,
    127382.36298967952
  ],
  [
    1580688000000,
    120056.14114767849
  ],
  [
    1580774400000,
    131691.29269777506
  ],
  [
    1580860800000,
    107198.04502866667
  ],
  [
    1580947200000,
    198322.4294840121
  ],
  [
    1581033600000,
    237759.34028593652
  ],
  [
    1581120000000,
    226195.9827896351
  ],
  [
    1581206400000,
    217936.47845776347
  ],
  [
    1581292800000,
    227658.18841463522
  ],
  [
    1581379200000,
    225201.3244949809
  ],
  [
    1581465600000,
    291406.81585807906
  ],
  [
    1581552000000,
    213612.37914589074
  ],
  [
    1581638400000,
    195656.79257482933
  ],
  [
    1581724800000,
    208843.7592669694
  ],
  [
    1581811200000,
    221518.35895305837
  ],
  [
    1581897600000,
    234868.9854671749
  ],
  [
    1581984000000,
    224906.85468377502
  ],
  [
    1582070400000,
    212206.9961343819
  ],
  [
    1582156800000,
    192089.2749646723
  ],
  [
    1582243200000,
    188275.68424351217
  ],
  [
    1582329600000,
    96504.82910825819
  ],
  [
    1582416000000,
    85550.60885041626
  ],
  [
    1582502400000,
    86117.72371019227
  ],
  [
    1582588800000,
    87193.8208133175
  ],
  [
    1582675200000,
    82379.58414902989
  ],
  [
    1582761600000,
    86251.5701829516
  ],
  [
    1582848000000,
    87940.05721321191
  ],
  [
    1582934400000,
    87377.55488837436
  ],
  [
    1583020800000,
    86824.2209767667
  ],
  [
    1583107200000,
    86737.90889321092
  ],
  [
    1583193600000,
    88665.93184993094
  ],
  [
    1583280000000,
    86864.47983233035
  ],
  [
    1583366400000,
    93666.7623693054
  ],
  [
    1583452800000,
    87402.24743077223
  ],
  [
    1583539200000,
    89429.72477978433
  ],
  [
    1583625600000,
    86692.35888511025
  ],
  [
    1583712000000,
    77425.79644253616
  ],
  [
    1583798400000,
    87357.95284215242
  ],
  [
    1583884800000,
    81951.23176757841
  ],
  [
    1583971200000,
    73488.91646650506
  ],
  [
    1584057600000,
    54499.59345028269
  ],
  [
    1584144000000,
    106180.39408845775
  ],
  [
    1584230400000,
    113745.48561592342
  ],
  [
    1584316800000,
    113768.27238793744
  ],
  [
    1584403200000,
    122978.9616856058
  ],
  [
    1584489600000,
    102597.4143714282
  ],
  [
    1584576000000,
    115585.53406667616
  ],
  [
    1584662400000,
    142046.36182178804
  ],
  [
    1584748800000,
    136982.4282092837
  ],
  [
    1584835200000,
    151092.6954397859
  ],
  [
    1584921600000,
    132285.41906076745
  ],
  [
    1585008000000,
    121955.95495836333
  ],
  [
    1585094400000,
    129151.08666180434
  ],
  [
    1585180800000,
    117222.13233009176
  ],
  [
    1585267200000,
    119853.26378867109
  ],
  [
    1585353600000,
    83613.06634546204
  ],
  [
    1585440000000,
    90857.77513624362
  ],
  [
    1585526400000,
    138979.58644608158
  ],
  [
    1585612800000,
    142885.18361398563
  ],
  [
    1585699200000,
    139159.74621873169
  ],
  [
    1585785600000,
    142445.98058508016
  ],
  [
    1585872000000,
    111109.60328956571
  ],
  [
    1585958400000,
    95047.3396097778
  ],
  [
    1586044800000,
    140902.45478436185
  ],
  [
    1586131200000,
    83984.3471011644
  ],
  [
    1586217600000,
    91811.16281907304
  ],
  [
    1586304000000,
    114146.94565219544
  ],
  [
    1586390400000,
    129813.30293323893
  ],
  [
    1586476800000,
    102625.62567325411
  ],
  [
    1586563200000,
    116516.83484192693
  ],
  [
    1586649600000,
    81155.56075314134
  ],
  [
    1586736000000,
    95729.38979876286
  ],
  [
    1586822400000,
    114381.97823543329
  ],
  [
    1586908800000,
    88515.4920329864
  ],
  [
    1586995200000,
    75395.34477805953
  ],
  [
    1587081600000,
    108307.41138940903
  ],
  [
    1587168000000,
    115905.71855116468
  ],
  [
    1587254400000,
    109926.52417246395
  ],
  [
    1587340800000,
    116089.26012615998
  ],
  [
    1587427200000,
    81616.72060839545
  ],
  [
    1587513600000,
    72027.35777298312
  ],
  [
    1587600000000,
    61564.71634219605
  ],
  [
    1587686400000,
    50518.56109626055
  ],
  [
    1587772800000,
    1739.8881584954229
  ],
  [
    1587859200000,
    0.04451830123409853
  ],
  [
    1587945600000,
    3.34508297357602
  ],
  [
    1588032000000,
    1.2096060203097592
  ],
  [
    1588118400000,
    15797.656597399731
  ],
  [
    1588204800000,
    17562.965786185556
  ],
  [
    1588291200000,
    24351.253415813815
  ],
  [
    1588377600000,
    24949.839899890594
  ],
  [
    1588464000000,
    246.6169926644165
  ],
  [
    1588550400000,
    1.1260237304296097
  ],
  [
    1588636800000,
    91963.70721157207
  ],
  [
    1588723200000,
    145347.9166322625
  ],
  [
    1588809600000,
    123062.88810323055
  ],
  [
    1588896000000,
    136465.3927753514
  ],
  [
    1588982400000,
    139662.63300226544
  ],
  [
    1589068800000,
    174296.81478849915
  ],
  [
    1589155200000,
    141973.658959396
  ],
  [
    1589241600000,
    135308.35020405948
  ],
  [
    1589328000000,
    174582.5787087991
  ],
  [
    1589414400000,
    149229.86105450612
  ],
  [
    1589500800000,
    126478.86529755351
  ],
  [
    1589587200000,
    118360.17491482462
  ],
  [
    1589673600000,
    110942.09558581201
  ],
  [
    1589760000000,
    122194.66282220336
  ],
  [
    1589846400000,
    101301.72306721474
  ],
  [
    1589932800000,
    117892.48843713978
  ],
  [
    1590019200000,
    112332.55227876302
  ],
  [
    1590105600000,
    108107.60986150826
  ],
  [
    1590192000000,
    78476.0006717297
  ],
  [
    1590278400000,
    91441.17010250347
  ],
  [
    1590364800000,
    109951.45372276443
  ],
  [
    1590451200000,
    85558.02239168921
  ],
  [
    1590537600000,
    99538.34036914374
  ],
  [
    1590624000000,
    110433.9039062746
  ],
  [
    1590710400000,
    103885.33880728608
  ],
  [
    1590796800000,
    147553.80346882605
  ],
  [
    1590883200000,
    147894.80855578254
  ],
  [
    1590969600000,
    95288.04755169935
  ],
  [
    1591056000000,
    156017.608232718
  ],
  [
    1591142400000,
    118405.25687116322
  ],
  [
    1591228800000,
    94401.83618733093
  ],
  [
    1591315200000,
    134044.81026236856
  ],
  [
    1591401600000,
    132468.88584253285
  ],
  [
    1591488000000,
    146926.6610113283
  ],
  [
    1591574400000,
    154489.08016500768
  ],
  [
    1591660800000,
    137476.48549365622
  ],
  [
    1591747200000,
    141374.23610188512
  ],
  [
    1591833600000,
    136848.2413940218
  ],
  [
    1591920000000,
    112836.63809808317
  ],
  [
    1592006400000,
    82600.83544671403
  ],
  [
    1592092800000,
    142393.01404730126
  ],
  [
    1592179200000,
    109568.58437951129
  ],
  [
    1592265600000,
    81556.31781136115
  ],
  [
    1592352000000,
    141363.63638262893
  ],
  [
    1592438400000,
    158317.18747539533
  ],
  [
    1592524800000,
    146453.61343321644
  ],
  [
    1592611200000,
    119382.76291781015
  ],
  [
    1592697600000,
    91455.71448626323
  ],
  [
    1592784000000,
    82484.75546627723
  ],
  [
    1592870400000,
    129241.90844419684
  ],
  [
    1592956800000,
    98016.17649161928
  ],
  [
    1593043200000,
    92075.44304221786
  ],
  [
    1593129600000,
    162371.43807266434
  ],
  [
    1593216000000,
    167880.8120337748
  ],
  [
    1593302400000,
    156311.27425864997
  ],
  [
    1593388800000,
    145427.88415417433
  ],
  [
    1593475200000,
    132388.6847109528
  ],
  [
    1593561600000,
    134808.0812461497
  ],
  [
    1593648000000,
    100690.56000399696
  ],
  [
    1593734400000,
    107983.98133798124
  ],
  [
    1593820800000,
    115764.90682703411
  ],
  [
    1593907200000,
    113980.97474545107
  ],
  [
    1593993600000,
    155355.62778335312
  ],
  [
    1594080000000,
    152442.6163377655
  ],
  [
    1594166400000,
    90664.15378855121
  ],
  [
    1594252800000,
    119044.71058249343
  ],
  [
    1594339200000,
    109514.93112167806
  ],
  [
    1594425600000,
    78063.86678438974
  ],
  [
    1594512000000,
    61457.14448218203
  ],
  [
    1594598400000,
    92527.22395484088
  ],
  [
    1594684800000,
    80810.61297227822
  ],
  [
    1594771200000,
    89520.48467393365
  ],
  [
    1594857600000,
    97671.75497704289
  ],
  [
    1594944000000,
    92622.15907006407
  ],
  [
    1595030400000,
    98078.33594002218
  ],
  [
    1595116800000,
    100360.92270392028
  ],
  [
    1595203200000,
    98096.09964799257
  ],
  [
    1595289600000,
    86767.41962637217
  ],
  [
    1595376000000,
    88444.2759162872
  ],
  [
    1595462400000,
    97569.07111231715
  ],
  [
    1595548800000,
    103711.75048105417
  ],
  [
    1595635200000,
    93389.6799348713
  ],
  [
    1595721600000,
    89055.49653016569
  ],
  [
    1595808000000,
    84268.02643317757
  ],
  [
    1595894400000,
    94917.56135485422
  ],
  [
    1595980800000,
    87746.91112350163
  ],
  [
    1596067200000,
    90016.55354199413
  ],
  [
    1596153600000,
    83820.71545758855
  ],
  [
    1596240000000,
    96369.57951834699
  ],
  [
    1596326400000,
    89461.73591176316
  ],
  [
    1596412800000,
    88029.15138427913
  ],
  [
    1596499200000,
    88134.11616111298
  ],
  [
    1596585600000,
    86959.34993433421
  ],
  [
    1596672000000,
    104354.35505342424
  ],
  [
    1596758400000,
    83683.50129445003
  ],
  [
    1596844800000,
    127906.4899864651
  ],
  [
    1596931200000,
    143355.5891096376
  ],
  [
    1597017600000,
    114282.21064010421
  ],
  [
    1597104000000,
    132264.09875006007
  ],
  [
    1597190400000,
    105631.67553909526
  ],
  [
    1597276800000,
    131998.20319022203
  ],
  [
    1597363200000,
    151044.33057717024
  ],
  [
    1597449600000,
    143972.98149245023
  ],
  [
    1597536000000,
    118229.22466464152
  ],
  [
    1597622400000,
    96551.52370542189
  ],
  [
    1597708800000,
    115118.30483193988
  ],
  [
    1597795200000,
    84664.40608216586
  ],
  [
    1597881600000,
    149978.20717903855
  ],
  [
    1597968000000,
    125334.65704122791
  ],
  [
    1598054400000,
    121875.058393844
  ],
  [
    1598140800000,
    127726.46318817984
  ],
  [
    1598227200000,
    114266.50275217493
  ],
  [
    1598313600000,
    122019.12223095295
  ],
  [
    1598400000000,
    121478.08615864904
  ],
  [
    1598486400000,
    104387.95686309678
  ],
  [
    1598572800000,
    104221.52208706248
  ],
  [
    1598659200000,
    127007.81714947431
  ],
  [
    1598745600000,
    162433.41283353654
  ],
  [
    1598832000000,
    143588.59654946902
  ],
  [
    1598918400000,
    129612.1522885243
  ],
  [
    1599004800000,
    131074.4246118308
  ],
  [
    1599091200000,
    130942.48311804162
  ],
  [
    1599177600000,
    101272.14592695552
  ],
  [
    1599264000000,
    148645.1235943999
  ],
  [
    1599350400000,
    143474.4279757996
  ],
  [
    1599436800000,
    150857.31771431954
  ],
  [
    1599523200000,
    151903.4601037346
  ],
  [
    1599609600000,
    129085.811129237
  ],
  [
    1599696000000,
    134136.93635308085
  ],
  [
    1599782400000,
    158688.77938824674
  ],
  [
    1599868800000,
    144484.2720473673
  ],
  [
    1599955200000,
    106778.18218087245
  ],
  [
    1600041600000,
    136302.35885322894
  ],
  [
    1600128000000,
    117828.71574231716
  ],
  [
    1600214400000,
    117919.31094272995
  ],
  [
    1600300800000,
    121813.85897832607
  ],
  [
    1600387200000,
    120826.8518947301
  ],
  [
    1600473600000,
    113506.28380458482
  ],
  [
    1600560000000,
    103111.83005955436
  ],
  [
    1600646400000,
    107408.01795660384
  ],
  [
    1600732800000,
    107274.35626437221
  ],
  [
    1600819200000,
    153276.71659373562
  ],
  [
    1600905600000,
    138243.01979564514
  ],
  [
    1600992000000,
    139391.08221292932
  ],
  [
    1601078400000,
    119825.78085185612
  ],
  [
    1601164800000,
    138569.27404782444
  ],
  [
    1601251200000,
    158704.72711336598
  ],
  [
    1601337600000,
    161219.63143479038
  ],
  [
    1601424000000,
    149850.9027002709
  ],
  [
    1601510400000,
    172585.46226651868
  ],
  [
    1601596800000,
    131516.43802387966
  ],
  [
    1601683200000,
    137928.07718403896
  ],
  [
    1601769600000,
    141521.77860796088
  ],
  [
    1601856000000,
    135764.64117209573
  ],
  [
    1601942400000,
    107147.44962285917
  ],
  [
    1602028800000,
    140839.09288215812
  ],
  [
    1602115200000,
    155774.5197632252
  ],
  [
    1602201600000,
    120511.23401079215
  ],
  [
    1602288000000,
    137764.36712357376
  ],
  [
    1602374400000,
    109488.12826002798
  ],
  [
    1602460800000,
    122263.49927695445
  ],
  [
    1602547200000,
    125236.72390798376
  ],
  [
    1602633600000,
    115288.50789899046
  ],
  [
    1602720000000,
    53652.07185216488
  ],
  [
    1602806400000,
    109711.1298432685
  ],
  [
    1602892800000,
    104511.02193166199
  ],
  [
    1602979200000,
    133075.51729663942
  ],
  [
    1603065600000,
    139497.78501899305
  ],
  [
    1603152000000,
    132128.83931257026
  ],
  [
    1603238400000,
    116288.4400842833
  ],
  [
    1603324800000,
    132309.29526761424
  ],
  [
    1603411200000,
    134099.32187469126
  ],
  [
    1603497600000,
    160332.42864966026
  ],
  [
    1603584000000,
    123627.07864293894
  ],
  [
    1603670400000,
    151998.70667629325
  ],
  [
    1603756800000,
    127302.61474270225
  ],
  [
    1603843200000,
    136966.81141674684
  ],
  [
    1603929600000,
    123917.06111348423
  ],
  [
    1604016000000,
    83338.8610420317
  ],
  [
    1604102400000,
    100071.73889411968
  ],
  [
    1604188800000,
    123625.27003545291
  ],
  [
    1604275200000,
    125199.67538666276
  ],
  [
    1604361600000,
    119203.47091698526
  ],
  [
    1604448000000,
    119416.46391380823
  ],
  [
    1604534400000,
    106954.31113226869
  ],
  [
    1604620800000,
    115657.73409084452
  ],
  [
    1604707200000,
    111192.23410194306
  ],
  [
    1604793600000,
    113773.71880264183
  ],
  [
    1604880000000,
    106596.38189509668
  ],
  [
    1604966400000,
    95507.29160824094
  ],
  [
    1605052800000,
    88210.4358129637
  ],
  [
    1605139200000,
    129234.23032838837
  ],
  [
    1605225600000,
    108598.20202265233
  ],
  [
    1605312000000,
    130122.23767148328
  ],
  [
    1605398400000,
    123673.82054604849
  ],
  [
    1605484800000,
    103393.49064477764
  ],
  [
    1605571200000,
    108329.91716253699
  ],
  [
    1605657600000,
    138320.402445538
  ],
  [
    1605744000000,
    112205.36413272188
  ],
  [
    1605830400000,
    128344.29763843644
  ],
  [
    1605916800000,
    61999.52753595593
  ],
  [
    1606003200000,
    83028.10705635065
  ],
  [
    1606089600000,
    71854.08225050969
  ],
  [
    1606176000000,
    61948.451445017046
  ],
  [
    1606262400000,
    60584.7200109898
  ],
  [
    1606348800000,
    81483.71324022266
  ],
  [
    1606435200000,
    68246.21203534541
  ],
  [
    1606521600000,
    58317.77645091958
  ],
  [
    1606608000000,
    42457.8222622749
  ],
  [
    1606694400000,
    34106.10110511214
  ],
  [
    1606780800000,
    47616.71836308563
  ],
  [
    1606867200000,
    45644.72147826767
  ],
  [
    1606953600000,
    45182.918848160676
  ],
  [
    1607040000000,
    78759.74918460447
  ],
  [
    1607126400000,
    104927.36718842378
  ],
  [
    1607212800000,
    102845.38312733128
  ],
  [
    1607299200000,
    86746.11461483252
  ],
  [
    1607385600000,
    114379.9174131959
  ],
  [
    1607472000000,
    104223.48994200758
  ],
  [
    1607558400000,
    129154.35407472134
  ],
  [
    1607644800000,
    139488.00821466662
  ],
  [
    1607731200000,
    142671.99605356593
  ],
  [
    1607817600000,
    149830.07305270556
  ],
  [
    1607904000000,
    162010.84568495254
  ],
  [
    1607990400000,
    157220.51706151792
  ],
  [
    1608076800000,
    156045.15450348263
  ],
  [
    1608163200000,
    173268.15566095687
  ],
  [
    1608249600000,
    139260.78389501007
  ],
  [
    1608336000000,
    145859.79616893208
  ],
  [
    1608422400000,
    159364.05937948055
  ],
  [
    1608508800000,
    130164.54568055739
  ],
  [
    1608595200000,
    106862.26894242696
  ],
  [
    1608681600000,
    72498.0810470682
  ],
  [
    1608768000000,
    125692.5438945196
  ],
  [
    1608854400000,
    115347.94020935717
  ],
  [
    1608940800000,
    145653.1801669431
  ],
  [
    1609027200000,
    135676.38633702713
  ],
  [
    1609113600000,
    115147.82802417203
  ],
  [
    1609200000000,
    129742.34867861086
  ],
  [
    1609286400000,
    144362.91939799712
  ],
  [
    1609372800000,
    138101.5523929833
  ],
  [
    1609459200000,
    121800.84796326695
  ],
  [
    1609545600000,
    113768.73539158066
  ],
  [
    1609632000000,
    117446.4231126389
  ],
  [
    1609718400000,
    123997.85246769577
  ],
  [
    1609804800000,
    127526.10679136826
  ],
  [
    1609891200000,
    145031.28771601774
  ],
  [
    1609977600000,
    138151.59100304358
  ],
  [
    1610064000000,
    104319.89161866785
  ],
  [
    1610150400000,
    49803.9099219552
  ],
  [
    1610236800000,
    63082.14367788928
  ],
  [
    1610323200000,
    69431.39419960472
  ],
  [
    1610409600000,
    116284.71559141026
  ],
  [
    1610496000000,
    181541.4286232454
  ],
  [
    1610582400000,
    167033.2034291247
  ],
  [
    1610668800000,
    164322.26618993885
  ],
  [
    1610755200000,
    130849.36031928049
  ],
  [
    1610841600000,
    121398.1106793556
  ],
  [
    1610928000000,
    117639.39210134497
  ],
  [
    1611014400000,
    113720.69487763166
  ],
  [
    1611100800000,
    122759.4989702523
  ],
  [
    1611187200000,
    161258.41803735733
  ],
  [
    1611273600000,
    110966.47032164424
  ],
  [
    1611360000000,
    155062.4375111596
  ],
  [
    1611446400000,
    132720.4099199329
  ],
  [
    1611532800000,
    118034.533735071
  ],
  [
    1611619200000,
    132955.16323225276
  ],
  [
    1611705600000,
    114492.37140066076
  ],
  [
    1611792000000,
    138181.83260850262
  ],
  [
    1611878400000,
    113912.94354895232
  ],
  [
    1611964800000,
    117953.95621176787
  ],
  [
    1612051200000,
    140716.51904676767
  ],
  [
    1612137600000,
    163920.00784601035
  ],
  [
    1612224000000,
    142800.5278321589
  ],
  [
    1612310400000,
    130779.90167986238
  ],
  [
    1612396800000,
    110774.35672487735
  ],
  [
    1612483200000,
    94146.55443693094
  ],
  [
    1612569600000,
    133920.20017245522
  ],
  [
    1612656000000,
    147643.09054729182
  ],
  [
    1612742400000,
    159829.79398221968
  ],
  [
    1612828800000,
    163522.1846388831
  ],
  [
    1612915200000,
    137723.63637327563
  ],
  [
    1613001600000,
    131769.94550393816
  ],
  [
    1613088000000,
    129605.12928220796
  ],
  [
    1613174400000,
    118610.41801861543
  ],
  [
    1613260800000,
    100437.79836599031
  ],
  [
    1613347200000,
    95573.73590103292
  ],
  [
    1613433600000,
    103586.25022736166
  ],
  [
    1613520000000,
    79840.11989046319
  ],
  [
    1613606400000,
    104190.75577449292
  ],
  [
    1613692800000,
    72187.96598976855
  ],
  [
    1613779200000,
    56292.34787157537
  ],
  [
    1613865600000,
    127242.61130684598
  ],
  [
    1613952000000,
    259133.27844932166
  ],
  [
    1614038400000,
    183291.62877951248
  ],
  [
    1614124800000,
    183289.71027187936
  ],
  [
    1614211200000,
    119030.62528427772
  ],
  [
    1614297600000,
    113180.1679210481
  ],
  [
    1614384000000,
    141337.13758573114
  ],
  [
    1614470400000,
    173889.88065318676
  ],
  [
    1614556800000,
    181159.84310398996
  ],
  [
    1614643200000,
    179933.03757137014
  ],
  [
    1614729600000,
    110054.73137418446
  ],
  [
    1614816000000,
    115959.68576574344
  ],
  [
    1614902400000,
    157872.52893544335
  ],
  [
    1614988800000,
    174984.41596152785
  ],
  [
    1615075200000,
    186334.26721378096
  ],
  [
    1615161600000,
    180281.79473462052
  ],
  [
    1615248000000,
    122511.95363087008
  ],
  [
    1615334400000,
    138948.65472290336
  ],
  [
    1615420800000,
    178309.83743571892
  ],
  [
    1615507200000,
    162951.27344680807
  ],
  [
    1615593600000,
    127069.81604407246
  ],
  [
    1615680000000,
    125458.9572120706
  ],
  [
    1615766400000,
    126148.17463337658
  ],
  [
    1615852800000,
    182117.7784460488
  ],
  [
    1615939200000,
    149754.8087611135
  ],
  [
    1616025600000,
    180686.28550224486
  ],
  [
    1616112000000,
    120778.64019238157
  ],
  [
    1616198400000,
    149158.33300838846
  ],
  [
    1616284800000,
    145470.64775117132
  ],
  [
    1616371200000,
    144552.96790133815
  ],
  [
    1616457600000,
    139476.5881191937
  ],
  [
    1616544000000,
    144076.72123326003
  ],
  [
    1616630400000,
    123232.20056360164
  ],
  [
    1616716800000,
    122369.03767346975
  ],
  [
    1616803200000,
    253934.6162661271
  ],
  [
    1616889600000,
    158058.2915403762
  ],
  [
    1616976000000,
    149188.4332076805
  ],
  [
    1617062400000,
    157825.23052430118
  ],
  [
    1617148800000,
    149302.9744461237
  ],
  [
    1617235200000,
    172780.88185802428
  ],
  [
    1617321600000,
    157257.694862574
  ],
  [
    1617408000000,
    225638.22661377428
  ],
  [
    1617494400000,
    179206.42073425412
  ],
  [
    1617580800000,
    185328.11532339337
  ],
  [
    1617667200000,
    164569.3051068624
  ],
  [
    1617753600000,
    150699.0477736918
  ],
  [
    1617840000000,
    146515.9543133401
  ],
  [
    1617926400000,
    129720.06894492541
  ],
  [
    1618012800000,
    131893.1663747577
  ],
  [
    1618099200000,
    153221.11547439618
  ],
  [
    1618185600000,
    160038.00989499674
  ],
  [
    1618272000000,
    167633.8628465299
  ],
  [
    1618358400000,
    147450.0261592864
  ],
  [
    1618444800000,
    148207.1363570411
  ],
  [
    1618531200000,
    158800.74565297787
  ],
  [
    1618617600000,
    142733.33442445175
  ],
  [
    1618704000000,
    157703.81261206896
  ],
  [
    1618790400000,
    145150.78271236914
  ],
  [
    1618876800000,
    141123.61052075226
  ],
  [
    1618963200000,
    144565.36867176445
  ],
  [
    1619049600000,
    144333.86346558324
  ],
  [
    1619136000000,
    167928.70024720312
  ],
  [
    1619222400000,
    186883.46149276596
  ],
  [
    1619308800000,
    127350.39392338827
  ],
  [
    1619395200000,
    154738.85346486626
  ],
  [
    1619481600000,
    156502.32917775377
  ],
  [
    1619568000000,
    108472.1562713228
  ],
  [
    1619654400000,
    454.91329284631047
  ],
  [
    1619740800000,
    96416.29198866693
  ],
  [
    1619827200000,
    188731.0100866376
  ],
  [
    1619913600000,
    148242.80153947146
  ],
  [
    1620000000000,
    158807.64532110258
  ],
  [
    1620086400000,
    171970.71240948478
  ],
  [
    1620172800000,
    135108.1149914794
  ],
  [
    1620259200000,
    138424.10631899492
  ],
  [
    1620345600000,
    132866.8298041806
  ],
  [
    1620432000000,
    156774.81164805347
  ],
  [
    1620518400000,
    164623.3705416449
  ],
  [
    1620604800000,
    145827.7014448898
  ],
  [
    1620691200000,
    155286.12605534834
  ],
  [
    1620777600000,
    169890.0632982347
  ],
  [
    1620864000000,
    140220.1338553393
  ],
  [
    1620950400000,
    144912.32056585202
  ],
  [
    1621036800000,
    138273.40103638574
  ],
  [
    1621123200000,
    144150.35826817364
  ],
  [
    1621209600000,
    128068.73995394728
  ],
  [
    1621296000000,
    121964.87324881706
  ],
  [
    1621382400000,
    159897.9410311749
  ],
  [
    1621468800000,
    171072.91608563048
  ],
  [
    1621555200000,
    168471.70566133992
  ],
  [
    1621641600000,
    131804.6159312548
  ],
  [
    1621728000000,
    138358.92090656725
  ],
  [
    1621814400000,
    188042.00339854317
  ],
  [
    1621900800000,
    169265.1903590551
  ],
  [
    1621987200000,
    176884.1296084481
  ],
  [
    1622073600000,
    163372.12705548492
  ],
  [
    1622160000000,
    120013.52855228526
  ],
  [
    1622246400000,
    123114.28344737402
  ],
  [
    1622332800000,
    162736.87618726204
  ],
  [
    1622419200000,
    166263.37815238503
  ],
  [
    1622505600000,
    144064.1674310073
  ],
  [
    1622592000000,
    123596.88630197906
  ],
  [
    1622678400000,
    122080.15711075866
  ],
  [
    1622764800000,
    174162.8487213718
  ],
  [
    1622851200000,
    169183.11057501254
  ],
  [
    1622937600000,
    138864.8161352717
  ],
  [
    1623024000000,
    154739.01849359964
  ],
  [
    1623110400000,
    139386.43705070345
  ],
  [
    1623196800000,
    134279.12407420744
  ],
  [
    1623283200000,
    143126.35041100613
  ],
  [
    1623369600000,
    149519.2427953588
  ],
  [
    1623456000000,
    126103.55519167174
  ],
  [
    1623542400000,
    138263.79156909397
  ],
  [
    1623628800000,
    120635.37144526363
  ],
  [
    1623715200000,
    153922.46688484334
  ],
  [
    1623801600000,
    148742.74948013766
  ],
  [
    1623888000000,
    152752.00047282543
  ],
  [
    1623974400000,
    138985.73047783866
  ],
  [
    1624060800000,
    142385.72092225
  ],
  [
    1624147200000,
    144859.7748571928
  ],
  [
    1624233600000,
    171237.36560005014
  ],
  [
    1624320000000,
    168444.13806647726
  ],
  [
    1624406400000,
    197408.7195047762
  ],
  [
    1624492800000,
    154200.43884563688
  ],
  [
    1624579200000,
    185139.31546136583
  ],
  [
    1624665600000,
    147084.85125083465
  ],
  [
    1624752000000,
    176536.5507410186
  ],
  [
    1624838400000,
    152904.20736253308
  ],
  [
    1624924800000,
    118254.66361544067
  ],
  [
    1625011200000,
    135231.0495742705
  ],
  [
    1625097600000,
    183733.48255888975
  ],
  [
    1625184000000,
    173825.83075554832
  ],
  [
    1625270400000,
    148886.18493265426
  ],
  [
    1625356800000,
    138553.33033443673
  ],
  [
    1625443200000,
    148225.9893254116
  ],
  [
    1625529600000,
    136818.6878296999
  ],
  [
    1625616000000,
    140928.8437990419
  ],
  [
    1625702400000,
    129401.45462587701
  ],
  [
    1625788800000,
    136952.79806945196
  ],
  [
    1625875200000,
    134273.91079170106
  ],
  [
    1625961600000,
    122803.62912724687
  ],
  [
    1626048000000,
    155878.84420484773
  ],
  [
    1626134400000,
    154764.3382854572
  ],
  [
    1626220800000,
    164835.64911149527
  ],
  [
    1626307200000,
    156667.36642514958
  ],
  [
    1626393600000,
    130370.16251352968
  ],
  [
    1626480000000,
    157105.90334753392
  ],
  [
    1626566400000,
    180254.98473105096
  ],
  [
    1626652800000,
    157447.14544900146
  ],
  [
    1626739200000,
    193242.1338803573
  ],
  [
    1626825600000,
    169628.31206111045
  ],
  [
    1626912000000,
    146327.81093563433
  ],
  [
    1626998400000,
    160986.7968471437
  ],
  [
    1627084800000,
    161165.42443368532
  ],
  [
    1627171200000,
    151535.16850318952
  ],
  [
    1627257600000,
    114977.59513856041
  ],
  [
    1627344000000,
    137861.6246631795
  ],
  [
    1627430400000,
    158343.98381202004
  ],
  [
    1627516800000,
    157838.7195392018
  ],
  [
    1627603200000,
    148634.02053478148
  ],
  [
    1627689600000,
    139190.67505741832
  ],
  [
    1627776000000,
    141018.79860135645
  ],
  [
    1627862400000,
    137452.96766055812
  ],
  [
    1627948800000,
    135824.66256538458
  ],
  [
    1628035200000,
    135092.21133533822
  ],
  [
    1628121600000,
    147835.08853191257
  ],
  [
    1628208000000,
    128078.68191706683
  ],
  [
    1628294400000,
    112414.57510040648
  ],
  [
    1628380800000,
    159175.64691306898
  ],
  [
    1628467200000,
    183817.91773785572
  ],
  [
    1628553600000,
    157470.33045582732
  ],
  [
    1628640000000,
    140629.63150348645
  ],
  [
    1628726400000,
    134104.67900320241
  ],
  [
    1628812800000,
    146396.456595061
  ],
  [
    1628899200000,
    178726.7584021927
  ],
  [
    1628985600000,
    163714.68621739268
  ],
  [
    1629072000000,
    182493.01389133817
  ],
  [
    1629158400000,
    175428.30550650673
  ],
  [
    1629244800000,
    154893.32297326674
  ],
  [
    1629331200000,
    175321.45005267032
  ],
  [
    1629417600000,
    184320.3301289618
  ],
  [
    1629504000000,
    144164.45244767482
  ],
  [
    1629590400000,
    122858.13663877411
  ],
  [
    1629676800000,
    145178.27772645405
  ],
  [
    1629763200000,
    150817.56262807373
  ],
  [
    1629849600000,
    148407.07303206975
  ],
  [
    1629936000000,
    127332.73153901623
  ],
  [
    1630022400000,
    154705.96377456535
  ],
  [
    1630108800000,
    123144.96505932532
  ],
  [
    1630195200000,
    139784.3772354695
  ],
  [
    1630281600000,
    127949.9354919369
  ],
  [
    1630368000000,
    149927.96543107225
  ],
  [
    1630454400000,
    142091.0380979758
  ],
  [
    1630540800000,
    113193.52298894763
  ],
  [
    1630627200000,
    130634.01103291333
  ]
]