[
  [
    1620345600000,
    1588338.1937612449
  ],
  [
    1620432000000,
    1588338.1937612449
  ],
  [
    1620518400000,
    980236.5651216924
  ],
  [
    1620604800000,
    335564.2640828574
  ],
  [
    1620691200000,
    247211.2332848388
  ],
  [
    1620777600000,
    409238.9248850779
  ],
  [
    1620864000000,
    175618.83864319403
  ],
  [
    1620950400000,
    118088.25983005018
  ],
  [
    1621036800000,
    91972.50047560548
  ],
  [
    1621123200000,
    93546.46165667803
  ],
  [
    1621209600000,
    95127.92210229153
  ],
  [
    1621296000000,
    64872.06753360877
  ],
  [
    1621382400000,
    71963.89297261946
  ],
  [
    1621468800000,
    50617.48795979309
  ],
  [
    1621555200000,
    35579.43774425108
  ],
  [
    1621641600000,
    16034.063388837325
  ],
  [
    1621728000000,
    11164.348457885624
  ],
  [
    1621814400000,
    26493.655010053146
  ],
  [
    1621900800000,
    13092.393336762094
  ],
  [
    1621987200000,
    12390.939204813752
  ],
  [
    1622073600000,
    25691.623389277313
  ],
  [
    1622160000000,
    5538.028927377829
  ],
  [
    1622246400000,
    7901.1104681855295
  ],
  [
    1622332800000,
    4608.052776224017
  ],
  [
    1622419200000,
    2842.737103632755
  ],
  [
    1622505600000,
    5519.304779762175
  ],
  [
    1622592000000,
    5817.872476979954
  ],
  [
    1622678400000,
    11876.354070634747
  ],
  [
    1622764800000,
    12229.963916530176
  ],
  [
    1623628800000,
    0.0009106988962317153
  ],
  [
    1623715200000,
    0.0009106988962317153
  ],
  [
    1623801600000,
    6.610518313217438e-16
  ],
  [
    1623888000000,
    10614.265844784813
  ],
  [
    1623974400000,
    0.000046990272386257446
  ],
  [
    1624060800000,
    2432.4724492201663
  ],
  [
    1624147200000,
    4356.065438408397
  ],
  [
    1624233600000,
    5145.8593681324855
  ],
  [
    1624320000000,
    13435.779533746565
  ],
  [
    1624406400000,
    5504.60015310002
  ],
  [
    1624492800000,
    22212.077468867195
  ],
  [
    1624579200000,
    10622.61956173617
  ],
  [
    1624665600000,
    14889.579928844852
  ],
  [
    1624752000000,
    4535.642057961889
  ],
  [
    1624838400000,
    9405.7661519095
  ],
  [
    1624924800000,
    16519.965955201173
  ],
  [
    1625011200000,
    11662.518399117598
  ],
  [
    1625097600000,
    13320.770695693991
  ],
  [
    1625184000000,
    5099.518728222792
  ],
  [
    1625270400000,
    5842.25420954893
  ],
  [
    1625356800000,
    586.3786561508177
  ],
  [
    1625443200000,
    6318.745002261008
  ],
  [
    1625529600000,
    1619.6871434659927
  ],
  [
    1625616000000,
    6098.987885081214
  ],
  [
    1625702400000,
    178.63873226922
  ],
  [
    1625788800000,
    10817.874184000988
  ],
  [
    1625875200000,
    18069.512851962474
  ],
  [
    1625961600000,
    6504.143032768083
  ],
  [
    1626048000000,
    5844.222184587737
  ],
  [
    1626134400000,
    8578.232028149927
  ],
  [
    1626220800000,
    4503.257614341873
  ],
  [
    1626307200000,
    4246.490114461624
  ],
  [
    1626393600000,
    14082.227612698833
  ],
  [
    1626480000000,
    12125.009349684959
  ],
  [
    1626566400000,
    13022.7587405184
  ],
  [
    1626652800000,
    3084.9771247115086
  ],
  [
    1626739200000,
    439.6188691507048
  ],
  [
    1626825600000,
    69.8942817512275
  ],
  [
    1626912000000,
    234.24358138584682
  ],
  [
    1626998400000,
    1161.6793629214974
  ],
  [
    1627084800000,
    24.669266817011504
  ],
  [
    1627171200000,
    94.35507754509757
  ],
  [
    1627257600000,
    812.6674104232975
  ],
  [
    1627344000000,
    149.48405642271524
  ],
  [
    1627430400000,
    87.60622416438395
  ],
  [
    1627516800000,
    728.2695556485597
  ],
  [
    1627603200000,
    57.001943767521134
  ],
  [
    1627689600000,
    1006.9031540512507
  ],
  [
    1627776000000,
    2249.249234286331
  ],
  [
    1627862400000,
    402.63273968851627
  ],
  [
    1627948800000,
    25.941257009499598
  ],
  [
    1628035200000,
    205.35387104333068
  ],
  [
    1628121600000,
    1.9390652530198262
  ],
  [
    1628208000000,
    19.692352662405074
  ],
  [
    1628294400000,
    115.1969137736981
  ],
  [
    1628380800000,
    93.72048599629564
  ],
  [
    1628467200000,
    932.4506495017749
  ],
  [
    1628553600000,
    811.3021363596929
  ],
  [
    1628640000000,
    1331.6704345638711
  ],
  [
    1628726400000,
    631.5114953921309
  ],
  [
    1628812800000,
    904.460950633686
  ],
  [
    1628899200000,
    125.72397968749321
  ],
  [
    1628985600000,
    41.3449342712623
  ],
  [
    1629072000000,
    171.42390906595864
  ],
  [
    1629158400000,
    119.40541202713503
  ],
  [
    1629244800000,
    333.1921498942371
  ],
  [
    1629331200000,
    631.140533578138
  ],
  [
    1629417600000,
    498.09171506804336
  ],
  [
    1629504000000,
    122.32846397592634
  ],
  [
    1629590400000,
    193.8262687783113
  ],
  [
    1629676800000,
    75.02992601336
  ],
  [
    1629763200000,
    55.62342219427023
  ],
  [
    1629849600000,
    15.299290099148212
  ],
  [
    1629936000000,
    16.733015660363158
  ],
  [
    1630022400000,
    53.294377001108195
  ],
  [
    1630108800000,
    51.05612940188608
  ],
  [
    1630195200000,
    1411.300972174839
  ],
  [
    1630281600000,
    61.64822287952749
  ],
  [
    1630368000000,
    3892.0030171156013
  ],
  [
    1630454400000,
    295.27610145347285
  ],
  [
    1630540800000,
    83.12363054311669
  ],
  [
    1630627200000,
    183.48652279380383
  ]
]