[
  [
    1625443200000,
    9.11207480942773
  ],
  [
    1625529600000,
    9.11207480942773
  ],
  [
    1625616000000,
    12.092542966324183
  ],
  [
    1625702400000,
    14.702878748775749
  ],
  [
    1625788800000,
    11.082426892805259
  ],
  [
    1625875200000,
    12.09223465196475
  ],
  [
    1625961600000,
    13.697363047812727
  ],
  [
    1626048000000,
    10.49405259695412
  ],
  [
    1626134400000,
    5.037904903576367
  ],
  [
    1626220800000,
    8.427591047965592
  ],
  [
    1626307200000,
    9.576420785373717
  ],
  [
    1626393600000,
    10.062734524372088
  ],
  [
    1626480000000,
    9.316664300654445
  ],
  [
    1626566400000,
    10.60334974322315
  ],
  [
    1626652800000,
    8.488571026428446
  ],
  [
    1626739200000,
    9.458600478781086
  ],
  [
    1626825600000,
    10.714214064883299
  ],
  [
    1626912000000,
    9.888815844928297
  ],
  [
    1626998400000,
    10.294497693005871
  ],
  [
    1627084800000,
    10.009635193965885
  ],
  [
    1627171200000,
    12.85213792573033
  ],
  [
    1627257600000,
    14.280868936693352
  ],
  [
    1627344000000,
    18.508671952530648
  ],
  [
    1627430400000,
    16.73632697420493
  ],
  [
    1627516800000,
    16.317962700324653
  ],
  [
    1627603200000,
    15.118070288588392
  ],
  [
    1627689600000,
    11.731813611668823
  ],
  [
    1627776000000,
    6.424314334148161
  ],
  [
    1627862400000,
    4.570695473086384
  ],
  [
    1627948800000,
    4.7779993724142065
  ],
  [
    1628035200000,
    4.688606955197725
  ],
  [
    1628121600000,
    5.013530107141572
  ],
  [
    1628208000000,
    5.1941208174796545
  ],
  [
    1628294400000,
    4.720500978291322
  ],
  [
    1628380800000,
    4.99487475736093
  ],
  [
    1628467200000,
    6.005166175030345
  ],
  [
    1628553600000,
    7.262053457025458
  ],
  [
    1628640000000,
    7.3981521132191315
  ],
  [
    1628726400000,
    6.837344456086553
  ],
  [
    1628812800000,
    5.290890731039557
  ],
  [
    1628899200000,
    4.572639480405063
  ],
  [
    1628985600000,
    5.211886864739603
  ],
  [
    1629072000000,
    4.967209717304886
  ],
  [
    1629158400000,
    4.590938249864334
  ],
  [
    1629244800000,
    4.159727064990818
  ],
  [
    1629331200000,
    3.9241834544744085
  ],
  [
    1629417600000,
    4.02590174844007
  ],
  [
    1629504000000,
    4.720691955008683
  ],
  [
    1629590400000,
    4.061461301773917
  ],
  [
    1629676800000,
    3.9246040888783886
  ],
  [
    1629763200000,
    3.851426359530419
  ],
  [
    1629849600000,
    3.520276057053835
  ],
  [
    1629936000000,
    3.2787705442015276
  ],
  [
    1630022400000,
    3.6222555203977866
  ],
  [
    1630108800000,
    3.6204242876790436
  ],
  [
    1630195200000,
    2.9727611819963307
  ],
  [
    1630281600000,
    3.445958185300845
  ],
  [
    1630368000000,
    3.46373392834436
  ],
  [
    1630454400000,
    3.648167601474534
  ],
  [
    1630540800000,
    4.520334203759286
  ],
  [
    1630627200000,
    4.856959790880663
  ]
]