[
  [
    1530748800000,
    27825.17956774267
  ],
  [
    1530835200000,
    42904.7223997803
  ],
  [
    1530921600000,
    78261.61654169117
  ],
  [
    1531008000000,
    26560.125825984094
  ],
  [
    1531094400000,
    40943.417812891166
  ],
  [
    1531180800000,
    9059.66103023677
  ],
  [
    1531267200000,
    16921.81976551376
  ],
  [
    1531353600000,
    38144.62200565587
  ],
  [
    1531440000000,
    34324.08920694106
  ],
  [
    1531526400000,
    28850.165497827293
  ],
  [
    1531612800000,
    28496.067653816983
  ],
  [
    1531699200000,
    161160.67820336972
  ],
  [
    1531785600000,
    178465.86262463732
  ],
  [
    1531872000000,
    227988.19539123407
  ],
  [
    1531958400000,
    68115.35163984461
  ],
  [
    1532044800000,
    532586.0662494691
  ],
  [
    1532131200000,
    345987.52909934305
  ],
  [
    1532217600000,
    131599.60297826733
  ],
  [
    1532304000000,
    304534.19957287674
  ],
  [
    1532390400000,
    713118.5542076924
  ],
  [
    1532476800000,
    520576.96068141656
  ],
  [
    1532563200000,
    1021241.2207373334
  ],
  [
    1532649600000,
    626836.2836165068
  ],
  [
    1532736000000,
    240824.62560585048
  ],
  [
    1532822400000,
    110693.5401833203
  ],
  [
    1532908800000,
    219064.13262961656
  ],
  [
    1532995200000,
    300666.88510452723
  ],
  [
    1533081600000,
    464914.0602628343
  ],
  [
    1533168000000,
    147489.62116542624
  ],
  [
    1533254400000,
    162468.97390862025
  ],
  [
    1533340800000,
    60724.82052186563
  ],
  [
    1533427200000,
    238555.13872181435
  ],
  [
    1533513600000,
    242597.88389560647
  ],
  [
    1533600000000,
    105478.3620584002
  ],
  [
    1533686400000,
    1607193.1453263431
  ],
  [
    1533772800000,
    603493.3700534352
  ],
  [
    1533859200000,
    304038.91663053056
  ],
  [
    1533945600000,
    141853.21905357964
  ],
  [
    1534032000000,
    47426.42144177381
  ],
  [
    1534118400000,
    31978.1018287501
  ],
  [
    1534204800000,
    48438.79614712496
  ],
  [
    1534291200000,
    92794.05016007076
  ],
  [
    1534377600000,
    72718.28610345662
  ],
  [
    1534464000000,
    52405.89597129565
  ],
  [
    1534550400000,
    52562.597279912894
  ],
  [
    1534636800000,
    97020.29618195968
  ],
  [
    1534723200000,
    84846.5555891331
  ],
  [
    1534809600000,
    76331.19290056819
  ],
  [
    1534896000000,
    79377.82779429572
  ],
  [
    1534982400000,
    18661.536605978385
  ],
  [
    1535068800000,
    12852.10777879281
  ],
  [
    1535155200000,
    4225.242558035767
  ],
  [
    1535241600000,
    8114.994740363902
  ],
  [
    1535328000000,
    10146.56404512064
  ],
  [
    1535414400000,
    11050.516492073924
  ],
  [
    1535500800000,
    136174.6404252358
  ],
  [
    1535587200000,
    118724.31132349538
  ],
  [
    1535673600000,
    91076.27900409816
  ],
  [
    1535760000000,
    122688.51892134988
  ],
  [
    1535846400000,
    21829.10920932272
  ],
  [
    1535932800000,
    13208.114968438189
  ],
  [
    1536019200000,
    48156.4634551292
  ],
  [
    1536105600000,
    98023.10246534483
  ],
  [
    1536192000000,
    142586.44259754356
  ],
  [
    1536278400000,
    167141.75155206773
  ],
  [
    1536364800000,
    575313.8184891945
  ],
  [
    1536451200000,
    494820.7151663674
  ],
  [
    1536537600000,
    133184.4539305358
  ],
  [
    1536624000000,
    366576.88971823326
  ],
  [
    1536710400000,
    336587.1818508127
  ],
  [
    1536796800000,
    257526.88056071047
  ],
  [
    1536883200000,
    249182.56710596234
  ],
  [
    1536969600000,
    108086.41891071167
  ],
  [
    1537056000000,
    20921.26053363453
  ],
  [
    1537142400000,
    16618.96348109254
  ],
  [
    1537228800000,
    50390.07529928666
  ],
  [
    1537315200000,
    23441.3731242522
  ],
  [
    1537401600000,
    373748.8497646277
  ],
  [
    1537488000000,
    435467.10369569424
  ],
  [
    1537574400000,
    80922.40429001501
  ],
  [
    1537660800000,
    33774.51741489824
  ],
  [
    1537747200000,
    11319.446253912769
  ],
  [
    1537833600000,
    80275.80462993476
  ],
  [
    1537920000000,
    198987.42668454355
  ],
  [
    1538006400000,
    70115.3346274131
  ],
  [
    1538092800000,
    51311.77412717801
  ],
  [
    1538179200000,
    64497.77873854749
  ],
  [
    1538265600000,
    39998.17248724894
  ],
  [
    1538352000000,
    76737.67458704962
  ],
  [
    1538438400000,
    71562.41276713232
  ],
  [
    1538524800000,
    22773.9882207494
  ],
  [
    1538611200000,
    15082.65977571991
  ],
  [
    1538697600000,
    60325.14129790452
  ],
  [
    1538784000000,
    41878.640326722
  ],
  [
    1538870400000,
    33675.96542271076
  ],
  [
    1538956800000,
    76920.86712832616
  ],
  [
    1539043200000,
    154930.63359823666
  ],
  [
    1539129600000,
    6743.481834162098
  ],
  [
    1539216000000,
    40476.498985738974
  ],
  [
    1539302400000,
    68761.01386478094
  ],
  [
    1539388800000,
    44855.18487284743
  ],
  [
    1539475200000,
    31537.613279624755
  ],
  [
    1539561600000,
    32212.638127731116
  ],
  [
    1539648000000,
    39278.41051320254
  ],
  [
    1539734400000,
    42415.48594892773
  ],
  [
    1539820800000,
    31940.587524730425
  ],
  [
    1539907200000,
    51427.007975559965
  ],
  [
    1539993600000,
    19274.666706713513
  ],
  [
    1540080000000,
    41702.205041728994
  ],
  [
    1540166400000,
    10904.778741124366
  ],
  [
    1540252800000,
    38428.83768580222
  ],
  [
    1540339200000,
    65044.1093598424
  ],
  [
    1540425600000,
    101305.84194384172
  ],
  [
    1540512000000,
    76667.36662475296
  ],
  [
    1540598400000,
    443146.5020122482
  ],
  [
    1540684800000,
    567108.9997876503
  ],
  [
    1540771200000,
    763078.7377298037
  ],
  [
    1540857600000,
    616963.6976386496
  ],
  [
    1540944000000,
    444826.7527297282
  ],
  [
    1541030400000,
    382221.0459928074
  ],
  [
    1541116800000,
    352315.80869211507
  ],
  [
    1541203200000,
    715062.8843516699
  ],
  [
    1541289600000,
    564252.252319555
  ],
  [
    1541376000000,
    263344.84206694347
  ],
  [
    1541462400000,
    364609.16018783324
  ],
  [
    1541548800000,
    503942.80992738804
  ],
  [
    1541635200000,
    443510.0523951114
  ],
  [
    1541721600000,
    585916.2517751429
  ],
  [
    1541808000000,
    566183.4984733843
  ],
  [
    1541894400000,
    369146.10276036215
  ],
  [
    1541980800000,
    267390.8472521423
  ],
  [
    1542067200000,
    524798.0754828554
  ],
  [
    1542153600000,
    561506.7585081586
  ],
  [
    1542240000000,
    167351.43913317512
  ],
  [
    1542326400000,
    128638.11331956639
  ],
  [
    1542412800000,
    448283.459209152
  ],
  [
    1542499200000,
    240541.14918918413
  ],
  [
    1542585600000,
    360134.65115687606
  ],
  [
    1542672000000,
    246088.34820003816
  ],
  [
    1542758400000,
    194422.60716524522
  ],
  [
    1542844800000,
    160146.37143626643
  ],
  [
    1542931200000,
    198751.38307395935
  ],
  [
    1543017600000,
    308778.587614575
  ],
  [
    1543104000000,
    181945.08660681572
  ],
  [
    1543190400000,
    146224.3647809201
  ],
  [
    1543276800000,
    259055.66827154503
  ],
  [
    1543363200000,
    405043.956106778
  ],
  [
    1543449600000,
    95241.7649710433
  ],
  [
    1543536000000,
    254043.86345532507
  ],
  [
    1543622400000,
    178073.780614477
  ],
  [
    1543708800000,
    216623.779499089
  ],
  [
    1543795200000,
    221881.16748318143
  ],
  [
    1543881600000,
    290715.9080889745
  ],
  [
    1543968000000,
    160210.11052001282
  ],
  [
    1544054400000,
    508804.12669946055
  ],
  [
    1544140800000,
    208000.3410807702
  ],
  [
    1544227200000,
    365525.7878302098
  ],
  [
    1544313600000,
    193523.95267314542
  ],
  [
    1544400000000,
    152737.20299467584
  ],
  [
    1544486400000,
    180137.7812041869
  ],
  [
    1544572800000,
    260559.02472073102
  ],
  [
    1544659200000,
    269598.7881061708
  ],
  [
    1544745600000,
    198105.9061853061
  ],
  [
    1544832000000,
    271734.66767852765
  ],
  [
    1544918400000,
    120313.54724913112
  ],
  [
    1545004800000,
    261438.42452992997
  ],
  [
    1545091200000,
    311676.604291944
  ],
  [
    1545177600000,
    338627.19334320916
  ],
  [
    1545264000000,
    207190.74565430434
  ],
  [
    1545350400000,
    233611.21261938356
  ],
  [
    1545436800000,
    227072.90672689717
  ],
  [
    1545523200000,
    256630.7677217386
  ],
  [
    1545609600000,
    204076.01331374366
  ],
  [
    1545696000000,
    218467.09779037256
  ],
  [
    1545782400000,
    387975.7083604921
  ],
  [
    1545868800000,
    601869.558228242
  ],
  [
    1545955200000,
    506128.9669680133
  ],
  [
    1546041600000,
    616690.645697349
  ],
  [
    1546128000000,
    298581.69901883235
  ],
  [
    1546214400000,
    223912.4244098758
  ],
  [
    1546300800000,
    528966.1875643679
  ],
  [
    1546387200000,
    384375.21363924537
  ],
  [
    1546473600000,
    378589.447020501
  ],
  [
    1546560000000,
    324506.21406869753
  ],
  [
    1546646400000,
    222197.57914100823
  ],
  [
    1546732800000,
    268684.75181725464
  ],
  [
    1546819200000,
    285961.41305218777
  ],
  [
    1546905600000,
    362755.35637110646
  ],
  [
    1546992000000,
    297851.00140298647
  ],
  [
    1547078400000,
    306312.8674760454
  ],
  [
    1547164800000,
    265058.18144881784
  ],
  [
    1547251200000,
    286273.8769605693
  ],
  [
    1547337600000,
    286727.90043837
  ],
  [
    1547424000000,
    274379.649720061
  ],
  [
    1547510400000,
    311344.99175864726
  ],
  [
    1547596800000,
    303546.6506430282
  ],
  [
    1547683200000,
    314627.54638443416
  ],
  [
    1547769600000,
    112720.29443905305
  ],
  [
    1547856000000,
    326706.0801139239
  ],
  [
    1547942400000,
    88239.15011981192
  ],
  [
    1548028800000,
    101612.55270994852
  ],
  [
    1548115200000,
    119051.89967397676
  ],
  [
    1548201600000,
    98959.8854845383
  ],
  [
    1548288000000,
    107349.66979403459
  ],
  [
    1548374400000,
    62438.491731899405
  ],
  [
    1548460800000,
    110788.83100236562
  ],
  [
    1548547200000,
    122495.33709217684
  ],
  [
    1548633600000,
    117447.21625494148
  ],
  [
    1548720000000,
    122694.97694024225
  ],
  [
    1548806400000,
    93592.66024058849
  ],
  [
    1548892800000,
    113579.83410359251
  ],
  [
    1548979200000,
    102801.98141135409
  ],
  [
    1549065600000,
    113255.61764169075
  ],
  [
    1549152000000,
    105559.0331172414
  ],
  [
    1549238400000,
    106423.29787632448
  ],
  [
    1549324800000,
    104710.77134686323
  ],
  [
    1549411200000,
    105773.28463246982
  ],
  [
    1549497600000,
    107158.0436594842
  ],
  [
    1549584000000,
    103944.40035826905
  ],
  [
    1549670400000,
    124745.96900631461
  ],
  [
    1549756800000,
    125412.88317150173
  ],
  [
    1549843200000,
    128543.21493670385
  ],
  [
    1549929600000,
    109163.6026481232
  ],
  [
    1550016000000,
    104265.1618893066
  ],
  [
    1550102400000,
    55155.02526312554
  ],
  [
    1550188800000,
    124792.4533685434
  ],
  [
    1550275200000,
    108732.55190399487
  ],
  [
    1550361600000,
    129386.51061973887
  ],
  [
    1550448000000,
    134363.70480162697
  ],
  [
    1550534400000,
    107340.44741449863
  ],
  [
    1550620800000,
    151063.56623228334
  ],
  [
    1550707200000,
    84980.61170996874
  ],
  [
    1550793600000,
    131566.47391137265
  ],
  [
    1550880000000,
    155099.35123008877
  ],
  [
    1550966400000,
    129310.52693825134
  ],
  [
    1551052800000,
    168238.0476336978
  ],
  [
    1551139200000,
    364910.82973465894
  ],
  [
    1551225600000,
    365673.4193078123
  ],
  [
    1551312000000,
    320145.2682345837
  ],
  [
    1551398400000,
    356412.4167957249
  ],
  [
    1551484800000,
    307088.53970360046
  ],
  [
    1551571200000,
    256604.82584907758
  ],
  [
    1551657600000,
    189805.01787611618
  ],
  [
    1551744000000,
    116677.80075667266
  ],
  [
    1551830400000,
    258696.06732492096
  ],
  [
    1551916800000,
    305294.2518755815
  ],
  [
    1552003200000,
    236230.4416085044
  ],
  [
    1552089600000,
    194517.75891613818
  ],
  [
    1552176000000,
    291920.5445364328
  ],
  [
    1552262400000,
    112198.79990902905
  ],
  [
    1552348800000,
    398516.6860268005
  ],
  [
    1552435200000,
    350659.8164131076
  ],
  [
    1552521600000,
    187361.75791341843
  ],
  [
    1552608000000,
    127679.60811405489
  ],
  [
    1552694400000,
    121738.40707852495
  ],
  [
    1552780800000,
    130275.35036385886
  ],
  [
    1552867200000,
    148237.2743910789
  ],
  [
    1552953600000,
    161702.2893283409
  ],
  [
    1553040000000,
    251425.4952684342
  ],
  [
    1553126400000,
    320164.0467055422
  ],
  [
    1553212800000,
    117032.89420537774
  ],
  [
    1553299200000,
    225530.94867486192
  ],
  [
    1553385600000,
    145742.5903600595
  ],
  [
    1553472000000,
    190723.6711122242
  ],
  [
    1553558400000,
    161108.0449953833
  ],
  [
    1553644800000,
    163676.01251028242
  ],
  [
    1553731200000,
    150770.4731163774
  ],
  [
    1553817600000,
    116023.55686630248
  ],
  [
    1553904000000,
    232334.2780614894
  ],
  [
    1553990400000,
    150185.08865908426
  ],
  [
    1554076800000,
    157212.2378725082
  ],
  [
    1554163200000,
    96091.8251866047
  ],
  [
    1554249600000,
    118482.27319138317
  ],
  [
    1554336000000,
    160207.02555173836
  ],
  [
    1554422400000,
    121989.93798476165
  ],
  [
    1554508800000,
    218126.2390392622
  ],
  [
    1554595200000,
    150645.216392054
  ],
  [
    1554681600000,
    144414.12027925064
  ],
  [
    1554768000000,
    125101.58064007005
  ],
  [
    1554854400000,
    194826.08839315068
  ],
  [
    1554940800000,
    141780.70501790955
  ],
  [
    1555027200000,
    96619.23775540636
  ],
  [
    1555113600000,
    154561.50271364013
  ],
  [
    1555200000000,
    144825.79537682814
  ],
  [
    1555286400000,
    245886.25146616917
  ],
  [
    1555372800000,
    158889.29037033374
  ],
  [
    1555459200000,
    181975.96264509097
  ],
  [
    1555545600000,
    185051.79801791676
  ],
  [
    1555632000000,
    209611.84886648215
  ],
  [
    1555718400000,
    174613.14725959505
  ],
  [
    1555804800000,
    183965.68124409794
  ],
  [
    1555891200000,
    182845.51418110507
  ],
  [
    1555977600000,
    166945.0699677879
  ],
  [
    1556064000000,
    235979.65774602487
  ],
  [
    1556150400000,
    182189.06605697572
  ],
  [
    1556236800000,
    178814.5793870312
  ],
  [
    1556323200000,
    112099.50589610513
  ],
  [
    1556409600000,
    176461.33677420425
  ],
  [
    1556496000000,
    115256.15839377463
  ],
  [
    1556582400000,
    141035.57965005294
  ],
  [
    1556668800000,
    147176.85132446914
  ],
  [
    1556755200000,
    124285.93544426697
  ],
  [
    1556841600000,
    167106.15592851816
  ],
  [
    1556928000000,
    132664.22051260064
  ],
  [
    1557014400000,
    120991.83802483894
  ],
  [
    1557100800000,
    148511.20221922285
  ],
  [
    1557187200000,
    192182.0596891613
  ],
  [
    1557273600000,
    191794.06398044134
  ],
  [
    1557360000000,
    132050.41850336664
  ],
  [
    1557446400000,
    142558.9804111335
  ],
  [
    1557532800000,
    127639.90733685625
  ],
  [
    1557619200000,
    171284.62548888486
  ],
  [
    1557705600000,
    160032.27101780073
  ],
  [
    1557792000000,
    202995.9905530722
  ],
  [
    1557878400000,
    247534.04210114558
  ],
  [
    1557964800000,
    163694.92462926952
  ],
  [
    1558051200000,
    205264.36246119931
  ],
  [
    1558137600000,
    319732.436298161
  ],
  [
    1558224000000,
    200737.31458265072
  ],
  [
    1558310400000,
    252506.95666415786
  ],
  [
    1558396800000,
    187910.00174649674
  ],
  [
    1558483200000,
    196147.9990750879
  ],
  [
    1558569600000,
    172823.35710357153
  ],
  [
    1558656000000,
    115732.3779814046
  ],
  [
    1558742400000,
    166356.97224679054
  ],
  [
    1558828800000,
    173117.98012110757
  ],
  [
    1558915200000,
    176388.39795674448
  ],
  [
    1559001600000,
    143988.52634400924
  ],
  [
    1559088000000,
    135218.30793729323
  ],
  [
    1559174400000,
    144597.19150837403
  ],
  [
    1559260800000,
    144902.28155604805
  ],
  [
    1559347200000,
    145715.6688165216
  ],
  [
    1559433600000,
    140509.92209150127
  ],
  [
    1559520000000,
    178644.41191029508
  ],
  [
    1559606400000,
    174802.35408194325
  ],
  [
    1559692800000,
    107878.14460890439
  ],
  [
    1559779200000,
    296111.9840383843
  ],
  [
    1559865600000,
    185101.4280023184
  ],
  [
    1559952000000,
    234341.24559323807
  ],
  [
    1560038400000,
    249409.17573474548
  ],
  [
    1560124800000,
    118352.17473193428
  ],
  [
    1560211200000,
    226157.56746932358
  ],
  [
    1560297600000,
    174516.06472406955
  ],
  [
    1560384000000,
    331600.97172026976
  ],
  [
    1560470400000,
    189016.9263325524
  ],
  [
    1560556800000,
    296356.04716538405
  ],
  [
    1560643200000,
    197586.87454503195
  ],
  [
    1560729600000,
    203919.85840309356
  ],
  [
    1560816000000,
    239910.2180683358
  ],
  [
    1560902400000,
    214461.4891680209
  ],
  [
    1560988800000,
    205265.13866258523
  ],
  [
    1561075200000,
    139332.03448189792
  ],
  [
    1561161600000,
    198996.56305500702
  ],
  [
    1561248000000,
    247198.63223264823
  ],
  [
    1561334400000,
    220026.52947361904
  ],
  [
    1561420800000,
    206616.5221130531
  ],
  [
    1561507200000,
    205162.95427897305
  ],
  [
    1561593600000,
    258310.03051070246
  ],
  [
    1561680000000,
    274604.11315846635
  ],
  [
    1561766400000,
    125660.17334250848
  ],
  [
    1561852800000,
    129424.5581401928
  ],
  [
    1561939200000,
    108959.70657664486
  ],
  [
    1562025600000,
    100732.49107237333
  ],
  [
    1562112000000,
    333553.4777589151
  ],
  [
    1562198400000,
    292944.79905097524
  ],
  [
    1562284800000,
    185654.55219456163
  ],
  [
    1562371200000,
    297305.96289587
  ],
  [
    1562457600000,
    218633.19063247388
  ],
  [
    1562544000000,
    270363.6001246433
  ],
  [
    1562630400000,
    218371.61149738252
  ],
  [
    1562716800000,
    229905.6845908879
  ],
  [
    1562803200000,
    121906.79834039065
  ],
  [
    1562889600000,
    191857.4833443476
  ],
  [
    1562976000000,
    193646.7587116894
  ],
  [
    1563062400000,
    101309.41694572021
  ],
  [
    1563148800000,
    120500.75871702097
  ],
  [
    1563235200000,
    250311.5570286219
  ],
  [
    1563321600000,
    304673.0053255385
  ],
  [
    1563408000000,
    268839.72840721556
  ],
  [
    1563494400000,
    214712.4274549127
  ],
  [
    1563580800000,
    131034.84119665356
  ],
  [
    1563667200000,
    176678.8392102304
  ],
  [
    1563753600000,
    174721.60599697713
  ],
  [
    1563840000000,
    279490.33408513956
  ],
  [
    1563926400000,
    358035.78768804483
  ],
  [
    1564012800000,
    288615.0978817819
  ],
  [
    1564099200000,
    245292.79793574743
  ],
  [
    1564185600000,
    257643.82212080012
  ],
  [
    1564272000000,
    154713.003338159
  ],
  [
    1564358400000,
    203360.93874089717
  ],
  [
    1564444800000,
    256838.5375773413
  ],
  [
    1564531200000,
    196805.04069918374
  ],
  [
    1564617600000,
    171840.44254737213
  ],
  [
    1564704000000,
    173098.85342372654
  ],
  [
    1564790400000,
    182251.58291285922
  ],
  [
    1564876800000,
    241058.22975062983
  ],
  [
    1564963200000,
    354990.9591887679
  ],
  [
    1565049600000,
    169816.41974524368
  ],
  [
    1565136000000,
    117492.78076524579
  ],
  [
    1565222400000,
    113203.12882722984
  ],
  [
    1565308800000,
    117058.73489699763
  ],
  [
    1565395200000,
    144354.69871813612
  ],
  [
    1565481600000,
    181907.5569858145
  ],
  [
    1565568000000,
    231731.28345803707
  ],
  [
    1565654400000,
    187677.2733542738
  ],
  [
    1565740800000,
    161535.377679474
  ],
  [
    1565827200000,
    188851.6657060834
  ],
  [
    1565913600000,
    200814.9975603303
  ],
  [
    1566000000000,
    185476.92998534947
  ],
  [
    1566086400000,
    196006.22397540894
  ],
  [
    1566172800000,
    100071.57208612791
  ],
  [
    1566259200000,
    93179.53685078424
  ],
  [
    1566345600000,
    169684.9968538994
  ],
  [
    1566432000000,
    136143.18585436972
  ],
  [
    1566518400000,
    85793.77659723666
  ],
  [
    1566604800000,
    204760.46176666312
  ],
  [
    1566691200000,
    194007.77814804149
  ],
  [
    1566777600000,
    108008.53998496542
  ],
  [
    1566864000000,
    138542.97677442888
  ],
  [
    1566950400000,
    133218.40871155626
  ],
  [
    1567036800000,
    134239.0945732275
  ],
  [
    1567123200000,
    126807.94914623225
  ],
  [
    1567209600000,
    130985.81732987701
  ],
  [
    1567296000000,
    119673.08016404364
  ],
  [
    1567382400000,
    108229.03806880962
  ],
  [
    1567468800000,
    140385.2666287853
  ],
  [
    1567555200000,
    155502.2735334019
  ],
  [
    1567641600000,
    104089.41477089803
  ],
  [
    1567728000000,
    122926.04094841646
  ],
  [
    1567814400000,
    114840.68586356183
  ],
  [
    1567900800000,
    122353.38121007812
  ],
  [
    1567987200000,
    125004.00220858147
  ],
  [
    1568073600000,
    126489.72115995138
  ],
  [
    1568160000000,
    120901.21481085537
  ],
  [
    1568246400000,
    114387.4911305736
  ],
  [
    1568332800000,
    112001.65790408629
  ],
  [
    1568419200000,
    109592.65765346191
  ],
  [
    1568505600000,
    126930.96222953887
  ],
  [
    1568592000000,
    102797.79828214305
  ],
  [
    1568678400000,
    102204.27082989957
  ],
  [
    1568764800000,
    54297.14318371332
  ],
  [
    1568851200000,
    80446.4006767371
  ],
  [
    1568937600000,
    50145.74088440533
  ],
  [
    1569024000000,
    101757.99000477915
  ],
  [
    1569110400000,
    80961.74735733282
  ],
  [
    1569196800000,
    91741.32717618204
  ],
  [
    1569283200000,
    72647.76789746263
  ],
  [
    1569369600000,
    56507.74841315289
  ],
  [
    1569456000000,
    66497.16196822272
  ],
  [
    1569542400000,
    59280.24334937064
  ],
  [
    1569628800000,
    75748.5521042871
  ],
  [
    1569715200000,
    95266.96640833096
  ],
  [
    1569801600000,
    67959.28957991608
  ],
  [
    1569888000000,
    64260.00300797972
  ],
  [
    1569974400000,
    51420.51870197238
  ],
  [
    1570060800000,
    51420.51870197238
  ],
  [
    1570147200000,
    34039.49812352476
  ],
  [
    1570233600000,
    34039.49812352476
  ],
  [
    1570320000000,
    26126.587595437213
  ],
  [
    1570406400000,
    41530.41136948204
  ],
  [
    1570492800000,
    51959.95314174156
  ],
  [
    1570579200000,
    56009.22491808761
  ],
  [
    1570665600000,
    58610.92352407897
  ],
  [
    1570752000000,
    62175.80020650256
  ],
  [
    1570838400000,
    40662.24687601433
  ],
  [
    1570924800000,
    42560.587669399916
  ],
  [
    1571011200000,
    34761.91300191122
  ],
  [
    1571097600000,
    32029.535103366128
  ],
  [
    1571184000000,
    38260.56139957374
  ],
  [
    1571270400000,
    36848.95997191997
  ],
  [
    1571356800000,
    71584.74121907448
  ],
  [
    1571443200000,
    24516.96610778941
  ],
  [
    1571529600000,
    18597.960197489898
  ],
  [
    1571616000000,
    9552.509736087992
  ],
  [
    1571702400000,
    12068.278295807591
  ],
  [
    1571788800000,
    5435.523952080939
  ],
  [
    1571875200000,
    2823.2057682448435
  ],
  [
    1571961600000,
    4830.277701657346
  ],
  [
    1572048000000,
    5533.019135801668
  ],
  [
    1572134400000,
    5827.166370557254
  ],
  [
    1572220800000,
    3049.8965471427855
  ],
  [
    1572307200000,
    3411.6112402443914
  ],
  [
    1572393600000,
    5082.790088616858
  ],
  [
    1572480000000,
    5352.552629689121
  ],
  [
    1572566400000,
    5455.320442221484
  ],
  [
    1572652800000,
    4703.448830272127
  ],
  [
    1572739200000,
    10254.882380787592
  ],
  [
    1572825600000,
    8521.620285947569
  ],
  [
    1572912000000,
    9255.67811426671
  ],
  [
    1572998400000,
    6574.054692616217
  ],
  [
    1573084800000,
    6193.203932186795
  ],
  [
    1573171200000,
    6763.232780357698
  ],
  [
    1573257600000,
    6713.968205696758
  ],
  [
    1573344000000,
    6575.902510566899
  ],
  [
    1573430400000,
    5222.001766754363
  ],
  [
    1573516800000,
    4942.0808945826275
  ],
  [
    1573603200000,
    5313.049059702098
  ],
  [
    1573689600000,
    4674.390222249707
  ],
  [
    1573776000000,
    4661.946973978496
  ],
  [
    1573862400000,
    4119.51084442469
  ],
  [
    1573948800000,
    4994.660358368744
  ],
  [
    1574035200000,
    3914.784094609771
  ],
  [
    1574121600000,
    3139.3026889068547
  ],
  [
    1574208000000,
    3904.653999469671
  ],
  [
    1574294400000,
    3611.8241706347467
  ],
  [
    1574380800000,
    750.4075607539512
  ],
  [
    1574467200000,
    1358.3323843428584
  ],
  [
    1574553600000,
    1737.008200780416
  ],
  [
    1574640000000,
    1634.8985944062777
  ],
  [
    1574726400000,
    1697.0643843156022
  ],
  [
    1574812800000,
    1857.2078080773354
  ],
  [
    1574899200000,
    1764.366652337927
  ],
  [
    1574985600000,
    1898.6053739746797
  ],
  [
    1575072000000,
    571.063959945063
  ],
  [
    1575158400000,
    0
  ],
  [
    1575331200000,
    1156.5751150898498
  ],
  [
    1575417600000,
    1426.821273368323
  ],
  [
    1575504000000,
    1406.3405179618585
  ],
  [
    1575590400000,
    1432.865303247176
  ],
  [
    1575676800000,
    1778.6403252815521
  ],
  [
    1575763200000,
    1757.4209714620717
  ],
  [
    1575849600000,
    1768.3313466012198
  ],
  [
    1575936000000,
    1467.3984281662665
  ],
  [
    1576022400000,
    1467.10944074212
  ],
  [
    1576108800000,
    1302.2325339542874
  ],
  [
    1576195200000,
    1452.8886302738606
  ],
  [
    1576281600000,
    1357.7701644420115
  ],
  [
    1576368000000,
    1302.74174228407
  ],
  [
    1576454400000,
    1396.271394517653
  ],
  [
    1576540800000,
    1160.3134710166166
  ],
  [
    1576627200000,
    1075.8372631418417
  ],
  [
    1576713600000,
    1266.2753609426952
  ],
  [
    1576800000000,
    1361.7245644256575
  ],
  [
    1576886400000,
    1975.761134969969
  ],
  [
    1576972800000,
    1466.6317170267191
  ],
  [
    1577059200000,
    1401.4235469310654
  ],
  [
    1577145600000,
    1333.2942747777936
  ],
  [
    1577232000000,
    1278.3678267351422
  ],
  [
    1577318400000,
    1298.6160408022806
  ],
  [
    1577404800000,
    1329.8495885976033
  ],
  [
    1577491200000,
    1292.7009843243984
  ],
  [
    1577577600000,
    1329.5620740739869
  ],
  [
    1577664000000,
    1364.4765274746733
  ],
  [
    1577750400000,
    1356.9465577683404
  ],
  [
    1577836800000,
    945.478175839363
  ],
  [
    1577923200000,
    393.43855831932643
  ],
  [
    1578009600000,
    363.7585728404615
  ],
  [
    1578096000000,
    1746.5126465009585
  ],
  [
    1578182400000,
    1715.8458219834465
  ],
  [
    1578268800000,
    300.3960326503835
  ],
  [
    1578355200000,
    673.5066665870746
  ],
  [
    1578441600000,
    576.8678909634091
  ],
  [
    1578528000000,
    706.2957704081432
  ],
  [
    1578614400000,
    902.5309302555105
  ],
  [
    1578700800000,
    941.889620693236
  ],
  [
    1578787200000,
    933.1342196473962
  ],
  [
    1578873600000,
    927.7455306821353
  ],
  [
    1578960000000,
    163.0719737672923
  ],
  [
    1579046400000,
    1.8143588219957276
  ],
  [
    1579132800000,
    779.6641581027882
  ],
  [
    1579219200000,
    645.9364889619787
  ],
  [
    1579305600000,
    313.6664338500002
  ],
  [
    1579392000000,
    0.15014110763808286
  ],
  [
    1579478400000,
    0.15346760224349318
  ],
  [
    1579564800000,
    67.40744149186999
  ],
  [
    1579651200000,
    0.14954402833726999
  ],
  [
    1579737600000,
    14.95183893956874
  ],
  [
    1579824000000,
    0.9925184784999445
  ],
  [
    1579910400000,
    0.015815248170233217
  ],
  [
    1579996800000,
    0.015520269297256245
  ],
  [
    1580256000000,
    1.681598615335533
  ],
  [
    1580342400000,
    0.44720380915471497
  ],
  [
    1580428800000,
    0.19994728041119803
  ],
  [
    1580774400000,
    47.60432327797776
  ],
  [
    1580860800000,
    61.51661993665687
  ],
  [
    1580947200000,
    184.96262305981557
  ],
  [
    1581033600000,
    184.6414357026915
  ],
  [
    1581120000000,
    657.7748770479227
  ],
  [
    1581206400000,
    150.9682127836737
  ],
  [
    1581292800000,
    456.796299530202
  ],
  [
    1581379200000,
    332.44953927414355
  ],
  [
    1581465600000,
    197.23890138827852
  ],
  [
    1581552000000,
    279.77902531645015
  ],
  [
    1581638400000,
    288.9024271075704
  ],
  [
    1581724800000,
    280.6476679480684
  ],
  [
    1581811200000,
    271.1048741097252
  ],
  [
    1581897600000,
    259.5122390187997
  ],
  [
    1581984000000,
    264.9576448522242
  ],
  [
    1582070400000,
    314.1913437765221
  ],
  [
    1582156800000,
    152.3078521713771
  ],
  [
    1582243200000,
    208.8805955539726
  ],
  [
    1582329600000,
    203.52386483048556
  ],
  [
    1582416000000,
    206.2883593905828
  ],
  [
    1582502400000,
    183.93915933822805
  ],
  [
    1582588800000,
    168.05227545472061
  ],
  [
    1582675200000,
    170.5007689343245
  ],
  [
    1582761600000,
    149.15935031809545
  ],
  [
    1582848000000,
    183.14839724895225
  ],
  [
    1582934400000,
    149.79692490057437
  ],
  [
    1583020800000,
    120.1047084060826
  ],
  [
    1583107200000,
    136.62483690208109
  ],
  [
    1583193600000,
    151.45771658308897
  ],
  [
    1583280000000,
    132.838740302007
  ],
  [
    1583366400000,
    127.75791593329943
  ],
  [
    1583452800000,
    117.88860819585821
  ],
  [
    1583539200000,
    126.06548864281947
  ],
  [
    1583625600000,
    122.70823183164664
  ],
  [
    1583712000000,
    102.35181895204794
  ],
  [
    1583798400000,
    102.22728050911753
  ],
  [
    1583884800000,
    102.20623410097255
  ],
  [
    1583971200000,
    98.61903293470802
  ],
  [
    1584057600000,
    55.113998018453515
  ],
  [
    1584144000000,
    193.3891787809964
  ],
  [
    1584230400000,
    172.10383561829985
  ],
  [
    1584316800000,
    145.5538089969511
  ],
  [
    1584403200000,
    125.73369996690597
  ],
  [
    1584489600000,
    134.5516823221702
  ],
  [
    1584576000000,
    138.65855001760437
  ],
  [
    1584662400000,
    110.37473182554523
  ],
  [
    1584748800000,
    110.16224443211169
  ],
  [
    1584835200000,
    113.04929969054805
  ],
  [
    1584921600000,
    104.59243927380984
  ],
  [
    1585008000000,
    113.57037060303647
  ],
  [
    1585094400000,
    116.4638212278111
  ],
  [
    1585180800000,
    114.11016924855325
  ],
  [
    1585267200000,
    72.43805728889265
  ],
  [
    1585353600000,
    70.92161656762082
  ],
  [
    1585440000000,
    71.63643496864454
  ],
  [
    1585526400000,
    68.72693533797118
  ],
  [
    1585612800000,
    70.43193638153944
  ],
  [
    1585699200000,
    70.27942255623708
  ],
  [
    1585785600000,
    71.96069915933754
  ],
  [
    1585872000000,
    74.3042489440744
  ],
  [
    1585958400000,
    75.73589197068272
  ],
  [
    1586044800000,
    77.38292593416608
  ],
  [
    1586131200000,
    76.37051886565354
  ],
  [
    1586217600000,
    90.23023763409682
  ],
  [
    1586304000000,
    88.7930612846099
  ],
  [
    1586390400000,
    92.73630577659851
  ],
  [
    1586476800000,
    75.98055258684425
  ],
  [
    1586563200000,
    83.35026997007037
  ],
  [
    1586649600000,
    84.57403063228347
  ],
  [
    1586736000000,
    84.44268915347406
  ],
  [
    1586822400000,
    82.37393780403195
  ],
  [
    1586908800000,
    81.73482346809652
  ],
  [
    1586995200000,
    80.33460062250876
  ],
  [
    1587081600000,
    91.76151282302936
  ],
  [
    1587168000000,
    75.31451618394665
  ],
  [
    1587254400000,
    100.51192645046095
  ],
  [
    1587340800000,
    96.69320660311419
  ],
  [
    1587427200000,
    89.2872295566595
  ],
  [
    1587513600000,
    91.65557315785293
  ],
  [
    1587600000000,
    98.20345298751359
  ],
  [
    1587686400000,
    100.52200829096047
  ],
  [
    1587772800000,
    100.97071021920945
  ],
  [
    1587859200000,
    104.48270901568068
  ],
  [
    1587945600000,
    108.05356308806081
  ],
  [
    1588032000000,
    104.73079287122019
  ],
  [
    1588118400000,
    115.18404411670267
  ],
  [
    1588204800000,
    116.82237234273701
  ],
  [
    1588291200000,
    112.71636061361086
  ],
  [
    1588377600000,
    11550.998595250154
  ],
  [
    1588464000000,
    23523.67404631102
  ],
  [
    1588550400000,
    22895.151836850542
  ],
  [
    1588636800000,
    22342.4423617519
  ],
  [
    1588723200000,
    22712.06169342639
  ],
  [
    1588809600000,
    21780.015636264
  ],
  [
    1588896000000,
    23699.263670183045
  ],
  [
    1588982400000,
    23224.885949897292
  ],
  [
    1589068800000,
    22772.540813263437
  ],
  [
    1589155200000,
    20365.3110974291
  ],
  [
    1589241600000,
    20349.96292472978
  ],
  [
    1589328000000,
    20916.889427081936
  ],
  [
    1589414400000,
    22382.626739108422
  ],
  [
    1589500800000,
    22181.465745295514
  ],
  [
    1589587200000,
    19111.178230951402
  ],
  [
    1589673600000,
    19984.965303300363
  ],
  [
    1589760000000,
    20155.58095082365
  ],
  [
    1589846400000,
    21006.46160681743
  ],
  [
    1589932800000,
    23180.368038022836
  ],
  [
    1590019200000,
    23272.865432860894
  ],
  [
    1590105600000,
    21744.96853009622
  ],
  [
    1590192000000,
    22494.141847274586
  ],
  [
    1590278400000,
    22307.8776650962
  ],
  [
    1590364800000,
    22292.16995889192
  ],
  [
    1590451200000,
    27367.25331141262
  ],
  [
    1590537600000,
    9816.106921103627
  ],
  [
    1590624000000,
    4623.436705095389
  ],
  [
    1590710400000,
    4753.629019351308
  ],
  [
    1590796800000,
    554.5354488260867
  ],
  [
    1590883200000,
    14.107307922477796
  ],
  [
    1590969600000,
    2457.1128559541485
  ],
  [
    1591056000000,
    6742.485048319581
  ],
  [
    1591142400000,
    5343.969733991319
  ],
  [
    1591228800000,
    1752.9085695707265
  ],
  [
    1591315200000,
    4193.578719163478
  ],
  [
    1591401600000,
    3619.6532270552575
  ],
  [
    1591488000000,
    2620.4329391850124
  ],
  [
    1591574400000,
    6241.428926296502
  ],
  [
    1591660800000,
    3756.490422882414
  ],
  [
    1591747200000,
    3612.5320298070606
  ],
  [
    1591833600000,
    4589.322922549652
  ],
  [
    1591920000000,
    6269.007768337209
  ],
  [
    1592006400000,
    214.0222283325468
  ],
  [
    1592092800000,
    0.04538673476546009
  ],
  [
    1592179200000,
    0.04538673476546009
  ],
  [
    1592265600000,
    3856.315482734198
  ],
  [
    1592352000000,
    2997.60089409161
  ],
  [
    1592438400000,
    3433.354636038663
  ],
  [
    1592524800000,
    2146.969602149389
  ],
  [
    1592611200000,
    121.73362491354708
  ],
  [
    1592697600000,
    1858.8669882754994
  ],
  [
    1592784000000,
    180.68708010934478
  ],
  [
    1592870400000,
    7258.333832604244
  ],
  [
    1592956800000,
    3964.9226510306626
  ],
  [
    1593043200000,
    3974.6699169473263
  ],
  [
    1593129600000,
    3869.817142950578
  ],
  [
    1593216000000,
    3568.5058979530495
  ],
  [
    1593302400000,
    5283.819535384383
  ],
  [
    1593388800000,
    6189.153399404941
  ],
  [
    1593475200000,
    5085.725999596817
  ],
  [
    1593561600000,
    2496.3473979029854
  ],
  [
    1593648000000,
    5085.707888599484
  ],
  [
    1593734400000,
    3424.073163856778
  ],
  [
    1593820800000,
    2035.5096129874933
  ],
  [
    1593907200000,
    1431.977854965249
  ],
  [
    1593993600000,
    3399.297092928478
  ],
  [
    1594080000000,
    2265.586314805474
  ],
  [
    1594166400000,
    1802.650099899914
  ],
  [
    1594252800000,
    5482.610126100135
  ],
  [
    1594339200000,
    3756.100603373931
  ],
  [
    1594425600000,
    3103.7844715380556
  ],
  [
    1594512000000,
    2485.4140156661806
  ],
  [
    1594598400000,
    4587.39984197353
  ],
  [
    1594684800000,
    5180.708088799388
  ],
  [
    1594771200000,
    4497.503985744699
  ],
  [
    1594857600000,
    2854.955768743579
  ],
  [
    1594944000000,
    3944.9054583209863
  ],
  [
    1595030400000,
    2629.5236931552454
  ],
  [
    1595116800000,
    3174.2971651473736
  ],
  [
    1595203200000,
    4730.247867129504
  ],
  [
    1595289600000,
    5842.8434887460435
  ],
  [
    1595376000000,
    6272.99648615266
  ],
  [
    1595462400000,
    1537.5631984580002
  ],
  [
    1595548800000,
    5402.347048472147
  ],
  [
    1595635200000,
    3328.5131706135608
  ],
  [
    1595721600000,
    3933.018231846976
  ],
  [
    1595808000000,
    8443.668004440427
  ],
  [
    1595894400000,
    8420.111531211322
  ],
  [
    1595980800000,
    4254.698380889673
  ],
  [
    1596067200000,
    2590.5452470329637
  ],
  [
    1596153600000,
    3292.0948882121234
  ],
  [
    1596240000000,
    4344.6362606663815
  ],
  [
    1596326400000,
    4913.191375224305
  ],
  [
    1596412800000,
    4302.031359251606
  ],
  [
    1596499200000,
    2942.111572769594
  ],
  [
    1596585600000,
    4331.711292019991
  ],
  [
    1596672000000,
    4665.4468773037315
  ],
  [
    1596758400000,
    3775.133737563487
  ],
  [
    1596844800000,
    4033.3877907818255
  ],
  [
    1596931200000,
    2958.948515585671
  ],
  [
    1597017600000,
    2077.6042806589385
  ],
  [
    1597104000000,
    6667.525169319916
  ],
  [
    1597190400000,
    10403.684554555717
  ],
  [
    1597276800000,
    3080.2475476171303
  ],
  [
    1597363200000,
    1686.8664009011595
  ],
  [
    1597449600000,
    3413.2021469247343
  ],
  [
    1597536000000,
    3159.375080089847
  ],
  [
    1597622400000,
    1070.0424001020026
  ],
  [
    1597708800000,
    6628.639005865631
  ],
  [
    1597795200000,
    4726.593519246297
  ],
  [
    1597881600000,
    2904.1610864091717
  ],
  [
    1597968000000,
    25664.17602305174
  ],
  [
    1598054400000,
    36983.28088562529
  ],
  [
    1598140800000,
    1323.2943600637298
  ],
  [
    1598227200000,
    3308.2923291559387
  ],
  [
    1598313600000,
    2567.0139343649867
  ],
  [
    1598400000000,
    4099.864630671594
  ],
  [
    1598486400000,
    2808.9624816655332
  ],
  [
    1598572800000,
    3423.7528930623307
  ],
  [
    1598659200000,
    3234.5046705651725
  ],
  [
    1598745600000,
    1279.3814717048272
  ],
  [
    1598832000000,
    3433.1578992566533
  ],
  [
    1598918400000,
    19451.030468922985
  ],
  [
    1599004800000,
    8987.500013566862
  ],
  [
    1599091200000,
    7228.413541250025
  ],
  [
    1599177600000,
    5543.160748624184
  ],
  [
    1599264000000,
    2688.882789819056
  ],
  [
    1599350400000,
    3861.897499410209
  ],
  [
    1599436800000,
    3009.7955849236473
  ],
  [
    1599523200000,
    3075.4183014394484
  ],
  [
    1599609600000,
    4165.728078090153
  ],
  [
    1599696000000,
    2549.062790908846
  ],
  [
    1599782400000,
    7998.5834065095805
  ],
  [
    1599868800000,
    6212.26769739754
  ],
  [
    1599955200000,
    5992.453916479193
  ],
  [
    1600041600000,
    9427.09068417647
  ],
  [
    1600128000000,
    6487.361386282571
  ],
  [
    1600214400000,
    2981.3361427453265
  ],
  [
    1600300800000,
    5134.909825369373
  ],
  [
    1600387200000,
    2836.460294845327
  ],
  [
    1600473600000,
    2925.0491675297903
  ],
  [
    1600560000000,
    3495.7007138051786
  ],
  [
    1600646400000,
    4993.835477110649
  ],
  [
    1600732800000,
    2272.4334088750666
  ],
  [
    1600819200000,
    2394.205318698027
  ],
  [
    1600905600000,
    4023.3140640218785
  ],
  [
    1600992000000,
    5470.72072636508
  ],
  [
    1601078400000,
    2430.5972203839456
  ],
  [
    1601164800000,
    1419.3091020576228
  ],
  [
    1601251200000,
    6108.93902854345
  ],
  [
    1601337600000,
    3579.6516721979433
  ],
  [
    1601424000000,
    4351.387089025763
  ],
  [
    1601510400000,
    3073.5782254059154
  ],
  [
    1601596800000,
    4001.690747850013
  ],
  [
    1601683200000,
    6309.976288227642
  ],
  [
    1601769600000,
    1609.7753445733872
  ],
  [
    1601856000000,
    5482.261136875108
  ],
  [
    1601942400000,
    6054.118136958995
  ],
  [
    1602028800000,
    4909.170040771676
  ],
  [
    1602115200000,
    3131.021185182786
  ],
  [
    1602201600000,
    4776.914094585536
  ],
  [
    1602288000000,
    3481.93297216616
  ],
  [
    1602374400000,
    2969.384147753234
  ],
  [
    1602460800000,
    4361.047144110085
  ],
  [
    1602547200000,
    7415.956554014163
  ],
  [
    1602633600000,
    3426.39246132385
  ],
  [
    1602720000000,
    3181.0350874867413
  ],
  [
    1602806400000,
    6213.273389450814
  ],
  [
    1602892800000,
    4729.815348058836
  ],
  [
    1602979200000,
    1606.3746347781946
  ],
  [
    1603065600000,
    3303.8733940739576
  ],
  [
    1603152000000,
    8163.767494570385
  ],
  [
    1603238400000,
    5449.750001951881
  ],
  [
    1603324800000,
    7325.234140583612
  ],
  [
    1603411200000,
    3323.5960638165548
  ],
  [
    1603497600000,
    2251.017135155254
  ],
  [
    1603584000000,
    2673.7336150368806
  ],
  [
    1603670400000,
    3529.7292935283463
  ],
  [
    1603756800000,
    6253.860710498876
  ],
  [
    1603843200000,
    5070.5992599826195
  ],
  [
    1603929600000,
    4881.150370109818
  ],
  [
    1604016000000,
    3411.3148825589074
  ],
  [
    1604102400000,
    3186.354060363373
  ],
  [
    1604188800000,
    2433.478118335277
  ],
  [
    1604275200000,
    1569.596712177509
  ],
  [
    1604361600000,
    5674.692828596946
  ],
  [
    1604448000000,
    5436.939149272966
  ],
  [
    1604534400000,
    6834.216716973929
  ],
  [
    1604620800000,
    9324.5778291697
  ],
  [
    1604707200000,
    2002.2617055333676
  ],
  [
    1604793600000,
    4367.3720287107
  ],
  [
    1604880000000,
    3094.4502182162664
  ],
  [
    1604966400000,
    4473.501894768955
  ],
  [
    1605052800000,
    1597.3090572353112
  ],
  [
    1605139200000,
    3236.4185822600416
  ],
  [
    1605225600000,
    5721.323125729627
  ],
  [
    1605312000000,
    3261.5477085718794
  ],
  [
    1605398400000,
    2299.8495610229993
  ],
  [
    1605484800000,
    3152.5950825209547
  ],
  [
    1605571200000,
    6662.786276584529
  ],
  [
    1605657600000,
    7300.254835588443
  ],
  [
    1605744000000,
    5295.290336803317
  ],
  [
    1605830400000,
    2481.210859865214
  ],
  [
    1605916800000,
    1865.4697883134445
  ],
  [
    1606003200000,
    1530.3769189728675
  ],
  [
    1606089600000,
    1471.1619275916087
  ],
  [
    1606176000000,
    3932.8380764109493
  ],
  [
    1606262400000,
    5172.838341096785
  ],
  [
    1606348800000,
    3529.207106862838
  ],
  [
    1606435200000,
    6920.200330349803
  ],
  [
    1606521600000,
    2240.694428998476
  ],
  [
    1606608000000,
    2909.4745799891502
  ],
  [
    1606694400000,
    3847.162166762797
  ],
  [
    1606780800000,
    7243.249873450298
  ],
  [
    1606867200000,
    4967.3777497846895
  ],
  [
    1606953600000,
    2411.0052130948457
  ],
  [
    1607040000000,
    2689.493568545477
  ],
  [
    1607126400000,
    3637.2693978740836
  ],
  [
    1607212800000,
    2554.6386257356644
  ],
  [
    1607299200000,
    3177.9012202990875
  ],
  [
    1607385600000,
    4678.903028303284
  ],
  [
    1607472000000,
    793.2321241443991
  ],
  [
    1607558400000,
    1985.147178650459
  ],
  [
    1607644800000,
    2454.281108506632
  ],
  [
    1607731200000,
    4807.959357698067
  ],
  [
    1607817600000,
    3517.83198344637
  ],
  [
    1607904000000,
    4676.722815741515
  ],
  [
    1607990400000,
    3384.597897901359
  ],
  [
    1608076800000,
    5220.68138584131
  ],
  [
    1608163200000,
    6139.176755095218
  ],
  [
    1608249600000,
    4775.400757620048
  ],
  [
    1608336000000,
    770.6041842588918
  ],
  [
    1608422400000,
    3.1923502397027685
  ],
  [
    1608508800000,
    2935.774425507607
  ],
  [
    1608595200000,
    5198.9215432361525
  ],
  [
    1608681600000,
    13673.017324887318
  ],
  [
    1608768000000,
    19794.167124000793
  ],
  [
    1608854400000,
    2427.7109610804036
  ],
  [
    1608940800000,
    129.90404308275427
  ],
  [
    1609027200000,
    0.11794654719284911
  ],
  [
    1609113600000,
    1554.6889753806897
  ],
  [
    1609200000000,
    2523.0830927213037
  ],
  [
    1609286400000,
    3180.8840877683133
  ],
  [
    1609372800000,
    3831.3676703322103
  ],
  [
    1609459200000,
    9.01643404669186
  ],
  [
    1609545600000,
    0.0000875920423566669
  ],
  [
    1609632000000,
    0.0000875920423566669
  ],
  [
    1609718400000,
    6867.824983043806
  ],
  [
    1609804800000,
    3309.6031856951536
  ],
  [
    1609891200000,
    639.1858477563399
  ],
  [
    1609977600000,
    4995.298666730558
  ],
  [
    1610064000000,
    43.12994062494019
  ],
  [
    1610150400000,
    391.66036363124977
  ],
  [
    1610236800000,
    968.9015569661037
  ],
  [
    1610323200000,
    5221.061131180942
  ],
  [
    1610409600000,
    8976.636039460991
  ],
  [
    1610496000000,
    160.12066024039663
  ],
  [
    1610582400000,
    1113.7980070581068
  ],
  [
    1610668800000,
    3806.085366965694
  ],
  [
    1610755200000,
    3386.843968948586
  ],
  [
    1610841600000,
    3324.7915733396076
  ],
  [
    1610928000000,
    3073.4471358203728
  ],
  [
    1611014400000,
    3572.060977289551
  ],
  [
    1611100800000,
    4220.436603598849
  ],
  [
    1611187200000,
    3771.4505244125403
  ],
  [
    1611273600000,
    1068.084501350169
  ],
  [
    1611360000000,
    4873.356480184988
  ],
  [
    1611446400000,
    1874.6210045229402
  ],
  [
    1611532800000,
    3654.7785737565987
  ],
  [
    1611619200000,
    5930.442761759127
  ],
  [
    1611705600000,
    4272.013039071102
  ],
  [
    1611792000000,
    0.003502741772835695
  ],
  [
    1612051200000,
    900.8060813204644
  ],
  [
    1612137600000,
    900.8060813204644
  ],
  [
    1612224000000,
    913.914814098157
  ],
  [
    1612310400000,
    2953.8694301805594
  ],
  [
    1612396800000,
    2.1187092967646777
  ],
  [
    1612483200000,
    2406.7688818919723
  ],
  [
    1612569600000,
    2917.179600612678
  ],
  [
    1612656000000,
    5637.687346208779
  ],
  [
    1612742400000,
    3773.401957152572
  ],
  [
    1612828800000,
    5278.990789881517
  ],
  [
    1612915200000,
    4285.92746637421
  ],
  [
    1613001600000,
    3183.379299064147
  ],
  [
    1613088000000,
    3312.2575178698926
  ],
  [
    1613174400000,
    3.9293905913082776
  ],
  [
    1613260800000,
    18.17874151530799
  ],
  [
    1613347200000,
    0.43571077553443166
  ],
  [
    1613433600000,
    2339.4524558841367
  ],
  [
    1613520000000,
    4789.882988725182
  ],
  [
    1613606400000,
    3685.4699682606943
  ],
  [
    1613692800000,
    2226.0755213303105
  ],
  [
    1613779200000,
    4081.3873040467447
  ],
  [
    1613865600000,
    5065.68712929576
  ],
  [
    1613952000000,
    3407.0590671380705
  ],
  [
    1614038400000,
    4153.412565688366
  ],
  [
    1614124800000,
    9.454729428028001
  ],
  [
    1614211200000,
    4.923785720532983
  ],
  [
    1614297600000,
    2747.9044650935407
  ],
  [
    1614384000000,
    3371.19170166448
  ],
  [
    1614470400000,
    1714.4377014350575
  ],
  [
    1614556800000,
    3928.479975158285
  ],
  [
    1614643200000,
    5215.659955144827
  ],
  [
    1614729600000,
    3298.3065877584636
  ],
  [
    1614816000000,
    4741.62751001947
  ],
  [
    1614902400000,
    3819.065632594819
  ],
  [
    1614988800000,
    2190.5068753414243
  ],
  [
    1615075200000,
    642.8890980313818
  ],
  [
    1615161600000,
    4121.182915728712
  ],
  [
    1615248000000,
    1782.9943826165804
  ],
  [
    1615334400000,
    1380.3292247722402
  ],
  [
    1615420800000,
    3146.8560436604134
  ],
  [
    1615507200000,
    8374.55942334734
  ],
  [
    1615593600000,
    2782.72839242506
  ],
  [
    1615680000000,
    2761.119939567419
  ],
  [
    1615766400000,
    1603.8153845583852
  ],
  [
    1615852800000,
    2266.9858438786982
  ],
  [
    1615939200000,
    4033.871100729945
  ],
  [
    1616025600000,
    3943.549431748402
  ],
  [
    1616112000000,
    2503.55808795912
  ],
  [
    1616198400000,
    4321.101928237966
  ],
  [
    1616284800000,
    3012.1648041702806
  ],
  [
    1616371200000,
    3315.5376692392047
  ],
  [
    1616457600000,
    4537.008621752738
  ],
  [
    1616544000000,
    2089.6151095913606
  ],
  [
    1616630400000,
    4637.365709391797
  ],
  [
    1616716800000,
    2736.403277103883
  ],
  [
    1616803200000,
    2130.248262090414
  ],
  [
    1616889600000,
    4079.485187395888
  ],
  [
    1616976000000,
    3482.055043922869
  ],
  [
    1617062400000,
    4701.848046717375
  ],
  [
    1617148800000,
    2946.2934475014167
  ],
  [
    1617235200000,
    3641.817647126725
  ],
  [
    1617321600000,
    3246.759511858647
  ],
  [
    1617408000000,
    3983.4368976320206
  ],
  [
    1617494400000,
    4123.684316783549
  ],
  [
    1617580800000,
    3054.346314040703
  ],
  [
    1617667200000,
    5105.8602374900875
  ],
  [
    1617753600000,
    4135.485768311232
  ],
  [
    1617840000000,
    4782.265962805263
  ],
  [
    1617926400000,
    4277.746539254677
  ],
  [
    1618012800000,
    1320.9331031561815
  ],
  [
    1618099200000,
    1320.9331031561815
  ],
  [
    1618185600000,
    2180.332454821048
  ],
  [
    1618272000000,
    6738.006550430217
  ],
  [
    1618358400000,
    6144.714386378213
  ],
  [
    1618444800000,
    3873.170620954895
  ],
  [
    1618531200000,
    3792.321008742052
  ],
  [
    1618617600000,
    5380.16789340421
  ],
  [
    1618704000000,
    2680.298648725893
  ],
  [
    1618790400000,
    7349.149352108653
  ],
  [
    1618876800000,
    929.6595350909108
  ],
  [
    1618963200000,
    2805.6781275453377
  ],
  [
    1619049600000,
    2099.1700905917837
  ],
  [
    1619136000000,
    455.82503938327613
  ],
  [
    1619222400000,
    2941.8967252992165
  ],
  [
    1619308800000,
    1598.6258574188232
  ],
  [
    1619395200000,
    725.760261353997
  ],
  [
    1619481600000,
    1748.685252266032
  ],
  [
    1619568000000,
    2576.60017570732
  ],
  [
    1619654400000,
    3733.2872440276847
  ],
  [
    1619740800000,
    2365.8014126811822
  ],
  [
    1619827200000,
    2050.7758015153304
  ],
  [
    1621209600000,
    5239.159001742045
  ],
  [
    1621296000000,
    5239.159001742045
  ],
  [
    1621382400000,
    1525.6750037866157
  ],
  [
    1621468800000,
    4155.394905949268
  ],
  [
    1621555200000,
    3072.4863553526457
  ],
  [
    1621641600000,
    3414.4404564326423
  ],
  [
    1621728000000,
    2608.894722970767
  ],
  [
    1621814400000,
    4420.593024138756
  ],
  [
    1621900800000,
    2031.0616954100115
  ],
  [
    1621987200000,
    2568.717832804624
  ],
  [
    1622073600000,
    1724.7914383188618
  ],
  [
    1622160000000,
    943.9694064868885
  ],
  [
    1622246400000,
    2245.424992725878
  ],
  [
    1622332800000,
    2277.2237422888975
  ],
  [
    1622419200000,
    3151.2195292616752
  ],
  [
    1622505600000,
    4994.140164675182
  ],
  [
    1622592000000,
    3259.381437986513
  ],
  [
    1622678400000,
    0.08462885632995333
  ],
  [
    1622764800000,
    1068.083480446926
  ],
  [
    1622851200000,
    4648.27945776847
  ],
  [
    1622937600000,
    2548.8080848523705
  ],
  [
    1623024000000,
    3099.985084121544
  ],
  [
    1623110400000,
    5349.484126085149
  ],
  [
    1623196800000,
    3754.481158045768
  ],
  [
    1623283200000,
    2784.0815762488733
  ],
  [
    1623369600000,
    0.046851023008411714
  ],
  [
    1623456000000,
    0.2642099117826543
  ],
  [
    1623542400000,
    269.7321337863492
  ],
  [
    1623628800000,
    3183.5261619878816
  ],
  [
    1623715200000,
    8632.329017175227
  ],
  [
    1623801600000,
    714.5275327287097
  ],
  [
    1623888000000,
    2690.3408473324016
  ],
  [
    1623974400000,
    3350.8236307849447
  ],
  [
    1624060800000,
    6188.638141842834
  ],
  [
    1624147200000,
    1615.7786580824684
  ],
  [
    1624233600000,
    3030.6165861500363
  ],
  [
    1624320000000,
    4282.598397861501
  ],
  [
    1624406400000,
    4485.922986601667
  ],
  [
    1624492800000,
    2162.428538677158
  ],
  [
    1624579200000,
    2535.7849322542143
  ],
  [
    1624665600000,
    4288.641395725128
  ],
  [
    1624752000000,
    3988.663777797993
  ],
  [
    1624838400000,
    6224.894780455436
  ],
  [
    1624924800000,
    4331.718227660886
  ],
  [
    1625011200000,
    3909.619432173963
  ],
  [
    1625097600000,
    3042.1218507650674
  ],
  [
    1625184000000,
    2470.670006050921
  ],
  [
    1625270400000,
    3067.0119760976295
  ],
  [
    1625356800000,
    3212.5881224853233
  ],
  [
    1625443200000,
    4148.2435606544195
  ],
  [
    1625529600000,
    2972.182360759639
  ],
  [
    1625616000000,
    2639.65718904275
  ],
  [
    1625702400000,
    1753.0985663212687
  ],
  [
    1625788800000,
    2034.4298507170763
  ],
  [
    1625875200000,
    1494.466548259689
  ],
  [
    1625961600000,
    2287.247296642774
  ],
  [
    1626048000000,
    1330.0343056359036
  ],
  [
    1626134400000,
    4437.005683263293
  ],
  [
    1626220800000,
    3024.8138164601014
  ],
  [
    1626307200000,
    3840.1223499722914
  ],
  [
    1626393600000,
    2454.778842477299
  ],
  [
    1626480000000,
    3342.4719548786265
  ],
  [
    1626566400000,
    724.0188095810363
  ],
  [
    1626652800000,
    2711.3465523394066
  ],
  [
    1626739200000,
    2096.187247320684
  ],
  [
    1626825600000,
    4224.165332862873
  ],
  [
    1626912000000,
    3340.185330040326
  ],
  [
    1626998400000,
    2353.9300533190276
  ],
  [
    1627084800000,
    2400.9381471748775
  ],
  [
    1627171200000,
    3306.8969130164623
  ],
  [
    1627257600000,
    3005.235883764833
  ],
  [
    1627344000000,
    2720.1504761035967
  ],
  [
    1627430400000,
    2.714823515838183
  ],
  [
    1627516800000,
    343.97471903486536
  ],
  [
    1627603200000,
    2073.4377362769274
  ],
  [
    1627689600000,
    1098.359845051465
  ],
  [
    1627776000000,
    1.6474371456799173
  ],
  [
    1627862400000,
    0.7158859530531523
  ],
  [
    1627948800000,
    0.42135360660791804
  ],
  [
    1628035200000,
    465.7355764678007
  ],
  [
    1628121600000,
    2684.7594930928135
  ],
  [
    1628208000000,
    3008.6906741042058
  ],
  [
    1628294400000,
    1902.6646152284002
  ],
  [
    1628380800000,
    765.002966402913
  ],
  [
    1628467200000,
    6.544265527908649
  ],
  [
    1628553600000,
    0.08617349114571593
  ],
  [
    1628640000000,
    1.3922734599238016
  ],
  [
    1628726400000,
    1.3922734599238016
  ],
  [
    1628812800000,
    1433.060188948735
  ],
  [
    1628899200000,
    3215.3608971427643
  ],
  [
    1628985600000,
    32.491790355239196
  ],
  [
    1629072000000,
    0.10215873012755848
  ],
  [
    1629158400000,
    1.9245651246717153
  ],
  [
    1629244800000,
    1154.4748940656311
  ],
  [
    1629331200000,
    3126.310740857712
  ],
  [
    1629417600000,
    634.6529578254681
  ],
  [
    1629504000000,
    578.446760457741
  ],
  [
    1629590400000,
    658.6333587523437
  ],
  [
    1629676800000,
    643.6935165305557
  ],
  [
    1629763200000,
    813.9981403573539
  ],
  [
    1629849600000,
    1889.3435936882254
  ],
  [
    1629936000000,
    2772.1186791365667
  ],
  [
    1630022400000,
    2711.271238326014
  ],
  [
    1630108800000,
    2070.283938176451
  ],
  [
    1630195200000,
    1450.4921920622974
  ],
  [
    1630281600000,
    0.7132005974732966
  ],
  [
    1630368000000,
    3.309753566753533
  ],
  [
    1630454400000,
    3016.768694252584
  ],
  [
    1630540800000,
    3071.5209553778855
  ],
  [
    1630627200000,
    3079.3813628571816
  ]
]