[
  [
    1530662400000,
    0.0071182577398180135
  ],
  [
    1530748800000,
    0.007861093793391123
  ],
  [
    1530835200000,
    0.01022576489173954
  ],
  [
    1530921600000,
    0.008878068861278631
  ],
  [
    1531008000000,
    0.007398174314171572
  ],
  [
    1531094400000,
    0.007637716171466391
  ],
  [
    1531180800000,
    0.007489699315592428
  ],
  [
    1531267200000,
    0.0066453288261038275
  ],
  [
    1531353600000,
    0.006132964084230529
  ],
  [
    1531440000000,
    0.00614558786683272
  ],
  [
    1531526400000,
    0.005962202312829681
  ],
  [
    1531612800000,
    0.005625728608288921
  ],
  [
    1531699200000,
    0.005742658193746733
  ],
  [
    1531785600000,
    0.005769825810223902
  ],
  [
    1531872000000,
    0.006236532383572179
  ],
  [
    1531958400000,
    0.006043486198823457
  ],
  [
    1532044800000,
    0.0057705816372220125
  ],
  [
    1532131200000,
    0.005665735317205975
  ],
  [
    1532217600000,
    0.005606517408835631
  ],
  [
    1532304000000,
    0.005535201278839424
  ],
  [
    1532390400000,
    0.005650849570298932
  ],
  [
    1532476800000,
    0.004516804947651773
  ],
  [
    1532563200000,
    0.004480933858153185
  ],
  [
    1532649600000,
    0.004529700903988366
  ],
  [
    1532736000000,
    0.004814491893966072
  ],
  [
    1532822400000,
    0.005846891628727675
  ],
  [
    1532908800000,
    0.005569341563289743
  ],
  [
    1532995200000,
    0.005211218876302485
  ],
  [
    1533081600000,
    0.0046250624601546116
  ],
  [
    1533168000000,
    0.0040902713005707995
  ],
  [
    1533254400000,
    0.003640960743343599
  ],
  [
    1533340800000,
    0.0035561159373169384
  ],
  [
    1533427200000,
    0.003261633419623404
  ],
  [
    1533513600000,
    0.0034868216833129954
  ],
  [
    1533600000000,
    0.0033253757366583274
  ],
  [
    1533686400000,
    0.0031805914383132745
  ],
  [
    1533772800000,
    0.0030053105490445513
  ],
  [
    1533859200000,
    0.0030065705432242348
  ],
  [
    1533945600000,
    0.0023821483120526512
  ],
  [
    1534032000000,
    0.002326185939333276
  ],
  [
    1534118400000,
    0.002349557955970486
  ],
  [
    1534204800000,
    0.002314396811966602
  ],
  [
    1534291200000,
    0.0020453693886017615
  ],
  [
    1534377600000,
    0.0021979230433372
  ],
  [
    1534464000000,
    0.002092528709566878
  ],
  [
    1534550400000,
    0.0023668960751188827
  ],
  [
    1534636800000,
    0.0023008185268126916
  ],
  [
    1534723200000,
    0.0023177221563316194
  ],
  [
    1534809600000,
    0.0021324178708056643
  ],
  [
    1534896000000,
    0.0021872280974798096
  ],
  [
    1534982400000,
    0.0021499528331737376
  ],
  [
    1535068800000,
    0.002177843209882802
  ],
  [
    1535155200000,
    0.002370099949424875
  ],
  [
    1535241600000,
    0.0023064533066912475
  ],
  [
    1535328000000,
    0.0022728005324377416
  ],
  [
    1535414400000,
    0.0023732916994248184
  ],
  [
    1535500800000,
    0.0026055980376205297
  ],
  [
    1535587200000,
    0.0024884545359202927
  ],
  [
    1535673600000,
    0.0025241334412907054
  ],
  [
    1535760000000,
    0.002427588437817511
  ],
  [
    1535846400000,
    0.0024083243512329337
  ],
  [
    1535932800000,
    0.002529043473516329
  ],
  [
    1536019200000,
    0.002405365206091486
  ],
  [
    1536105600000,
    0.002367994618740216
  ],
  [
    1536192000000,
    0.0020235339410394843
  ],
  [
    1536278400000,
    0.0020562613834085625
  ],
  [
    1536364800000,
    0.0020507247741844443
  ],
  [
    1536451200000,
    0.0020114539326185955
  ],
  [
    1536537600000,
    0.0020115214986618267
  ],
  [
    1536624000000,
    0.0019168491543895703
  ],
  [
    1536710400000,
    0.0018357928381726339
  ],
  [
    1536796800000,
    0.001965327669917303
  ],
  [
    1536883200000,
    0.0020637953182997357
  ],
  [
    1536969600000,
    0.001965450567447017
  ],
  [
    1537056000000,
    0.0019216476685715931
  ],
  [
    1537142400000,
    0.0019093475014818184
  ],
  [
    1537228800000,
    0.0018394899287212908
  ],
  [
    1537315200000,
    0.0019831439316200703
  ],
  [
    1537401600000,
    0.0018139214212452989
  ],
  [
    1537488000000,
    0.0020232404427040327
  ],
  [
    1537574400000,
    0.002092200937420852
  ],
  [
    1537660800000,
    0.002207380881689387
  ],
  [
    1537747200000,
    0.002134408341592681
  ],
  [
    1537833600000,
    0.0019232848949995989
  ],
  [
    1537920000000,
    0.0018619668972147002
  ],
  [
    1538006400000,
    0.0018833847666151818
  ],
  [
    1538092800000,
    0.00195436438420402
  ],
  [
    1538179200000,
    0.0019808295244306703
  ],
  [
    1538265600000,
    0.0019280540524976048
  ],
  [
    1538352000000,
    0.0020332481898542288
  ],
  [
    1538438400000,
    0.00197065476760375
  ],
  [
    1538524800000,
    0.0019504658496966557
  ],
  [
    1538611200000,
    0.0018904987273624043
  ],
  [
    1538697600000,
    0.001956378092706236
  ],
  [
    1538784000000,
    0.001984351064174363
  ],
  [
    1538870400000,
    0.002024371538015437
  ],
  [
    1538956800000,
    0.0020728191492040272
  ],
  [
    1539043200000,
    0.0020232044624768127
  ],
  [
    1539129600000,
    0.0020133466819891406
  ],
  [
    1539216000000,
    0.0020090279675861137
  ],
  [
    1539302400000,
    0.0017085921198350703
  ],
  [
    1539388800000,
    0.0017709116164524663
  ],
  [
    1539475200000,
    0.0018095387212069029
  ],
  [
    1539561600000,
    0.0017823272024231917
  ],
  [
    1539648000000,
    0.0018092144222941794
  ],
  [
    1539734400000,
    0.001809850720179298
  ],
  [
    1539820800000,
    0.0017520980709941924
  ],
  [
    1539907200000,
    0.0016610995855604886
  ],
  [
    1539993600000,
    0.001524574901840157
  ],
  [
    1540080000000,
    0.0016252270682383888
  ],
  [
    1540166400000,
    0.0015880922796820982
  ],
  [
    1540252800000,
    0.0015868347518497568
  ],
  [
    1540339200000,
    0.0015115947821410208
  ],
  [
    1540425600000,
    0.0014483350574456349
  ],
  [
    1540512000000,
    0.001467887916779773
  ],
  [
    1540598400000,
    0.0014375036973693768
  ],
  [
    1540684800000,
    0.0014221137896573098
  ],
  [
    1540771200000,
    0.0014235872347049864
  ],
  [
    1540857600000,
    0.0014226224056608455
  ],
  [
    1540944000000,
    0.0014257280357668854
  ],
  [
    1541030400000,
    0.001371800792221911
  ],
  [
    1541116800000,
    0.0014692403441993282
  ],
  [
    1541203200000,
    0.0014482233576129106
  ],
  [
    1541289600000,
    0.001453677552164237
  ],
  [
    1541376000000,
    0.0014098291727784333
  ],
  [
    1541462400000,
    0.0014291590740616365
  ],
  [
    1541548800000,
    0.0014272452336171362
  ],
  [
    1541635200000,
    0.0014016932693525785
  ],
  [
    1541721600000,
    0.0014840956991749457
  ],
  [
    1541808000000,
    0.0012332866625457796
  ],
  [
    1541894400000,
    0.0013626177663744919
  ],
  [
    1541980800000,
    0.001292329278173075
  ],
  [
    1542067200000,
    0.0011557973842053202
  ],
  [
    1542153600000,
    0.0011827568291106815
  ],
  [
    1542240000000,
    0.0010102276665592562
  ],
  [
    1542326400000,
    0.0011141557001314068
  ],
  [
    1542412800000,
    0.0009167729853278654
  ],
  [
    1542499200000,
    0.0007404044554458212
  ],
  [
    1542585600000,
    0.0008054229694518067
  ],
  [
    1542672000000,
    0.0007016712122001953
  ],
  [
    1542758400000,
    0.000700062660394593
  ],
  [
    1542844800000,
    0.0007049506626788125
  ],
  [
    1542931200000,
    0.0007717589382582778
  ],
  [
    1543017600000,
    0.0007128193368233387
  ],
  [
    1543104000000,
    0.0006703010298131457
  ],
  [
    1543190400000,
    0.0007272503406836748
  ],
  [
    1543276800000,
    0.0006789774748485732
  ],
  [
    1543363200000,
    0.0006880567115737646
  ],
  [
    1543449600000,
    0.0007189228782502255
  ],
  [
    1543536000000,
    0.0006823987540030721
  ],
  [
    1543622400000,
    0.0006473305440772152
  ],
  [
    1543708800000,
    0.0007033625724892892
  ],
  [
    1543795200000,
    0.0006212178527866566
  ],
  [
    1543881600000,
    0.0005706578701636892
  ],
  [
    1543968000000,
    0.0005711693418783816
  ],
  [
    1544054400000,
    0.00047127056584739203
  ],
  [
    1544140800000,
    0.0003881693188515314
  ],
  [
    1544227200000,
    0.0003824832382172169
  ],
  [
    1544313600000,
    0.0003923976946084917
  ],
  [
    1544400000000,
    0.0003783305493408964
  ],
  [
    1544486400000,
    0.00041633954968775874
  ],
  [
    1544572800000,
    0.0004400321662014402
  ],
  [
    1544659200000,
    0.0004435932757897826
  ],
  [
    1544745600000,
    0.00038885473565393247
  ],
  [
    1544832000000,
    0.00040928075608395276
  ],
  [
    1544918400000,
    0.0004157809653899492
  ],
  [
    1545004800000,
    0.00041353863040487785
  ],
  [
    1545091200000,
    0.0005689884871754312
  ],
  [
    1545177600000,
    0.0005895035890412534
  ],
  [
    1545264000000,
    0.0006324429242194788
  ],
  [
    1545350400000,
    0.0005436762690689533
  ],
  [
    1545436800000,
    0.0005717226455029605
  ],
  [
    1545523200000,
    0.0006322929481329057
  ],
  [
    1545609600000,
    0.0006750598254121166
  ],
  [
    1545696000000,
    0.0007875371702517763
  ],
  [
    1545782400000,
    0.0006915256399667349
  ],
  [
    1545868800000,
    0.000700302067716822
  ],
  [
    1545955200000,
    0.0006200812272614045
  ],
  [
    1546041600000,
    0.0007037406990224847
  ],
  [
    1546128000000,
    0.0007318627676050842
  ],
  [
    1546214400000,
    0.000760580132618532
  ],
  [
    1546300800000,
    0.0007072037292509457
  ],
  [
    1546387200000,
    0.0008848233188226155
  ],
  [
    1546473600000,
    0.0008381889543698388
  ],
  [
    1546560000000,
    0.0008630153023389806
  ],
  [
    1546646400000,
    0.0008273196257476329
  ],
  [
    1546732800000,
    0.0007218264054903048
  ],
  [
    1546819200000,
    0.0006983818477092564
  ],
  [
    1546905600000,
    0.0006989113132639315
  ],
  [
    1546992000000,
    0.0007469602362692288
  ],
  [
    1547078400000,
    0.000713023885580565
  ],
  [
    1547164800000,
    0.0005737833726098657
  ],
  [
    1547251200000,
    0.0006304763570831873
  ],
  [
    1547337600000,
    0.0006310111317733318
  ],
  [
    1547424000000,
    0.0006055634381843878
  ],
  [
    1547510400000,
    0.0006571360860693478
  ],
  [
    1547596800000,
    0.0006486690295852807
  ],
  [
    1547683200000,
    0.0006433870888439501
  ],
  [
    1547769600000,
    0.000641354502022568
  ],
  [
    1547856000000,
    0.0006992700905125171
  ],
  [
    1547942400000,
    0.0006935507503487273
  ],
  [
    1548028800000,
    0.0006326941080399068
  ],
  [
    1548115200000,
    0.0006656468661776421
  ],
  [
    1548201600000,
    0.000702814667695889
  ],
  [
    1548288000000,
    0.0006312240369138166
  ],
  [
    1548374400000,
    0.0006799303932795554
  ],
  [
    1548460800000,
    0.0006805344963087101
  ],
  [
    1548547200000,
    0.0006569878293812077
  ],
  [
    1548633600000,
    0.0006579487626667027
  ],
  [
    1548720000000,
    0.0006100751265464607
  ],
  [
    1548806400000,
    0.0006045817216524264
  ],
  [
    1548892800000,
    0.000616386781061194
  ],
  [
    1548979200000,
    0.0005872752763457994
  ],
  [
    1549065600000,
    0.0005893565060257005
  ],
  [
    1549152000000,
    0.0006123143011598185
  ],
  [
    1549238400000,
    0.0005638988297448505
  ],
  [
    1549324800000,
    0.0006258685896000425
  ],
  [
    1549411200000,
    0.000640883862016451
  ],
  [
    1549497600000,
    0.0006038627944140551
  ],
  [
    1549584000000,
    0.0005880885607751501
  ],
  [
    1549670400000,
    0.0006351708837701687
  ],
  [
    1549756800000,
    0.0006215495747005586
  ],
  [
    1549843200000,
    0.0006681536085715236
  ],
  [
    1549929600000,
    0.0006386553429743678
  ],
  [
    1550016000000,
    0.0006523032230617193
  ],
  [
    1550102400000,
    0.0006556531851275543
  ],
  [
    1550188800000,
    0.0006459565766089323
  ],
  [
    1550275200000,
    0.0006529716317853835
  ],
  [
    1550361600000,
    0.0006606214099877225
  ],
  [
    1550448000000,
    0.0007897934083979262
  ],
  [
    1550534400000,
    0.0007903445070469014
  ],
  [
    1550620800000,
    0.0008227142497420453
  ],
  [
    1550707200000,
    0.0007704602884624113
  ],
  [
    1550793600000,
    0.0007380413604007611
  ],
  [
    1550880000000,
    0.0007456637703496844
  ],
  [
    1550966400000,
    0.0008145575563036251
  ],
  [
    1551052800000,
    0.0006425334341605293
  ],
  [
    1551139200000,
    0.0006693543548634068
  ],
  [
    1551225600000,
    0.0007126895078837447
  ],
  [
    1551312000000,
    0.0007187567800525463
  ],
  [
    1551398400000,
    0.0007326457661477636
  ],
  [
    1551484800000,
    0.0007247117014167802
  ],
  [
    1551571200000,
    0.0007126910081479354
  ],
  [
    1551657600000,
    0.0007154722197216619
  ],
  [
    1551744000000,
    0.0007154360752970905
  ],
  [
    1551830400000,
    0.0007637495575430138
  ],
  [
    1551916800000,
    0.0007717822345242176
  ],
  [
    1552003200000,
    0.0007548014192419592
  ],
  [
    1552089600000,
    0.0007014900218658308
  ],
  [
    1552176000000,
    0.0007039490722059635
  ],
  [
    1552262400000,
    0.0005994272580121333
  ],
  [
    1552348800000,
    0.0006677187259166841
  ],
  [
    1552435200000,
    0.0006098178265349621
  ],
  [
    1552521600000,
    0.0006187589166460946
  ],
  [
    1552608000000,
    0.0006889268722768607
  ],
  [
    1552694400000,
    0.0006121021707355923
  ],
  [
    1552780800000,
    0.000634596104977378
  ],
  [
    1552867200000,
    0.0006295230554345619
  ],
  [
    1552953600000,
    0.0006665020778550413
  ],
  [
    1553040000000,
    0.0006518521249233407
  ],
  [
    1553126400000,
    0.0006415298695579835
  ],
  [
    1553212800000,
    0.0007054582725400086
  ],
  [
    1553299200000,
    0.0007057605224780695
  ],
  [
    1553385600000,
    0.0007070355835974491
  ],
  [
    1553472000000,
    0.000721186195127054
  ],
  [
    1553558400000,
    0.0007258853958203217
  ],
  [
    1553644800000,
    0.0007654631795015377
  ],
  [
    1553731200000,
    0.0007800915141769878
  ],
  [
    1553817600000,
    0.0007491770509139095
  ],
  [
    1553904000000,
    0.0007638755657493209
  ],
  [
    1553990400000,
    0.0007531566679169427
  ],
  [
    1554076800000,
    0.000791156166964671
  ],
  [
    1554163200000,
    0.0008158415231807198
  ],
  [
    1554249600000,
    0.0010266403179055737
  ],
  [
    1554336000000,
    0.000976330935895826
  ],
  [
    1554422400000,
    0.0010175697590303183
  ],
  [
    1554508800000,
    0.0010772655002439415
  ],
  [
    1554595200000,
    0.0010543270386545193
  ],
  [
    1554681600000,
    0.0011120641885330113
  ],
  [
    1554768000000,
    0.0009981791466259309
  ],
  [
    1554854400000,
    0.0010110422401323415
  ],
  [
    1554940800000,
    0.001000723856441202
  ],
  [
    1555027200000,
    0.0009373444647567271
  ],
  [
    1555113600000,
    0.0009517954569836226
  ],
  [
    1555200000000,
    0.0009449098504628243
  ],
  [
    1555286400000,
    0.0008993581896423097
  ],
  [
    1555372800000,
    0.000874571701852499
  ],
  [
    1555459200000,
    0.0007795794184439369
  ],
  [
    1555545600000,
    0.0008617960030113155
  ],
  [
    1555632000000,
    0.0009611836156254139
  ],
  [
    1555718400000,
    0.000833730587150314
  ],
  [
    1555804800000,
    0.0006135425153871629
  ],
  [
    1555891200000,
    0.0007228574767349041
  ],
  [
    1555977600000,
    0.0007357754500271165
  ],
  [
    1556064000000,
    0.0008383875641140607
  ],
  [
    1556150400000,
    0.0008609601938739805
  ],
  [
    1556236800000,
    0.0007166554006204088
  ],
  [
    1556323200000,
    0.0008042063179229096
  ],
  [
    1556409600000,
    0.0007255415413717503
  ],
  [
    1556496000000,
    0.0007911612929299241
  ],
  [
    1556582400000,
    0.0007459552496275645
  ],
  [
    1556668800000,
    0.0006406648677225372
  ],
  [
    1556755200000,
    0.0007823245960217419
  ],
  [
    1556841600000,
    0.000807880696792871
  ],
  [
    1556928000000,
    0.0007724601560585618
  ],
  [
    1557014400000,
    0.0007441694769678595
  ],
  [
    1557100800000,
    0.0007824763798591701
  ],
  [
    1557187200000,
    0.00084681014961272
  ],
  [
    1557273600000,
    0.0008409882314890303
  ],
  [
    1557360000000,
    0.0008244575653338509
  ],
  [
    1557446400000,
    0.0006924003107330113
  ],
  [
    1557532800000,
    0.0006703929033458526
  ],
  [
    1557619200000,
    0.0006870641653721099
  ],
  [
    1557705600000,
    0.0008925440811346271
  ],
  [
    1557792000000,
    0.0005518615246688365
  ],
  [
    1557878400000,
    0.0008072537073621743
  ],
  [
    1557964800000,
    0.0009126184230050672
  ],
  [
    1558051200000,
    0.00041632095107564817
  ],
  [
    1558137600000,
    0.0008104875517242348
  ],
  [
    1558224000000,
    0.0007518113539507408
  ],
  [
    1558310400000,
    0.0008318142705350461
  ],
  [
    1558396800000,
    0.0008098069697894622
  ],
  [
    1558483200000,
    0.0006422494162250472
  ],
  [
    1558569600000,
    0.0006162487236303637
  ],
  [
    1558656000000,
    0.0006172892349116309
  ],
  [
    1558742400000,
    0.0008144275911890151
  ],
  [
    1558828800000,
    0.000665187124854492
  ],
  [
    1558915200000,
    0.0007071629822244589
  ],
  [
    1559001600000,
    0.0006892168836704039
  ],
  [
    1559088000000,
    0.0007759826975861275
  ],
  [
    1559174400000,
    0.0007697902848287468
  ],
  [
    1559260800000,
    0.0005848163852230218
  ],
  [
    1559347200000,
    0.0006765423249873846
  ],
  [
    1559433600000,
    0.0006699051562642717
  ],
  [
    1559520000000,
    0.0006816683328020487
  ],
  [
    1559606400000,
    0.0006641175026585633
  ],
  [
    1559692800000,
    0.0006491726446999235
  ],
  [
    1559779200000,
    0.000659461315574371
  ],
  [
    1559865600000,
    0.0006987242293820973
  ],
  [
    1559952000000,
    0.0007007089299975375
  ],
  [
    1560038400000,
    0.0006846642535080996
  ],
  [
    1560124800000,
    0.0006687435439270446
  ],
  [
    1560211200000,
    0.000706921858422944
  ],
  [
    1560297600000,
    0.0006456468663928461
  ],
  [
    1560384000000,
    0.0007030682957083189
  ],
  [
    1560470400000,
    0.0007660676223955779
  ],
  [
    1560556800000,
    0.0007833456935105154
  ],
  [
    1560643200000,
    0.000965836269177542
  ],
  [
    1560729600000,
    0.0006676891216353516
  ],
  [
    1560816000000,
    0.0006374915363237541
  ],
  [
    1560902400000,
    0.0006140208033362032
  ],
  [
    1560988800000,
    0.0006400399136478944
  ],
  [
    1561075200000,
    0.0007007574458294334
  ],
  [
    1561161600000,
    0.0007308950217537867
  ],
  [
    1561248000000,
    0.0006375476117145268
  ],
  [
    1561334400000,
    0.0007327259444340367
  ],
  [
    1561420800000,
    0.0006157466479878034
  ],
  [
    1561507200000,
    0.0006785700006671039
  ],
  [
    1561593600000,
    0.0006121745914007568
  ],
  [
    1561680000000,
    0.0005852819463614757
  ],
  [
    1561766400000,
    0.0006570739575455937
  ],
  [
    1561852800000,
    0.0007048663526423964
  ],
  [
    1561939200000,
    0.0006961075615020985
  ],
  [
    1562025600000,
    0.0006148293113894968
  ],
  [
    1562112000000,
    0.0005787885487275857
  ],
  [
    1562198400000,
    0.0006430384904967303
  ],
  [
    1562284800000,
    0.000620176663405369
  ],
  [
    1562371200000,
    0.0006296673369851558
  ],
  [
    1562457600000,
    0.0006638086762293041
  ],
  [
    1562544000000,
    0.0007525437665233612
  ],
  [
    1562630400000,
    0.0006693504426679321
  ],
  [
    1562716800000,
    0.000664365227419422
  ],
  [
    1562803200000,
    0.0005542077208306161
  ],
  [
    1562889600000,
    0.0005942631125614574
  ],
  [
    1562976000000,
    0.0006118971146613308
  ],
  [
    1563062400000,
    0.0005805695171670932
  ],
  [
    1563148800000,
    0.00046012425225854556
  ],
  [
    1563235200000,
    0.0006069810919766389
  ],
  [
    1563321600000,
    0.0005177349314979174
  ],
  [
    1563408000000,
    0.0005529447347584712
  ],
  [
    1563494400000,
    0.0005064261633415529
  ],
  [
    1563580800000,
    0.0005509445179748049
  ],
  [
    1563667200000,
    0.0006227350633115064
  ],
  [
    1563753600000,
    0.0005327755782934093
  ],
  [
    1563840000000,
    0.0004737570092154442
  ],
  [
    1563926400000,
    0.0005283302800345077
  ],
  [
    1564012800000,
    0.000485666810680766
  ],
  [
    1564099200000,
    0.0005496674336911525
  ],
  [
    1564185600000,
    0.0005264620868651454
  ],
  [
    1564272000000,
    0.000534027569915872
  ],
  [
    1564358400000,
    0.0005943781337505551
  ],
  [
    1564444800000,
    0.0005706440961834917
  ],
  [
    1564531200000,
    0.0005877455265234281
  ],
  [
    1564617600000,
    0.0005736226151140114
  ],
  [
    1564704000000,
    0.0005806005832318149
  ],
  [
    1564790400000,
    0.0005830567822838258
  ],
  [
    1564876800000,
    0.0006058693520365825
  ],
  [
    1564963200000,
    0.0006022831539826494
  ],
  [
    1565049600000,
    0.0006155869143505462
  ],
  [
    1565136000000,
    0.0005909886335482754
  ],
  [
    1565222400000,
    0.0005892284775877681
  ],
  [
    1565308800000,
    0.0005969435458673699
  ],
  [
    1565395200000,
    0.0005810056407270843
  ],
  [
    1565481600000,
    0.0006044650873586104
  ],
  [
    1565568000000,
    0.0006017825314898324
  ],
  [
    1565654400000,
    0.0005877103737184704
  ],
  [
    1565740800000,
    0.0005691763634655531
  ],
  [
    1565827200000,
    0.0005514365412183765
  ],
  [
    1565913600000,
    0.0005263148811640528
  ],
  [
    1566000000000,
    0.0005224352261958906
  ],
  [
    1566086400000,
    0.000518814293120083
  ],
  [
    1566172800000,
    0.0005258538920080941
  ],
  [
    1566259200000,
    0.0005239736411932145
  ],
  [
    1566345600000,
    0.0005396784492539673
  ],
  [
    1566432000000,
    0.0005263648295476117
  ],
  [
    1566518400000,
    0.0005298933801508389
  ],
  [
    1566604800000,
    0.0005599893275604379
  ],
  [
    1566691200000,
    0.0005310509607183856
  ],
  [
    1566777600000,
    0.0005309205442468123
  ],
  [
    1566864000000,
    0.000529947591988761
  ],
  [
    1566950400000,
    0.0005188782937152824
  ],
  [
    1567036800000,
    0.0005100530877717645
  ],
  [
    1567123200000,
    0.000483647002562142
  ],
  [
    1567209600000,
    0.0005018948875396255
  ],
  [
    1567296000000,
    0.00047871109795434786
  ],
  [
    1567382400000,
    0.000473677819574335
  ],
  [
    1567468800000,
    0.0004716949167910092
  ],
  [
    1567555200000,
    0.00047664061510653403
  ],
  [
    1567641600000,
    0.0004548652193228747
  ],
  [
    1567728000000,
    0.0004462225670426254
  ],
  [
    1567814400000,
    0.00043011367465573214
  ],
  [
    1567900800000,
    0.00043330500370220666
  ],
  [
    1567987200000,
    0.00043726354776142884
  ],
  [
    1568073600000,
    0.00039291292037897565
  ],
  [
    1568160000000,
    0.0004059451740630131
  ],
  [
    1568246400000,
    0.0003907210940401868
  ],
  [
    1568332800000,
    0.0004371636689836655
  ],
  [
    1568419200000,
    0.00043116631398758997
  ],
  [
    1568505600000,
    0.0004377347831509027
  ],
  [
    1568592000000,
    0.00043800042699879176
  ],
  [
    1568678400000,
    0.00046302435323222524
  ],
  [
    1568764800000,
    0.0004416550497190758
  ],
  [
    1568851200000,
    0.00045860827884318617
  ],
  [
    1568937600000,
    0.0004722996736293102
  ],
  [
    1569024000000,
    0.00047628955011468473
  ],
  [
    1569110400000,
    0.0004845821711708894
  ],
  [
    1569196800000,
    0.00045739537020918105
  ],
  [
    1569283200000,
    0.0004539198960224093
  ],
  [
    1569369600000,
    0.0004257113442926054
  ],
  [
    1569456000000,
    0.00044576036807908887
  ],
  [
    1569542400000,
    0.00046564200512142
  ],
  [
    1569628800000,
    0.0004759869555821952
  ],
  [
    1569715200000,
    0.00048053306586886977
  ],
  [
    1569801600000,
    0.000594855583793729
  ],
  [
    1569888000000,
    0.0006394072300338206
  ],
  [
    1569974400000,
    0.0006817504741409665
  ],
  [
    1570060800000,
    0.0006817504741409665
  ],
  [
    1570147200000,
    0.0006313377584145648
  ],
  [
    1570233600000,
    0.0005793846284139701
  ],
  [
    1570320000000,
    0.0006319461010713947
  ],
  [
    1570406400000,
    0.0006583510273808241
  ],
  [
    1570492800000,
    0.0006488050320243682
  ],
  [
    1570579200000,
    0.0005933800690193984
  ],
  [
    1570665600000,
    0.0006131300987467996
  ],
  [
    1570752000000,
    0.000620154865318887
  ],
  [
    1570838400000,
    0.0006275743640569949
  ],
  [
    1570924800000,
    0.0006812769476667581
  ],
  [
    1571011200000,
    0.000666090643568085
  ],
  [
    1571097600000,
    0.0006879646705572347
  ],
  [
    1571184000000,
    0.000672456189235244
  ],
  [
    1571270400000,
    0.0006714472471718646
  ],
  [
    1571356800000,
    0.000627864092622284
  ],
  [
    1571443200000,
    0.0006530201860329739
  ],
  [
    1571529600000,
    0.0006446145719186287
  ],
  [
    1571616000000,
    0.0006573324771384874
  ],
  [
    1571702400000,
    0.0006755808690458659
  ],
  [
    1571788800000,
    0.0006324227292060608
  ],
  [
    1571875200000,
    0.0006264532397494176
  ],
  [
    1571961600000,
    0.0006162877136542821
  ],
  [
    1572048000000,
    0.000640820592037908
  ],
  [
    1572134400000,
    0.0006417672463515909
  ],
  [
    1572220800000,
    0.0005833790399888986
  ],
  [
    1572307200000,
    0.0006191651409322678
  ],
  [
    1572393600000,
    0.0006185549726140792
  ],
  [
    1572480000000,
    0.0006374113320893784
  ],
  [
    1572566400000,
    0.0006472319282984636
  ],
  [
    1572652800000,
    0.0006712143645295989
  ],
  [
    1572739200000,
    0.0006601612694469293
  ],
  [
    1572825600000,
    0.0006830011712122796
  ],
  [
    1572912000000,
    0.0006762571609325147
  ],
  [
    1572998400000,
    0.0006706150950213172
  ],
  [
    1573084800000,
    0.0006744266316556755
  ],
  [
    1573171200000,
    0.0006515050584722874
  ],
  [
    1573257600000,
    0.0007011992565966236
  ],
  [
    1573344000000,
    0.0006907151090645815
  ],
  [
    1573430400000,
    0.0006805038132501074
  ],
  [
    1573516800000,
    0.0006858380642023762
  ],
  [
    1573603200000,
    0.000691314946364478
  ],
  [
    1573689600000,
    0.0006901051092650287
  ],
  [
    1573776000000,
    0.0006927595423721545
  ],
  [
    1573862400000,
    0.0006823943484984507
  ],
  [
    1573948800000,
    0.0006809641609299378
  ],
  [
    1574035200000,
    0.0006816376243834358
  ],
  [
    1574121600000,
    0.0006796114081340093
  ],
  [
    1574208000000,
    0.0006657521006923209
  ],
  [
    1574294400000,
    0.0006544630138707006
  ],
  [
    1574380800000,
    0.0006253679023281545
  ],
  [
    1574467200000,
    0.0006216208175084217
  ],
  [
    1574553600000,
    0.0006207630577293986
  ],
  [
    1574640000000,
    0.0006080609416301777
  ],
  [
    1574726400000,
    0.0005607373912745534
  ],
  [
    1574812800000,
    0.0005774992146002553
  ],
  [
    1574899200000,
    0.0005724982995743139
  ],
  [
    1574985600000,
    0.0005911905676943923
  ],
  [
    1575072000000,
    0.000590989921819407
  ],
  [
    1575158400000,
    0.0005725504325631502
  ],
  [
    1575244800000,
    0.0005664306824554304
  ],
  [
    1575331200000,
    0.0005665864751569088
  ],
  [
    1575417600000,
    0.000566605279885415
  ],
  [
    1575504000000,
    0.0005681737601129117
  ],
  [
    1575590400000,
    0.0006997235373657814
  ],
  [
    1575676800000,
    0.000774485178738684
  ],
  [
    1575763200000,
    0.0010539317110746086
  ],
  [
    1575849600000,
    0.0008701271139928533
  ],
  [
    1575936000000,
    0.0008982096047598854
  ],
  [
    1576022400000,
    0.0009645902091721339
  ],
  [
    1576108800000,
    0.0009449311879248117
  ],
  [
    1576195200000,
    0.0009674289185418259
  ],
  [
    1576281600000,
    0.0010070213571299034
  ],
  [
    1576368000000,
    0.0009650265137942886
  ],
  [
    1576454400000,
    0.0009499549004663871
  ],
  [
    1576540800000,
    0.0009316034484198681
  ],
  [
    1576627200000,
    0.0008577166058637734
  ],
  [
    1576713600000,
    0.0008802121959248788
  ],
  [
    1576800000000,
    0.0008818338402502409
  ],
  [
    1576886400000,
    0.0008258683799251009
  ],
  [
    1576972800000,
    0.0008693807343880564
  ],
  [
    1577059200000,
    0.0008790463575546752
  ],
  [
    1577145600000,
    0.0008435180669078545
  ],
  [
    1577232000000,
    0.0008056154772509832
  ],
  [
    1577318400000,
    0.0006571234401003666
  ],
  [
    1577404800000,
    0.0006446241161813276
  ],
  [
    1577491200000,
    0.0006466960481155337
  ],
  [
    1577577600000,
    0.0005825739529370287
  ],
  [
    1577664000000,
    0.000702237045145033
  ],
  [
    1577750400000,
    0.000601572958466278
  ],
  [
    1577836800000,
    0.0006252586432713114
  ],
  [
    1577923200000,
    0.0006309929131118645
  ],
  [
    1578009600000,
    0.0005842165437815859
  ],
  [
    1578096000000,
    0.0005418720059255483
  ],
  [
    1578182400000,
    0.0005211983417514772
  ],
  [
    1578268800000,
    0.0006029194985225556
  ],
  [
    1578355200000,
    0.0006170181922170586
  ],
  [
    1578441600000,
    0.0006100937168114355
  ],
  [
    1578528000000,
    0.0005891179872314854
  ],
  [
    1578614400000,
    0.0006285261642965151
  ],
  [
    1578700800000,
    0.0006749049934148489
  ],
  [
    1578787200000,
    0.0006454819427058085
  ],
  [
    1578873600000,
    0.0006970036161833926
  ],
  [
    1578960000000,
    0.000684435574805797
  ],
  [
    1579046400000,
    0.0007245759158905828
  ],
  [
    1579132800000,
    0.0006358619354198593
  ],
  [
    1579219200000,
    0.0006513497493971588
  ],
  [
    1579305600000,
    0.0007162438403217616
  ],
  [
    1579392000000,
    0.000739450849552614
  ],
  [
    1579478400000,
    0.0007371117567225822
  ],
  [
    1579564800000,
    0.0007450209091441716
  ],
  [
    1579651200000,
    0.0007573622367924168
  ],
  [
    1579737600000,
    0.0007542296010239809
  ],
  [
    1579824000000,
    0.0007355176458983664
  ],
  [
    1579910400000,
    0.0007654579863966337
  ],
  [
    1579996800000,
    0.0007701860849762761
  ],
  [
    1580083200000,
    0.0008122696214362511
  ],
  [
    1580169600000,
    0.0007316430119694394
  ],
  [
    1580256000000,
    0.0008313572742740863
  ],
  [
    1580342400000,
    0.0008236282214603813
  ],
  [
    1580428800000,
    0.0008469003599661347
  ],
  [
    1580515200000,
    0.0008476083148139594
  ],
  [
    1580601600000,
    0.0008730619640577818
  ],
  [
    1580688000000,
    0.0008266340187380943
  ],
  [
    1580774400000,
    0.0008852192416870931
  ],
  [
    1580860800000,
    0.0008628380799397027
  ],
  [
    1580947200000,
    0.0008303569734106862
  ],
  [
    1581033600000,
    0.0008278513387385958
  ],
  [
    1581120000000,
    0.0007702045066957623
  ],
  [
    1581206400000,
    0.0007479383919080635
  ],
  [
    1581292800000,
    0.0006961886692958964
  ],
  [
    1581379200000,
    0.000720120012366314
  ],
  [
    1581465600000,
    0.0007548578167279632
  ],
  [
    1581552000000,
    0.0007630558188122114
  ],
  [
    1581638400000,
    0.0006977070113421267
  ],
  [
    1581724800000,
    0.0007090305271515371
  ],
  [
    1581811200000,
    0.0007074056992597557
  ],
  [
    1581897600000,
    0.0006786144691665752
  ],
  [
    1581984000000,
    0.0007125353236168221
  ],
  [
    1582070400000,
    0.0008266293459440216
  ],
  [
    1582156800000,
    0.000705187321127386
  ],
  [
    1582243200000,
    0.0007149371807946497
  ],
  [
    1582329600000,
    0.000782103218718769
  ],
  [
    1582416000000,
    0.0007031009346363197
  ],
  [
    1582502400000,
    0.0006991589007615259
  ],
  [
    1582588800000,
    0.0006663314820402616
  ],
  [
    1582675200000,
    0.0006490044104177633
  ],
  [
    1582761600000,
    0.000615671687584203
  ],
  [
    1582848000000,
    0.0006031471830443904
  ],
  [
    1582934400000,
    0.0006135319696222685
  ],
  [
    1583020800000,
    0.000614559530049406
  ],
  [
    1583107200000,
    0.0006001484837139413
  ],
  [
    1583193600000,
    0.0006245514122151677
  ],
  [
    1583280000000,
    0.0006362554432797366
  ],
  [
    1583366400000,
    0.0006166757831047422
  ],
  [
    1583452800000,
    0.0006147131602393409
  ],
  [
    1583539200000,
    0.0005929843115720604
  ],
  [
    1583625600000,
    0.0005666958816494428
  ],
  [
    1583712000000,
    0.0004985815636049676
  ],
  [
    1583798400000,
    0.0005174564876740538
  ],
  [
    1583884800000,
    0.0004567471322683884
  ],
  [
    1583971200000,
    0.00044315959573160466
  ],
  [
    1584057600000,
    0.00025394133374097397
  ],
  [
    1584144000000,
    0.0002901820267119171
  ],
  [
    1584230400000,
    0.0002575648222676301
  ],
  [
    1584316800000,
    0.00032217294917151387
  ],
  [
    1584403200000,
    0.00031054316943394185
  ],
  [
    1584489600000,
    0.0003503752997910394
  ],
  [
    1584576000000,
    0.00035769249968929656
  ],
  [
    1584662400000,
    0.0003481041454375247
  ],
  [
    1584748800000,
    0.0003280787833355135
  ],
  [
    1584835200000,
    0.00034482729128215754
  ],
  [
    1584921600000,
    0.00033594316275669756
  ],
  [
    1585008000000,
    0.0003474026513619263
  ],
  [
    1585094400000,
    0.00035194219681080436
  ],
  [
    1585180800000,
    0.00035076464299719666
  ],
  [
    1585267200000,
    0.0003498125133437871
  ],
  [
    1585353600000,
    0.00034638707657938566
  ],
  [
    1585440000000,
    0.00033399600916292826
  ],
  [
    1585526400000,
    0.00032535731396232377
  ],
  [
    1585612800000,
    0.0003279502755821402
  ],
  [
    1585699200000,
    0.0003175514460107611
  ],
  [
    1585785600000,
    0.00030977200248388597
  ],
  [
    1585872000000,
    0.00032251841560816853
  ],
  [
    1585958400000,
    0.0003255886493135654
  ],
  [
    1586044800000,
    0.00031994486284121114
  ],
  [
    1586131200000,
    0.0003208388273052481
  ],
  [
    1586217600000,
    0.00034189887895598166
  ],
  [
    1586304000000,
    0.00032185591993442536
  ],
  [
    1586390400000,
    0.0003240446051029628
  ],
  [
    1586476800000,
    0.00032541774294347333
  ],
  [
    1586563200000,
    0.00030846440500195704
  ],
  [
    1586649600000,
    0.0003205688938250235
  ],
  [
    1586736000000,
    0.00030954413496052494
  ],
  [
    1586822400000,
    0.0003092659794931807
  ],
  [
    1586908800000,
    0.0002786156798046091
  ],
  [
    1586995200000,
    0.00030960202939975566
  ],
  [
    1587081600000,
    0.00031128573830014694
  ],
  [
    1587168000000,
    0.00032000884277870743
  ],
  [
    1587254400000,
    0.0003304685012331035
  ],
  [
    1587340800000,
    0.00032254234647881085
  ],
  [
    1587427200000,
    0.0003018066485676754
  ],
  [
    1587513600000,
    0.00032970468666835754
  ],
  [
    1587600000000,
    0.00033333126352701084
  ],
  [
    1587686400000,
    0.00033511036983587244
  ],
  [
    1587772800000,
    0.00035679416008008955
  ],
  [
    1587859200000,
    0.0003535932996030081
  ],
  [
    1587945600000,
    0.0003588283932339661
  ],
  [
    1588032000000,
    0.0003603132241102588
  ],
  [
    1588118400000,
    0.00035691209087918723
  ],
  [
    1588204800000,
    0.0003693325469250537
  ],
  [
    1588291200000,
    0.0003575028449236999
  ],
  [
    1588377600000,
    0.00036591287595486136
  ],
  [
    1588464000000,
    0.0004018186372478227
  ],
  [
    1588550400000,
    0.0003939798489311338
  ],
  [
    1588636800000,
    0.0003913782373905208
  ],
  [
    1588723200000,
    0.0001706218109254574
  ],
  [
    1588809600000,
    0.00025398160225183577
  ],
  [
    1588896000000,
    0.0002640506133865842
  ],
  [
    1588982400000,
    0.00027848711679532786
  ],
  [
    1589068800000,
    0.0002829724974723697
  ],
  [
    1589155200000,
    0.0002592149048317371
  ],
  [
    1589241600000,
    0.0002606616228954844
  ],
  [
    1589328000000,
    0.0002638896140228655
  ],
  [
    1589414400000,
    0.0002666845030942443
  ],
  [
    1589500800000,
    0.0002728037849052291
  ],
  [
    1589587200000,
    0.0002510647439493441
  ],
  [
    1589673600000,
    0.00025744401754449733
  ],
  [
    1589760000000,
    0.00023740174697121984
  ],
  [
    1589846400000,
    0.0002501475635810111
  ],
  [
    1589932800000,
    0.0002665299074194525
  ],
  [
    1590019200000,
    0.0002583636228043131
  ],
  [
    1590105600000,
    0.0002519851660804499
  ],
  [
    1590192000000,
    0.000254636646821205
  ],
  [
    1590278400000,
    0.0002613873476710863
  ],
  [
    1590364800000,
    0.0002636410147979222
  ],
  [
    1590451200000,
    0.00027568897249626413
  ],
  [
    1590537600000,
    0.00026278998926548505
  ],
  [
    1590624000000,
    0.0002648787673268463
  ],
  [
    1590710400000,
    0.00026470043829088626
  ],
  [
    1590796800000,
    0.0002658819730570441
  ],
  [
    1590883200000,
    0.0002617812576854293
  ],
  [
    1590969600000,
    0.0002650633576473669
  ],
  [
    1591056000000,
    0.0002752669300020863
  ],
  [
    1591142400000,
    0.00023137308106450366
  ],
  [
    1591228800000,
    0.0002784480831150233
  ],
  [
    1591315200000,
    0.00027733939879904195
  ],
  [
    1591401600000,
    0.0002768383515393785
  ],
  [
    1591488000000,
    0.00027685495168862747
  ],
  [
    1591574400000,
    0.0002716862650707948
  ],
  [
    1591660800000,
    0.0002708384751453414
  ],
  [
    1591747200000,
    0.0002696399669956716
  ],
  [
    1591833600000,
    0.0002691608350693134
  ],
  [
    1591920000000,
    0.0002631782376350029
  ],
  [
    1592006400000,
    0.0002983244681491902
  ],
  [
    1592092800000,
    0.00030133440497529874
  ],
  [
    1592179200000,
    0.0002922661941514397
  ],
  [
    1592265600000,
    0.00027021135391362027
  ],
  [
    1592352000000,
    0.00026777761334920527
  ],
  [
    1592438400000,
    0.0002663485770750409
  ],
  [
    1592524800000,
    0.0002644570946392806
  ],
  [
    1592611200000,
    0.0002615478864950942
  ],
  [
    1592697600000,
    0.00026348924162604886
  ],
  [
    1592784000000,
    0.00026394417078921595
  ],
  [
    1592870400000,
    0.00026556767382299856
  ],
  [
    1592956800000,
    0.00026596486730722196
  ],
  [
    1593043200000,
    0.000262588610383384
  ],
  [
    1593129600000,
    0.0002625208336929984
  ],
  [
    1593216000000,
    0.0002607538698032255
  ],
  [
    1593302400000,
    0.00025988948852022017
  ],
  [
    1593388800000,
    0.00026120119208924487
  ],
  [
    1593475200000,
    0.0002567550972211532
  ],
  [
    1593561600000,
    0.00025587571783598675
  ],
  [
    1593648000000,
    0.00025614386550791807
  ],
  [
    1593734400000,
    0.00025631902845129386
  ],
  [
    1593820800000,
    0.0002556919146363202
  ],
  [
    1593907200000,
    0.00025985743508552544
  ],
  [
    1593993600000,
    0.0002578697891147018
  ],
  [
    1594080000000,
    0.00025648826481630677
  ],
  [
    1594166400000,
    0.00025680484709855126
  ],
  [
    1594252800000,
    0.0002619725754133344
  ],
  [
    1594339200000,
    0.00026191686035102854
  ],
  [
    1594425600000,
    0.0002615843285401161
  ],
  [
    1594512000000,
    0.00026562431733612136
  ],
  [
    1594598400000,
    0.00026696886619205674
  ],
  [
    1594684800000,
    0.0002645905604876847
  ],
  [
    1594771200000,
    0.0002665680978077889
  ],
  [
    1594857600000,
    0.0002670509184919004
  ],
  [
    1594944000000,
    0.00025933469491061257
  ],
  [
    1595030400000,
    0.00025834987321165154
  ],
  [
    1595116800000,
    0.00025651209122054406
  ],
  [
    1595203200000,
    0.0002571359310390102
  ],
  [
    1595289600000,
    0.0002558793926182613
  ],
  [
    1595376000000,
    0.000256069215082806
  ],
  [
    1595462400000,
    0.00025865772295360077
  ],
  [
    1595548800000,
    0.00025865900933569303
  ],
  [
    1595635200000,
    0.00025582837418604125
  ],
  [
    1595721600000,
    0.0002505331869375905
  ],
  [
    1595808000000,
    0.0002466723265485008
  ],
  [
    1595894400000,
    0.00024699705417659295
  ],
  [
    1595980800000,
    0.000251934554685089
  ],
  [
    1596067200000,
    0.00025181030377440953
  ],
  [
    1596153600000,
    0.00025146125507325383
  ],
  [
    1596240000000,
    0.00023714091619472238
  ],
  [
    1596326400000,
    0.00023902079453505363
  ],
  [
    1596412800000,
    0.00024098389403945277
  ],
  [
    1596499200000,
    0.00023950445453028795
  ],
  [
    1596585600000,
    0.00023970740846988885
  ],
  [
    1596672000000,
    0.00024068754456110165
  ],
  [
    1596758400000,
    0.0002399087975309528
  ],
  [
    1596844800000,
    0.00023694704783892932
  ],
  [
    1596931200000,
    0.00023734373131816238
  ],
  [
    1597017600000,
    0.00023817358704319799
  ],
  [
    1597104000000,
    0.00023743852839384867
  ],
  [
    1597190400000,
    0.00023933237225483303
  ],
  [
    1597276800000,
    0.00024676452764641366
  ],
  [
    1597363200000,
    0.0002507076333142462
  ],
  [
    1597449600000,
    0.0002498157940889106
  ],
  [
    1597536000000,
    0.00025663563100956465
  ],
  [
    1597622400000,
    0.0002672187625283581
  ],
  [
    1597708800000,
    0.00028820722310787843
  ],
  [
    1597795200000,
    0.00027920708037077163
  ],
  [
    1597881600000,
    0.0002602852982171166
  ],
  [
    1597968000000,
    0.00025612874670890185
  ],
  [
    1598054400000,
    0.0002662184900791914
  ],
  [
    1598140800000,
    0.00025777772385120407
  ],
  [
    1598227200000,
    0.00025918096267720225
  ],
  [
    1598313600000,
    0.0002564369726791553
  ],
  [
    1598400000000,
    0.0002543397996169382
  ],
  [
    1598486400000,
    0.0002571170978389557
  ],
  [
    1598572800000,
    0.00025535647493128206
  ],
  [
    1598659200000,
    0.00025575298220494914
  ],
  [
    1598745600000,
    0.00025555695594941527
  ],
  [
    1598832000000,
    0.0002554486559429206
  ],
  [
    1598918400000,
    0.00025611902382175936
  ],
  [
    1599004800000,
    0.000260026270356623
  ],
  [
    1599091200000,
    0.0002591979367794271
  ],
  [
    1599177600000,
    0.0002522472978873445
  ],
  [
    1599264000000,
    0.00024933306901889885
  ],
  [
    1599350400000,
    0.00023105978802815002
  ],
  [
    1599436800000,
    0.0002333861513056445
  ],
  [
    1599523200000,
    0.00022842397419571268
  ],
  [
    1599609600000,
    0.00022448444641569388
  ],
  [
    1599696000000,
    0.00022488823256470913
  ],
  [
    1599782400000,
    0.00022597794883475776
  ],
  [
    1599868800000,
    0.00022485955741624678
  ],
  [
    1599955200000,
    0.00022890635698425018
  ],
  [
    1600041600000,
    0.00022446069684519857
  ],
  [
    1600128000000,
    0.0002256216830673306
  ],
  [
    1600214400000,
    0.00022560883563593238
  ],
  [
    1600300800000,
    0.00020267016557220342
  ],
  [
    1600387200000,
    0.00010922293257501601
  ],
  [
    1600473600000,
    0.00022550949271108356
  ],
  [
    1600560000000,
    0.0002257912165297148
  ],
  [
    1600646400000,
    0.00022409241479028145
  ],
  [
    1600732800000,
    0.0002234525685266981
  ],
  [
    1600819200000,
    0.00023004769075939151
  ],
  [
    1600905600000,
    0.00022822820842017473
  ],
  [
    1600992000000,
    0.0002106332458536685
  ],
  [
    1601078400000,
    0.00020996492822604606
  ],
  [
    1601164800000,
    0.0002213537542734367
  ],
  [
    1601251200000,
    0.00022156381274292337
  ],
  [
    1601337600000,
    0.0002200221339931873
  ],
  [
    1601424000000,
    0.00021831337333599036
  ],
  [
    1601510400000,
    0.00022020043182979394
  ],
  [
    1601596800000,
    0.0002193127100951752
  ],
  [
    1601683200000,
    0.0002204023369550002
  ],
  [
    1601769600000,
    0.0002201780402621127
  ],
  [
    1601856000000,
    0.0002171176762719662
  ],
  [
    1601942400000,
    0.00021401911884351137
  ],
  [
    1602028800000,
    0.00021626304052658698
  ],
  [
    1602115200000,
    0.00021269462564590987
  ],
  [
    1602201600000,
    0.00021220457420762927
  ],
  [
    1602288000000,
    0.00021691484173304244
  ],
  [
    1602374400000,
    0.00021481019867712777
  ],
  [
    1602460800000,
    0.00021786664958420326
  ],
  [
    1602547200000,
    0.0002180003174199035
  ],
  [
    1602633600000,
    0.00020921005781915315
  ],
  [
    1602720000000,
    0.00021229030252534512
  ],
  [
    1602806400000,
    0.00020798446364049888
  ],
  [
    1602892800000,
    0.0001818501997234317
  ],
  [
    1602979200000,
    0.00018311087402206165
  ],
  [
    1603065600000,
    0.00018318640128757148
  ],
  [
    1603152000000,
    0.0001762079410219194
  ],
  [
    1603238400000,
    0.00017607387859466738
  ],
  [
    1603324800000,
    0.00017789252097780012
  ],
  [
    1603411200000,
    0.00017768888026828994
  ],
  [
    1603497600000,
    0.00017763494063524672
  ],
  [
    1603584000000,
    0.00017688554557115655
  ],
  [
    1603670400000,
    0.00017569387499185955
  ],
  [
    1603756800000,
    0.00017704104227415248
  ],
  [
    1603843200000,
    0.00017325242328083002
  ],
  [
    1603929600000,
    0.0001716729093627807
  ],
  [
    1604016000000,
    0.00017365793750999205
  ],
  [
    1604102400000,
    0.00014221931831345563
  ],
  [
    1604188800000,
    0.00015320187649857676
  ],
  [
    1604275200000,
    0.0001221362088395115
  ],
  [
    1604361600000,
    0.00012387393078107877
  ],
  [
    1604448000000,
    0.00012268657484384142
  ],
  [
    1604534400000,
    0.00012256718982127612
  ],
  [
    1604620800000,
    0.00012072301974344896
  ],
  [
    1604707200000,
    0.00010572792670089609
  ],
  [
    1604793600000,
    0.0000859213867160323
  ],
  [
    1604880000000,
    0.00008730859526729575
  ],
  [
    1604966400000,
    0.00011207317882907418
  ],
  [
    1605052800000,
    0.00011247424377740777
  ],
  [
    1605139200000,
    0.00011231701869157326
  ],
  [
    1605225600000,
    0.00011350619994055693
  ],
  [
    1605312000000,
    0.00011088119996203408
  ],
  [
    1605398400000,
    0.00011211624650053368
  ],
  [
    1605484800000,
    0.00011136042142804444
  ],
  [
    1605571200000,
    0.000110508005249812
  ],
  [
    1605657600000,
    0.00011237783325628554
  ],
  [
    1605744000000,
    0.000111355539437678
  ],
  [
    1605830400000,
    0.00011101477157873784
  ],
  [
    1605916800000,
    0.00011116604739123842
  ],
  [
    1606003200000,
    0.00011113181916789282
  ],
  [
    1606089600000,
    0.00011091666656217395
  ],
  [
    1606176000000,
    0.00011098058460913128
  ],
  [
    1606262400000,
    0.00011229417495915516
  ],
  [
    1606348800000,
    0.00011421663112838654
  ],
  [
    1606435200000,
    0.00011201967537932153
  ],
  [
    1606521600000,
    0.00011288519469060178
  ],
  [
    1606608000000,
    0.00011287770707281462
  ],
  [
    1606694400000,
    0.00011297952756275775
  ],
  [
    1606780800000,
    0.0001136407415003282
  ],
  [
    1606867200000,
    0.00011455348333091739
  ],
  [
    1606953600000,
    0.00011432598455573664
  ],
  [
    1607040000000,
    0.00011473386775496261
  ],
  [
    1607126400000,
    0.00011510035535330834
  ],
  [
    1607212800000,
    0.00011587403533081722
  ],
  [
    1607299200000,
    0.00011378967615058492
  ],
  [
    1607385600000,
    0.00011380520428021488
  ],
  [
    1607472000000,
    0.00011283508694453339
  ],
  [
    1607558400000,
    0.00011434754775070205
  ],
  [
    1607644800000,
    0.00011449026022792006
  ],
  [
    1607731200000,
    0.00011425629865877924
  ],
  [
    1607817600000,
    0.00011533879020255493
  ],
  [
    1607904000000,
    0.000116183307440985
  ],
  [
    1607990400000,
    0.00011474610994040409
  ],
  [
    1608076800000,
    0.00011357966598116342
  ],
  [
    1608163200000,
    0.00011354267323973957
  ],
  [
    1608249600000,
    0.00011546741460769103
  ],
  [
    1608336000000,
    0.00011213972970018545
  ],
  [
    1608422400000,
    0.00011225038552743047
  ],
  [
    1608508800000,
    0.00011328333558072226
  ],
  [
    1608595200000,
    0.00011212722170277503
  ],
  [
    1608681600000,
    0.00011158717399632906
  ],
  [
    1608768000000,
    0.0001102237644544381
  ],
  [
    1608854400000,
    0.00011015303134794776
  ],
  [
    1608940800000,
    0.0001102313157917903
  ],
  [
    1609027200000,
    0.00011019398904955128
  ],
  [
    1609113600000,
    0.00011013946301801885
  ],
  [
    1609200000000,
    0.00011029923603546611
  ],
  [
    1609286400000,
    0.00010954572256014274
  ],
  [
    1609372800000,
    0.00010999912828162159
  ],
  [
    1609459200000,
    0.0001088227946002613
  ],
  [
    1609545600000,
    0.00010958273743410705
  ],
  [
    1609632000000,
    0.00010740795816146338
  ],
  [
    1609718400000,
    0.00010842229105845608
  ],
  [
    1609804800000,
    0.00010632446398407782
  ],
  [
    1609891200000,
    0.00010776559314219395
  ],
  [
    1609977600000,
    0.00010636457093223229
  ],
  [
    1610064000000,
    0.00010799130886895086
  ],
  [
    1610150400000,
    0.00010099173429028662
  ],
  [
    1610236800000,
    0.00009898301340947897
  ],
  [
    1610323200000,
    0.00010366775047091894
  ],
  [
    1610409600000,
    0.00010184985299374453
  ],
  [
    1610496000000,
    0.00010238669763677023
  ],
  [
    1610582400000,
    0.00010201288680966231
  ],
  [
    1610668800000,
    0.00010071420626918985
  ],
  [
    1610755200000,
    0.00010159628577164511
  ],
  [
    1610841600000,
    0.00010078440467348694
  ],
  [
    1610928000000,
    0.00009897535543856227
  ],
  [
    1611014400000,
    0.00009963715292723498
  ],
  [
    1611100800000,
    0.00009783841120753368
  ],
  [
    1611187200000,
    0.00009719881223461174
  ],
  [
    1611273600000,
    0.00009754641102017169
  ],
  [
    1611360000000,
    0.0000969992664338674
  ],
  [
    1611446400000,
    0.0000976544401430231
  ],
  [
    1611532800000,
    0.0000973549880308988
  ],
  [
    1611619200000,
    0.00009729604852194616
  ],
  [
    1611705600000,
    0.00009289362680496223
  ],
  [
    1611792000000,
    0.00009494041755361965
  ],
  [
    1611878400000,
    0.00009464118870148726
  ],
  [
    1611964800000,
    0.00010693856903804979
  ],
  [
    1612051200000,
    0.00010548196344960612
  ],
  [
    1612137600000,
    0.00010685999336200871
  ],
  [
    1612224000000,
    0.00010350012827245345
  ],
  [
    1612310400000,
    0.00010282409600000884
  ],
  [
    1612396800000,
    0.000103537082826119
  ],
  [
    1612483200000,
    0.00010355763205539934
  ],
  [
    1612569600000,
    0.00010230867863042128
  ],
  [
    1612656000000,
    0.0001040752014635245
  ],
  [
    1612742400000,
    0.00010382647196810596
  ],
  [
    1612828800000,
    0.00010213314951892515
  ],
  [
    1612915200000,
    0.00010380450760117051
  ],
  [
    1613001600000,
    0.00010257395990616071
  ],
  [
    1613088000000,
    0.00010588204741149393
  ],
  [
    1613174400000,
    0.00010983916793414192
  ],
  [
    1613260800000,
    0.00011351365731229277
  ],
  [
    1613347200000,
    0.00011486458667896663
  ],
  [
    1613433600000,
    0.00011062975936802498
  ],
  [
    1613520000000,
    0.00011015297676292724
  ],
  [
    1613606400000,
    0.00010963738211108733
  ],
  [
    1613692800000,
    0.00011092394418246505
  ],
  [
    1613779200000,
    0.00011109113462509201
  ],
  [
    1613865600000,
    0.00011150206138231662
  ],
  [
    1613952000000,
    0.00011470542825193051
  ],
  [
    1614038400000,
    0.00011497878027712343
  ],
  [
    1614124800000,
    0.00011332745413082787
  ],
  [
    1614211200000,
    0.00011290763211821722
  ],
  [
    1614297600000,
    0.00011238672237646431
  ],
  [
    1614384000000,
    0.00011151427786679133
  ],
  [
    1614470400000,
    0.00011156454178679267
  ],
  [
    1614556800000,
    0.00011008869294906906
  ],
  [
    1614643200000,
    0.00011151819166801941
  ],
  [
    1614729600000,
    0.00011254007298932597
  ],
  [
    1614816000000,
    0.00011153548871473874
  ],
  [
    1614902400000,
    0.00011159741360169098
  ],
  [
    1614988800000,
    0.0001124025777005608
  ],
  [
    1615075200000,
    0.00011611756986752998
  ],
  [
    1615161600000,
    0.00011733893164046533
  ],
  [
    1615248000000,
    0.00011539533502480623
  ],
  [
    1615334400000,
    0.00011652677660976329
  ],
  [
    1615420800000,
    0.00011633944561121242
  ],
  [
    1615507200000,
    0.00011691291003836466
  ],
  [
    1615593600000,
    0.00011578457721081409
  ],
  [
    1615680000000,
    0.0001165404879927773
  ],
  [
    1615766400000,
    0.00011768401388873636
  ],
  [
    1615852800000,
    0.000118646076021959
  ],
  [
    1615939200000,
    0.0001167946717724007
  ],
  [
    1616025600000,
    0.00012152496566760958
  ],
  [
    1616112000000,
    0.00012033078446038102
  ],
  [
    1616198400000,
    0.000123271282937461
  ],
  [
    1616284800000,
    0.00012689132878644055
  ],
  [
    1616371200000,
    0.00014574113688121392
  ],
  [
    1616457600000,
    0.00015298704684708135
  ],
  [
    1616544000000,
    0.00015660629681633244
  ],
  [
    1616630400000,
    0.0001853354402880108
  ],
  [
    1616716800000,
    0.00018581624309177376
  ],
  [
    1616803200000,
    0.00017205546697428593
  ],
  [
    1616889600000,
    0.00015094989968882495
  ],
  [
    1616976000000,
    0.00015256612772525174
  ],
  [
    1617062400000,
    0.0001524248580552703
  ],
  [
    1617148800000,
    0.0001526822612554804
  ],
  [
    1617235200000,
    0.00015207673772805436
  ],
  [
    1617321600000,
    0.00015342500529613043
  ],
  [
    1617408000000,
    0.00015677596489035737
  ],
  [
    1617494400000,
    0.0001566489558791986
  ],
  [
    1617580800000,
    0.00015626501430216535
  ],
  [
    1617667200000,
    0.00015571731567224427
  ],
  [
    1617753600000,
    0.00015830454825876413
  ],
  [
    1617840000000,
    0.00015405675760268302
  ],
  [
    1617926400000,
    0.00015209951787196807
  ],
  [
    1618012800000,
    0.0001505755990039224
  ],
  [
    1618099200000,
    0.00015431940266203627
  ],
  [
    1618185600000,
    0.00015809607274132876
  ],
  [
    1618272000000,
    0.000154945233645144
  ],
  [
    1618358400000,
    0.00019904599543701238
  ],
  [
    1618444800000,
    0.00029265967747673337
  ],
  [
    1618531200000,
    0.00025013474703279684
  ],
  [
    1618617600000,
    0.0002493335614658954
  ],
  [
    1618704000000,
    0.00026154429789705154
  ],
  [
    1618790400000,
    0.0002447104275263462
  ],
  [
    1618876800000,
    0.00023881083396564434
  ],
  [
    1618963200000,
    0.0002401841924220236
  ],
  [
    1619049600000,
    0.00021816487800563897
  ],
  [
    1619136000000,
    0.00021386821257659774
  ],
  [
    1619222400000,
    0.00017394923896131613
  ],
  [
    1619308800000,
    0.00017275044416756855
  ],
  [
    1619395200000,
    0.0001733289652084245
  ],
  [
    1619481600000,
    0.0001723127475564591
  ],
  [
    1619568000000,
    0.00017362699601001139
  ],
  [
    1619654400000,
    0.00017534158126115537
  ],
  [
    1619740800000,
    0.00017420249063065357
  ],
  [
    1619827200000,
    0.00017936099213987882
  ],
  [
    1619913600000,
    0.00017635329396053015
  ],
  [
    1620000000000,
    0.0001675422192899849
  ],
  [
    1620086400000,
    0.00017533221733616067
  ],
  [
    1620172800000,
    0.000177118035100338
  ],
  [
    1620259200000,
    0.00018520977066970235
  ],
  [
    1620345600000,
    0.0001886917216013168
  ],
  [
    1620432000000,
    0.00020340722695859765
  ],
  [
    1620518400000,
    0.0002504707122479536
  ],
  [
    1620604800000,
    0.0003633788023528476
  ],
  [
    1620691200000,
    0.000307641721174639
  ],
  [
    1620777600000,
    0.0003098136588075152
  ],
  [
    1620864000000,
    0.00027887120317694687
  ],
  [
    1620950400000,
    0.0002495584558796777
  ],
  [
    1621036800000,
    0.0002801689155195753
  ],
  [
    1621123200000,
    0.00026384296629050467
  ],
  [
    1621209600000,
    0.00024527977611691167
  ],
  [
    1621296000000,
    0.00022816719923753049
  ],
  [
    1621382400000,
    0.00022507727093848133
  ],
  [
    1621468800000,
    0.00018932167598493984
  ],
  [
    1621555200000,
    0.0001916388660418008
  ],
  [
    1621641600000,
    0.0001784966702662348
  ],
  [
    1621728000000,
    0.00017167809195288845
  ],
  [
    1621814400000,
    0.0001621123634937185
  ],
  [
    1621900800000,
    0.00016580770864973052
  ],
  [
    1621987200000,
    0.00016583572296678312
  ],
  [
    1622073600000,
    0.00016464097484079527
  ],
  [
    1622160000000,
    0.00016354990255487367
  ],
  [
    1622246400000,
    0.0001660082872180157
  ],
  [
    1622332800000,
    0.00016030297991951895
  ],
  [
    1622419200000,
    0.00016139453849226207
  ],
  [
    1622505600000,
    0.0001589267448325361
  ],
  [
    1622592000000,
    0.00015976620410759933
  ],
  [
    1622678400000,
    0.00016380100909874442
  ],
  [
    1622764800000,
    0.00016469889404510324
  ],
  [
    1622851200000,
    0.00016160028648533667
  ],
  [
    1622937600000,
    0.00016357863663176496
  ],
  [
    1623024000000,
    0.00016363860482131385
  ],
  [
    1623110400000,
    0.0001642535818763269
  ],
  [
    1623196800000,
    0.00016244326264751687
  ],
  [
    1623283200000,
    0.00016050564435336572
  ],
  [
    1623369600000,
    0.00015927827656153027
  ],
  [
    1623456000000,
    0.00015967433921032642
  ],
  [
    1623542400000,
    0.00016054843190684375
  ],
  [
    1623628800000,
    0.00016059310260209143
  ],
  [
    1623715200000,
    0.00016102071607575834
  ],
  [
    1623801600000,
    0.00016287372441335426
  ],
  [
    1623888000000,
    0.00016186545876026848
  ],
  [
    1623974400000,
    0.00016169340723739807
  ],
  [
    1624060800000,
    0.00016119206614229853
  ],
  [
    1624147200000,
    0.00016101634874600193
  ],
  [
    1624233600000,
    0.0001600260988099899
  ],
  [
    1624320000000,
    0.00015720331671102643
  ],
  [
    1624406400000,
    0.00015654810971995437
  ],
  [
    1624492800000,
    0.00015952218703690272
  ],
  [
    1624579200000,
    0.0001575870543006123
  ],
  [
    1624665600000,
    0.00015800538508628078
  ],
  [
    1624752000000,
    0.00015831079568976868
  ],
  [
    1624838400000,
    0.00015710082260014685
  ],
  [
    1624924800000,
    0.00015708083290515176
  ],
  [
    1625011200000,
    0.00015618912022705107
  ],
  [
    1625097600000,
    0.00015716932514869974
  ],
  [
    1625184000000,
    0.00015684575114317345
  ],
  [
    1625270400000,
    0.00015797110635856475
  ],
  [
    1625356800000,
    0.0001574179707360515
  ],
  [
    1625443200000,
    0.0001561055776340678
  ],
  [
    1625529600000,
    0.0001563872463084667
  ],
  [
    1625616000000,
    0.00015638312652242696
  ],
  [
    1625702400000,
    0.00015728991902900908
  ],
  [
    1625788800000,
    0.00015788582509672995
  ],
  [
    1625875200000,
    0.00016248078253469097
  ],
  [
    1625961600000,
    0.0001623834296107683
  ],
  [
    1626048000000,
    0.00016274521316191114
  ],
  [
    1626134400000,
    0.00016303482385275644
  ],
  [
    1626220800000,
    0.00015539696692756582
  ],
  [
    1626307200000,
    0.00015248181645114155
  ],
  [
    1626393600000,
    0.00014297914995510468
  ],
  [
    1626480000000,
    0.00014320534876910836
  ],
  [
    1626566400000,
    0.00014206099181295585
  ],
  [
    1626652800000,
    0.0001430296865674765
  ],
  [
    1626739200000,
    0.00014182172719563925
  ],
  [
    1626825600000,
    0.00013664933569345144
  ],
  [
    1626912000000,
    0.0001360900820606696
  ],
  [
    1626998400000,
    0.00013563419493596883
  ],
  [
    1627084800000,
    0.0001367058966770254
  ],
  [
    1627171200000,
    0.00013612305785194772
  ],
  [
    1627257600000,
    0.00013717514509221376
  ],
  [
    1627344000000,
    0.00013436041834607583
  ],
  [
    1627430400000,
    0.00013108604872524615
  ],
  [
    1627516800000,
    0.00013238366273212877
  ],
  [
    1627603200000,
    0.00012626233533334817
  ],
  [
    1627689600000,
    0.00012449446669929702
  ],
  [
    1627776000000,
    0.00012606326046579733
  ],
  [
    1627862400000,
    0.00012794141517070943
  ],
  [
    1627948800000,
    0.00012510596783304643
  ],
  [
    1628035200000,
    0.00012751271674808643
  ],
  [
    1628121600000,
    0.00012586690378039528
  ],
  [
    1628208000000,
    0.00012688592153214628
  ],
  [
    1628294400000,
    0.00012748382378428207
  ],
  [
    1628380800000,
    0.00012619620419768556
  ],
  [
    1628467200000,
    0.00012648237586591023
  ],
  [
    1628553600000,
    0.00012680809331453121
  ],
  [
    1628640000000,
    0.0001267851817091872
  ],
  [
    1628726400000,
    0.00012463055229347257
  ],
  [
    1628812800000,
    0.0001246373538329258
  ],
  [
    1628899200000,
    0.00012482001069823309
  ],
  [
    1628985600000,
    0.00012567835234016317
  ],
  [
    1629072000000,
    0.000126559790308306
  ],
  [
    1629158400000,
    0.0001254459355884068
  ],
  [
    1629244800000,
    0.00012552064108790241
  ],
  [
    1629331200000,
    0.00012613381369394925
  ],
  [
    1629417600000,
    0.00012264381783925633
  ],
  [
    1629504000000,
    0.00012146694654318977
  ],
  [
    1629590400000,
    0.0001204184868089514
  ],
  [
    1629676800000,
    0.00011966862954963442
  ],
  [
    1629763200000,
    0.00012062655951619459
  ],
  [
    1629849600000,
    0.00011603515424643923
  ],
  [
    1629936000000,
    0.00011501180661648378
  ],
  [
    1630022400000,
    0.00011528793233558717
  ],
  [
    1630108800000,
    0.00011509006392455288
  ],
  [
    1630195200000,
    0.00011506907454401856
  ],
  [
    1630281600000,
    0.00011607313431202068
  ],
  [
    1630368000000,
    0.0001120125805758412
  ],
  [
    1630454400000,
    0.00011161405207129948
  ],
  [
    1630540800000,
    0.00011349660473137545
  ],
  [
    1630627200000,
    0.00011351275106887324
  ]
]