[
  [
    1620777600000,
    2183340.3912780825
  ],
  [
    1620864000000,
    2183340.3912780825
  ],
  [
    1620950400000,
    943859.3793302618
  ],
  [
    1621036800000,
    700561.3588783903
  ],
  [
    1621123200000,
    471340.12375870446
  ],
  [
    1621209600000,
    186415.03180646704
  ],
  [
    1621296000000,
    179442.36414588484
  ],
  [
    1621382400000,
    0
  ],
  [
    1621468800000,
    65267.784865707086
  ],
  [
    1621555200000,
    29998.41663158453
  ],
  [
    1621641600000,
    32961.82963685969
  ],
  [
    1621728000000,
    30286.100836094713
  ],
  [
    1621814400000,
    16648.41790028215
  ],
  [
    1621900800000,
    20042.26244348334
  ],
  [
    1621987200000,
    15438.860983696011
  ],
  [
    1622073600000,
    18054.332720073366
  ],
  [
    1622160000000,
    3800.8016918742255
  ],
  [
    1622246400000,
    14362.87476692454
  ],
  [
    1622332800000,
    4420.848595462024
  ],
  [
    1622419200000,
    4942.426231019211
  ],
  [
    1622505600000,
    6201.305246567615
  ],
  [
    1622592000000,
    5792.5647817368945
  ],
  [
    1622678400000,
    8765.018524374567
  ],
  [
    1622764800000,
    20307.629742739588
  ],
  [
    1622851200000,
    6034.779655114493
  ],
  [
    1622937600000,
    39757.30925344129
  ],
  [
    1623024000000,
    34865.36680819272
  ],
  [
    1623110400000,
    41486.47476407502
  ],
  [
    1623196800000,
    24797.009235364054
  ],
  [
    1623283200000,
    31709.63628115046
  ],
  [
    1623369600000,
    28485.78423219998
  ],
  [
    1623456000000,
    14845.568067851145
  ],
  [
    1623542400000,
    67347.822797353
  ],
  [
    1623628800000,
    57659.16880972107
  ],
  [
    1623715200000,
    36086.53185219145
  ],
  [
    1623801600000,
    49284.34255213568
  ],
  [
    1623888000000,
    32588.417688414687
  ],
  [
    1623974400000,
    3183.164430119326
  ],
  [
    1624060800000,
    23019.483346831094
  ],
  [
    1624147200000,
    23660.476971894306
  ],
  [
    1624233600000,
    17423.357459299288
  ],
  [
    1624320000000,
    19743.553243103757
  ],
  [
    1624406400000,
    21246.884513222278
  ],
  [
    1624492800000,
    24973.282914308646
  ],
  [
    1624579200000,
    18045.52672468328
  ],
  [
    1624665600000,
    12575.057371887278
  ],
  [
    1624752000000,
    9433.329870261243
  ],
  [
    1624838400000,
    15418.92176826229
  ],
  [
    1624924800000,
    28691.39958757569
  ],
  [
    1625011200000,
    35426.011271009294
  ],
  [
    1625097600000,
    17744.881325610582
  ],
  [
    1625184000000,
    24866.318372114798
  ],
  [
    1625270400000,
    23714.31067239769
  ],
  [
    1625356800000,
    25210.028327076143
  ],
  [
    1625443200000,
    23089.489590033965
  ],
  [
    1625529600000,
    24423.861291295183
  ],
  [
    1625616000000,
    24091.567589150844
  ],
  [
    1625702400000,
    28034.96310461137
  ],
  [
    1625788800000,
    18821.51038513975
  ],
  [
    1625875200000,
    20721.256732614376
  ],
  [
    1625961600000,
    33921.365316354844
  ],
  [
    1626048000000,
    19399.01548578296
  ],
  [
    1626134400000,
    29030.58767477952
  ],
  [
    1626220800000,
    26671.050909597205
  ],
  [
    1626307200000,
    24641.178409627653
  ],
  [
    1626393600000,
    23570.547598157667
  ],
  [
    1626480000000,
    21005.73753441174
  ],
  [
    1626566400000,
    3944.4577788665856
  ],
  [
    1626652800000,
    19161.546327714357
  ],
  [
    1626739200000,
    20143.031619567235
  ],
  [
    1626825600000,
    16680.261360992616
  ],
  [
    1626912000000,
    17115.177139905052
  ],
  [
    1626998400000,
    20585.168160546164
  ],
  [
    1627084800000,
    17869.887301471317
  ],
  [
    1627171200000,
    16746.43984133234
  ],
  [
    1627257600000,
    8066.958298146486
  ],
  [
    1627344000000,
    9929.084545960002
  ],
  [
    1627430400000,
    14545.955740757297
  ],
  [
    1627516800000,
    17214.766977153082
  ],
  [
    1627603200000,
    20748.46489527358
  ],
  [
    1627689600000,
    21585.405227016097
  ],
  [
    1627776000000,
    14676.219791747752
  ],
  [
    1627862400000,
    19998.05702257022
  ],
  [
    1627948800000,
    16869.77065294344
  ],
  [
    1628035200000,
    18074.669750779383
  ],
  [
    1628121600000,
    15226.997848202405
  ],
  [
    1628208000000,
    16271.70155801024
  ],
  [
    1628294400000,
    16456.616021276506
  ],
  [
    1628380800000,
    15537.06061183632
  ],
  [
    1628467200000,
    14243.731071448032
  ],
  [
    1628553600000,
    14225.402068551826
  ],
  [
    1628640000000,
    10285.616111052806
  ],
  [
    1628726400000,
    14378.865043021558
  ],
  [
    1628812800000,
    18220.26401594127
  ],
  [
    1628899200000,
    7503.4526986116925
  ],
  [
    1628985600000,
    9543.443682744106
  ],
  [
    1629072000000,
    15270.129868293829
  ],
  [
    1629158400000,
    3579.28427554371
  ],
  [
    1629244800000,
    13905.730619629032
  ],
  [
    1629331200000,
    8782.842663942836
  ],
  [
    1629417600000,
    11886.391724317145
  ],
  [
    1629504000000,
    14864.624262154659
  ],
  [
    1629590400000,
    13898.487586563264
  ],
  [
    1629676800000,
    11325.108029739755
  ],
  [
    1629763200000,
    17802.725332741884
  ],
  [
    1629849600000,
    19989.585062563616
  ],
  [
    1629936000000,
    18047.38409088062
  ],
  [
    1630022400000,
    39313.46500661554
  ],
  [
    1630108800000,
    38844.813909104894
  ],
  [
    1630195200000,
    39087.84094049459
  ],
  [
    1630281600000,
    34206.91600267188
  ],
  [
    1630368000000,
    30124.11983487234
  ],
  [
    1630454400000,
    29401.048490248962
  ],
  [
    1630540800000,
    14531.559722396409
  ],
  [
    1630627200000,
    15546.69346114439
  ]
]