[
  [
    1620000000000,
    404.0707068464112
  ],
  [
    1620086400000,
    404.0707068464112
  ],
  [
    1620172800000,
    396.6124573415229
  ],
  [
    1620259200000,
    404.50479863988807
  ],
  [
    1620345600000,
    414.39002610853555
  ],
  [
    1620432000000,
    414.39002610853555
  ],
  [
    1620518400000,
    421.2773868043734
  ],
  [
    1620604800000,
    413.0250327011284
  ],
  [
    1620691200000,
    419.4391473430718
  ],
  [
    1620777600000,
    394.54505452624585
  ],
  [
    1620864000000,
    382.9964267430769
  ],
  [
    1620950400000,
    408.8635519385172
  ],
  [
    1621036800000,
    399.2180380934095
  ],
  [
    1621123200000,
    389.12503238770046
  ],
  [
    1621209600000,
    397.6468599919976
  ],
  [
    1621296000000,
    365.0258923289361
  ],
  [
    1621382400000,
    177.3900680066469
  ],
  [
    1621468800000,
    342.5897918957601
  ],
  [
    1621555200000,
    369.81606728253666
  ],
  [
    1621641600000,
    393.23101773807264
  ],
  [
    1621728000000,
    407.2923371299425
  ],
  [
    1621814400000,
    390.23548746251254
  ],
  [
    1621900800000,
    406.0318074751536
  ],
  [
    1624233600000,
    409.2022988523758
  ],
  [
    1624320000000,
    409.2022988523758
  ],
  [
    1624406400000,
    410.9710700353844
  ],
  [
    1624492800000,
    411.99877008584014
  ],
  [
    1624579200000,
    410.18289704506134
  ],
  [
    1624665600000,
    411.54553354593764
  ],
  [
    1624752000000,
    410.5465670055908
  ],
  [
    1624838400000,
    409.5433092298311
  ],
  [
    1624924800000,
    410.2508640303686
  ],
  [
    1625011200000,
    408.7081503666492
  ],
  [
    1625097600000,
    410.2928885526919
  ],
  [
    1625184000000,
    410.530741255419
  ],
  [
    1625270400000,
    410.92321914832564
  ],
  [
    1625356800000,
    409.47821294357635
  ],
  [
    1625443200000,
    402.2134243969914
  ],
  [
    1625529600000,
    403.55805142948
  ],
  [
    1625616000000,
    403.2832265915998
  ],
  [
    1625702400000,
    402.6406785902688
  ],
  [
    1625788800000,
    403.4277333045163
  ],
  [
    1625875200000,
    409.0665046651409
  ],
  [
    1625961600000,
    404.81999184582907
  ],
  [
    1626048000000,
    402.3351262246346
  ],
  [
    1626134400000,
    403.66785048128946
  ],
  [
    1626220800000,
    400.52793292159737
  ],
  [
    1626307200000,
    401.09191016027785
  ],
  [
    1626393600000,
    404.35272272230793
  ],
  [
    1626480000000,
    402.7111122873866
  ],
  [
    1626566400000,
    428.3329951443873
  ],
  [
    1626652800000,
    406.9131212029583
  ],
  [
    1626739200000,
    422.23032073930636
  ],
  [
    1626825600000,
    406.2783662583001
  ],
  [
    1626912000000,
    400.48716731557226
  ],
  [
    1626998400000,
    399.5577927080887
  ],
  [
    1627084800000,
    397.4086160509571
  ],
  [
    1627171200000,
    399.0807924812911
  ],
  [
    1627257600000,
    399.1402205841928
  ],
  [
    1627344000000,
    405.3657932949334
  ],
  [
    1627430400000,
    431.6539437619452
  ],
  [
    1627516800000,
    445.9841490931317
  ],
  [
    1627603200000,
    443.78966358822123
  ],
  [
    1627689600000,
    403.1391889490235
  ],
  [
    1627776000000,
    407.3538316857227
  ],
  [
    1627862400000,
    391.50276358985974
  ],
  [
    1627948800000,
    399.6892913280954
  ],
  [
    1628035200000,
    402.71826839901996
  ],
  [
    1628121600000,
    401.96177739740546
  ],
  [
    1628208000000,
    402.0854816333609
  ],
  [
    1628294400000,
    402.51761912195167
  ],
  [
    1628380800000,
    403.1010511275946
  ],
  [
    1628467200000,
    403.4723688854225
  ],
  [
    1628553600000,
    401.1748256987077
  ],
  [
    1628640000000,
    401.2238753218639
  ],
  [
    1628726400000,
    398.44192383577473
  ],
  [
    1628812800000,
    402.0903921692548
  ],
  [
    1628899200000,
    401.34728360372543
  ],
  [
    1628985600000,
    400.4198492707851
  ],
  [
    1629072000000,
    402.1522320628263
  ],
  [
    1629158400000,
    403.03744901170876
  ],
  [
    1629244800000,
    399.8622623005736
  ],
  [
    1629331200000,
    402.3481304470381
  ],
  [
    1629417600000,
    414.80457186519095
  ],
  [
    1629504000000,
    398.59822513640347
  ],
  [
    1629590400000,
    399.2785648841223
  ],
  [
    1629676800000,
    394.35333885822774
  ],
  [
    1629763200000,
    398.1787394118048
  ],
  [
    1629849600000,
    375.7666864258492
  ],
  [
    1629936000000,
    399.84614250301416
  ],
  [
    1630022400000,
    400.5903877541516
  ],
  [
    1630108800000,
    400.27322608764007
  ],
  [
    1630195200000,
    400.21593559947587
  ],
  [
    1630281600000,
    399.70534149018164
  ],
  [
    1630368000000,
    400.144130885087
  ],
  [
    1630454400000,
    399.69690953216116
  ],
  [
    1630540800000,
    379.7517332890967
  ],
  [
    1630627200000,
    379.9077263912048
  ]
]