[
  [
    1614729600000,
    4410142.969184256
  ],
  [
    1614816000000,
    4410142.969184256
  ],
  [
    1614902400000,
    4765028.007130452
  ],
  [
    1614988800000,
    7987280.659754773
  ],
  [
    1615075200000,
    32206427.285148136
  ],
  [
    1615161600000,
    9151262.727826603
  ],
  [
    1615248000000,
    3402799.4574911944
  ],
  [
    1615334400000,
    3460145.9413608657
  ],
  [
    1615420800000,
    1896271.3668202225
  ],
  [
    1615507200000,
    3028891.7970678844
  ],
  [
    1615593600000,
    2027016.5670477177
  ],
  [
    1615680000000,
    4178786.8254986117
  ],
  [
    1615766400000,
    2987134.9034779784
  ],
  [
    1615852800000,
    3937412.0880734
  ],
  [
    1615939200000,
    2295493.1002110434
  ],
  [
    1616025600000,
    2504795.9578262996
  ],
  [
    1616112000000,
    1557796.4648868083
  ],
  [
    1616198400000,
    2131379.7796373363
  ],
  [
    1616284800000,
    1727993.3671021662
  ],
  [
    1616371200000,
    1705209.4275769666
  ],
  [
    1616457600000,
    2549511.87012593
  ],
  [
    1616544000000,
    1389517.7180784082
  ],
  [
    1616630400000,
    2441002.9759511333
  ],
  [
    1616716800000,
    1487832.7063073574
  ],
  [
    1616803200000,
    794289.0558499044
  ],
  [
    1616889600000,
    710069.2032505514
  ],
  [
    1616976000000,
    1114482.359638851
  ],
  [
    1617062400000,
    912139.3305016633
  ],
  [
    1617148800000,
    809996.0180980242
  ],
  [
    1617235200000,
    813414.5763430131
  ],
  [
    1617321600000,
    1072479.5147809288
  ],
  [
    1617408000000,
    684342.1115589896
  ],
  [
    1617494400000,
    602113.2961083968
  ],
  [
    1617580800000,
    806878.8308355566
  ],
  [
    1617667200000,
    1398807.487390636
  ],
  [
    1617753600000,
    1267555.9422334554
  ],
  [
    1617840000000,
    782077.6531924004
  ],
  [
    1617926400000,
    665583.9181015249
  ],
  [
    1618012800000,
    530588.5405492742
  ],
  [
    1618099200000,
    627588.8674963268
  ],
  [
    1618185600000,
    643656.3748958808
  ],
  [
    1618272000000,
    595425.933927273
  ],
  [
    1618358400000,
    1557588.4047819728
  ],
  [
    1618444800000,
    717074.9892627047
  ],
  [
    1618531200000,
    345921.2989093861
  ],
  [
    1618617600000,
    516580.81254573003
  ],
  [
    1618704000000,
    1129702.4638094679
  ],
  [
    1618790400000,
    498777.1268851788
  ],
  [
    1618876800000,
    950570.1184465078
  ],
  [
    1618963200000,
    1187221.9100880013
  ],
  [
    1619049600000,
    591098.3256589314
  ],
  [
    1619136000000,
    1124999.0179269104
  ],
  [
    1619222400000,
    751895.9572859381
  ],
  [
    1619308800000,
    1056522.420494779
  ],
  [
    1619395200000,
    462949.448328025
  ],
  [
    1619481600000,
    855115.4123380542
  ],
  [
    1619568000000,
    449243.5729380865
  ],
  [
    1619654400000,
    459353.43004736485
  ],
  [
    1619740800000,
    489799.2512930446
  ],
  [
    1619827200000,
    579131.8456891939
  ],
  [
    1619913600000,
    745197.0780233393
  ],
  [
    1620000000000,
    517099.1860735765
  ],
  [
    1620086400000,
    3017361.4194221
  ],
  [
    1620172800000,
    1523591.9406614495
  ],
  [
    1620259200000,
    1564519.5584409665
  ],
  [
    1620345600000,
    1921878.2592382396
  ],
  [
    1620432000000,
    849733.6731792291
  ],
  [
    1620518400000,
    683496.4565622202
  ],
  [
    1620604800000,
    1003413.2966782533
  ],
  [
    1620691200000,
    1377451.969148872
  ],
  [
    1620777600000,
    654220.7631481269
  ],
  [
    1620864000000,
    745239.140392723
  ],
  [
    1620950400000,
    749831.2764574297
  ],
  [
    1621036800000,
    1082232.630260925
  ],
  [
    1621123200000,
    693245.8253534721
  ],
  [
    1621209600000,
    523550.7701503804
  ],
  [
    1621296000000,
    942574.9477757973
  ],
  [
    1621382400000,
    377975.3870402383
  ],
  [
    1621468800000,
    349554.42174593883
  ],
  [
    1621555200000,
    665750.419840794
  ],
  [
    1621641600000,
    627656.41264061
  ],
  [
    1621728000000,
    548081.0440874522
  ],
  [
    1621814400000,
    540548.5903514497
  ],
  [
    1621900800000,
    449046.2104459288
  ],
  [
    1621987200000,
    238215.28524897082
  ],
  [
    1622073600000,
    165791.21302661658
  ],
  [
    1622160000000,
    500182.4337421404
  ],
  [
    1622246400000,
    409375.8496799601
  ],
  [
    1622332800000,
    257704.21236194638
  ],
  [
    1622419200000,
    430584.1776210678
  ],
  [
    1622505600000,
    306207.4574627603
  ],
  [
    1622592000000,
    324649.18113904924
  ],
  [
    1622678400000,
    447818.02509776334
  ],
  [
    1622764800000,
    320028.49186441285
  ],
  [
    1622851200000,
    242694.9510213066
  ],
  [
    1622937600000,
    219078.75563111677
  ],
  [
    1623024000000,
    231226.80937072076
  ],
  [
    1623110400000,
    262061.24178036844
  ],
  [
    1623196800000,
    308691.3551647397
  ],
  [
    1623283200000,
    294077.0685261027
  ],
  [
    1623369600000,
    283685.2331484685
  ],
  [
    1623456000000,
    267571.98021728575
  ],
  [
    1623542400000,
    213077.3715293891
  ],
  [
    1623628800000,
    263635.0633375818
  ],
  [
    1623715200000,
    232897.4029768936
  ],
  [
    1623801600000,
    215592.11203868323
  ],
  [
    1623888000000,
    174774.90324301968
  ],
  [
    1623974400000,
    199308.17661101578
  ],
  [
    1624060800000,
    229455.68374778624
  ],
  [
    1624147200000,
    334116.2623279274
  ],
  [
    1624233600000,
    179532.58369154553
  ],
  [
    1624320000000,
    213103.68764613493
  ],
  [
    1624406400000,
    298458.09400739445
  ],
  [
    1624492800000,
    145707.00564660647
  ],
  [
    1624579200000,
    131079.8799796425
  ],
  [
    1624665600000,
    131391.61086979657
  ],
  [
    1624752000000,
    201207.62634572192
  ],
  [
    1624838400000,
    131475.6725248192
  ],
  [
    1624924800000,
    165797.49561241118
  ],
  [
    1625011200000,
    243592.284992587
  ],
  [
    1625097600000,
    323679.47270261636
  ],
  [
    1625184000000,
    179802.84225605355
  ],
  [
    1625270400000,
    151546.25290066865
  ],
  [
    1625356800000,
    154943.91313243163
  ],
  [
    1625443200000,
    276773.2413396964
  ],
  [
    1625529600000,
    168978.40621357784
  ],
  [
    1625616000000,
    228899.4964269461
  ],
  [
    1625702400000,
    297526.2573843904
  ],
  [
    1625788800000,
    178064.0975951817
  ],
  [
    1625875200000,
    198028.64320269128
  ],
  [
    1625961600000,
    274083.5969437197
  ],
  [
    1626048000000,
    259359.40082477717
  ],
  [
    1626134400000,
    262315.87905331166
  ],
  [
    1626220800000,
    379588.2627899471
  ],
  [
    1626307200000,
    233995.89002834284
  ],
  [
    1626393600000,
    295872.03806843486
  ],
  [
    1626480000000,
    87271.16083468456
  ],
  [
    1626566400000,
    256391.62925511377
  ],
  [
    1626652800000,
    285626.950109731
  ],
  [
    1626739200000,
    280311.74556752323
  ],
  [
    1626825600000,
    333248.12952665274
  ],
  [
    1626912000000,
    594620.0469093457
  ],
  [
    1626998400000,
    324909.5336213871
  ],
  [
    1627084800000,
    249811.62991961653
  ],
  [
    1627171200000,
    403561.555278306
  ],
  [
    1627257600000,
    472266.1391815261
  ],
  [
    1627344000000,
    252869.77989843886
  ],
  [
    1627430400000,
    400002.119688647
  ],
  [
    1627516800000,
    793257.7903216096
  ],
  [
    1627603200000,
    1821008.9321294157
  ],
  [
    1627689600000,
    1989664.6174207795
  ],
  [
    1627776000000,
    2296797.193912041
  ],
  [
    1627862400000,
    1970265.9725239982
  ],
  [
    1627948800000,
    2103740.860992095
  ],
  [
    1628035200000,
    1866392.5887792716
  ],
  [
    1628121600000,
    2152269.2091946583
  ],
  [
    1628208000000,
    2066741.9350239236
  ],
  [
    1628294400000,
    2284513.4026907706
  ],
  [
    1628380800000,
    2420219.763376295
  ],
  [
    1628467200000,
    1108397.303077663
  ],
  [
    1628553600000,
    225239.37779204742
  ],
  [
    1628640000000,
    731846.7515335286
  ],
  [
    1628726400000,
    1039066.8141305754
  ],
  [
    1628812800000,
    374866.9909843036
  ],
  [
    1628899200000,
    1336529.7061358353
  ],
  [
    1628985600000,
    1008046.9819168549
  ],
  [
    1629072000000,
    1045098.2832016811
  ],
  [
    1629158400000,
    1132432.2553417946
  ],
  [
    1629244800000,
    486310.2773648366
  ],
  [
    1629331200000,
    75816.66712435885
  ],
  [
    1629417600000,
    134452.30857026106
  ],
  [
    1629504000000,
    1171382.866434545
  ],
  [
    1629590400000,
    173872.54722090063
  ],
  [
    1629676800000,
    150965.41326002716
  ],
  [
    1629763200000,
    1107661.6196936553
  ],
  [
    1629849600000,
    1278706.2245699698
  ],
  [
    1629936000000,
    1407068.3449242744
  ],
  [
    1630022400000,
    1013679.1755047933
  ],
  [
    1630108800000,
    1083018.4301788323
  ],
  [
    1630195200000,
    1095844.2499690105
  ],
  [
    1630281600000,
    241879.2413912527
  ],
  [
    1630368000000,
    248793.33474736335
  ],
  [
    1630454400000,
    237704.48935680033
  ],
  [
    1630540800000,
    216069.242804466
  ],
  [
    1630627200000,
    181638.67161235548
  ]
]