[
  [
    1555977600000,
    0
  ],
  [
    1556064000000,
    0
  ],
  [
    1556150400000,
    0
  ],
  [
    1556236800000,
    0
  ],
  [
    1556323200000,
    0
  ],
  [
    1556409600000,
    0
  ],
  [
    1556496000000,
    0
  ],
  [
    1556582400000,
    0
  ],
  [
    1556668800000,
    0
  ],
  [
    1556755200000,
    0
  ],
  [
    1556841600000,
    0
  ],
  [
    1556928000000,
    0
  ],
  [
    1557014400000,
    0
  ],
  [
    1557100800000,
    0
  ],
  [
    1557187200000,
    0
  ],
  [
    1557273600000,
    0
  ],
  [
    1557360000000,
    0
  ],
  [
    1557446400000,
    0
  ],
  [
    1557532800000,
    0
  ],
  [
    1557619200000,
    0
  ],
  [
    1557705600000,
    0
  ],
  [
    1557792000000,
    0
  ],
  [
    1557878400000,
    0
  ],
  [
    1557964800000,
    0
  ],
  [
    1558051200000,
    0
  ],
  [
    1558137600000,
    0
  ],
  [
    1558224000000,
    0
  ],
  [
    1558310400000,
    0
  ],
  [
    1558396800000,
    0
  ],
  [
    1558483200000,
    0
  ],
  [
    1558569600000,
    0
  ],
  [
    1558656000000,
    0
  ],
  [
    1558742400000,
    0
  ],
  [
    1558828800000,
    0
  ],
  [
    1558915200000,
    0
  ],
  [
    1559001600000,
    0
  ],
  [
    1559088000000,
    0
  ],
  [
    1559174400000,
    0
  ],
  [
    1559260800000,
    0
  ],
  [
    1559347200000,
    0
  ],
  [
    1559433600000,
    0
  ],
  [
    1559520000000,
    0
  ],
  [
    1559606400000,
    0
  ],
  [
    1559692800000,
    0
  ],
  [
    1559779200000,
    0
  ],
  [
    1559865600000,
    0
  ],
  [
    1559952000000,
    0
  ],
  [
    1560038400000,
    0
  ],
  [
    1560124800000,
    0
  ],
  [
    1560211200000,
    0
  ],
  [
    1560297600000,
    0
  ],
  [
    1560384000000,
    0
  ],
  [
    1560470400000,
    0
  ],
  [
    1560556800000,
    0
  ],
  [
    1560643200000,
    0
  ],
  [
    1560729600000,
    0
  ],
  [
    1560816000000,
    0
  ],
  [
    1560902400000,
    0
  ],
  [
    1560988800000,
    0
  ],
  [
    1561075200000,
    0
  ],
  [
    1561161600000,
    0
  ],
  [
    1561248000000,
    0
  ],
  [
    1561334400000,
    0
  ],
  [
    1561420800000,
    0
  ],
  [
    1561507200000,
    0
  ],
  [
    1561593600000,
    0
  ],
  [
    1561680000000,
    0
  ],
  [
    1561766400000,
    0
  ],
  [
    1561852800000,
    0
  ],
  [
    1561939200000,
    0
  ],
  [
    1562025600000,
    0
  ],
  [
    1562112000000,
    0
  ],
  [
    1562198400000,
    0
  ],
  [
    1562284800000,
    0
  ],
  [
    1562371200000,
    0
  ],
  [
    1562457600000,
    0
  ],
  [
    1562544000000,
    0
  ],
  [
    1562630400000,
    0
  ],
  [
    1562716800000,
    0
  ],
  [
    1562803200000,
    0
  ],
  [
    1562889600000,
    0
  ],
  [
    1562976000000,
    0
  ],
  [
    1563062400000,
    0
  ],
  [
    1563148800000,
    0
  ],
  [
    1563235200000,
    0
  ],
  [
    1563321600000,
    0
  ],
  [
    1563408000000,
    0
  ],
  [
    1563494400000,
    0
  ],
  [
    1563580800000,
    0
  ],
  [
    1563667200000,
    0
  ],
  [
    1563753600000,
    0
  ],
  [
    1563840000000,
    0
  ],
  [
    1563926400000,
    0
  ],
  [
    1564012800000,
    0
  ],
  [
    1564099200000,
    0
  ],
  [
    1564185600000,
    0
  ],
  [
    1564272000000,
    0
  ],
  [
    1564358400000,
    0
  ],
  [
    1564444800000,
    0
  ],
  [
    1564531200000,
    0
  ],
  [
    1564617600000,
    0
  ],
  [
    1564704000000,
    0
  ],
  [
    1564790400000,
    0
  ],
  [
    1564876800000,
    0
  ],
  [
    1564963200000,
    0
  ],
  [
    1565049600000,
    0
  ],
  [
    1565136000000,
    0
  ],
  [
    1565222400000,
    0
  ],
  [
    1565308800000,
    0
  ],
  [
    1565395200000,
    0
  ],
  [
    1565481600000,
    0
  ],
  [
    1565568000000,
    0
  ],
  [
    1565654400000,
    0
  ],
  [
    1565740800000,
    0
  ],
  [
    1565827200000,
    0
  ],
  [
    1565913600000,
    0
  ],
  [
    1566000000000,
    0
  ],
  [
    1566086400000,
    0
  ],
  [
    1566172800000,
    0
  ],
  [
    1566259200000,
    0
  ],
  [
    1566345600000,
    0
  ],
  [
    1566432000000,
    0
  ],
  [
    1566518400000,
    0
  ],
  [
    1566604800000,
    0
  ],
  [
    1566691200000,
    0
  ],
  [
    1566777600000,
    0
  ],
  [
    1566864000000,
    0
  ],
  [
    1566950400000,
    0
  ],
  [
    1567036800000,
    0
  ],
  [
    1567123200000,
    0
  ],
  [
    1567209600000,
    0
  ],
  [
    1567296000000,
    0
  ],
  [
    1567382400000,
    0
  ],
  [
    1567468800000,
    0
  ],
  [
    1567555200000,
    0
  ],
  [
    1567641600000,
    0
  ],
  [
    1567728000000,
    0
  ],
  [
    1567814400000,
    0
  ],
  [
    1567900800000,
    0
  ],
  [
    1567987200000,
    0
  ],
  [
    1568073600000,
    0
  ],
  [
    1568160000000,
    0
  ],
  [
    1568246400000,
    0
  ],
  [
    1568332800000,
    0
  ],
  [
    1568419200000,
    0
  ],
  [
    1568505600000,
    0
  ],
  [
    1568592000000,
    0
  ],
  [
    1568678400000,
    0
  ],
  [
    1568764800000,
    0
  ],
  [
    1568851200000,
    0
  ],
  [
    1568937600000,
    0
  ],
  [
    1569024000000,
    0
  ],
  [
    1569110400000,
    0
  ],
  [
    1569196800000,
    0
  ],
  [
    1569283200000,
    0
  ],
  [
    1569369600000,
    0
  ],
  [
    1569456000000,
    0
  ],
  [
    1569542400000,
    0
  ],
  [
    1569628800000,
    0
  ],
  [
    1569715200000,
    0
  ],
  [
    1569801600000,
    0
  ],
  [
    1569888000000,
    0
  ],
  [
    1569974400000,
    0
  ],
  [
    1570060800000,
    0
  ],
  [
    1570147200000,
    0
  ],
  [
    1570233600000,
    0
  ],
  [
    1570320000000,
    0
  ],
  [
    1570406400000,
    0
  ],
  [
    1570492800000,
    0
  ],
  [
    1570579200000,
    0
  ],
  [
    1570665600000,
    0
  ],
  [
    1570752000000,
    0
  ],
  [
    1570838400000,
    0
  ],
  [
    1570924800000,
    0
  ],
  [
    1571011200000,
    0
  ],
  [
    1571097600000,
    0
  ],
  [
    1571184000000,
    0
  ],
  [
    1571270400000,
    0
  ],
  [
    1571356800000,
    0
  ],
  [
    1571443200000,
    0
  ],
  [
    1571529600000,
    0
  ],
  [
    1571616000000,
    0
  ],
  [
    1571702400000,
    0
  ],
  [
    1571788800000,
    0
  ],
  [
    1571875200000,
    0
  ],
  [
    1571961600000,
    0
  ],
  [
    1572048000000,
    0
  ],
  [
    1572134400000,
    0
  ],
  [
    1572220800000,
    0
  ],
  [
    1572307200000,
    0
  ],
  [
    1572393600000,
    0
  ],
  [
    1572480000000,
    0
  ],
  [
    1572566400000,
    0
  ],
  [
    1572652800000,
    0
  ],
  [
    1572739200000,
    0
  ],
  [
    1572825600000,
    0
  ],
  [
    1572912000000,
    0
  ],
  [
    1572998400000,
    0
  ],
  [
    1573084800000,
    0
  ],
  [
    1573171200000,
    0
  ],
  [
    1573257600000,
    0
  ],
  [
    1573344000000,
    0
  ],
  [
    1573430400000,
    0
  ],
  [
    1573516800000,
    0
  ],
  [
    1573603200000,
    0
  ],
  [
    1573689600000,
    0
  ],
  [
    1573776000000,
    0
  ],
  [
    1573862400000,
    0
  ],
  [
    1573948800000,
    0
  ],
  [
    1574035200000,
    0
  ],
  [
    1574121600000,
    0
  ],
  [
    1574208000000,
    0
  ],
  [
    1574294400000,
    0
  ],
  [
    1574380800000,
    0
  ],
  [
    1574467200000,
    0
  ],
  [
    1574553600000,
    0
  ],
  [
    1574640000000,
    0
  ],
  [
    1574726400000,
    0
  ],
  [
    1574812800000,
    0
  ],
  [
    1574899200000,
    0
  ],
  [
    1574985600000,
    0
  ],
  [
    1575072000000,
    0
  ],
  [
    1575158400000,
    0
  ],
  [
    1575244800000,
    0
  ],
  [
    1575331200000,
    0
  ],
  [
    1575417600000,
    0
  ],
  [
    1575504000000,
    0
  ],
  [
    1575590400000,
    0
  ],
  [
    1575676800000,
    0
  ],
  [
    1575763200000,
    0
  ],
  [
    1575849600000,
    0
  ],
  [
    1575936000000,
    0
  ],
  [
    1576022400000,
    0
  ],
  [
    1576108800000,
    0
  ],
  [
    1576195200000,
    0
  ],
  [
    1576281600000,
    0
  ],
  [
    1576368000000,
    0
  ],
  [
    1576454400000,
    0
  ],
  [
    1576540800000,
    0
  ],
  [
    1576627200000,
    0
  ],
  [
    1576713600000,
    0
  ],
  [
    1576800000000,
    0
  ],
  [
    1576886400000,
    0
  ],
  [
    1576972800000,
    0
  ],
  [
    1577059200000,
    0
  ],
  [
    1577145600000,
    0
  ],
  [
    1577232000000,
    0
  ],
  [
    1577318400000,
    0
  ],
  [
    1577404800000,
    0
  ],
  [
    1577491200000,
    0
  ],
  [
    1577577600000,
    0
  ],
  [
    1577664000000,
    0
  ],
  [
    1577750400000,
    0
  ],
  [
    1577836800000,
    0
  ],
  [
    1577923200000,
    0
  ],
  [
    1578009600000,
    0
  ],
  [
    1578096000000,
    0
  ],
  [
    1578182400000,
    0
  ],
  [
    1578268800000,
    0
  ],
  [
    1578355200000,
    0
  ],
  [
    1578441600000,
    0
  ],
  [
    1578528000000,
    0
  ],
  [
    1578614400000,
    0
  ],
  [
    1578700800000,
    0
  ],
  [
    1578787200000,
    0
  ],
  [
    1578873600000,
    0
  ],
  [
    1578960000000,
    0
  ],
  [
    1579046400000,
    0
  ],
  [
    1579132800000,
    0
  ],
  [
    1579219200000,
    0
  ],
  [
    1579305600000,
    0
  ],
  [
    1579392000000,
    0
  ],
  [
    1579478400000,
    0
  ],
  [
    1579564800000,
    0
  ],
  [
    1579651200000,
    0
  ],
  [
    1579737600000,
    0
  ],
  [
    1579824000000,
    0
  ],
  [
    1579910400000,
    0
  ],
  [
    1579996800000,
    0
  ],
  [
    1580083200000,
    0
  ],
  [
    1580169600000,
    0
  ],
  [
    1580256000000,
    0
  ],
  [
    1580342400000,
    0
  ],
  [
    1580428800000,
    0
  ],
  [
    1580515200000,
    0
  ],
  [
    1580601600000,
    0
  ],
  [
    1580688000000,
    0
  ],
  [
    1580774400000,
    0
  ],
  [
    1580860800000,
    0
  ],
  [
    1580947200000,
    0
  ],
  [
    1581033600000,
    0
  ],
  [
    1581120000000,
    0
  ],
  [
    1581206400000,
    0
  ],
  [
    1581292800000,
    0
  ],
  [
    1581379200000,
    0
  ],
  [
    1581465600000,
    0
  ],
  [
    1581552000000,
    0
  ],
  [
    1581638400000,
    0
  ],
  [
    1581724800000,
    0
  ],
  [
    1581811200000,
    0
  ],
  [
    1581897600000,
    0
  ],
  [
    1581984000000,
    0
  ],
  [
    1582070400000,
    0
  ],
  [
    1582156800000,
    0
  ],
  [
    1582243200000,
    0
  ],
  [
    1582329600000,
    0
  ],
  [
    1582416000000,
    0
  ],
  [
    1582502400000,
    0
  ],
  [
    1582588800000,
    0
  ],
  [
    1582675200000,
    0
  ],
  [
    1582761600000,
    0
  ],
  [
    1582848000000,
    0
  ],
  [
    1582934400000,
    0
  ],
  [
    1583020800000,
    0
  ],
  [
    1583107200000,
    0
  ],
  [
    1583193600000,
    0
  ],
  [
    1583280000000,
    0
  ],
  [
    1583366400000,
    0
  ],
  [
    1583452800000,
    0
  ],
  [
    1583539200000,
    0
  ],
  [
    1583625600000,
    0
  ],
  [
    1583712000000,
    0
  ],
  [
    1583798400000,
    0
  ],
  [
    1583884800000,
    0
  ],
  [
    1583971200000,
    0
  ],
  [
    1584057600000,
    0
  ],
  [
    1584144000000,
    0
  ],
  [
    1584230400000,
    0
  ],
  [
    1584316800000,
    0
  ],
  [
    1584403200000,
    0
  ],
  [
    1584489600000,
    0
  ],
  [
    1584576000000,
    0
  ],
  [
    1584662400000,
    0
  ],
  [
    1584748800000,
    0
  ],
  [
    1584835200000,
    0
  ],
  [
    1584921600000,
    0
  ],
  [
    1585008000000,
    0
  ],
  [
    1585094400000,
    0
  ],
  [
    1585180800000,
    0
  ],
  [
    1585267200000,
    0
  ],
  [
    1585353600000,
    0
  ],
  [
    1585440000000,
    0
  ],
  [
    1585526400000,
    0
  ],
  [
    1585612800000,
    0
  ],
  [
    1585699200000,
    0
  ],
  [
    1585785600000,
    0
  ],
  [
    1585872000000,
    0
  ],
  [
    1585958400000,
    0
  ],
  [
    1586044800000,
    0
  ],
  [
    1586131200000,
    0
  ],
  [
    1586217600000,
    0
  ],
  [
    1586304000000,
    0
  ],
  [
    1586390400000,
    0
  ],
  [
    1586476800000,
    0
  ],
  [
    1586563200000,
    0
  ],
  [
    1586649600000,
    0
  ],
  [
    1586736000000,
    0
  ],
  [
    1586822400000,
    0
  ],
  [
    1586908800000,
    0
  ],
  [
    1586995200000,
    0
  ],
  [
    1587081600000,
    0
  ],
  [
    1587168000000,
    0
  ],
  [
    1587254400000,
    0
  ],
  [
    1587340800000,
    0
  ],
  [
    1587427200000,
    0
  ],
  [
    1587513600000,
    0
  ],
  [
    1587600000000,
    0
  ],
  [
    1587686400000,
    0
  ],
  [
    1587772800000,
    0
  ],
  [
    1587859200000,
    0
  ],
  [
    1587945600000,
    0
  ],
  [
    1588032000000,
    0
  ],
  [
    1588118400000,
    0
  ],
  [
    1588204800000,
    0
  ],
  [
    1588291200000,
    0
  ],
  [
    1588377600000,
    0
  ],
  [
    1588464000000,
    0
  ],
  [
    1588550400000,
    0
  ],
  [
    1588636800000,
    0
  ],
  [
    1588723200000,
    0
  ],
  [
    1588809600000,
    0
  ],
  [
    1588896000000,
    0
  ],
  [
    1588982400000,
    0
  ],
  [
    1589068800000,
    0
  ],
  [
    1589155200000,
    0
  ],
  [
    1589241600000,
    0
  ],
  [
    1589328000000,
    0
  ],
  [
    1589414400000,
    0
  ],
  [
    1589500800000,
    0
  ],
  [
    1589587200000,
    0
  ],
  [
    1589673600000,
    0
  ],
  [
    1589760000000,
    0
  ],
  [
    1589846400000,
    0
  ],
  [
    1589932800000,
    0
  ],
  [
    1590019200000,
    0
  ],
  [
    1590105600000,
    0
  ],
  [
    1590192000000,
    0
  ],
  [
    1590278400000,
    0
  ],
  [
    1590364800000,
    0
  ],
  [
    1590451200000,
    0
  ],
  [
    1590537600000,
    0
  ],
  [
    1590624000000,
    0
  ],
  [
    1590710400000,
    0
  ],
  [
    1590796800000,
    0
  ],
  [
    1590883200000,
    0
  ],
  [
    1590969600000,
    0
  ],
  [
    1591056000000,
    0
  ],
  [
    1591142400000,
    0
  ],
  [
    1591228800000,
    0
  ],
  [
    1591315200000,
    0
  ],
  [
    1591401600000,
    0
  ],
  [
    1591488000000,
    0
  ],
  [
    1591574400000,
    0
  ],
  [
    1591660800000,
    0
  ],
  [
    1591747200000,
    0
  ],
  [
    1591833600000,
    0
  ],
  [
    1591920000000,
    0
  ],
  [
    1592006400000,
    0
  ],
  [
    1592092800000,
    0
  ],
  [
    1592179200000,
    0
  ],
  [
    1592265600000,
    0
  ],
  [
    1592352000000,
    0
  ],
  [
    1592438400000,
    0
  ],
  [
    1592524800000,
    0
  ],
  [
    1592611200000,
    0
  ],
  [
    1592697600000,
    0
  ],
  [
    1592784000000,
    0
  ],
  [
    1592870400000,
    0
  ],
  [
    1592956800000,
    0
  ],
  [
    1593043200000,
    0
  ],
  [
    1593129600000,
    0
  ],
  [
    1593216000000,
    0
  ],
  [
    1593302400000,
    0
  ],
  [
    1593388800000,
    0
  ],
  [
    1593475200000,
    0
  ],
  [
    1593561600000,
    0
  ],
  [
    1593648000000,
    0
  ],
  [
    1593734400000,
    0
  ],
  [
    1593820800000,
    0
  ],
  [
    1593907200000,
    0
  ],
  [
    1593993600000,
    0
  ],
  [
    1594080000000,
    0
  ],
  [
    1594166400000,
    0
  ],
  [
    1594252800000,
    0
  ],
  [
    1594339200000,
    0
  ],
  [
    1594425600000,
    0
  ],
  [
    1594512000000,
    0
  ],
  [
    1594598400000,
    0
  ],
  [
    1594684800000,
    0
  ],
  [
    1594771200000,
    0
  ],
  [
    1594857600000,
    0
  ],
  [
    1594944000000,
    0
  ],
  [
    1595030400000,
    0
  ],
  [
    1595116800000,
    0
  ],
  [
    1595203200000,
    0
  ],
  [
    1595289600000,
    0
  ],
  [
    1595376000000,
    0
  ],
  [
    1595462400000,
    0
  ],
  [
    1595548800000,
    0
  ],
  [
    1595635200000,
    0
  ],
  [
    1595721600000,
    0
  ],
  [
    1595808000000,
    0
  ],
  [
    1595894400000,
    0
  ],
  [
    1595980800000,
    0
  ],
  [
    1596067200000,
    0
  ],
  [
    1596153600000,
    0
  ],
  [
    1596240000000,
    0
  ],
  [
    1596326400000,
    0
  ],
  [
    1596412800000,
    0
  ],
  [
    1596499200000,
    0
  ],
  [
    1596585600000,
    0
  ],
  [
    1596672000000,
    0
  ],
  [
    1596758400000,
    0
  ],
  [
    1596844800000,
    0
  ],
  [
    1596931200000,
    0
  ],
  [
    1597017600000,
    0
  ],
  [
    1597104000000,
    0
  ],
  [
    1597190400000,
    0
  ],
  [
    1597276800000,
    0
  ],
  [
    1597363200000,
    0
  ],
  [
    1597449600000,
    0
  ],
  [
    1597536000000,
    0
  ],
  [
    1597622400000,
    0
  ],
  [
    1597708800000,
    0
  ],
  [
    1597795200000,
    0
  ],
  [
    1597881600000,
    0
  ],
  [
    1597968000000,
    0
  ],
  [
    1598054400000,
    0
  ],
  [
    1598140800000,
    0
  ],
  [
    1598227200000,
    0
  ],
  [
    1598313600000,
    0
  ],
  [
    1598400000000,
    0
  ],
  [
    1598486400000,
    0
  ],
  [
    1598572800000,
    0
  ],
  [
    1598659200000,
    0
  ],
  [
    1598745600000,
    0
  ],
  [
    1598832000000,
    0
  ],
  [
    1598918400000,
    0
  ],
  [
    1599004800000,
    0
  ],
  [
    1599091200000,
    0
  ],
  [
    1599177600000,
    0
  ],
  [
    1599264000000,
    0
  ],
  [
    1599350400000,
    0
  ],
  [
    1599436800000,
    0
  ],
  [
    1599523200000,
    0
  ],
  [
    1599609600000,
    0
  ],
  [
    1599696000000,
    0
  ],
  [
    1599782400000,
    0
  ],
  [
    1599868800000,
    0
  ],
  [
    1599955200000,
    0
  ],
  [
    1600041600000,
    0
  ],
  [
    1600128000000,
    0
  ],
  [
    1600214400000,
    0
  ],
  [
    1600300800000,
    0
  ],
  [
    1600387200000,
    0
  ],
  [
    1600473600000,
    0
  ],
  [
    1600560000000,
    0
  ],
  [
    1600646400000,
    0
  ],
  [
    1600732800000,
    0
  ],
  [
    1600819200000,
    0
  ],
  [
    1600905600000,
    0
  ],
  [
    1600992000000,
    0
  ],
  [
    1601078400000,
    0
  ],
  [
    1601164800000,
    0
  ],
  [
    1601251200000,
    0
  ],
  [
    1601337600000,
    0
  ],
  [
    1601424000000,
    0
  ],
  [
    1601510400000,
    0
  ],
  [
    1601596800000,
    0
  ],
  [
    1601683200000,
    0
  ],
  [
    1601769600000,
    0
  ],
  [
    1601856000000,
    0
  ],
  [
    1601942400000,
    0
  ],
  [
    1602028800000,
    0
  ],
  [
    1602115200000,
    0
  ],
  [
    1602201600000,
    0
  ],
  [
    1602288000000,
    0
  ],
  [
    1602374400000,
    0
  ],
  [
    1602460800000,
    0
  ],
  [
    1602547200000,
    0
  ],
  [
    1602633600000,
    0
  ],
  [
    1602720000000,
    0
  ],
  [
    1602806400000,
    0
  ],
  [
    1602892800000,
    0
  ],
  [
    1602979200000,
    0
  ],
  [
    1603065600000,
    0
  ],
  [
    1603152000000,
    0
  ],
  [
    1603238400000,
    0
  ],
  [
    1603324800000,
    0
  ],
  [
    1603411200000,
    0
  ],
  [
    1603497600000,
    0
  ],
  [
    1603584000000,
    0
  ],
  [
    1603670400000,
    0
  ],
  [
    1603756800000,
    0
  ],
  [
    1603843200000,
    0
  ],
  [
    1603929600000,
    0
  ],
  [
    1604016000000,
    0
  ],
  [
    1604102400000,
    0
  ],
  [
    1604188800000,
    0
  ],
  [
    1604275200000,
    0
  ],
  [
    1604361600000,
    0
  ],
  [
    1604448000000,
    0
  ],
  [
    1604534400000,
    0
  ],
  [
    1604620800000,
    0
  ],
  [
    1604707200000,
    0
  ],
  [
    1604793600000,
    0
  ],
  [
    1604880000000,
    0
  ],
  [
    1604966400000,
    0
  ],
  [
    1605052800000,
    9247681.992229244
  ],
  [
    1605139200000,
    8948142.586742489
  ],
  [
    1605225600000,
    9100694.363541037
  ],
  [
    1605312000000,
    9267822.238264566
  ],
  [
    1605398400000,
    9009015.81488531
  ],
  [
    1605484800000,
    8541966.962179532
  ],
  [
    1605571200000,
    8657256.605241181
  ],
  [
    1605657600000,
    9056358.817497384
  ],
  [
    1605744000000,
    8622270.963474093
  ],
  [
    1605830400000,
    8623495.017182725
  ],
  [
    1605916800000,
    8733692.78913301
  ],
  [
    1606003200000,
    8450153.320601856
  ],
  [
    1606089600000,
    8400299.503971023
  ],
  [
    1606176000000,
    9609683.38769654
  ],
  [
    1606262400000,
    9190803.383283315
  ],
  [
    1606348800000,
    9017802.27752436
  ],
  [
    1606435200000,
    8392543.474714328
  ],
  [
    1606521600000,
    8196061.132934659
  ],
  [
    1606608000000,
    8161777.605299434
  ],
  [
    1606694400000,
    8199235.384320639
  ],
  [
    1606780800000,
    8407985.361291198
  ],
  [
    1606867200000,
    7991109.883474795
  ],
  [
    1606953600000,
    8248458.704508768
  ],
  [
    1607040000000,
    7617341.320117139
  ],
  [
    1607126400000,
    7535355.80186905
  ],
  [
    1607212800000,
    7758471.537041306
  ],
  [
    1607299200000,
    8264568.34715134
  ],
  [
    1607385600000,
    8297191.224718962
  ],
  [
    1607472000000,
    8467417.066381836
  ],
  [
    1607558400000,
    8360573.802972485
  ],
  [
    1607644800000,
    8154951.25550225
  ],
  [
    1607731200000,
    8377220.901260831
  ],
  [
    1607817600000,
    8322947.90024812
  ],
  [
    1607904000000,
    8187723.785105996
  ],
  [
    1607990400000,
    8137935.028301842
  ],
  [
    1608076800000,
    8187166.00831416
  ],
  [
    1608163200000,
    8708462.722812587
  ],
  [
    1608249600000,
    7425617.615766924
  ],
  [
    1608336000000,
    7536968.603346631
  ],
  [
    1608422400000,
    7557861.998633789
  ],
  [
    1608508800000,
    7423764.917442853
  ],
  [
    1608595200000,
    6940757.172730067
  ],
  [
    1608681600000,
    6823321.553748055
  ],
  [
    1608768000000,
    5485544.715816988
  ],
  [
    1608854400000,
    6033001.680695402
  ],
  [
    1608940800000,
    6296538.490225501
  ],
  [
    1609027200000,
    5898124.101582069
  ],
  [
    1609113600000,
    5599245.535240265
  ],
  [
    1609200000000,
    5506569.646957891
  ],
  [
    1609286400000,
    5309776.118845982
  ],
  [
    1609372800000,
    5444966.892375833
  ],
  [
    1609459200000,
    5718651.263539925
  ],
  [
    1609545600000,
    5108750.495161504
  ],
  [
    1609632000000,
    6251454.294096731
  ],
  [
    1609718400000,
    5540167.223844946
  ],
  [
    1609804800000,
    5245145.979974937
  ],
  [
    1609891200000,
    5188155.865903031
  ],
  [
    1609977600000,
    5313707.485695816
  ],
  [
    1610064000000,
    5652405.63048235
  ],
  [
    1610150400000,
    5925915.282797132
  ],
  [
    1610236800000,
    5964279.810758106
  ],
  [
    1610323200000,
    5722966.270843265
  ],
  [
    1610409600000,
    5883932.9999117
  ],
  [
    1610496000000,
    6130566.064782616
  ],
  [
    1610582400000,
    6392635.298317314
  ],
  [
    1610668800000,
    6803770.335068683
  ],
  [
    1610755200000,
    5719360.072199573
  ],
  [
    1610841600000,
    5788872.507081974
  ],
  [
    1610928000000,
    5809299.187652512
  ],
  [
    1611014400000,
    5715965.352792699
  ],
  [
    1611100800000,
    5860103.528888859
  ],
  [
    1611187200000,
    5941557.478083381
  ],
  [
    1611273600000,
    5794057.967699001
  ],
  [
    1611360000000,
    5741489.409900657
  ],
  [
    1611446400000,
    5642510.670073949
  ],
  [
    1611532800000,
    5635608.207963253
  ],
  [
    1611619200000,
    5798020.4118275335
  ],
  [
    1611705600000,
    5815840.501093408
  ],
  [
    1611792000000,
    6065224.742600248
  ],
  [
    1611878400000,
    5828692.773017255
  ],
  [
    1611964800000,
    5975856.004312362
  ],
  [
    1612051200000,
    5684275.066197364
  ],
  [
    1612137600000,
    5745163.731019326
  ],
  [
    1612224000000,
    5834063.160621062
  ],
  [
    1612310400000,
    6530310.714374511
  ],
  [
    1612396800000,
    6858328.204724256
  ],
  [
    1612483200000,
    6415620.85986053
  ],
  [
    1612569600000,
    6857446.609328045
  ],
  [
    1612656000000,
    6553310.773543057
  ],
  [
    1612742400000,
    6335334.864849046
  ],
  [
    1612828800000,
    6428154.445653811
  ],
  [
    1612915200000,
    6889588.994106936
  ],
  [
    1613001600000,
    7399216.651236642
  ],
  [
    1613088000000,
    7717453.705939396
  ],
  [
    1613174400000,
    7791674.752632543
  ],
  [
    1613260800000,
    8210706.531522878
  ],
  [
    1613347200000,
    8690775.55605729
  ],
  [
    1613433600000,
    8262508.556189334
  ],
  [
    1613520000000,
    8608525.55634104
  ],
  [
    1613606400000,
    8984815.554348199
  ],
  [
    1613692800000,
    9534570.82649483
  ],
  [
    1613779200000,
    11415035.168636246
  ],
  [
    1613865600000,
    10944408.704872983
  ],
  [
    1613952000000,
    11398997.839093309
  ],
  [
    1614038400000,
    10134676.403579993
  ],
  [
    1614124800000,
    8910225.597686578
  ],
  [
    1614211200000,
    8803427.15500171
  ],
  [
    1614297600000,
    8734410.690931479
  ],
  [
    1614384000000,
    8202238.056388031
  ],
  [
    1614470400000,
    9925128.610819153
  ],
  [
    1614556800000,
    9180009.974162884
  ],
  [
    1614643200000,
    9521409.135157304
  ],
  [
    1614729600000,
    9163098.064422451
  ],
  [
    1614816000000,
    9263435.583193844
  ],
  [
    1614902400000,
    10954456.434095822
  ],
  [
    1614988800000,
    10721103.92807563
  ],
  [
    1615075200000,
    10014359.322923515
  ],
  [
    1615161600000,
    10472246.688353965
  ],
  [
    1615248000000,
    10731249.756083265
  ],
  [
    1615334400000,
    10843751.155727869
  ],
  [
    1615420800000,
    10470629.990377178
  ],
  [
    1615507200000,
    10568740.670362458
  ],
  [
    1615593600000,
    9936895.177600835
  ],
  [
    1615680000000,
    10390028.866278538
  ],
  [
    1615766400000,
    16951640.924448807
  ],
  [
    1615852800000,
    13653522.782981755
  ],
  [
    1615939200000,
    14011212.660411093
  ],
  [
    1616025600000,
    13402511.996221688
  ],
  [
    1616112000000,
    13862886.427459743
  ],
  [
    1616198400000,
    16649157.882817168
  ],
  [
    1616284800000,
    14867025.57252875
  ],
  [
    1616371200000,
    14893160.195858192
  ],
  [
    1616457600000,
    20946966.358555138
  ],
  [
    1616544000000,
    17893262.361914087
  ],
  [
    1616630400000,
    17095573.207453277
  ],
  [
    1616716800000,
    15552925.103686322
  ],
  [
    1616803200000,
    16425904.428375207
  ],
  [
    1616889600000,
    16714461.086439764
  ],
  [
    1616976000000,
    18248893.65808053
  ],
  [
    1617062400000,
    18140947.70639764
  ],
  [
    1617148800000,
    19098907.370967317
  ],
  [
    1617235200000,
    19368554.284059126
  ],
  [
    1617321600000,
    28162665.39046769
  ],
  [
    1617408000000,
    36068788.1448864
  ],
  [
    1617494400000,
    29200802.53335717
  ],
  [
    1617580800000,
    31013383.492134985
  ],
  [
    1617667200000,
    31746070.526773788
  ],
  [
    1617753600000,
    31135843.930134803
  ],
  [
    1617840000000,
    25674266.237107173
  ],
  [
    1617926400000,
    29502701.73336042
  ],
  [
    1618012800000,
    35872456.70791411
  ],
  [
    1618099200000,
    29845085.998294096
  ],
  [
    1618185600000,
    29321394.545082893
  ],
  [
    1618272000000,
    28074702.62799093
  ],
  [
    1618358400000,
    25849399.281135015
  ],
  [
    1618444800000,
    20616007.642592974
  ],
  [
    1618531200000,
    28372140.819841146
  ],
  [
    1618617600000,
    22984318.29365913
  ],
  [
    1618704000000,
    23800873.945283905
  ],
  [
    1618790400000,
    22626092.020318806
  ],
  [
    1618876800000,
    20309712.6451799
  ],
  [
    1618963200000,
    19416370.48432577
  ],
  [
    1619049600000,
    19625575.7114322
  ],
  [
    1619136000000,
    16442229.710417956
  ],
  [
    1619222400000,
    16202766.191620685
  ],
  [
    1619308800000,
    16416798.066660458
  ],
  [
    1619395200000,
    16144858.16563672
  ],
  [
    1619481600000,
    17361681.7413924
  ],
  [
    1619568000000,
    20689262.60771342
  ],
  [
    1619654400000,
    18371322.724324755
  ],
  [
    1619740800000,
    18272977.92857189
  ],
  [
    1619827200000,
    18043980.345102653
  ],
  [
    1619913600000,
    18614843.53804252
  ],
  [
    1620000000000,
    19243448.29122561
  ],
  [
    1620086400000,
    19443824.071815122
  ],
  [
    1620172800000,
    17637115.50472297
  ],
  [
    1620259200000,
    19071016.308600184
  ],
  [
    1620345600000,
    16631915.131011978
  ],
  [
    1620432000000,
    18236580.22591374
  ],
  [
    1620518400000,
    17335158.893970065
  ],
  [
    1620604800000,
    16993443.933035642
  ],
  [
    1620691200000,
    16592026.329988394
  ],
  [
    1620777600000,
    16789620.07062618
  ],
  [
    1620864000000,
    13639319.188452944
  ],
  [
    1620950400000,
    14074391.034025216
  ],
  [
    1621036800000,
    14423034.96650884
  ],
  [
    1621123200000,
    13561823.39967126
  ],
  [
    1621209600000,
    12467088.658854906
  ],
  [
    1621296000000,
    12044138.87637573
  ],
  [
    1621382400000,
    12266244.22248681
  ],
  [
    1621468800000,
    9383190.632860888
  ],
  [
    1621555200000,
    10708707.48592875
  ],
  [
    1621641600000,
    9825845.517668622
  ],
  [
    1621728000000,
    9682052.875886755
  ],
  [
    1621814400000,
    8816766.866392078
  ],
  [
    1621900800000,
    9285954.08635522
  ],
  [
    1621987200000,
    9238431.892839199
  ],
  [
    1622073600000,
    10091068.946643203
  ],
  [
    1622160000000,
    9908899.401440987
  ],
  [
    1622246400000,
    9234802.69111349
  ],
  [
    1622332800000,
    8995414.346401464
  ],
  [
    1622419200000,
    9424106.869136656
  ],
  [
    1622505600000,
    10238615.280252801
  ],
  [
    1622592000000,
    9956818.769678043
  ],
  [
    1622678400000,
    12210915.414602734
  ],
  [
    1622764800000,
    10549243.811486993
  ],
  [
    1622851200000,
    9901104.160510564
  ],
  [
    1622937600000,
    9560288.323943414
  ],
  [
    1623024000000,
    9734996.301103175
  ],
  [
    1623110400000,
    9218580.134132529
  ],
  [
    1623196800000,
    9703652.04677224
  ],
  [
    1623283200000,
    9551462.316803288
  ],
  [
    1623369600000,
    10550134.278760504
  ],
  [
    1623456000000,
    10092353.42960515
  ],
  [
    1623542400000,
    9160397.802396016
  ],
  [
    1623628800000,
    9031746.155774867
  ],
  [
    1623715200000,
    9211349.495191509
  ],
  [
    1623801600000,
    9032833.151040373
  ],
  [
    1623888000000,
    8545227.451419525
  ],
  [
    1623974400000,
    8079049.090100202
  ],
  [
    1624060800000,
    8062502.143032479
  ],
  [
    1624147200000,
    8322332.872073707
  ],
  [
    1624233600000,
    8042467.067695637
  ],
  [
    1624320000000,
    7128881.576401225
  ],
  [
    1624406400000,
    6159792.601879845
  ],
  [
    1624492800000,
    6991145.13298891
  ],
  [
    1624579200000,
    6949153.621195366
  ],
  [
    1624665600000,
    7235991.147102364
  ],
  [
    1624752000000,
    7175824.629297035
  ],
  [
    1624838400000,
    7775207.91669811
  ],
  [
    1624924800000,
    7870387.057797539
  ],
  [
    1625011200000,
    8329313.015161547
  ],
  [
    1625097600000,
    7871811.18249126
  ],
  [
    1625184000000,
    7467375.054273506
  ],
  [
    1625270400000,
    7690301.815697199
  ],
  [
    1625356800000,
    7885361.168841012
  ],
  [
    1625443200000,
    7742083.011807075
  ],
  [
    1625529600000,
    7697737.292045825
  ],
  [
    1625616000000,
    7840807.056712216
  ],
  [
    1625702400000,
    7985803.771231476
  ],
  [
    1625788800000,
    7348269.205409572
  ],
  [
    1625875200000,
    7381934.459754921
  ],
  [
    1625961600000,
    7634652.9958629375
  ],
  [
    1626048000000,
    7558383.988839795
  ],
  [
    1626134400000,
    7640214.878311777
  ],
  [
    1626220800000,
    7200989.179541252
  ],
  [
    1626307200000,
    7340719.595104574
  ],
  [
    1626393600000,
    7462990.809349705
  ],
  [
    1626480000000,
    7230262.63950242
  ],
  [
    1626566400000,
    7034394.921965048
  ],
  [
    1626652800000,
    7298624.099322953
  ],
  [
    1626739200000,
    6671821.387756285
  ],
  [
    1626825600000,
    6474182.331993624
  ],
  [
    1626912000000,
    7101297.872736288
  ],
  [
    1626998400000,
    7023082.956591899
  ],
  [
    1627084800000,
    7327242.115186758
  ],
  [
    1627171200000,
    7354380.104424138
  ],
  [
    1627257600000,
    7150927.137612288
  ],
  [
    1627344000000,
    7417738.432651036
  ],
  [
    1627430400000,
    7281393.088523692
  ],
  [
    1627516800000,
    7669407.673373034
  ],
  [
    1627603200000,
    7591568.784588895
  ],
  [
    1627689600000,
    8008402.140293987
  ],
  [
    1627776000000,
    8019443.673262265
  ],
  [
    1627862400000,
    8232104.836485539
  ],
  [
    1627948800000,
    8458765.14388319
  ],
  [
    1628035200000,
    9247227.124895569
  ],
  [
    1628121600000,
    8746328.496150892
  ],
  [
    1628208000000,
    8302778.1748254895
  ],
  [
    1628294400000,
    9079223.904254252
  ],
  [
    1628380800000,
    9882778.255766612
  ],
  [
    1628467200000,
    10624658.138180958
  ],
  [
    1628553600000,
    9973427.905976366
  ],
  [
    1628640000000,
    10549421.016514054
  ],
  [
    1628726400000,
    10177424.694977343
  ],
  [
    1628812800000,
    10418462.587540831
  ],
  [
    1628899200000,
    11236417.190274645
  ],
  [
    1628985600000,
    11259263.314197028
  ],
  [
    1629072000000,
    11811037.003592126
  ],
  [
    1629158400000,
    11172296.693304157
  ],
  [
    1629244800000,
    10302183.469242873
  ],
  [
    1629331200000,
    10028449.487559771
  ],
  [
    1629417600000,
    10227376.355660597
  ],
  [
    1629504000000,
    15157700.869460253
  ],
  [
    1629590400000,
    12670639.326467132
  ],
  [
    1629676800000,
    11704826.33949843
  ],
  [
    1629763200000,
    11413311.534164874
  ],
  [
    1629849600000,
    10911378.588423256
  ],
  [
    1629936000000,
    10941778.677510057
  ],
  [
    1630022400000,
    10374361.70908007
  ],
  [
    1630108800000,
    10771407.39057641
  ],
  [
    1630195200000,
    9974054.074433917
  ],
  [
    1630281600000,
    10019613.350919142
  ],
  [
    1630368000000,
    10633473.194094319
  ],
  [
    1630454400000,
    10611297.85132451
  ],
  [
    1630540800000,
    10745468.25336098
  ],
  [
    1630627200000,
    10438056.367803447
  ]
]