[
  [
    1626912000000,
    89211.271337217
  ],
  [
    1626998400000,
    89211.271337217
  ],
  [
    1627084800000,
    65281.980204143016
  ],
  [
    1627171200000,
    41066.42381411633
  ],
  [
    1627257600000,
    155705.08823400087
  ],
  [
    1627344000000,
    10650.861344326431
  ],
  [
    1627430400000,
    2856.392666519169
  ],
  [
    1627516800000,
    742.6191149524398
  ],
  [
    1627603200000,
    1287.5381240596128
  ],
  [
    1627689600000,
    1834.2941257433008
  ],
  [
    1627776000000,
    1366.526165907701
  ],
  [
    1627862400000,
    1623.7881652184185
  ],
  [
    1627948800000,
    238.78617859620323
  ],
  [
    1628035200000,
    152.2478796484582
  ],
  [
    1628121600000,
    133.41387519591586
  ],
  [
    1628208000000,
    68.91584534137309
  ],
  [
    1628294400000,
    168.3579858256405
  ],
  [
    1628380800000,
    176.16975696218105
  ],
  [
    1628467200000,
    269.94346382242765
  ],
  [
    1628553600000,
    32.239165827010694
  ],
  [
    1628640000000,
    253.8457040909374
  ],
  [
    1628726400000,
    100.72228211514876
  ],
  [
    1628812800000,
    66.7470230435996
  ],
  [
    1628899200000,
    71.12955688848928
  ],
  [
    1628985600000,
    9.387664554642974
  ],
  [
    1629072000000,
    0.28765878615145807
  ],
  [
    1629158400000,
    29.23081653881927
  ],
  [
    1629244800000,
    236.36701120883512
  ],
  [
    1629331200000,
    38.611802418498726
  ],
  [
    1629417600000,
    514.291099049796
  ],
  [
    1629504000000,
    224.4207818608499
  ],
  [
    1629590400000,
    236.90665167533612
  ],
  [
    1629676800000,
    29.530244561811568
  ],
  [
    1629763200000,
    68.84119106695144
  ],
  [
    1629849600000,
    68.84119106695144
  ],
  [
    1629936000000,
    0.503177085189565
  ],
  [
    1630022400000,
    33.597890963628174
  ],
  [
    1630108800000,
    33.597890963628174
  ]
]