[
  [
    1627257600000,
    0.2427773206689062
  ],
  [
    1627344000000,
    0.2427773206689062
  ],
  [
    1627430400000,
    0.5368997909286521
  ],
  [
    1627516800000,
    0.8690063415329178
  ],
  [
    1627603200000,
    0.5260265142107203
  ],
  [
    1627689600000,
    0.4414255422866667
  ],
  [
    1627776000000,
    0.4378786213057175
  ],
  [
    1627862400000,
    0.3502251445810816
  ],
  [
    1627948800000,
    0.266212092497469
  ],
  [
    1628035200000,
    0.24966360218809217
  ],
  [
    1628121600000,
    0.3879451526970847
  ],
  [
    1628208000000,
    0.3519662436119165
  ],
  [
    1628294400000,
    0.29524852162391046
  ],
  [
    1628380800000,
    0.2731768246816404
  ],
  [
    1628467200000,
    0.26556621846575135
  ],
  [
    1628553600000,
    0.2758168039823295
  ],
  [
    1628640000000,
    0.28725502695964883
  ],
  [
    1628726400000,
    0.33092791319737574
  ],
  [
    1628812800000,
    0.30494411392209403
  ],
  [
    1628899200000,
    0.3186547868269371
  ],
  [
    1628985600000,
    0.40594416541183126
  ],
  [
    1629072000000,
    0.45763430597287413
  ],
  [
    1629158400000,
    0.430754202784476
  ],
  [
    1629244800000,
    0.3500505727883841
  ],
  [
    1629331200000,
    0.31575021095695277
  ],
  [
    1629417600000,
    0.36950154944477187
  ],
  [
    1629504000000,
    0.38680606778716786
  ],
  [
    1629590400000,
    0.4219908088205602
  ],
  [
    1629676800000,
    0.3901749261473145
  ],
  [
    1629763200000,
    0.3732997769267541
  ],
  [
    1629849600000,
    0.33892348950706963
  ],
  [
    1629936000000,
    0.414995209690318
  ],
  [
    1630022400000,
    0.38976093547167706
  ],
  [
    1630108800000,
    0.37496468044269793
  ],
  [
    1630195200000,
    0.38819953116725847
  ],
  [
    1630281600000,
    0.3903771005610981
  ],
  [
    1630368000000,
    0.3780802173167447
  ],
  [
    1630454400000,
    0.3725282250955434
  ],
  [
    1630540800000,
    0.3611514705487769
  ],
  [
    1630627200000,
    0.3402011424340634
  ]
]