[
  [
    1571011200000,
    120425.90933093356
  ],
  [
    1571097600000,
    95040.32136562486
  ],
  [
    1571184000000,
    179769.2655351367
  ],
  [
    1571270400000,
    121953.4941916663
  ],
  [
    1571356800000,
    138661.20632249993
  ],
  [
    1571443200000,
    104003.25174514997
  ],
  [
    1571529600000,
    7055.538660657718
  ],
  [
    1571616000000,
    59052.752545119925
  ],
  [
    1571702400000,
    192868.0321831328
  ],
  [
    1571788800000,
    76758.79512964329
  ],
  [
    1571875200000,
    14468.152108000686
  ],
  [
    1571961600000,
    8579.072791883942
  ],
  [
    1572048000000,
    4610.653823354728
  ],
  [
    1572134400000,
    547.9933624657075
  ],
  [
    1572220800000,
    3791.4951431178656
  ],
  [
    1572307200000,
    1357.9473085868576
  ],
  [
    1572393600000,
    1642.7518074681388
  ],
  [
    1572480000000,
    2705.061968106802
  ],
  [
    1572566400000,
    2419.6327267867587
  ],
  [
    1572652800000,
    950.9318656140822
  ],
  [
    1572739200000,
    320.4518237279753
  ],
  [
    1572825600000,
    570.2089224108765
  ],
  [
    1572912000000,
    922.3022248374928
  ],
  [
    1572998400000,
    805.6558992319513
  ],
  [
    1573084800000,
    1093.0938147238269
  ],
  [
    1573171200000,
    835.8788712850683
  ],
  [
    1573257600000,
    405.37512471319513
  ],
  [
    1573344000000,
    253.1717756414341
  ],
  [
    1573430400000,
    76.85364861839538
  ],
  [
    1573516800000,
    885.1003653755026
  ],
  [
    1573603200000,
    3569.1887232736126
  ],
  [
    1573689600000,
    3912.4732245219843
  ],
  [
    1573776000000,
    3031.728223019028
  ],
  [
    1573862400000,
    4188.215662714342
  ],
  [
    1573948800000,
    394.7755189579053
  ],
  [
    1574035200000,
    549.4755908315371
  ],
  [
    1574121600000,
    1322.7034739338544
  ],
  [
    1574208000000,
    498.80372999826005
  ],
  [
    1574294400000,
    544.9513792196718
  ],
  [
    1574380800000,
    587.9201050536794
  ],
  [
    1574467200000,
    720.732268248637
  ],
  [
    1574553600000,
    810.1376703289766
  ],
  [
    1574640000000,
    824.5523828039028
  ],
  [
    1574726400000,
    911.2322002987145
  ],
  [
    1574812800000,
    5443.203322337768
  ],
  [
    1574899200000,
    9988.926995633708
  ],
  [
    1574985600000,
    21907.60208977422
  ],
  [
    1575072000000,
    22775.734676954453
  ],
  [
    1575158400000,
    21991.324715648083
  ],
  [
    1575244800000,
    24226.670364482794
  ],
  [
    1575331200000,
    27927.077351568987
  ],
  [
    1575417600000,
    3014.6617052213583
  ],
  [
    1575504000000,
    0.03075896878154081
  ],
  [
    1575936000000,
    24.403522360934918
  ],
  [
    1576022400000,
    0.40717405714173277
  ],
  [
    1576195200000,
    0.7111793620187222
  ],
  [
    1576281600000,
    0
  ],
  [
    1576540800000,
    89.53885952016178
  ],
  [
    1576627200000,
    254.64829430045896
  ],
  [
    1576713600000,
    0.018161789354934798
  ],
  [
    1576886400000,
    3531.5880902619283
  ],
  [
    1576972800000,
    6723.798202722568
  ],
  [
    1577059200000,
    6996.010950749018
  ],
  [
    1577145600000,
    7009.710724345146
  ],
  [
    1577232000000,
    6983.095908568994
  ],
  [
    1577318400000,
    7087.702231256697
  ],
  [
    1577404800000,
    7206.45217197777
  ],
  [
    1577491200000,
    7058.9968816109695
  ],
  [
    1577577600000,
    7199.610563535458
  ],
  [
    1577664000000,
    7157.966894776191
  ],
  [
    1577750400000,
    7247.930011561308
  ],
  [
    1577836800000,
    7158.235304576724
  ],
  [
    1577923200000,
    7589.634228044939
  ],
  [
    1578009600000,
    7267.264045673943
  ],
  [
    1578096000000,
    7302.340592673295
  ],
  [
    1578182400000,
    7359.389511528104
  ],
  [
    1578268800000,
    7479.906159327999
  ],
  [
    1578355200000,
    7462.852110543653
  ],
  [
    1578441600000,
    7401.106619728671
  ],
  [
    1578528000000,
    355.7995235371194
  ],
  [
    1578614400000,
    147.25668773355665
  ],
  [
    1578873600000,
    0
  ],
  [
    1579046400000,
    0.7333125405035873
  ],
  [
    1579132800000,
    0
  ],
  [
    1579305600000,
    77.12751970060985
  ],
  [
    1579392000000,
    1.206749431546087
  ],
  [
    1579478400000,
    15.00966328222084
  ],
  [
    1579564800000,
    5346.761470402639
  ],
  [
    1579651200000,
    59.72988250881692
  ],
  [
    1579737600000,
    0.0009500219333387488
  ],
  [
    1579910400000,
    41.170975621760405
  ],
  [
    1579996800000,
    11.430431317629292
  ],
  [
    1580256000000,
    0.06218544190490641
  ],
  [
    1580515200000,
    10.87214155083426
  ],
  [
    1580947200000,
    13.145470361581264
  ],
  [
    1581033600000,
    66.94920911600306
  ],
  [
    1581292800000,
    6.422512798355396
  ],
  [
    1581379200000,
    6.4386630064476815
  ],
  [
    1581552000000,
    0.010143094228686117
  ],
  [
    1582070400000,
    0.054963297932166214
  ],
  [
    1582243200000,
    0.031016176888084262
  ],
  [
    1582675200000,
    0.014550306839576832
  ],
  [
    1583107200000,
    0.02186745549157654
  ],
  [
    1583193600000,
    0.497440018439713
  ],
  [
    1583366400000,
    0.01094977585805122
  ],
  [
    1583539200000,
    0.009344625649457365
  ],
  [
    1583884800000,
    1.2428902024026056
  ],
  [
    1584057600000,
    0.014489628070641499
  ],
  [
    1584144000000,
    0.06860561363981933
  ],
  [
    1584403200000,
    24.83528463484959
  ],
  [
    1585008000000,
    0.049063726530586764
  ],
  [
    1585267200000,
    0.009163001763527865
  ],
  [
    1585785600000,
    55.30984803774554
  ],
  [
    1585872000000,
    34.22140079949169
  ],
  [
    1585958400000,
    0.10218064344285202
  ],
  [
    1586044800000,
    0.0717950810792845
  ],
  [
    1586995200000,
    0.0915362458326675
  ],
  [
    1587254400000,
    0.12208287025087414
  ],
  [
    1587340800000,
    0.12174691104522126
  ],
  [
    1587772800000,
    0.11736123470249044
  ],
  [
    1587859200000,
    0.2518240084028376
  ],
  [
    1588550400000,
    23.63429948912594
  ],
  [
    1588636800000,
    0.03028699157679829
  ],
  [
    1588723200000,
    0.05675665238363379
  ],
  [
    1589932800000,
    0.07265354352967257
  ],
  [
    1590624000000,
    5.3972611394868535
  ],
  [
    1590710400000,
    26621.687529500232
  ],
  [
    1590796800000,
    167347.19071022875
  ],
  [
    1590883200000,
    72351.44272614279
  ],
  [
    1590969600000,
    201177.02082989458
  ],
  [
    1591056000000,
    477677.9550475848
  ],
  [
    1591142400000,
    656666.730156541
  ],
  [
    1591228800000,
    586409.1082369062
  ],
  [
    1591315200000,
    144663.08581731128
  ],
  [
    1591401600000,
    158438.89480951853
  ],
  [
    1591488000000,
    224830.20536399668
  ],
  [
    1591574400000,
    279410.3599748525
  ],
  [
    1591660800000,
    163482.72978832395
  ],
  [
    1591747200000,
    146362.89682105364
  ],
  [
    1591833600000,
    168946.11322813103
  ],
  [
    1591920000000,
    117849.92880707058
  ],
  [
    1592006400000,
    13355.297379056157
  ],
  [
    1592092800000,
    52.18061000209165
  ],
  [
    1592179200000,
    507.393297354846
  ],
  [
    1592265600000,
    3605.9876890199616
  ],
  [
    1592352000000,
    5081.377106983027
  ],
  [
    1592438400000,
    0.17901173362444853
  ],
  [
    1592524800000,
    300.69088081913503
  ],
  [
    1592611200000,
    3439.262736111451
  ],
  [
    1592697600000,
    336.29257242307574
  ],
  [
    1592784000000,
    0.33520070495452065
  ],
  [
    1592870400000,
    0.1884491109389627
  ],
  [
    1592956800000,
    0.012599606321788403
  ],
  [
    1593043200000,
    4310.287668699563
  ],
  [
    1593129600000,
    4083.4182023842063
  ],
  [
    1593216000000,
    2899.5247981580983
  ],
  [
    1593302400000,
    451.1967678810046
  ],
  [
    1593388800000,
    1.2246987337082793
  ],
  [
    1593734400000,
    0.020370044801871327
  ],
  [
    1593820800000,
    0.020370044801871327
  ],
  [
    1593907200000,
    0.10748343642484741
  ],
  [
    1593993600000,
    3.363128355729352
  ],
  [
    1594080000000,
    3.363128355729352
  ],
  [
    1594166400000,
    0.0217247160667606
  ],
  [
    1594252800000,
    4.624504004636722
  ],
  [
    1594339200000,
    0.01699136508033341
  ],
  [
    1594425600000,
    1.3864962762774105
  ],
  [
    1594512000000,
    1.3864962762774105
  ],
  [
    1595289600000,
    0.4947704591499524
  ],
  [
    1595376000000,
    0.4947704591499524
  ],
  [
    1595462400000,
    0.43990320326115673
  ],
  [
    1596326400000,
    0.9992881126051899
  ],
  [
    1596412800000,
    0.9992881126051899
  ],
  [
    1596499200000,
    606.701775983106
  ],
  [
    1596585600000,
    606.701775983106
  ],
  [
    1596672000000,
    1502.9294282891178
  ],
  [
    1596758400000,
    11122.12966239108
  ],
  [
    1596844800000,
    37914.53911688989
  ],
  [
    1596931200000,
    2588.4455413516334
  ],
  [
    1597017600000,
    5438.532718478513
  ],
  [
    1597104000000,
    24831.496057014185
  ],
  [
    1597190400000,
    7521.219968362901
  ],
  [
    1597276800000,
    28258.305839325934
  ],
  [
    1597363200000,
    23421.595402682247
  ],
  [
    1597449600000,
    25357.657130927575
  ],
  [
    1597536000000,
    1276.7523608253803
  ],
  [
    1597622400000,
    4680.889396978252
  ],
  [
    1597708800000,
    38720.25078183764
  ],
  [
    1597795200000,
    16494.857620195704
  ],
  [
    1597881600000,
    26490.81047349409
  ],
  [
    1597968000000,
    24515.718311966804
  ],
  [
    1598054400000,
    15729.572515877462
  ],
  [
    1598140800000,
    16949.02263092787
  ],
  [
    1598227200000,
    16398.36361546358
  ],
  [
    1598313600000,
    33458.17534694282
  ],
  [
    1598400000000,
    30530.32861063753
  ],
  [
    1598486400000,
    26504.297276566147
  ],
  [
    1598572800000,
    27397.57675256323
  ],
  [
    1598659200000,
    14989.628574968581
  ],
  [
    1598745600000,
    14135.245344959123
  ],
  [
    1598832000000,
    13876.40924896395
  ],
  [
    1598918400000,
    17408.44706882095
  ],
  [
    1599004800000,
    19667.684147865417
  ],
  [
    1599091200000,
    19524.755965338805
  ],
  [
    1599177600000,
    18540.822022434404
  ],
  [
    1599264000000,
    19184.971606347983
  ],
  [
    1599350400000,
    6690.285257665453
  ],
  [
    1599436800000,
    3207.319661304227
  ],
  [
    1599523200000,
    26065.87245544632
  ],
  [
    1599609600000,
    15969.279325664631
  ],
  [
    1599696000000,
    16127.022227666117
  ],
  [
    1599782400000,
    18951.465154194957
  ],
  [
    1599868800000,
    10102.79006374611
  ],
  [
    1599955200000,
    13407.967859729384
  ],
  [
    1600041600000,
    5463.775209065326
  ],
  [
    1600128000000,
    12056.973866943203
  ],
  [
    1600214400000,
    2979.9855400383613
  ],
  [
    1600300800000,
    4572.619539395614
  ],
  [
    1600387200000,
    4018.3215483997296
  ],
  [
    1600473600000,
    6243.763642161335
  ],
  [
    1600560000000,
    2.3503708279387068
  ],
  [
    1600646400000,
    4464.198027604217
  ],
  [
    1600732800000,
    382.79089358355554
  ],
  [
    1600819200000,
    0.47267433554273425
  ],
  [
    1600905600000,
    5439.379050997399
  ],
  [
    1600992000000,
    1754.9640912573589
  ],
  [
    1601683200000,
    1103.8640572566217
  ],
  [
    1601769600000,
    1103.8640572566217
  ],
  [
    1601856000000,
    1384.7275580863993
  ],
  [
    1601942400000,
    1384.7275580863993
  ],
  [
    1602028800000,
    26042.397650052186
  ],
  [
    1602115200000,
    1557.9868438069125
  ],
  [
    1602201600000,
    2197.4423595018065
  ],
  [
    1602288000000,
    2788.2831195579024
  ],
  [
    1602374400000,
    2598.889333050228
  ],
  [
    1602460800000,
    4660.095443431902
  ],
  [
    1602547200000,
    647.8630504876131
  ],
  [
    1602633600000,
    1576.4592583580877
  ],
  [
    1602720000000,
    944.3943663993424
  ],
  [
    1602806400000,
    1493.4649141012035
  ],
  [
    1602892800000,
    4068.775479155728
  ],
  [
    1602979200000,
    838.5855882587483
  ],
  [
    1603065600000,
    1863.3123738436993
  ],
  [
    1603152000000,
    974.8745363674635
  ],
  [
    1603238400000,
    67.02116540079427
  ],
  [
    1603324800000,
    467.0962822818603
  ],
  [
    1603411200000,
    2436.1478627423417
  ],
  [
    1603497600000,
    2436.1478627423417
  ],
  [
    1603584000000,
    470.65751918044236
  ],
  [
    1603670400000,
    2960.8647006883643
  ],
  [
    1603756800000,
    1888.5166840774455
  ],
  [
    1603843200000,
    1661.3483064050074
  ],
  [
    1603929600000,
    1416.361860933391
  ],
  [
    1604016000000,
    1144.1369474960425
  ],
  [
    1604275200000,
    62.74875295852055
  ],
  [
    1604361600000,
    62.74875295852055
  ],
  [
    1606348800000,
    3.997853079723033
  ],
  [
    1606435200000,
    3.997853079723033
  ],
  [
    1606953600000,
    2581.122724344443
  ],
  [
    1607040000000,
    2581.122724344443
  ],
  [
    1607126400000,
    50.24150214427326
  ],
  [
    1609632000000,
    0.002844980201644229
  ],
  [
    1609718400000,
    0.002844980201644229
  ],
  [
    1610496000000,
    149.11136330331698
  ],
  [
    1610582400000,
    149.11136330331698
  ],
  [
    1610668800000,
    35.768216793498574
  ],
  [
    1610755200000,
    0.6454625571521487
  ],
  [
    1610841600000,
    0.6571284068806663
  ],
  [
    1610928000000,
    1.34599895392045
  ],
  [
    1611014400000,
    0.30089756271539053
  ],
  [
    1611446400000,
    1.803452029701573
  ],
  [
    1611532800000,
    1.803452029701573
  ],
  [
    1612396800000,
    1.9696908561180848
  ],
  [
    1612483200000,
    1.9696908561180848
  ],
  [
    1612656000000,
    1.7790411387680447
  ],
  [
    1612742400000,
    1.7790411387680447
  ],
  [
    1613347200000,
    5.330230090194117
  ],
  [
    1613433600000,
    5.330230090194117
  ],
  [
    1613520000000,
    1.7054144132321427
  ],
  [
    1613606400000,
    0.004290932007883379
  ],
  [
    1613692800000,
    461.8285795077117
  ],
  [
    1613779200000,
    6.683194944586723
  ],
  [
    1613865600000,
    0.30122827790708256
  ],
  [
    1614384000000,
    0.010024859067587755
  ],
  [
    1614470400000,
    0.010024859067587755
  ],
  [
    1614556800000,
    0.2515778804428245
  ],
  [
    1614643200000,
    0.2515778804428245
  ],
  [
    1614729600000,
    30.05143982434925
  ],
  [
    1614816000000,
    17.527299649834053
  ],
  [
    1614902400000,
    2.975332705458356
  ],
  [
    1614988800000,
    0.24792975098156061
  ],
  [
    1615075200000,
    57.49306542871645
  ],
  [
    1615161600000,
    0.022762462342488923
  ],
  [
    1615248000000,
    0.012216755232935736
  ],
  [
    1615334400000,
    0.012216755232935736
  ],
  [
    1615420800000,
    9.0745354218398
  ],
  [
    1615507200000,
    18.980290687646708
  ],
  [
    1615593600000,
    335.99424878088973
  ],
  [
    1615680000000,
    32.97143716665501
  ],
  [
    1615766400000,
    0.07630850949949937
  ],
  [
    1615852800000,
    42.11144074601096
  ],
  [
    1615939200000,
    17.632220397609156
  ],
  [
    1616025600000,
    146.3235132358482
  ],
  [
    1616112000000,
    0.9297553143633044
  ],
  [
    1616198400000,
    55.68174344911758
  ],
  [
    1616284800000,
    5.572064898428101
  ],
  [
    1616371200000,
    4749.177321444017
  ],
  [
    1616457600000,
    459.5032539561577
  ],
  [
    1616544000000,
    320.5042332229669
  ],
  [
    1616630400000,
    107.59371501265369
  ],
  [
    1616716800000,
    31.15555987417744
  ],
  [
    1616803200000,
    37.32827306981876
  ],
  [
    1616889600000,
    1.325275916023182
  ],
  [
    1616976000000,
    31.717012759199964
  ],
  [
    1617062400000,
    68.783207668224
  ],
  [
    1617148800000,
    57.52544981536934
  ],
  [
    1617235200000,
    17.73477277215648
  ],
  [
    1617321600000,
    5.894836497936579
  ],
  [
    1617408000000,
    273.2969704056458
  ],
  [
    1617494400000,
    51.18329015122882
  ],
  [
    1617580800000,
    28.402773366495136
  ],
  [
    1617667200000,
    0.03578581624106128
  ],
  [
    1617753600000,
    3.2418734071532658
  ],
  [
    1617840000000,
    44.3939886093476
  ],
  [
    1617926400000,
    45.16279881122008
  ],
  [
    1618012800000,
    3.00325245227278
  ],
  [
    1618099200000,
    3.00325245227278
  ],
  [
    1618185600000,
    3.9004661494461716
  ],
  [
    1618272000000,
    13.06777770431616
  ],
  [
    1618358400000,
    9.917577304987102
  ],
  [
    1618444800000,
    0.08048339725941726
  ],
  [
    1618531200000,
    29.76756662801385
  ],
  [
    1618617600000,
    13.679635428356779
  ],
  [
    1618704000000,
    6518.946017559162
  ],
  [
    1618790400000,
    14555.750704307558
  ],
  [
    1618876800000,
    9004.469655554478
  ],
  [
    1618963200000,
    2434.703006747496
  ],
  [
    1619049600000,
    655.1885754905601
  ],
  [
    1619136000000,
    135.15382178428797
  ],
  [
    1619222400000,
    80.14863898279852
  ],
  [
    1619308800000,
    634.4050143453343
  ],
  [
    1619395200000,
    518.6011335474835
  ],
  [
    1619481600000,
    477.4440298092874
  ],
  [
    1619568000000,
    291.63189987920384
  ],
  [
    1619654400000,
    190.3651298770361
  ],
  [
    1619740800000,
    126.0612407614681
  ],
  [
    1619827200000,
    125.85945523650724
  ],
  [
    1621209600000,
    21.965542974333424
  ],
  [
    1621296000000,
    21.965542974333424
  ],
  [
    1621382400000,
    135.14654196783124
  ],
  [
    1621468800000,
    94.91460723349064
  ],
  [
    1621555200000,
    1446.5660085119014
  ],
  [
    1621641600000,
    751.8510654309567
  ],
  [
    1621728000000,
    91.29257189875202
  ],
  [
    1621814400000,
    426.7447267157489
  ],
  [
    1621900800000,
    539.1283533197646
  ],
  [
    1621987200000,
    69.80691536991779
  ],
  [
    1622073600000,
    146.67604937002847
  ],
  [
    1622160000000,
    26.229715588640875
  ],
  [
    1622246400000,
    38.25149764352346
  ],
  [
    1622332800000,
    3.711272370365142
  ],
  [
    1622419200000,
    10.938330414163934
  ],
  [
    1622505600000,
    21.634747167597578
  ],
  [
    1622592000000,
    56.823151607194376
  ],
  [
    1622678400000,
    6.997781445006664
  ],
  [
    1622764800000,
    12.996118007806299
  ],
  [
    1622851200000,
    5.167065355070897
  ],
  [
    1622937600000,
    10.167933134010845
  ],
  [
    1623024000000,
    27.500656683328252
  ],
  [
    1623110400000,
    104.55378408118992
  ],
  [
    1623196800000,
    29.192528066268437
  ],
  [
    1623283200000,
    6.75465970323437
  ],
  [
    1623369600000,
    11.58213977569831
  ],
  [
    1623456000000,
    36.10492152535559
  ],
  [
    1623542400000,
    42.80019383808447
  ],
  [
    1623628800000,
    17.907024194318684
  ],
  [
    1623715200000,
    8.728168345929811
  ],
  [
    1623801600000,
    0.03615593726240964
  ],
  [
    1623888000000,
    8.023932109491136
  ],
  [
    1623974400000,
    44.269168588241484
  ],
  [
    1624060800000,
    17.235617506529973
  ],
  [
    1624147200000,
    21.791966343076922
  ],
  [
    1624233600000,
    84.89469719604915
  ],
  [
    1624320000000,
    25.874692409193866
  ],
  [
    1624406400000,
    3.4996534530559784
  ],
  [
    1624492800000,
    0.12577360070237115
  ],
  [
    1624579200000,
    30.595398704120175
  ],
  [
    1624665600000,
    4.7975199556698245
  ],
  [
    1624752000000,
    1.6749464297266843
  ],
  [
    1624838400000,
    3.702713100150964
  ],
  [
    1624924800000,
    11.446950255104282
  ],
  [
    1625011200000,
    254.42379104852353
  ],
  [
    1625097600000,
    9.821466632846702
  ],
  [
    1625184000000,
    60.345990829362876
  ],
  [
    1625270400000,
    6.56790365930989
  ],
  [
    1625356800000,
    8.647959638035049
  ],
  [
    1625443200000,
    14.535558556656017
  ],
  [
    1625529600000,
    4.2789584956822075
  ],
  [
    1625616000000,
    20.2850316966199
  ],
  [
    1625702400000,
    2.2381023495579866
  ],
  [
    1625788800000,
    3.875499907444746
  ],
  [
    1625875200000,
    2.514499719878639
  ],
  [
    1625961600000,
    0.07054432455022787
  ],
  [
    1626048000000,
    19.49964480214838
  ],
  [
    1626134400000,
    0.024041072286908993
  ],
  [
    1626220800000,
    0.8785341892394859
  ],
  [
    1626307200000,
    3.096420861071527
  ],
  [
    1626393600000,
    2.426938512180385
  ],
  [
    1626480000000,
    0.8498597129281741
  ],
  [
    1626566400000,
    0.24046800651719624
  ],
  [
    1626652800000,
    0.24046800651719624
  ],
  [
    1626739200000,
    130.1788844886859
  ],
  [
    1626825600000,
    16.774538954967216
  ],
  [
    1626912000000,
    0.5239478963698069
  ],
  [
    1626998400000,
    26.58568893596257
  ],
  [
    1627084800000,
    80.4314873842275
  ],
  [
    1627171200000,
    23.46067724507554
  ],
  [
    1627257600000,
    0.4148373638554011
  ],
  [
    1627344000000,
    3.2625551598708253
  ],
  [
    1627430400000,
    5.196727071711316
  ],
  [
    1627516800000,
    0.0009592028766700304
  ],
  [
    1627689600000,
    0.09004473184576282
  ],
  [
    1627776000000,
    0.23602229762649937
  ],
  [
    1627862400000,
    0.15920152683914043
  ],
  [
    1627948800000,
    0.07970365865683597
  ],
  [
    1628035200000,
    11.088307151274455
  ],
  [
    1628121600000,
    2.0539310580324113
  ],
  [
    1628208000000,
    8.247961096074578
  ],
  [
    1628294400000,
    0.46839503472580857
  ],
  [
    1628380800000,
    40.37535914246009
  ],
  [
    1628467200000,
    63.24230388624403
  ],
  [
    1628553600000,
    64.20651771538347
  ],
  [
    1628640000000,
    0.9995256510885204
  ],
  [
    1628726400000,
    38.91211022452642
  ],
  [
    1628812800000,
    2.030091592989933
  ],
  [
    1628899200000,
    5.690434232258787
  ],
  [
    1628985600000,
    115.45584415649459
  ],
  [
    1629072000000,
    6.431699085980865
  ],
  [
    1629158400000,
    35.06101244001631
  ],
  [
    1629244800000,
    29.046504333024433
  ],
  [
    1629331200000,
    48.279815600691
  ],
  [
    1629417600000,
    13.087327976608181
  ],
  [
    1629504000000,
    0.2616751934397976
  ],
  [
    1629590400000,
    32.099642232705264
  ],
  [
    1629676800000,
    0.436619004582077
  ],
  [
    1629763200000,
    30.261416767532687
  ],
  [
    1629849600000,
    1.8645339760315152
  ],
  [
    1629936000000,
    1.746742750811996
  ],
  [
    1630022400000,
    23.904136233575137
  ],
  [
    1630108800000,
    13.795636050868216
  ],
  [
    1630195200000,
    3.1304639386021753
  ],
  [
    1630281600000,
    0.5011396048519998
  ],
  [
    1630368000000,
    0.12798565053254074
  ],
  [
    1630454400000,
    4.126031132533112
  ],
  [
    1630540800000,
    0.3978277581903063
  ],
  [
    1630627200000,
    0.6781227402707134
  ]
]