[
  [
    1604275200000,
    0.11625739241214904
  ],
  [
    1604361600000,
    0.11625739241214904
  ],
  [
    1604448000000,
    0.09457186324679058
  ],
  [
    1604534400000,
    0.09618635356002499
  ],
  [
    1604620800000,
    0.09960112151699568
  ],
  [
    1604707200000,
    0.1006079306633422
  ],
  [
    1604793600000,
    0.10293812169670648
  ],
  [
    1604880000000,
    0.08703779598195327
  ],
  [
    1604966400000,
    0.09395925478308581
  ],
  [
    1605052800000,
    0.09522372955010623
  ],
  [
    1605139200000,
    0.08347557102163179
  ],
  [
    1605225600000,
    0.08823135274062402
  ],
  [
    1605312000000,
    0.06548054578144656
  ],
  [
    1605398400000,
    0.07921266238637419
  ],
  [
    1605484800000,
    0.07903248581818956
  ],
  [
    1605571200000,
    0.08991953856828114
  ],
  [
    1605657600000,
    0.08488344184239638
  ],
  [
    1605744000000,
    0.0937810057730228
  ],
  [
    1605830400000,
    0.09301699885212497
  ],
  [
    1605916800000,
    0.09621329277317027
  ],
  [
    1606003200000,
    0.10024655719293174
  ],
  [
    1606089600000,
    0.09549527733231974
  ],
  [
    1606176000000,
    0.06801829228349117
  ],
  [
    1606262400000,
    0.07889808009021301
  ],
  [
    1606348800000,
    0.08968645640465886
  ],
  [
    1606435200000,
    0.07678626862723695
  ],
  [
    1606521600000,
    0.08169785302881387
  ],
  [
    1606608000000,
    0.08051108735287636
  ],
  [
    1606694400000,
    0.08318368602234573
  ],
  [
    1606780800000,
    0.09719062470015276
  ],
  [
    1606867200000,
    0.09300562776134602
  ],
  [
    1606953600000,
    0.09262729680290054
  ],
  [
    1607040000000,
    0.09742084074197412
  ],
  [
    1607126400000,
    0.08945665098593451
  ],
  [
    1607212800000,
    0.08073348921468224
  ],
  [
    1607299200000,
    0.08247085203510439
  ],
  [
    1607385600000,
    0.08136134234998066
  ],
  [
    1607472000000,
    0.08702014260248754
  ],
  [
    1607558400000,
    0.09133985007596786
  ],
  [
    1607644800000,
    0.08253202725945276
  ],
  [
    1607731200000,
    0.07809553304804934
  ],
  [
    1607817600000,
    0.08980901424740154
  ],
  [
    1607904000000,
    0.09501530916797721
  ],
  [
    1607990400000,
    0.0973861705471998
  ],
  [
    1608076800000,
    0.09664000151414404
  ],
  [
    1608163200000,
    0.09195650350048062
  ],
  [
    1608249600000,
    0.09617534692507025
  ],
  [
    1608336000000,
    0.09591494411135681
  ],
  [
    1608422400000,
    0.09607344401352545
  ],
  [
    1608508800000,
    0.09108894110313705
  ],
  [
    1608595200000,
    0.08685401223354096
  ],
  [
    1608681600000,
    0.08731054670009408
  ],
  [
    1608768000000,
    0.0998486756365816
  ],
  [
    1608854400000,
    0.091681604788136
  ],
  [
    1608940800000,
    0.09777071698675512
  ],
  [
    1609027200000,
    0.09015294280767011
  ],
  [
    1609113600000,
    0.09882290981396483
  ],
  [
    1609200000000,
    0.06234839299458582
  ],
  [
    1609286400000,
    0.09899386314965634
  ],
  [
    1609372800000,
    0.0855258812081894
  ],
  [
    1609459200000,
    0.08983088304621101
  ],
  [
    1609545600000,
    0.09272395272807402
  ],
  [
    1609632000000,
    0.08377001724480526
  ],
  [
    1609718400000,
    0.07653773627102757
  ],
  [
    1609804800000,
    0.07581374013915934
  ],
  [
    1609891200000,
    0.07691124243196226
  ],
  [
    1609977600000,
    0.08564552273453095
  ],
  [
    1610064000000,
    0.07728541375772285
  ],
  [
    1610150400000,
    0.07557485897069018
  ],
  [
    1610236800000,
    0.09795147389443976
  ],
  [
    1610323200000,
    0.08103092743458454
  ],
  [
    1610409600000,
    0.08480281395288729
  ],
  [
    1610496000000,
    0.07885951413127835
  ],
  [
    1610582400000,
    0.0855665698359443
  ],
  [
    1610668800000,
    0.08867174612189568
  ],
  [
    1610755200000,
    0.0887083227885922
  ],
  [
    1610841600000,
    0.09508654017571737
  ],
  [
    1610928000000,
    0.09167226026762282
  ],
  [
    1611014400000,
    0.14358098839460734
  ],
  [
    1611100800000,
    0.3322599390502902
  ],
  [
    1611187200000,
    0.2781211855500046
  ],
  [
    1611273600000,
    0.28409538261052253
  ],
  [
    1611360000000,
    0.2900333172358301
  ],
  [
    1611446400000,
    0.2739977298913566
  ],
  [
    1611532800000,
    0.2223732523144525
  ],
  [
    1611619200000,
    0.1887669949150058
  ],
  [
    1611705600000,
    0.11989803209410975
  ],
  [
    1611792000000,
    0.13371788351628275
  ],
  [
    1611878400000,
    0.16433305121769753
  ],
  [
    1611964800000,
    0.18577131962714816
  ],
  [
    1612051200000,
    0.1821129208960595
  ],
  [
    1612137600000,
    0.16494513362420682
  ],
  [
    1612224000000,
    0.17078528958651673
  ],
  [
    1612310400000,
    0.1718823717895905
  ],
  [
    1612396800000,
    0.18753014329790643
  ],
  [
    1612483200000,
    0.16571916817672214
  ],
  [
    1612569600000,
    0.15277904995787067
  ],
  [
    1612656000000,
    0.1380325698605198
  ],
  [
    1612742400000,
    0.1432908940908127
  ],
  [
    1612828800000,
    0.14465130566887602
  ],
  [
    1612915200000,
    0.1420895547646815
  ],
  [
    1613001600000,
    0.12680660541906677
  ],
  [
    1613088000000,
    0.12185296094358307
  ],
  [
    1613174400000,
    0.12586382407128288
  ],
  [
    1613260800000,
    0.12744409962685466
  ],
  [
    1613347200000,
    0.11641110330251454
  ],
  [
    1613433600000,
    0.11962692896294563
  ],
  [
    1613520000000,
    0.13011660682932888
  ],
  [
    1613606400000,
    0.15408212700107726
  ],
  [
    1613692800000,
    0.1250886233493588
  ],
  [
    1613779200000,
    0.13111117864105307
  ],
  [
    1613865600000,
    0.11013745908831629
  ],
  [
    1613952000000,
    0.11925459996527114
  ],
  [
    1614038400000,
    0.11159342197429423
  ],
  [
    1614124800000,
    0.11665917459053311
  ],
  [
    1614211200000,
    0.13064943614506416
  ],
  [
    1614297600000,
    0.12851051011621484
  ],
  [
    1614384000000,
    0.12726251530397567
  ],
  [
    1614470400000,
    0.13579412629050855
  ],
  [
    1614556800000,
    0.13676238777067337
  ],
  [
    1614643200000,
    0.15347588027033815
  ],
  [
    1614729600000,
    0.16945756730679148
  ],
  [
    1614816000000,
    0.14946271441670617
  ],
  [
    1614902400000,
    0.1438991846061179
  ],
  [
    1614988800000,
    0.154075171651132
  ],
  [
    1615075200000,
    0.15433585528699428
  ],
  [
    1615161600000,
    0.13926308652768
  ],
  [
    1615248000000,
    0.16432405866478236
  ],
  [
    1615334400000,
    0.16078999998439228
  ],
  [
    1615420800000,
    0.1597302291989016
  ],
  [
    1615507200000,
    0.15082857673003094
  ],
  [
    1615593600000,
    0.15498801708520357
  ],
  [
    1615680000000,
    0.15024465938422474
  ],
  [
    1615766400000,
    0.1466637040701583
  ],
  [
    1615852800000,
    0.14196428017909385
  ],
  [
    1615939200000,
    0.14067145868913003
  ],
  [
    1616025600000,
    0.13734853528374055
  ],
  [
    1616112000000,
    0.1403391576910912
  ],
  [
    1616198400000,
    0.1381621377524612
  ],
  [
    1616284800000,
    0.13631891326825413
  ],
  [
    1616371200000,
    0.13839143961549763
  ],
  [
    1616457600000,
    0.12476424806709616
  ],
  [
    1616544000000,
    0.13213414911022647
  ],
  [
    1616630400000,
    0.12421012267501841
  ],
  [
    1616716800000,
    0.1229082725649419
  ],
  [
    1616803200000,
    0.13512713956632655
  ],
  [
    1616889600000,
    0.12705384435981043
  ],
  [
    1616976000000,
    0.12581343785575144
  ],
  [
    1617062400000,
    0.12753263676775878
  ],
  [
    1617148800000,
    0.12710227582503622
  ],
  [
    1617235200000,
    0.12580873429432504
  ],
  [
    1617321600000,
    0.11908873389720115
  ],
  [
    1617408000000,
    0.11137547646843453
  ],
  [
    1617494400000,
    0.11144943730024064
  ],
  [
    1617580800000,
    0.11072661536991099
  ],
  [
    1617667200000,
    0.13270035944214922
  ],
  [
    1617753600000,
    0.12712298450058207
  ],
  [
    1617840000000,
    0.11358544973906545
  ],
  [
    1617926400000,
    0.11262098083606663
  ],
  [
    1618012800000,
    0.11936695252718416
  ],
  [
    1618099200000,
    0.11342847471414166
  ],
  [
    1618185600000,
    0.11922938044119309
  ],
  [
    1618272000000,
    0.12076389591981128
  ],
  [
    1618358400000,
    0.11949756851253912
  ],
  [
    1618444800000,
    0.12135902560702502
  ],
  [
    1618531200000,
    0.12238366956891908
  ],
  [
    1618617600000,
    0.12284991492356448
  ],
  [
    1618704000000,
    0.11748207066232574
  ],
  [
    1618790400000,
    0.12075150669705602
  ],
  [
    1618876800000,
    0.1175687979748544
  ],
  [
    1618963200000,
    0.11867202724350513
  ],
  [
    1619049600000,
    0.1093821744799987
  ],
  [
    1619136000000,
    0.11329144598981428
  ],
  [
    1619222400000,
    0.11213212156363693
  ],
  [
    1619308800000,
    0.1070466590645863
  ],
  [
    1619395200000,
    0.09626874969478684
  ],
  [
    1619481600000,
    0.0965481034561312
  ],
  [
    1619568000000,
    0.09868702521448149
  ],
  [
    1619654400000,
    0.10261385720391679
  ],
  [
    1619740800000,
    0.0979089745160889
  ],
  [
    1619827200000,
    0.10468102727596137
  ],
  [
    1619913600000,
    0.10282704961088077
  ],
  [
    1620000000000,
    0.10173410696631961
  ],
  [
    1620086400000,
    0.11274696576788387
  ],
  [
    1620172800000,
    0.1042016700979311
  ],
  [
    1620259200000,
    0.10027672547770387
  ],
  [
    1620345600000,
    0.09634434673090463
  ],
  [
    1620432000000,
    0.0996129540030716
  ],
  [
    1620518400000,
    0.10495429938118457
  ],
  [
    1620604800000,
    0.09665847192502432
  ],
  [
    1620691200000,
    0.09364676223335125
  ],
  [
    1620777600000,
    0.09714263312108846
  ],
  [
    1620864000000,
    0.09430689791422486
  ],
  [
    1620950400000,
    0.09327254660115275
  ],
  [
    1621036800000,
    0.09500525693508487
  ],
  [
    1621123200000,
    0.09207100654930886
  ],
  [
    1621209600000,
    0.09222638307728186
  ],
  [
    1621296000000,
    0.09506091137264311
  ],
  [
    1621382400000,
    0.09019578666976578
  ],
  [
    1621468800000,
    0.08382933949405313
  ],
  [
    1621555200000,
    0.0890157141414881
  ],
  [
    1621641600000,
    0.09367479267471379
  ],
  [
    1621728000000,
    0.1026520950845239
  ],
  [
    1621814400000,
    0.09961098602857171
  ],
  [
    1621900800000,
    0.11272243492081088
  ],
  [
    1621987200000,
    0.10931862744406987
  ],
  [
    1622073600000,
    0.10195684319244717
  ],
  [
    1622160000000,
    0.10334747171936463
  ],
  [
    1622246400000,
    0.10185256578874101
  ],
  [
    1622332800000,
    0.09558354938158764
  ],
  [
    1622419200000,
    0.09600464845752327
  ],
  [
    1622505600000,
    0.09919756156140629
  ],
  [
    1622592000000,
    0.09302900514591865
  ],
  [
    1622678400000,
    0.08796543666708026
  ],
  [
    1622764800000,
    0.0872049552418601
  ],
  [
    1622851200000,
    0.07898811794369538
  ],
  [
    1622937600000,
    0.07643367273082385
  ],
  [
    1623024000000,
    0.07563705574692044
  ],
  [
    1623110400000,
    0.07713060922227949
  ],
  [
    1623196800000,
    0.0749016104529004
  ],
  [
    1623283200000,
    0.07582058708703947
  ],
  [
    1623369600000,
    0.09072869037018848
  ],
  [
    1623456000000,
    0.08522879722088507
  ],
  [
    1623542400000,
    0.06553418457135723
  ],
  [
    1623628800000,
    0.08211193895270479
  ],
  [
    1623715200000,
    0.08344351418649654
  ],
  [
    1623801600000,
    0.08913826484635558
  ],
  [
    1623888000000,
    0.08445541952982191
  ],
  [
    1623974400000,
    0.08893320704224203
  ],
  [
    1624060800000,
    0.09026450312747959
  ],
  [
    1624147200000,
    0.08763110421190237
  ],
  [
    1624233600000,
    0.08383770044588325
  ],
  [
    1624320000000,
    0.08110489527132542
  ],
  [
    1624406400000,
    0.07867059522345969
  ],
  [
    1624492800000,
    0.07758433800157623
  ],
  [
    1624579200000,
    0.07577526866156094
  ],
  [
    1624665600000,
    0.07183041130890111
  ],
  [
    1624752000000,
    0.06990774805973181
  ],
  [
    1624838400000,
    0.06889031300456915
  ],
  [
    1624924800000,
    0.06507927736807462
  ],
  [
    1625011200000,
    0.065119119822039
  ],
  [
    1625097600000,
    0.06251746233565038
  ],
  [
    1625184000000,
    0.06785973310182951
  ],
  [
    1625270400000,
    0.06434319699329615
  ],
  [
    1625356800000,
    0.04632396589955893
  ],
  [
    1625443200000,
    0.04840914041505687
  ],
  [
    1625529600000,
    0.049446853425524524
  ],
  [
    1625616000000,
    0.04727326950082487
  ],
  [
    1625702400000,
    0.04536989088154839
  ],
  [
    1625788800000,
    0.04487855425481691
  ],
  [
    1625875200000,
    0.039598955769940485
  ],
  [
    1625961600000,
    0.032703930121916525
  ],
  [
    1626048000000,
    0.033210699921166535
  ],
  [
    1626134400000,
    0.033413579585514594
  ],
  [
    1626220800000,
    0.03460388977783925
  ],
  [
    1626307200000,
    0.03851898339655565
  ],
  [
    1626393600000,
    0.03941975773072928
  ],
  [
    1626480000000,
    0.033719826049116906
  ],
  [
    1626566400000,
    0.03295086387590793
  ],
  [
    1626652800000,
    0.032962238888687365
  ],
  [
    1626739200000,
    0.03295456687219228
  ],
  [
    1626825600000,
    0.03836086518382536
  ],
  [
    1626912000000,
    0.033166307962790575
  ],
  [
    1626998400000,
    0.03390143997690946
  ],
  [
    1627084800000,
    0.033163644549139414
  ],
  [
    1627171200000,
    0.03277227175498087
  ],
  [
    1627257600000,
    0.03333542083543264
  ],
  [
    1627344000000,
    0.03385373493823811
  ],
  [
    1627430400000,
    0.03388490244257565
  ],
  [
    1627516800000,
    0.03840872233654357
  ],
  [
    1627603200000,
    0.038542590676055484
  ],
  [
    1627689600000,
    0.03595580583446858
  ],
  [
    1627776000000,
    0.03730340024211568
  ],
  [
    1627862400000,
    0.037206596417081385
  ],
  [
    1627948800000,
    0.035824496672786
  ],
  [
    1628035200000,
    0.035452200777491984
  ],
  [
    1628121600000,
    0.03494384226577671
  ],
  [
    1628208000000,
    0.03276339282487377
  ],
  [
    1628294400000,
    0.032529191587393744
  ],
  [
    1628380800000,
    0.03294622546993865
  ],
  [
    1628467200000,
    0.032206891339153484
  ],
  [
    1628553600000,
    0.03312562810214978
  ],
  [
    1628640000000,
    0.03353813745702797
  ],
  [
    1628726400000,
    0.0330291557620891
  ],
  [
    1628812800000,
    0.03170994815862183
  ],
  [
    1628899200000,
    0.030070083383303622
  ],
  [
    1628985600000,
    0.03076887981515845
  ],
  [
    1629072000000,
    0.0308115318570945
  ],
  [
    1629158400000,
    0.030421143127480694
  ],
  [
    1629244800000,
    0.030692930360677616
  ],
  [
    1629331200000,
    0.03024999268667087
  ],
  [
    1629417600000,
    0.03107207594664033
  ],
  [
    1629504000000,
    0.03073355263856929
  ],
  [
    1629590400000,
    0.030445540040123367
  ],
  [
    1629676800000,
    0.030369870977828294
  ],
  [
    1629763200000,
    0.03034618607815028
  ],
  [
    1629849600000,
    0.029795925735569537
  ],
  [
    1629936000000,
    0.030169363483082013
  ],
  [
    1630022400000,
    0.03099730983717234
  ],
  [
    1630108800000,
    0.03565378871522199
  ],
  [
    1630195200000,
    0.03034772214222847
  ],
  [
    1630281600000,
    0.03143796305166306
  ],
  [
    1630368000000,
    0.034672512815761336
  ],
  [
    1630454400000,
    0.032185327046517456
  ],
  [
    1630540800000,
    0.03218607831780334
  ],
  [
    1630627200000,
    0.03222796031506875
  ]
]