[
  [
    1536796800000,
    0.0003167146052081005
  ],
  [
    1536883200000,
    0.0003246599042436358
  ],
  [
    1536969600000,
    0.0003807808303767109
  ],
  [
    1537056000000,
    0.0002628801437019205
  ],
  [
    1537142400000,
    0.0003890045688928103
  ],
  [
    1537228800000,
    0.00037516729871074536
  ],
  [
    1537315200000,
    0.00032032794670360583
  ],
  [
    1537401600000,
    0.00031841334480662767
  ],
  [
    1537488000000,
    0.00032470621422937926
  ],
  [
    1537574400000,
    0.0002591236642529369
  ],
  [
    1537660800000,
    0.0002700119086691845
  ],
  [
    1537747200000,
    0.00026870689975479157
  ],
  [
    1537833600000,
    0.00032931065494215767
  ],
  [
    1537920000000,
    0.0002696221814655049
  ],
  [
    1538006400000,
    0.0003882946709549903
  ],
  [
    1538092800000,
    0.0003982561699845609
  ],
  [
    1538179200000,
    0.0005292951189678733
  ],
  [
    1538265600000,
    0.0013400519279183631
  ],
  [
    1538352000000,
    0.0008786673837048177
  ],
  [
    1538438400000,
    0.0008581096839081722
  ],
  [
    1538524800000,
    0.0008306146018563766
  ],
  [
    1538611200000,
    0.0007145663928092389
  ],
  [
    1538697600000,
    0.0007977498322797352
  ],
  [
    1538784000000,
    0.0007352032108743299
  ],
  [
    1538870400000,
    0.0009854964072788612
  ],
  [
    1538956800000,
    0.0013110128411531678
  ],
  [
    1539043200000,
    0.0010147037215698625
  ],
  [
    1539129600000,
    0.0007381683606719155
  ],
  [
    1539216000000,
    0.0007922858412680616
  ],
  [
    1539302400000,
    0.0006253005747084665
  ],
  [
    1539388800000,
    0.0006923895276817078
  ],
  [
    1539475200000,
    0.00063362533498098
  ],
  [
    1539561600000,
    0.000567324844432653
  ],
  [
    1539648000000,
    0.0007358889976214928
  ],
  [
    1539734400000,
    0.0007426031762404029
  ],
  [
    1539820800000,
    0.0006819961560774735
  ],
  [
    1539907200000,
    0.0005896591345671844
  ],
  [
    1539993600000,
    0.0005874093740150663
  ],
  [
    1540080000000,
    0.0006356373544957802
  ],
  [
    1540166400000,
    0.0005259680862439678
  ],
  [
    1540252800000,
    0.0005870101433072628
  ],
  [
    1540339200000,
    0.0005827048345422486
  ],
  [
    1540425600000,
    0.00045137186980257713
  ],
  [
    1540512000000,
    0.0005163430754780123
  ],
  [
    1540598400000,
    0.0005155909872861254
  ],
  [
    1540684800000,
    0.0005067006779541287
  ],
  [
    1540771200000,
    0.0004527041336396578
  ],
  [
    1540857600000,
    0.0005039088010098535
  ],
  [
    1540944000000,
    0.0005021670466506125
  ],
  [
    1541030400000,
    0.0005095603595079306
  ],
  [
    1541116800000,
    0.000511294779994592
  ],
  [
    1541203200000,
    0.0005133236003109823
  ],
  [
    1541289600000,
    0.0005111919259426919
  ],
  [
    1541376000000,
    0.0005049890814350246
  ],
  [
    1541462400000,
    0.0005142634735911856
  ],
  [
    1541548800000,
    0.0005185499192746967
  ],
  [
    1541635200000,
    0.0005907494213027997
  ],
  [
    1541721600000,
    0.0005837770435496942
  ],
  [
    1541808000000,
    0.0006421462682822368
  ],
  [
    1541894400000,
    0.0006413675264610379
  ],
  [
    1541980800000,
    0.0005660228360486738
  ],
  [
    1542067200000,
    0.000641972247165646
  ],
  [
    1542153600000,
    0.0004491717868416905
  ],
  [
    1542240000000,
    0.00040508278582483193
  ],
  [
    1542326400000,
    0.0003988140734562071
  ],
  [
    1542412800000,
    0.0003927996349938885
  ],
  [
    1542499200000,
    0.0004485824916020488
  ],
  [
    1542585600000,
    0.0004515131970786376
  ],
  [
    1542672000000,
    0.00043964690371092264
  ],
  [
    1542758400000,
    0.00026916540105729916
  ],
  [
    1542844800000,
    0.0002777502589299613
  ],
  [
    1542931200000,
    0.00017481109812564737
  ],
  [
    1543017600000,
    0.0001755676737295456
  ],
  [
    1543104000000,
    0.00018927441752136193
  ],
  [
    1543190400000,
    0.0001625871882411624
  ],
  [
    1543276800000,
    0.00012696972114997006
  ],
  [
    1543363200000,
    0.00015368086908411024
  ],
  [
    1543449600000,
    0.00017067650870410705
  ],
  [
    1543536000000,
    0.00017090604513667052
  ],
  [
    1543622400000,
    0.000120877352812995
  ],
  [
    1543708800000,
    0.0001258932753996393
  ],
  [
    1543795200000,
    0.00019777114759538897
  ],
  [
    1543881600000,
    0.0001552306824703544
  ],
  [
    1543968000000,
    0.0001576689519695364
  ],
  [
    1544054400000,
    0.000150214405715204
  ],
  [
    1544140800000,
    0.000148102882892398
  ],
  [
    1544227200000,
    0.00013598946987769075
  ],
  [
    1544313600000,
    0.00013448782927175354
  ],
  [
    1544400000000,
    0.00011321158779099243
  ],
  [
    1544486400000,
    0.0001029962137075971
  ],
  [
    1544572800000,
    0.0001014448392004626
  ],
  [
    1544659200000,
    0.0001359088598216137
  ],
  [
    1544745600000,
    0.00007451089333935737
  ],
  [
    1544832000000,
    0.00007451
  ],
  [
    1544918400000,
    0.00012867148706255857
  ],
  [
    1545004800000,
    0.00007453
  ],
  [
    1545091200000,
    0.00010670326079807737
  ],
  [
    1545177600000,
    0.0001461469523149196
  ],
  [
    1545264000000,
    0.00007977726160352628
  ],
  [
    1545350400000,
    0.00007482322302883964
  ],
  [
    1545436800000,
    0.00013321812594986734
  ],
  [
    1545523200000,
    0.0001577130830114804
  ],
  [
    1545609600000,
    0.00015766210925714593
  ],
  [
    1545696000000,
    0.00019905264556165377
  ],
  [
    1545782400000,
    0.00029
  ],
  [
    1545868800000,
    0.0001513617494981472
  ],
  [
    1545955200000,
    0.0001491431478349596
  ],
  [
    1546041600000,
    0.00008552517335512411
  ],
  [
    1546128000000,
    0.00008700239349226123
  ],
  [
    1546214400000,
    0.00008700239349226123
  ],
  [
    1546300800000,
    0.00008700239349226123
  ],
  [
    1546387200000,
    0.0001138768274505654
  ],
  [
    1546473600000,
    0.0001143550472861025
  ],
  [
    1546560000000,
    0.0001143550472861025
  ],
  [
    1546646400000,
    0.00009623501954726538
  ],
  [
    1546732800000,
    0.00009944129671454608
  ],
  [
    1546819200000,
    0.00009944129671454608
  ],
  [
    1546905600000,
    0.0001592724830141572
  ],
  [
    1546992000000,
    0.0001190371599170931
  ],
  [
    1547078400000,
    0.0001591031455382308
  ],
  [
    1547164800000,
    0.0001500896311650488
  ],
  [
    1547251200000,
    0.00010396257617802798
  ],
  [
    1547337600000,
    0.00008035756225381575
  ],
  [
    1547424000000,
    0.0000697992332197188
  ],
  [
    1547510400000,
    0.0001092545320791405
  ],
  [
    1547596800000,
    0.00021999588208225078
  ],
  [
    1547683200000,
    0.00022002311610775773
  ],
  [
    1547769600000,
    0.00022002311610775773
  ],
  [
    1547856000000,
    0.00014385757558374386
  ],
  [
    1547942400000,
    0.00011045707560778783
  ],
  [
    1548028800000,
    0.00010649320354519761
  ],
  [
    1548115200000,
    0.00010602225082467269
  ],
  [
    1548201600000,
    0.00007144285555596925
  ],
  [
    1548288000000,
    0.0000710557173051062
  ],
  [
    1548374400000,
    0.00007131548079562531
  ],
  [
    1548460800000,
    0.000043620687116661867
  ],
  [
    1548547200000,
    0.0000712789338618201
  ],
  [
    1548633600000,
    0.00007105492840598616
  ],
  [
    1548720000000,
    0.000035978603657634486
  ],
  [
    1548806400000,
    0.00006807390239215637
  ],
  [
    1548892800000,
    0.0000345837559727357
  ],
  [
    1548979200000,
    0.0001337874115276181
  ],
  [
    1549065600000,
    0.00010395672634037694
  ],
  [
    1549152000000,
    0.00006974413095665244
  ],
  [
    1549238400000,
    0.000251512713223784
  ],
  [
    1549324800000,
    0.000198053734229802
  ],
  [
    1549411200000,
    0.000208651888068185
  ],
  [
    1549497600000,
    0.00020441840760050846
  ],
  [
    1549584000000,
    0.0000678825700143868
  ],
  [
    1549670400000,
    0.00021983495530445663
  ],
  [
    1549756800000,
    0.000183286764265306
  ],
  [
    1549843200000,
    0.000220528150449528
  ],
  [
    1549929600000,
    0.00020541484767944246
  ],
  [
    1550016000000,
    0.00018220751535030463
  ],
  [
    1550102400000,
    0.00018066305046040993
  ],
  [
    1550188800000,
    0.00019593300515128207
  ],
  [
    1550275200000,
    0.0002033020162418784
  ],
  [
    1550361600000,
    0.00020944828419289127
  ],
  [
    1550448000000,
    0.0002196177658234983
  ],
  [
    1550534400000,
    0.0001639109815564111
  ],
  [
    1550620800000,
    0.00019295451876109315
  ],
  [
    1550707200000,
    0.0001986969290136171
  ],
  [
    1550793600000,
    0.00019753328345398525
  ],
  [
    1550880000000,
    0.00019683054348028798
  ],
  [
    1550966400000,
    0.0001986819739293275
  ],
  [
    1551052800000,
    0.00018249403337220713
  ],
  [
    1551139200000,
    0.0002267160422787546
  ],
  [
    1551225600000,
    0.00025114895718056764
  ],
  [
    1551312000000,
    0.00025214915539024257
  ],
  [
    1551398400000,
    0.00022585629954960693
  ],
  [
    1551484800000,
    0.005457912946798231
  ],
  [
    1551571200000,
    0.00016274763296592618
  ],
  [
    1551657600000,
    0.0003062541118928496
  ],
  [
    1551744000000,
    0.00020633814517635008
  ],
  [
    1551830400000,
    0.0001531715018516043
  ],
  [
    1551916800000,
    0.00020371496659495048
  ],
  [
    1552003200000,
    0.00020395125541688427
  ],
  [
    1552089600000,
    0.00015362160873276734
  ],
  [
    1552176000000,
    0.00022954844060561972
  ],
  [
    1552262400000,
    0.0002352186592471788
  ],
  [
    1552348800000,
    0.0002613063334377357
  ],
  [
    1552435200000,
    0.00013037400680609827
  ],
  [
    1552521600000,
    0.00025494806047289575
  ],
  [
    1552608000000,
    0.00021483383338980836
  ],
  [
    1552694400000,
    0.00017187968723180765
  ],
  [
    1552780800000,
    0.00028201890983330514
  ],
  [
    1552867200000,
    0.00021748497663840076
  ],
  [
    1552953600000,
    0.00020420104328471226
  ],
  [
    1553040000000,
    0.000245505588785827
  ],
  [
    1553126400000,
    0.000273645083448599
  ],
  [
    1553212800000,
    0.00015288061074277998
  ],
  [
    1553299200000,
    0.00024293027173482212
  ],
  [
    1553385600000,
    0.0002084533372560285
  ],
  [
    1553472000000,
    0.00027572812261958727
  ],
  [
    1553558400000,
    0.000354081457238706
  ],
  [
    1553644800000,
    0.00024214823140177505
  ],
  [
    1553731200000,
    0.0005091771379715456
  ],
  [
    1553817600000,
    0.000603612371995512
  ],
  [
    1553904000000,
    0.0006257985810634429
  ],
  [
    1553990400000,
    0.0004654553636373178
  ],
  [
    1554076800000,
    0.0005566843704686758
  ],
  [
    1554163200000,
    0.000402920741941633
  ],
  [
    1554249600000,
    0.0003853851666681226
  ],
  [
    1554336000000,
    0.00030168224095064627
  ],
  [
    1554422400000,
    0.00033908557495729226
  ],
  [
    1554508800000,
    0.00027237010243679155
  ],
  [
    1554595200000,
    0.00031795504837414234
  ],
  [
    1554681600000,
    0.0003167368955802168
  ],
  [
    1554768000000,
    0.00022170409232082137
  ],
  [
    1554854400000,
    0.0002504089405640413
  ],
  [
    1554940800000,
    0.0003505416457289284
  ],
  [
    1555027200000,
    0.0004384854180651501
  ],
  [
    1555113600000,
    0.0005817057751212106
  ],
  [
    1555200000000,
    0.0005124065927780655
  ],
  [
    1555286400000,
    0.0004648274112904326
  ],
  [
    1555372800000,
    0.0003616757158485708
  ],
  [
    1555459200000,
    0.00040290763212847704
  ],
  [
    1555545600000,
    0.00026921256802480114
  ],
  [
    1555632000000,
    0.00026312089113480694
  ],
  [
    1555718400000,
    0.0003146749052909696
  ],
  [
    1555804800000,
    0.0000530997306026308
  ],
  [
    1555891200000,
    0.0005238294926260428
  ],
  [
    1555977600000,
    0.000270233138657138
  ],
  [
    1556064000000,
    0.0002449984941143027
  ],
  [
    1556150400000,
    0.000332123020683784
  ],
  [
    1556236800000,
    0.0003004130668345016
  ],
  [
    1556323200000,
    0.0002832553425636636
  ],
  [
    1556409600000,
    0.00020970657273085576
  ],
  [
    1556496000000,
    0.00025673753799221506
  ],
  [
    1556582400000,
    0.00023244351799142084
  ],
  [
    1556668800000,
    0.00018468390268675845
  ],
  [
    1556755200000,
    0.00026626164466530763
  ],
  [
    1556841600000,
    0.000273104073695746
  ],
  [
    1556928000000,
    0.00018514193617356003
  ],
  [
    1557014400000,
    0.00019410320323122728
  ],
  [
    1557100800000,
    0.0001997765277877989
  ],
  [
    1557187200000,
    0.0002830231015001543
  ],
  [
    1557273600000,
    0.0002907181320513793
  ],
  [
    1557360000000,
    0.0001853760973926779
  ],
  [
    1557446400000,
    0.00017827105574408516
  ],
  [
    1557532800000,
    0.00036853043542623906
  ],
  [
    1557619200000,
    0.00026078060577919396
  ],
  [
    1557705600000,
    0.00015877381475620767
  ],
  [
    1557792000000,
    0.00023791335872591534
  ],
  [
    1557878400000,
    0.000233337549154665
  ],
  [
    1557964800000,
    0.0003255521042200476
  ],
  [
    1558051200000,
    0.00023285844207198407
  ],
  [
    1558137600000,
    0.0002866053628722788
  ],
  [
    1558224000000,
    0.0003653426618464755
  ],
  [
    1558310400000,
    0.0002950713552131618
  ],
  [
    1558396800000,
    0.00020824570000512022
  ],
  [
    1558483200000,
    0.00036635299201537584
  ],
  [
    1558569600000,
    0.00020044738863384565
  ],
  [
    1558656000000,
    0.0002378685391402602
  ],
  [
    1558742400000,
    0.00024056129508855085
  ],
  [
    1558828800000,
    0.00022639494028235278
  ],
  [
    1558915200000,
    0.0001726449877884054
  ],
  [
    1559001600000,
    0.0003524143325664092
  ],
  [
    1559088000000,
    0.0006238424350767291
  ],
  [
    1559174400000,
    0.0006853956349749551
  ],
  [
    1559260800000,
    0.0002083198765920435
  ],
  [
    1559347200000,
    0.0002698178857979179
  ],
  [
    1559433600000,
    0.00024432097941776924
  ],
  [
    1559520000000,
    0.0001934390003555819
  ],
  [
    1559606400000,
    0.0002056332774922689
  ],
  [
    1559692800000,
    0.0006623974279975261
  ],
  [
    1559779200000,
    0.0006813819594145062
  ],
  [
    1559865600000,
    0.0006084742981120601
  ],
  [
    1559952000000,
    0.0001918129976538541
  ],
  [
    1560038400000,
    0.00016069964014337306
  ],
  [
    1560124800000,
    0.00014870374091980883
  ],
  [
    1560211200000,
    0.0005872618878561343
  ],
  [
    1560297600000,
    0.0005049914611684497
  ],
  [
    1560384000000,
    0.00020657505660546778
  ],
  [
    1560470400000,
    0.0001793662462537432
  ],
  [
    1560556800000,
    0.00020761057000485232
  ],
  [
    1560643200000,
    0.0004928833579397375
  ],
  [
    1560729600000,
    0.00021783145395244606
  ],
  [
    1560816000000,
    0.00023667275160672513
  ],
  [
    1560902400000,
    0.00022370466847951886
  ],
  [
    1560988800000,
    0.00015746527799196487
  ],
  [
    1561075200000,
    0.00015324953393379507
  ],
  [
    1561161600000,
    0.00017748939199573407
  ],
  [
    1561248000000,
    0.0002186309910013174
  ],
  [
    1561334400000,
    0.00019796525941344757
  ],
  [
    1561420800000,
    0.00024727826908078714
  ],
  [
    1561507200000,
    0.00014813197529571238
  ],
  [
    1561593600000,
    0.0001690586639393485
  ],
  [
    1561680000000,
    0.0001643428183768012
  ],
  [
    1561766400000,
    0.0001685737846278627
  ],
  [
    1561852800000,
    0.0001677935368793061
  ],
  [
    1561939200000,
    0.00016104028934597257
  ],
  [
    1562025600000,
    0.000106140999903684
  ],
  [
    1562112000000,
    0.00025903900207231473
  ],
  [
    1562198400000,
    0.00018917216413174575
  ],
  [
    1562284800000,
    0.00017664905533735674
  ],
  [
    1562371200000,
    0.0001833001688178855
  ],
  [
    1562457600000,
    0.00017761755375622575
  ],
  [
    1562544000000,
    0.00017725278240294395
  ],
  [
    1562630400000,
    0.00015480309268591546
  ],
  [
    1562716800000,
    0.00016116715713650605
  ],
  [
    1562803200000,
    0.0001264356312872139
  ],
  [
    1562889600000,
    0.00015449639875455732
  ],
  [
    1562976000000,
    0.00014006921960905725
  ],
  [
    1563062400000,
    0.0001225148340691378
  ],
  [
    1563148800000,
    0.00020266854509828604
  ],
  [
    1563235200000,
    0.00034975385203389847
  ],
  [
    1563321600000,
    0.0002970396136140374
  ],
  [
    1563408000000,
    0.00014287398046083168
  ],
  [
    1563494400000,
    0.00019851839878264708
  ],
  [
    1563580800000,
    0.00017793178171075246
  ],
  [
    1563667200000,
    0.00019068184992088129
  ],
  [
    1563753600000,
    0.000209417242022578
  ],
  [
    1563840000000,
    0.00018540275053881131
  ],
  [
    1563926400000,
    0.0003823746880971319
  ],
  [
    1564012800000,
    0.0002932752334651257
  ],
  [
    1564099200000,
    0.00032172705282584364
  ],
  [
    1564185600000,
    0.00026925519491283276
  ],
  [
    1564272000000,
    0.00017500987518699702
  ],
  [
    1564358400000,
    0.0001237398941768752
  ],
  [
    1564444800000,
    0.00021277601637768154
  ],
  [
    1564531200000,
    0.00014037798570131423
  ],
  [
    1564617600000,
    0.00013886653030835945
  ],
  [
    1564704000000,
    0.00018808940543611248
  ],
  [
    1564790400000,
    0.00013473696086215272
  ],
  [
    1564876800000,
    0.00013971271555273285
  ],
  [
    1564963200000,
    0.00017208265183576288
  ],
  [
    1565049600000,
    0.000117489240314942
  ],
  [
    1565136000000,
    0.000117489240314942
  ],
  [
    1565222400000,
    0.00017013381898989835
  ],
  [
    1565308800000,
    0.00016589179157830143
  ],
  [
    1565395200000,
    0.0001619134468441584
  ],
  [
    1565481600000,
    0.00014494971171099551
  ],
  [
    1565568000000,
    0.00013102169311510732
  ],
  [
    1565654400000,
    0.00017229863280349234
  ],
  [
    1565740800000,
    0.00012576028657258458
  ],
  [
    1565827200000,
    0.00012473413986163883
  ],
  [
    1565913600000,
    0.00012473413986163883
  ],
  [
    1566000000000,
    0.00009559526900114685
  ],
  [
    1566086400000,
    0.00009137160963603243
  ],
  [
    1566172800000,
    0.0002910201027542165
  ],
  [
    1566259200000,
    0.0001117255209640203
  ],
  [
    1566345600000,
    0.00011050658941333117
  ],
  [
    1566432000000,
    0.00030292487202393
  ],
  [
    1566518400000,
    0.00009135720224027306
  ],
  [
    1566604800000,
    0.00012044981318617078
  ],
  [
    1566691200000,
    0.00028774608502022997
  ],
  [
    1566777600000,
    0.00010248615634540721
  ],
  [
    1566864000000,
    0.0001159004581262119
  ],
  [
    1566950400000,
    0.00019338099688545992
  ],
  [
    1567036800000,
    0.00012477587832426278
  ],
  [
    1567123200000,
    0.0001215225184106167
  ],
  [
    1567209600000,
    0.00010261397148489439
  ],
  [
    1567296000000,
    0.00012810716561886806
  ],
  [
    1567382400000,
    0.0001026760992738747
  ],
  [
    1567468800000,
    0.00009685471195776651
  ],
  [
    1567555200000,
    0.00032585486800073654
  ],
  [
    1567641600000,
    0.00026802670265746014
  ],
  [
    1567728000000,
    0.000009086294076254238
  ],
  [
    1567814400000,
    0.000115
  ],
  [
    1567900800000,
    0.000115
  ],
  [
    1567987200000,
    0.000208076940189054
  ],
  [
    1568073600000,
    0.00015610290912981218
  ],
  [
    1568160000000,
    0.0001326654985273938
  ],
  [
    1568246400000,
    0.00012074590497299626
  ],
  [
    1568332800000,
    0.00015013655424994196
  ],
  [
    1568419200000,
    0.00011732162488522921
  ],
  [
    1568505600000,
    0.00012980457265118357
  ],
  [
    1568592000000,
    0.00016643089445539657
  ],
  [
    1568678400000,
    0.000227408474976555
  ],
  [
    1568764800000,
    0.00020777021713023623
  ],
  [
    1568851200000,
    0.00010778651078955844
  ],
  [
    1568937600000,
    0.00015293101209573124
  ],
  [
    1569024000000,
    0.00019456812022114212
  ],
  [
    1569110400000,
    0.00019791004567440914
  ],
  [
    1569196800000,
    0.00011562697640214882
  ],
  [
    1569283200000,
    0.00012019081958261731
  ],
  [
    1569369600000,
    0.00016971115609150402
  ],
  [
    1569456000000,
    0.00017269277655803015
  ],
  [
    1569542400000,
    0.00015427008677504348
  ],
  [
    1569628800000,
    0.00026431362146847186
  ],
  [
    1569715200000,
    0.00025180223422355665
  ],
  [
    1569801600000,
    0.00013842104740639222
  ],
  [
    1569888000000,
    0.00023068611636119604
  ],
  [
    1569974400000,
    0.00021409241162692852
  ],
  [
    1570060800000,
    0.00021586127155506145
  ],
  [
    1570147200000,
    0.00018802051864247806
  ],
  [
    1570233600000,
    0.00018802051864247806
  ],
  [
    1570320000000,
    0.00018720189424593664
  ],
  [
    1570406400000,
    0.00020312458455114976
  ],
  [
    1570492800000,
    0.00019616697645277056
  ],
  [
    1570579200000,
    0.0001660165773109416
  ],
  [
    1570665600000,
    0.00019456858963842017
  ],
  [
    1570752000000,
    0.00022336351623844804
  ],
  [
    1570838400000,
    0.00018148514455919917
  ],
  [
    1570924800000,
    0.0001264574341299195
  ],
  [
    1571011200000,
    0.00018113379045755514
  ],
  [
    1571097600000,
    0.00018705268738657355
  ],
  [
    1571184000000,
    0.00016318127714936323
  ],
  [
    1571270400000,
    0.0001953863276712637
  ],
  [
    1571356800000,
    0.00019482042023628293
  ],
  [
    1571443200000,
    0.0001665402688019921
  ],
  [
    1571529600000,
    0.00018579908981679718
  ],
  [
    1571616000000,
    0.0001688025858388379
  ],
  [
    1571702400000,
    0.00015760695055264503
  ],
  [
    1571788800000,
    0.0001531172736912021
  ],
  [
    1571875200000,
    0.00014705858724989147
  ],
  [
    1571961600000,
    0.0001471353003573686
  ],
  [
    1572048000000,
    0.00015478206453767578
  ],
  [
    1572134400000,
    0.00015728305653992973
  ],
  [
    1572220800000,
    0.00018415984700093752
  ],
  [
    1572307200000,
    0.00017748418787971466
  ],
  [
    1572393600000,
    0.00018450261803232084
  ],
  [
    1572480000000,
    0.00017822354343379444
  ],
  [
    1572566400000,
    0.00015981704391442798
  ],
  [
    1572652800000,
    0.00018745306303829713
  ],
  [
    1572739200000,
    0.00016864785968362484
  ],
  [
    1572825600000,
    0.00017427074642178294
  ],
  [
    1572912000000,
    0.00013995420487818624
  ],
  [
    1572998400000,
    0.0001862841609478918
  ],
  [
    1573084800000,
    0.00013006383241735922
  ],
  [
    1573171200000,
    0.0001671641899376671
  ],
  [
    1573257600000,
    0.0001142068197896849
  ],
  [
    1573344000000,
    0.00010831323483867981
  ],
  [
    1573430400000,
    0.00012264842538573195
  ],
  [
    1573516800000,
    0.0001070656473325756
  ],
  [
    1573603200000,
    0.00011354755472236327
  ],
  [
    1573689600000,
    0.00009667327000065534
  ],
  [
    1573776000000,
    0.00014296369726469273
  ],
  [
    1573862400000,
    0.00012996224818718222
  ],
  [
    1573948800000,
    0.00013016451084740463
  ],
  [
    1574035200000,
    0.00012996316531120887
  ],
  [
    1574121600000,
    0.00013336726360874056
  ],
  [
    1574208000000,
    0.00011039795281766587
  ],
  [
    1574294400000,
    0.00012068600317976022
  ],
  [
    1574380800000,
    0.00013917315866490514
  ],
  [
    1574467200000,
    0.00013776085370515793
  ],
  [
    1574553600000,
    0.0001373300396588458
  ],
  [
    1574640000000,
    0.00007624104796491554
  ],
  [
    1574726400000,
    0.0000974717647976313
  ],
  [
    1574812800000,
    0.00008800333685898972
  ],
  [
    1574899200000,
    0.0001171894895767092
  ],
  [
    1574985600000,
    0.00011546085584560676
  ],
  [
    1575072000000,
    0.000052272031908126407
  ],
  [
    1575158400000,
    0.00018888799579910352
  ],
  [
    1575244800000,
    0.00009645901398562132
  ],
  [
    1575331200000,
    0.0000928244085974375
  ],
  [
    1575417600000,
    0.0001461897995684568
  ],
  [
    1575504000000,
    0.00009336129908029927
  ],
  [
    1575590400000,
    0.00009362252466364816
  ],
  [
    1575676800000,
    0.00013815729213685377
  ],
  [
    1575763200000,
    0.00013551301952793713
  ],
  [
    1575849600000,
    0.00009197842529506522
  ],
  [
    1575936000000,
    0.00009487501986448464
  ],
  [
    1576022400000,
    0.00009394091050966339
  ],
  [
    1576108800000,
    0.00009354515419903325
  ],
  [
    1576195200000,
    0.00006358050834803828
  ],
  [
    1576281600000,
    0.00013605093082472283
  ],
  [
    1576368000000,
    0.0001420020800742344
  ],
  [
    1576454400000,
    0.00014098176909200177
  ],
  [
    1576540800000,
    0.000014117547008971231
  ],
  [
    1576627200000,
    0.00006849923367503659
  ],
  [
    1576713600000,
    0.00007275972468681292
  ],
  [
    1576800000000,
    0.00007065758997827962
  ],
  [
    1576886400000,
    0.00014123962080959205
  ],
  [
    1576972800000,
    0.00006738505973151301
  ],
  [
    1577059200000,
    0.00007600986110484453
  ],
  [
    1577145600000,
    0.00007325720435818401
  ],
  [
    1577232000000,
    0.00006942481666113392
  ],
  [
    1577318400000,
    0.000040480306213297136
  ],
  [
    1577404800000,
    0.00004123807043147395
  ],
  [
    1577491200000,
    0.00013592531253776643
  ],
  [
    1577577600000,
    0.0001348843808084182
  ],
  [
    1577664000000,
    0.00007234734981649697
  ],
  [
    1577750400000,
    0.00008489702398547914
  ],
  [
    1577836800000,
    0.00012927926658579588
  ],
  [
    1577923200000,
    0.00019806770800453422
  ],
  [
    1578009600000,
    0.00013630875887890134
  ],
  [
    1578096000000,
    0.00017013962263719783
  ],
  [
    1578182400000,
    0.00014499929055607615
  ],
  [
    1578268800000,
    0.0000731327138118471
  ],
  [
    1578355200000,
    0.00010638693810736822
  ],
  [
    1578441600000,
    0.00010567912615174865
  ],
  [
    1578528000000,
    0.00012609600989531278
  ],
  [
    1578614400000,
    0.0000781170887790966
  ],
  [
    1578700800000,
    0.0001611760683215762
  ],
  [
    1578787200000,
    0.00009776934478126078
  ],
  [
    1578873600000,
    0.0007364570588468705
  ],
  [
    1578960000000,
    0.0005974076197571414
  ],
  [
    1579046400000,
    0.0000883165339276867
  ],
  [
    1579132800000,
    0.00011013683381426623
  ],
  [
    1579219200000,
    0.00008753448649686943
  ],
  [
    1579305600000,
    0.00009065874635015235
  ],
  [
    1579392000000,
    0.00004832381173284252
  ],
  [
    1579478400000,
    0.00006195783592026777
  ],
  [
    1579564800000,
    0.00008505499706038028
  ],
  [
    1579651200000,
    0.000042803536648564
  ],
  [
    1579737600000,
    0.00007087452329528989
  ],
  [
    1579824000000,
    0.0001681632357259638
  ],
  [
    1579910400000,
    0.00005020613523197066
  ],
  [
    1579996800000,
    0.0000370364128586923
  ],
  [
    1580083200000,
    0.000038005867131039166
  ],
  [
    1580169600000,
    0.00003872882296892983
  ],
  [
    1580256000000,
    0.00006714375685824733
  ],
  [
    1580342400000,
    0.00005180826720159308
  ],
  [
    1580428800000,
    0.00006638895385078487
  ],
  [
    1580515200000,
    0.000040404502630354006
  ],
  [
    1580601600000,
    0.00006906766908179224
  ],
  [
    1580688000000,
    0.00006366015049013263
  ],
  [
    1580774400000,
    0.00005612833245178329
  ],
  [
    1580860800000,
    0.00005016272977548747
  ],
  [
    1580947200000,
    0.000051641825343159155
  ],
  [
    1581033600000,
    0.00007804556284839364
  ],
  [
    1581120000000,
    0.0000518541803754378
  ],
  [
    1581206400000,
    0.000046079625803207476
  ],
  [
    1581292800000,
    0.00011253480943035672
  ],
  [
    1581379200000,
    0.000024861456527056848
  ],
  [
    1581465600000,
    0.000025753577571250814
  ],
  [
    1581552000000,
    0.0000588876948447872
  ],
  [
    1581638400000,
    0.00008428778602687239
  ],
  [
    1581724800000,
    0.00006047849558226385
  ],
  [
    1581811200000,
    0.00005525980232940272
  ],
  [
    1581897600000,
    0.00003869444291788354
  ],
  [
    1581984000000,
    0.00007194351614603
  ],
  [
    1582070400000,
    0.00006712971865473663
  ],
  [
    1582156800000,
    0.00009550005574092838
  ],
  [
    1582243200000,
    0.00015433722010925986
  ],
  [
    1582329600000,
    0.00005865186610830658
  ],
  [
    1582416000000,
    0.00008184475532998657
  ],
  [
    1582502400000,
    0.0000623778339415221
  ],
  [
    1582675200000,
    0.000059460352200244016
  ],
  [
    1582761600000,
    0.00003499318090428547
  ],
  [
    1582848000000,
    0.00005443624062793893
  ],
  [
    1582934400000,
    0.00003696119331264957
  ],
  [
    1583020800000,
    0.00010919261691433263
  ],
  [
    1583107200000,
    0.00010802160912044358
  ],
  [
    1583193600000,
    0.0004715497445225612
  ],
  [
    1583280000000,
    0.00022447270506204244
  ],
  [
    1583366400000,
    0.00013201619897862805
  ],
  [
    1583452800000,
    0.000038676375375021
  ],
  [
    1583539200000,
    0.000026268626192358295
  ],
  [
    1583625600000,
    0.0000908037162240936
  ],
  [
    1583712000000,
    0.00005405102565904516
  ],
  [
    1583798400000,
    0.000007892444433102941
  ],
  [
    1583884800000,
    0.00006475446086033776
  ],
  [
    1584057600000,
    0.00012226941630484592
  ],
  [
    1584144000000,
    0.00011400873631008874
  ],
  [
    1584230400000,
    0.000021477360086303034
  ],
  [
    1584316800000,
    0.000033678740735511454
  ],
  [
    1584403200000,
    0.000028921636277127848
  ],
  [
    1584489600000,
    0.00002101114931491499
  ],
  [
    1584662400000,
    0.00010382930493219901
  ],
  [
    1584748800000,
    0.00003796056073527393
  ],
  [
    1584835200000,
    0.00007241538707008885
  ],
  [
    1584921600000,
    0.0001802285117570649
  ],
  [
    1585008000000,
    0.0000632237503723436
  ],
  [
    1585094400000,
    0.000022888740613595234
  ],
  [
    1585180800000,
    0.000022600497968531353
  ],
  [
    1585267200000,
    0.000022223026191415587
  ],
  [
    1585353600000,
    0.000011553724877386188
  ],
  [
    1585440000000,
    0.0000624356012850532
  ],
  [
    1585526400000,
    0.000021669111364162285
  ],
  [
    1585612800000,
    0.000010834842499702305
  ],
  [
    1585699200000,
    0.00000664671410135438
  ],
  [
    1585785600000,
    0.0000621084746466953
  ],
  [
    1585958400000,
    0.000016956733595261745
  ],
  [
    1586044800000,
    0.00014426263609000934
  ],
  [
    1586131200000,
    0.0001439292666364217
  ],
  [
    1586217600000,
    0.000008248667952413603
  ],
  [
    1586304000000,
    0.000014245979776318059
  ],
  [
    1586390400000,
    0.00006660031274145084
  ],
  [
    1586563200000,
    0.000026685823837234535
  ],
  [
    1586649600000,
    0.00005488053702007365
  ],
  [
    1586736000000,
    0.000012878784874123828
  ],
  [
    1586822400000,
    0.00004074829770086643
  ],
  [
    1586908800000,
    0.000025269861167578838
  ],
  [
    1586995200000,
    0.0001085889600447826
  ],
  [
    1587081600000,
    0.00008992138116944277
  ],
  [
    1587168000000,
    0.000024811406341734532
  ],
  [
    1587254400000,
    0.00002520063646719159
  ],
  [
    1587340800000,
    0.00001826942754193821
  ],
  [
    1587427200000,
    0.00008281658094257452
  ],
  [
    1587513600000,
    0.00002377299176443649
  ],
  [
    1587600000000,
    0.00008498865126320429
  ],
  [
    1587686400000,
    0.000014603512725070567
  ],
  [
    1587772800000,
    0.000022217914210120856
  ],
  [
    1587859200000,
    0.0000014008909773313608
  ],
  [
    1587945600000,
    0.000015340528634250586
  ],
  [
    1588032000000,
    0.00003063661776880762
  ],
  [
    1588118400000,
    0.00017273366859987726
  ],
  [
    1588204800000,
    0.0001904141865910305
  ],
  [
    1588377600000,
    0.000014973296334341023
  ],
  [
    1588464000000,
    0.000015106455442372317
  ],
  [
    1588550400000,
    0.000025683203691417325
  ],
  [
    1588636800000,
    0.00002906589432990291
  ],
  [
    1588723200000,
    0.000028491232803004656
  ],
  [
    1588809600000,
    0.000028121424045829152
  ],
  [
    1588896000000,
    0.00014676876507860475
  ],
  [
    1588982400000,
    0.0001855568276467386
  ],
  [
    1589068800000,
    0.0002821369522693057
  ],
  [
    1589155200000,
    0.00025157928281000657
  ],
  [
    1589241600000,
    0.00006562229326653893
  ],
  [
    1589328000000,
    0.00006258311594660644
  ],
  [
    1589414400000,
    0.000023905536171400964
  ],
  [
    1589500800000,
    0.000011952326414751177
  ],
  [
    1589587200000,
    0.00017432549926874524
  ],
  [
    1589673600000,
    0.0001773076855558249
  ],
  [
    1589760000000,
    0.00002800322783448087
  ],
  [
    1589846400000,
    0.000029249115670961017
  ],
  [
    1590105600000,
    0.000041927536698979984
  ],
  [
    1590192000000,
    0.00018069774688886218
  ],
  [
    1590278400000,
    0.00005745887023288198
  ],
  [
    1590364800000,
    0.00006917584065282926
  ],
  [
    1590451200000,
    0.000058981039189369906
  ],
  [
    1590537600000,
    0.0001155656893439524
  ],
  [
    1590624000000,
    0.000027186086998152887
  ],
  [
    1590710400000,
    0.00008693017388772294
  ],
  [
    1590796800000,
    0.0002888161811014789
  ],
  [
    1590883200000,
    0.000043760165337887696
  ],
  [
    1590969600000,
    0.000042407557835692944
  ],
  [
    1591056000000,
    0.0003248510584927981
  ],
  [
    1591142400000,
    0.002103043222500761
  ],
  [
    1591228800000,
    0.00002822725532802131
  ],
  [
    1591315200000,
    0.00004239467790570842
  ],
  [
    1591401600000,
    0.000028218256049889102
  ],
  [
    1591488000000,
    0.00007279764605976913
  ],
  [
    1591574400000,
    0.000041126189020930024
  ],
  [
    1591660800000,
    0.0000635982436789698
  ],
  [
    1591747200000,
    0.00005328798486626357
  ],
  [
    1591833600000,
    0.00005546294554191065
  ],
  [
    1592006400000,
    0.0003077174646390626
  ],
  [
    1592092800000,
    0.0003077174646390626
  ],
  [
    1592179200000,
    0.000026982650384663613
  ],
  [
    1592265600000,
    0.00020456600436182657
  ],
  [
    1592352000000,
    0.00002713180125778619
  ],
  [
    1592438400000,
    0.000026382895560056884
  ],
  [
    1592524800000,
    0.000026382895560056884
  ],
  [
    1592611200000,
    0.00002626434074919501
  ],
  [
    1592784000000,
    0.0000968310899612141
  ],
  [
    1592870400000,
    0.0000968310899612141
  ],
  [
    1592956800000,
    0.0002135455371996276
  ],
  [
    1593043200000,
    0.00006766848171671903
  ],
  [
    1593129600000,
    0.00006766848171671903
  ],
  [
    1593216000000,
    0.000091753072664011
  ],
  [
    1593302400000,
    0.00007444853103567018
  ],
  [
    1593561600000,
    0.0000923057933131023
  ],
  [
    1593648000000,
    0.0000923057933131023
  ],
  [
    1593734400000,
    0.0000922930539547898
  ],
  [
    1593820800000,
    0.00019833944097393308
  ],
  [
    1593907200000,
    0.00019855644352048164
  ],
  [
    1594339200000,
    0.00002622648416846828
  ],
  [
    1594425600000,
    0.00002622648416846828
  ],
  [
    1594512000000,
    0.00003923613086327419
  ],
  [
    1594598400000,
    0.000039332769371475595
  ],
  [
    1594684800000,
    0.0008361062980087896
  ],
  [
    1594771200000,
    0.0000926450230814953
  ],
  [
    1594944000000,
    0.0000911688646908421
  ],
  [
    1595030400000,
    0.0000911688646908421
  ],
  [
    1595116800000,
    0.000025477735184005637
  ],
  [
    1595203200000,
    0.0005630513668435861
  ],
  [
    1595289600000,
    0.0005630513668435861
  ],
  [
    1595376000000,
    0.0005701057035700509
  ],
  [
    1595462400000,
    0.000026562366361947572
  ],
  [
    1595548800000,
    0.00018802760248913305
  ],
  [
    1595635200000,
    0.0001907329659917892
  ],
  [
    1595721600000,
    0.0001907108443945792
  ],
  [
    1595894400000,
    0.00011723983714575476
  ],
  [
    1595980800000,
    0.00011723983714575476
  ],
  [
    1596067200000,
    0.00011881872485996273
  ],
  [
    1596153600000,
    0.00012083897993990735
  ],
  [
    1596240000000,
    0.00005478008137986622
  ],
  [
    1596326400000,
    0.00012352205286312573
  ],
  [
    1596412800000,
    0.00005219514949878281
  ],
  [
    1596499200000,
    0.0000552629556030301
  ],
  [
    1596585600000,
    0.000111400880228999
  ],
  [
    1596758400000,
    0.00010498425161761064
  ],
  [
    1596844800000,
    0.00010498425161761064
  ],
  [
    1596931200000,
    0.00010905270129023286
  ],
  [
    1597017600000,
    0.00005422207188640202
  ],
  [
    1597104000000,
    0.00003290270859273124
  ],
  [
    1597190400000,
    0.00009623130335089538
  ],
  [
    1597276800000,
    0.000031780309023710494
  ],
  [
    1597363200000,
    0.00010482345770123203
  ],
  [
    1597449600000,
    0.00005706345065346764
  ],
  [
    1597536000000,
    0.00013986353589978735
  ],
  [
    1597622400000,
    0.00013752258719033938
  ],
  [
    1597708800000,
    0.000034915049714511804
  ],
  [
    1597795200000,
    0.000034915049714511804
  ],
  [
    1597881600000,
    0.000035220099375663946
  ],
  [
    1598140800000,
    0.00008531342617022998
  ],
  [
    1598227200000,
    0.00008531342617022998
  ],
  [
    1598313600000,
    0.00016316629231666964
  ],
  [
    1598400000000,
    0.00015598026826942594
  ],
  [
    1598486400000,
    0.00015598026826942594
  ],
  [
    1598572800000,
    0.000020709308030587126
  ],
  [
    1598659200000,
    0.000020709308030587126
  ],
  [
    1598745600000,
    0.00002080863041431674
  ],
  [
    1598832000000,
    0.000020776651040904976
  ],
  [
    1598918400000,
    0.000020752502534513305
  ],
  [
    1599004800000,
    0.000020796187832184067
  ],
  [
    1599091200000,
    0.00005512715942437083
  ],
  [
    1599177600000,
    0.00015242195712360826
  ],
  [
    1599350400000,
    0.000101540101258182
  ],
  [
    1599436800000,
    0.000101540101258182
  ],
  [
    1599523200000,
    0.00002661295279922097
  ],
  [
    1599609600000,
    0.00002700486485319162
  ],
  [
    1599696000000,
    0.00002727052153288131
  ],
  [
    1599782400000,
    0.000027301946378668704
  ],
  [
    1599868800000,
    0.000027769256470641492
  ],
  [
    1599955200000,
    0.000028495436174069913
  ],
  [
    1600041600000,
    0.000028368933824473823
  ],
  [
    1600128000000,
    0.000027742559998707294
  ],
  [
    1600214400000,
    0.000027489333570175714
  ],
  [
    1600300800000,
    0.000028345390344858986
  ],
  [
    1600387200000,
    0.000028832539573503957
  ],
  [
    1600473600000,
    0.000028906637231377722
  ],
  [
    1600560000000,
    0.000029368507666104996
  ],
  [
    1600646400000,
    0.00002821235043337429
  ],
  [
    1600732800000,
    0.000028619562054493992
  ],
  [
    1600819200000,
    0.00002590575094398779
  ],
  [
    1600905600000,
    0.00002561023729496505
  ],
  [
    1600992000000,
    0.0000257898911881552
  ],
  [
    1601078400000,
    0.000026169506483629477
  ],
  [
    1601164800000,
    0.00002637955207220145
  ],
  [
    1601251200000,
    0.000026392307239933606
  ],
  [
    1601337600000,
    0.000026489370739161308
  ],
  [
    1601424000000,
    0.000026790510784223548
  ],
  [
    1601510400000,
    0.000026957554769078284
  ],
  [
    1601596800000,
    0.000026573549453812816
  ],
  [
    1601683200000,
    0.000026398851241484606
  ],
  [
    1601769600000,
    0.00002662
  ],
  [
    1601856000000,
    0.000026338595020507466
  ],
  [
    1601942400000,
    0.00002673
  ],
  [
    1602028800000,
    0.000026850054200176613
  ],
  [
    1602115200000,
    0.000026708741204597227
  ],
  [
    1602201600000,
    0.00002704311515975417
  ],
  [
    1602288000000,
    0.00002701
  ],
  [
    1602374400000,
    0.00002732530988256085
  ],
  [
    1602460800000,
    0.00002751735223687074
  ],
  [
    1602547200000,
    0.000027240103256207323
  ],
  [
    1602633600000,
    0.0000273
  ],
  [
    1602720000000,
    0.000027294356050038136
  ],
  [
    1602806400000,
    0.00001895030613128749
  ],
  [
    1602979200000,
    0.000023454074642695978
  ],
  [
    1603065600000,
    0.000023454074642695978
  ],
  [
    1603152000000,
    0.00000517
  ],
  [
    1603238400000,
    0.00002332233342780928
  ],
  [
    1603324800000,
    0.000027192529597651377
  ],
  [
    1603411200000,
    0.000027127526343886647
  ],
  [
    1603497600000,
    0.00002746327690579946
  ],
  [
    1603584000000,
    0.000027602889281564834
  ],
  [
    1603670400000,
    0.00002727224633172463
  ],
  [
    1603756800000,
    0.00002737
  ],
  [
    1603843200000,
    0.00002752
  ],
  [
    1603929600000,
    0.000027729627382227134
  ],
  [
    1604016000000,
    0.000027837808237664917
  ],
  [
    1604102400000,
    0.000027749351129804667
  ],
  [
    1604188800000,
    0.00002761
  ],
  [
    1604275200000,
    0.00002791
  ],
  [
    1604361600000,
    0.000028001505294179272
  ],
  [
    1604448000000,
    0.000028358315496308
  ],
  [
    1604534400000,
    0.000028284284500258203
  ],
  [
    1604620800000,
    0.000028475331339747178
  ],
  [
    1604707200000,
    0.00002973490963266585
  ],
  [
    1604793600000,
    0.00002957747130138386
  ],
  [
    1604880000000,
    0.000029664194132628812
  ],
  [
    1604966400000,
    0.00002968449330630392
  ],
  [
    1605052800000,
    0.000029799021894996633
  ],
  [
    1605139200000,
    0.0004189796822261561
  ],
  [
    1605225600000,
    0.0000405475735489504
  ],
  [
    1605312000000,
    0.00004000915447174308
  ],
  [
    1605398400000,
    0.00004021481835871167
  ],
  [
    1605484800000,
    0.00004025
  ],
  [
    1605571200000,
    0.00004036425721734664
  ],
  [
    1605657600000,
    0.000040090680234498114
  ],
  [
    1605744000000,
    0.00004031287231344969
  ],
  [
    1605830400000,
    0.00004010693126140783
  ],
  [
    1605916800000,
    0.00004001649670366864
  ],
  [
    1606003200000,
    0.00004016847273992483
  ],
  [
    1606089600000,
    0.00004033102326348881
  ],
  [
    1606176000000,
    0.00004002694501513308
  ],
  [
    1606262400000,
    0.000040124805277885414
  ],
  [
    1606348800000,
    0.00004007
  ],
  [
    1606435200000,
    0.00004018579955254095
  ],
  [
    1606521600000,
    0.00004055
  ],
  [
    1606608000000,
    0.000030885108144328995
  ],
  [
    1606694400000,
    0.000030973224119926905
  ],
  [
    1606780800000,
    0.00003077707683847871
  ],
  [
    1606867200000,
    0.000030880533266011944
  ],
  [
    1606953600000,
    0.00003083
  ],
  [
    1607040000000,
    0.00003217031764644123
  ],
  [
    1607126400000,
    0.00003224561095568712
  ],
  [
    1607212800000,
    0.000059043892928026235
  ],
  [
    1607299200000,
    0.00005913855468402774
  ],
  [
    1607385600000,
    0.00005803315573191969
  ],
  [
    1607472000000,
    0.000056145339431343396
  ],
  [
    1607558400000,
    0.00005648692724520562
  ],
  [
    1607644800000,
    0.00005421102173885231
  ],
  [
    1607731200000,
    0.00005467627587709987
  ],
  [
    1607817600000,
    0.00005479591217519898
  ],
  [
    1607904000000,
    0.000030972251015390136
  ],
  [
    1607990400000,
    0.00003116121274876945
  ],
  [
    1608076800000,
    0.00005409561410746572
  ],
  [
    1608163200000,
    0.000054387811855969136
  ],
  [
    1608249600000,
    0.0000543490441242404
  ],
  [
    1608336000000,
    0.00005423839148019249
  ],
  [
    1608422400000,
    0.00005410771565861208
  ],
  [
    1608508800000,
    0.00002958073718481079
  ],
  [
    1608595200000,
    0.000030090643460502334
  ],
  [
    1608681600000,
    0.000029750058730938388
  ],
  [
    1608768000000,
    0.00002959291777968344
  ],
  [
    1608854400000,
    0.000029179897981526817
  ],
  [
    1608940800000,
    0.00002910049106264689
  ],
  [
    1609027200000,
    0.000029598828925191742
  ],
  [
    1609113600000,
    0.00002984181755634771
  ],
  [
    1609200000000,
    0.00003803100812232511
  ],
  [
    1609372800000,
    0.00001432279271901294
  ],
  [
    1609459200000,
    0.00001432279271901294
  ],
  [
    1609545600000,
    0.00002771523424656362
  ],
  [
    1609632000000,
    0.00002771523424656362
  ],
  [
    1609718400000,
    0.000049905923639696686
  ],
  [
    1609804800000,
    0.000029258118397577156
  ],
  [
    1609891200000,
    0.00005766729542406805
  ],
  [
    1609977600000,
    0.00005766729542406805
  ],
  [
    1610064000000,
    0.000022692604067267634
  ],
  [
    1610150400000,
    0.00005585098558569895
  ],
  [
    1610236800000,
    0.000024850387555815054
  ],
  [
    1610323200000,
    0.0003686423751604439
  ],
  [
    1610409600000,
    0.00002918455478643158
  ],
  [
    1610496000000,
    0.00002918455478643158
  ],
  [
    1610582400000,
    0.00021661178678523667
  ],
  [
    1610668800000,
    0.00004468379858760669
  ],
  [
    1610755200000,
    0.00004468379858760669
  ],
  [
    1610841600000,
    0.000022647023962711107
  ],
  [
    1610928000000,
    0.00003219855975848294
  ],
  [
    1611014400000,
    0.00001297657379519151
  ],
  [
    1611100800000,
    0.0002780640751204336
  ],
  [
    1611273600000,
    0.000029542838070621
  ],
  [
    1611360000000,
    0.000029542838070621
  ],
  [
    1611446400000,
    0.000029429533652988826
  ],
  [
    1611532800000,
    0.0000791174977401506
  ],
  [
    1611619200000,
    0.00002022289738923606
  ],
  [
    1611705600000,
    0.00006068196992491463
  ],
  [
    1611792000000,
    0.000012079471324905646
  ],
  [
    1611878400000,
    0.000012079471324905646
  ],
  [
    1611964800000,
    0.000024668950858711025
  ],
  [
    1612051200000,
    0.00003368702956974445
  ],
  [
    1612137600000,
    0.000012848828215312497
  ],
  [
    1612224000000,
    0.00002269013009886613
  ],
  [
    1612310400000,
    0.0002843608420986037
  ],
  [
    1612396800000,
    0.00033544591590488733
  ],
  [
    1612483200000,
    0.00002658512629368763
  ],
  [
    1612569600000,
    0.000022840113215061324
  ],
  [
    1612656000000,
    0.000031784364786861057
  ],
  [
    1612742400000,
    0.000034319000022672505
  ],
  [
    1612828800000,
    0.00003393937178740204
  ],
  [
    1612915200000,
    0.000025614846056501736
  ],
  [
    1613001600000,
    0.000025632215043352826
  ],
  [
    1613088000000,
    0.00017652910580767724
  ],
  [
    1613174400000,
    0.000017847937950390676
  ],
  [
    1613347200000,
    0.00001785415309563894
  ],
  [
    1613433600000,
    0.00001785415309563894
  ],
  [
    1613520000000,
    0.000017764365824677752
  ],
  [
    1613606400000,
    0.00001773963015296132
  ],
  [
    1613779200000,
    0.000032201232803846315
  ],
  [
    1613865600000,
    0.000032201232803846315
  ],
  [
    1614124800000,
    0.000020629730205767866
  ],
  [
    1614211200000,
    0.000020629730205767866
  ],
  [
    1614297600000,
    0.000020111587419137852
  ],
  [
    1614384000000,
    0.00007615671434183027
  ],
  [
    1614470400000,
    0.00007615671434183027
  ],
  [
    1614643200000,
    0.000029882664025182855
  ],
  [
    1614729600000,
    0.000029882664025182855
  ],
  [
    1614816000000,
    0.000032516473113711767
  ],
  [
    1614902400000,
    0.00004068896798184991
  ],
  [
    1614988800000,
    0.00004068896798184991
  ],
  [
    1615075200000,
    0.00020813527914674876
  ],
  [
    1615161600000,
    0.0004921751306129958
  ],
  [
    1615248000000,
    0.000028980444734634414
  ],
  [
    1615334400000,
    0.000022957623104474157
  ],
  [
    1615420800000,
    0.000009753676292517047
  ],
  [
    1615507200000,
    0.0001987495576129405
  ],
  [
    1615593600000,
    0.000021727450452448468
  ],
  [
    1615680000000,
    0.000616167722047797
  ],
  [
    1617148800000,
    0.000021517623008184973
  ],
  [
    1617235200000,
    0.000021517623008184973
  ],
  [
    1617321600000,
    0.000031870274822810605
  ],
  [
    1617408000000,
    0.000013000009208430079
  ],
  [
    1617494400000,
    0.000019263358449505993
  ],
  [
    1617580800000,
    0.00024184811738934683
  ],
  [
    1617667200000,
    0.000015195801933199299
  ],
  [
    1617753600000,
    0.000015195801933199299
  ],
  [
    1617840000000,
    0.00023204922657221828
  ],
  [
    1617926400000,
    0.000020183103042140677
  ],
  [
    1618012800000,
    0.00002106198966769755
  ],
  [
    1618099200000,
    0.000026577959001417415
  ],
  [
    1618185600000,
    0.000026301122987497568
  ],
  [
    1618272000000,
    0.0002342743294964308
  ],
  [
    1618358400000,
    0.00026758171983256164
  ],
  [
    1618444800000,
    0.00026758171983256164
  ],
  [
    1618531200000,
    0.000034704549459647965
  ],
  [
    1618617600000,
    0.00004012953496735633
  ],
  [
    1618704000000,
    0.000029104064701460255
  ],
  [
    1618790400000,
    0.00004398931995452243
  ],
  [
    1618876800000,
    0.00002151186767888407
  ],
  [
    1618963200000,
    0.00005123149703915977
  ],
  [
    1619049600000,
    0.00007891501198966619
  ],
  [
    1619136000000,
    0.00009201572557787357
  ],
  [
    1619222400000,
    0.00007914244187520859
  ],
  [
    1619308800000,
    0.00009215297115022825
  ],
  [
    1619395200000,
    0.00002663336952752146
  ],
  [
    1619481600000,
    0.00032893553797007217
  ],
  [
    1619568000000,
    0.00032936728613118304
  ],
  [
    1619654400000,
    0.00027903470871232613
  ],
  [
    1619740800000,
    0.0003097381746906156
  ],
  [
    1619827200000,
    0.00022123256741095223
  ],
  [
    1619913600000,
    0.00021060285336982343
  ],
  [
    1620000000000,
    0.0001794463871576155
  ],
  [
    1620086400000,
    0.00017536364307325697
  ],
  [
    1620172800000,
    0.00019177908236349433
  ],
  [
    1620259200000,
    0.00017609748519778213
  ],
  [
    1620345600000,
    0.0001777811865712461
  ],
  [
    1620432000000,
    0.0001673200420319462
  ],
  [
    1620518400000,
    0.00015954206550062162
  ],
  [
    1620604800000,
    0.00014225829772022855
  ],
  [
    1620691200000,
    0.0000676096216426602
  ],
  [
    1620777600000,
    0.0000827059803397209
  ],
  [
    1620864000000,
    0.00007119806435586512
  ],
  [
    1620950400000,
    0.000059258994524942747
  ],
  [
    1621036800000,
    0.000028606929632618474
  ],
  [
    1621123200000,
    0.00003634904744599498
  ],
  [
    1621209600000,
    0.000043724636680480645
  ],
  [
    1621296000000,
    0.00003900937004754421
  ],
  [
    1621382400000,
    0.000038116606233735716
  ],
  [
    1621468800000,
    0.000015236328091280494
  ],
  [
    1621555200000,
    0.00002318747984120647
  ],
  [
    1621641600000,
    0.00002522931064224594
  ],
  [
    1621728000000,
    0.000020824824828001126
  ],
  [
    1621814400000,
    0.000018234771839584557
  ],
  [
    1621900800000,
    0.000021292008167141492
  ],
  [
    1621987200000,
    0.000015451987377911872
  ],
  [
    1622073600000,
    0.00001620645222021123
  ],
  [
    1622160000000,
    0.000014494251575008752
  ],
  [
    1622246400000,
    0.000012973754345327167
  ],
  [
    1622332800000,
    0.000013081220748527461
  ],
  [
    1622419200000,
    0.000013390494216416905
  ],
  [
    1622505600000,
    0.000016748911660823184
  ],
  [
    1622592000000,
    0.000021230017477402187
  ],
  [
    1622678400000,
    0.000021377601146723247
  ],
  [
    1622764800000,
    0.00004156424421787491
  ],
  [
    1622851200000,
    0.00004623857074938104
  ],
  [
    1622937600000,
    0.00004431563856188258
  ],
  [
    1623024000000,
    0.00004243668173359535
  ],
  [
    1623110400000,
    0.00003253901637217848
  ],
  [
    1623196800000,
    0.0000409695385096904
  ],
  [
    1623283200000,
    0.00003889701056786683
  ],
  [
    1623369600000,
    0.00004189648914282787
  ],
  [
    1623456000000,
    0.0000387914667728485
  ],
  [
    1623542400000,
    0.000027432678566384954
  ],
  [
    1623628800000,
    0.000028576929874777654
  ],
  [
    1623715200000,
    0.0000346897125582461
  ],
  [
    1623801600000,
    0.00004223979717411509
  ],
  [
    1623888000000,
    0.00004165043566832274
  ],
  [
    1623974400000,
    0.00004860263104437532
  ],
  [
    1624060800000,
    0.0000346476564797676
  ],
  [
    1624147200000,
    0.000039445381468001616
  ],
  [
    1624233600000,
    0.00003657696928103642
  ],
  [
    1624320000000,
    0.000028720345217418497
  ],
  [
    1624406400000,
    0.000025920418116514697
  ],
  [
    1624492800000,
    0.00003360660896557517
  ],
  [
    1624579200000,
    0.00004176130949879355
  ],
  [
    1624665600000,
    0.00003946533451063156
  ],
  [
    1624752000000,
    0.00003964740396302894
  ],
  [
    1624838400000,
    0.000039287434690848216
  ],
  [
    1624924800000,
    0.000039802021812334914
  ],
  [
    1625011200000,
    0.000041005738954708484
  ],
  [
    1625097600000,
    0.000039614013040075825
  ],
  [
    1625184000000,
    0.000038116361319401874
  ],
  [
    1625270400000,
    0.000036614958778462824
  ],
  [
    1625356800000,
    0.00003072135224684543
  ],
  [
    1625443200000,
    0.00003665912921820601
  ],
  [
    1625529600000,
    0.0000350127383585459
  ],
  [
    1625616000000,
    0.000029585121215098664
  ],
  [
    1625702400000,
    0.000028518962158679512
  ],
  [
    1625788800000,
    0.000025900766183986993
  ],
  [
    1625875200000,
    0.000026417941482832987
  ],
  [
    1625961600000,
    0.00002578964634468423
  ],
  [
    1626048000000,
    0.000024840401452450417
  ],
  [
    1626134400000,
    0.000024048152649373042
  ],
  [
    1626220800000,
    0.000023837717138521305
  ],
  [
    1626307200000,
    0.000023539517643985615
  ],
  [
    1626393600000,
    0.00002257087188950959
  ],
  [
    1626480000000,
    0.00003488873751228174
  ],
  [
    1626566400000,
    0.000022111938550341038
  ],
  [
    1626652800000,
    0.000021476467767215274
  ],
  [
    1626739200000,
    0.000025571557293507806
  ],
  [
    1626825600000,
    0.000018445908890629568
  ],
  [
    1626912000000,
    0.000024223786366486204
  ],
  [
    1626998400000,
    0.00002494427224201575
  ],
  [
    1627084800000,
    0.00003190473939305165
  ],
  [
    1627171200000,
    0.000034135054028875596
  ],
  [
    1627257600000,
    0.00003445931606056687
  ],
  [
    1627344000000,
    0.00004586463322235781
  ],
  [
    1627430400000,
    0.00005019848482241266
  ],
  [
    1627516800000,
    0.000026177623736225403
  ],
  [
    1627603200000,
    0.00002640943216709299
  ],
  [
    1627689600000,
    0.00003110138887641129
  ],
  [
    1627776000000,
    0.00002708783494774142
  ],
  [
    1627862400000,
    0.000029194258103048085
  ],
  [
    1627948800000,
    0.00002657804007375918
  ],
  [
    1628035200000,
    0.000025912070880691682
  ],
  [
    1628121600000,
    0.00002657709565503565
  ],
  [
    1628208000000,
    0.000028374152462055875
  ],
  [
    1628294400000,
    0.00002845252527669596
  ],
  [
    1628380800000,
    0.000026849168773361907
  ],
  [
    1628467200000,
    0.00002606513970059579
  ],
  [
    1628553600000,
    0.000025433673082489574
  ],
  [
    1628640000000,
    0.000021746366602014863
  ],
  [
    1628726400000,
    0.00002242689796201368
  ],
  [
    1628812800000,
    0.000022725340343309823
  ],
  [
    1628899200000,
    0.000026216377979424833
  ],
  [
    1628985600000,
    0.000026022256143911338
  ],
  [
    1629072000000,
    0.000025585056819596367
  ],
  [
    1629158400000,
    0.00002467858165883759
  ],
  [
    1629244800000,
    0.000023833065531109426
  ],
  [
    1629331200000,
    0.000025097317430281527
  ],
  [
    1629417600000,
    0.000026324821593759545
  ],
  [
    1629504000000,
    0.00004815584970450237
  ],
  [
    1629590400000,
    0.00004456924134613069
  ],
  [
    1629676800000,
    0.00003556254249878814
  ],
  [
    1629763200000,
    0.00003962466346322188
  ],
  [
    1629849600000,
    0.00003658768674956556
  ],
  [
    1629936000000,
    0.000038385583863156376
  ],
  [
    1630022400000,
    0.000038148931198252054
  ],
  [
    1630108800000,
    0.000038305205048210704
  ],
  [
    1630195200000,
    0.000041608447594256125
  ],
  [
    1630281600000,
    0.00003700557394085854
  ],
  [
    1630368000000,
    0.000031809428053788805
  ],
  [
    1630454400000,
    0.000030101806473460016
  ],
  [
    1630540800000,
    0.00002825708933530718
  ],
  [
    1630627200000,
    0.00003158446872830991
  ]
]