[
  [
    1600819200000,
    6.984266429716542
  ],
  [
    1600905600000,
    6.984266429716542
  ],
  [
    1600992000000,
    6.933757794971509
  ],
  [
    1601078400000,
    6.697579309367745
  ],
  [
    1601164800000,
    6.7818180269117505
  ],
  [
    1601251200000,
    7.805087698416255
  ],
  [
    1601337600000,
    7.996895092716644
  ],
  [
    1601424000000,
    6.900737946625088
  ],
  [
    1601510400000,
    8.085690425019246
  ],
  [
    1601596800000,
    7.855175983413512
  ],
  [
    1601683200000,
    8.123485281049346
  ],
  [
    1601769600000,
    6.906676722663252
  ],
  [
    1601856000000,
    7.682689991183758
  ],
  [
    1601942400000,
    7.817727169073427
  ],
  [
    1602028800000,
    7.9961312034690115
  ],
  [
    1602115200000,
    7.191529043259026
  ],
  [
    1602201600000,
    8.079664364757065
  ],
  [
    1602288000000,
    7.4434569819369925
  ],
  [
    1602374400000,
    7.399520879439086
  ],
  [
    1602460800000,
    7.300755166554823
  ],
  [
    1602547200000,
    6.754703808189631
  ],
  [
    1602633600000,
    6.948213742499843
  ],
  [
    1602720000000,
    7.905028921221636
  ],
  [
    1602806400000,
    7.397711899406887
  ],
  [
    1602892800000,
    7.786467293753193
  ],
  [
    1602979200000,
    7.790797983424027
  ],
  [
    1603065600000,
    7.562247060070573
  ],
  [
    1603152000000,
    8.60178260353041
  ],
  [
    1603238400000,
    7.713781178004105
  ],
  [
    1603324800000,
    8.165705432166561
  ],
  [
    1603411200000,
    8.0564796685046
  ],
  [
    1603497600000,
    7.929056564660664
  ],
  [
    1603584000000,
    7.754423239717249
  ],
  [
    1603670400000,
    7.767486614820726
  ],
  [
    1603756800000,
    8.13206357224276
  ],
  [
    1603843200000,
    8.13543112389441
  ],
  [
    1603929600000,
    7.951802354812481
  ],
  [
    1604016000000,
    7.897961014378064
  ],
  [
    1604102400000,
    7.1988583779545525
  ],
  [
    1604188800000,
    10.961184479649102
  ],
  [
    1604275200000,
    7.885764513742836
  ],
  [
    1604361600000,
    7.889219342932616
  ],
  [
    1604448000000,
    8.847977368318247
  ],
  [
    1604534400000,
    8.131270795835178
  ],
  [
    1604620800000,
    7.944489519437834
  ],
  [
    1604707200000,
    7.695518463674343
  ],
  [
    1604793600000,
    7.589715097500983
  ],
  [
    1604880000000,
    7.603383122097503
  ],
  [
    1604966400000,
    7.797967871602563
  ],
  [
    1605052800000,
    7.8589469278949515
  ],
  [
    1605139200000,
    7.355953637886801
  ],
  [
    1605225600000,
    7.467076890150525
  ],
  [
    1605312000000,
    7.403223069705261
  ],
  [
    1605398400000,
    7.403378125824823
  ],
  [
    1605484800000,
    7.436169375462798
  ],
  [
    1605571200000,
    7.293870141552728
  ],
  [
    1605657600000,
    7.542922398718534
  ],
  [
    1605744000000,
    7.270034310838886
  ],
  [
    1605830400000,
    7.698545287780137
  ],
  [
    1605916800000,
    7.388109457561014
  ],
  [
    1606003200000,
    7.442484758668555
  ],
  [
    1606089600000,
    7.20780060232882
  ],
  [
    1606176000000,
    7.069922874378891
  ],
  [
    1606262400000,
    6.990339813966993
  ],
  [
    1606348800000,
    7.2723190850596655
  ],
  [
    1606435200000,
    7.256346471311582
  ],
  [
    1606521600000,
    7.0804149817468565
  ],
  [
    1606608000000,
    6.395730013426436
  ],
  [
    1606694400000,
    6.342584197224799
  ],
  [
    1606780800000,
    6.217267033043435
  ],
  [
    1606867200000,
    6.344014658452811
  ],
  [
    1606953600000,
    6.235218488209757
  ],
  [
    1607040000000,
    6.159178705943956
  ],
  [
    1607126400000,
    6.405787410095706
  ],
  [
    1607212800000,
    5.55803181923324
  ],
  [
    1607299200000,
    6.304526453534659
  ],
  [
    1607385600000,
    5.880325559450276
  ],
  [
    1607472000000,
    5.442508870778934
  ],
  [
    1607558400000,
    6.192970821530501
  ],
  [
    1607644800000,
    5.8369547654575396
  ],
  [
    1607731200000,
    5.772901574484806
  ],
  [
    1607817600000,
    5.238458384602472
  ],
  [
    1607904000000,
    5.776338756300744
  ],
  [
    1607990400000,
    5.920621402647647
  ],
  [
    1608076800000,
    4.997690002678712
  ],
  [
    1608163200000,
    4.861324886926681
  ],
  [
    1608249600000,
    5.34377760926632
  ],
  [
    1608336000000,
    5.042514938136934
  ],
  [
    1608422400000,
    5.487094135470549
  ],
  [
    1608508800000,
    5.448713152738917
  ],
  [
    1608595200000,
    5.825610727258483
  ],
  [
    1608681600000,
    5.370776660141084
  ],
  [
    1608768000000,
    5.0703576084014665
  ],
  [
    1608854400000,
    4.7398306583517735
  ],
  [
    1608940800000,
    5.4152519144582385
  ],
  [
    1609027200000,
    4.769506063082693
  ],
  [
    1609113600000,
    4.651231415539259
  ],
  [
    1609200000000,
    4.890075152805554
  ],
  [
    1609286400000,
    4.232469472044744
  ],
  [
    1609372800000,
    4.51977754787104
  ],
  [
    1609459200000,
    4.577258146623924
  ],
  [
    1609545600000,
    4.9409711839523975
  ],
  [
    1609632000000,
    4.700367009726258
  ],
  [
    1609718400000,
    4.222762588807212
  ],
  [
    1609804800000,
    3.892277405907691
  ],
  [
    1609891200000,
    3.813128524227806
  ],
  [
    1609977600000,
    4.174615630408732
  ],
  [
    1610064000000,
    4.318814697666553
  ],
  [
    1610150400000,
    4.489059753090716
  ],
  [
    1610236800000,
    4.508049955680667
  ],
  [
    1610323200000,
    4.216230888233291
  ],
  [
    1610409600000,
    3.995297380945589
  ],
  [
    1610496000000,
    3.937238318797442
  ],
  [
    1610582400000,
    4.2023945073473
  ],
  [
    1610668800000,
    3.52794940130046
  ],
  [
    1610755200000,
    3.5571570903023497
  ],
  [
    1610841600000,
    3.6659477201276536
  ],
  [
    1610928000000,
    3.7195401807962902
  ],
  [
    1611014400000,
    3.40239428104576
  ],
  [
    1611100800000,
    2.61991598413908
  ],
  [
    1611187200000,
    3.629553695447611
  ],
  [
    1611273600000,
    3.2027612784864745
  ],
  [
    1611360000000,
    3.1931952449489636
  ],
  [
    1611446400000,
    3.1466195439815343
  ],
  [
    1611532800000,
    3.055476803475273
  ],
  [
    1611619200000,
    3.021928310530784
  ],
  [
    1611705600000,
    2.402464837181126
  ],
  [
    1611792000000,
    2.1267063675029116
  ],
  [
    1611878400000,
    1.6416523476259135
  ],
  [
    1611964800000,
    1.5214752094649893
  ],
  [
    1612051200000,
    1.7761250807629934
  ],
  [
    1612137600000,
    1.5929992950609508
  ],
  [
    1612224000000,
    1.514150160492519
  ],
  [
    1612310400000,
    1.2043459290620688
  ],
  [
    1612396800000,
    1.0474813786924007
  ],
  [
    1612483200000,
    1.3936635668360098
  ],
  [
    1612569600000,
    1.5581355068376557
  ],
  [
    1612656000000,
    1.2791978815360363
  ],
  [
    1612742400000,
    1.208621326159132
  ],
  [
    1612828800000,
    1.1070811635850581
  ],
  [
    1613088000000,
    1.5047246083777945
  ],
  [
    1613174400000,
    1.5047246083777945
  ],
  [
    1613260800000,
    1.785413518874037
  ],
  [
    1613347200000,
    1.795545004528479
  ],
  [
    1613433600000,
    1.718797842143692
  ],
  [
    1613520000000,
    1.8791751516085597
  ],
  [
    1613606400000,
    2.444334921208669
  ],
  [
    1613692800000,
    2.909319310185907
  ],
  [
    1613779200000,
    2.4020778745742564
  ],
  [
    1613865600000,
    2.351845577823318
  ],
  [
    1613952000000,
    2.225813730025044
  ],
  [
    1614038400000,
    1.852549430262728
  ],
  [
    1614124800000,
    1.8933111309727069
  ],
  [
    1614211200000,
    1.830589516345508
  ],
  [
    1614297600000,
    1.804612673083801
  ],
  [
    1614384000000,
    1.8582264072249757
  ],
  [
    1614470400000,
    1.7787873778270153
  ],
  [
    1614556800000,
    1.5615589683310251
  ],
  [
    1614643200000,
    1.4455573198479805
  ],
  [
    1614729600000,
    1.471522535657055
  ],
  [
    1614816000000,
    1.5224240875586441
  ],
  [
    1614902400000,
    1.6158757042645049
  ],
  [
    1614988800000,
    1.4987111411360599
  ],
  [
    1615075200000,
    1.4812270799872171
  ],
  [
    1615161600000,
    1.4205199718916304
  ],
  [
    1615248000000,
    1.396668423660232
  ],
  [
    1615334400000,
    1.292699018091385
  ],
  [
    1615420800000,
    1.2742362682333632
  ],
  [
    1615507200000,
    1.276773730662851
  ],
  [
    1615593600000,
    1.3541246288862399
  ],
  [
    1615680000000,
    1.3375127348141633
  ],
  [
    1615766400000,
    1.207050495756693
  ],
  [
    1615852800000,
    0.9114986945081492
  ],
  [
    1615939200000,
    1.2482060226591547
  ],
  [
    1616025600000,
    1.24966092642206
  ],
  [
    1616112000000,
    1.1739555716086383
  ],
  [
    1616198400000,
    0.9587349999774825
  ],
  [
    1616284800000,
    1.1783211975024825
  ],
  [
    1616371200000,
    1.049272167388351
  ],
  [
    1616457600000,
    1.060320653810523
  ],
  [
    1616544000000,
    0.9871137898104356
  ],
  [
    1616630400000,
    0.9965933617472992
  ],
  [
    1616716800000,
    1.1693717170329863
  ],
  [
    1616803200000,
    1.152380833570689
  ],
  [
    1616889600000,
    1.1055351351803537
  ],
  [
    1616976000000,
    1.0714321574494672
  ],
  [
    1617062400000,
    1.0668963402219311
  ],
  [
    1617148800000,
    1.0167273551042337
  ],
  [
    1617235200000,
    0.9318840757408263
  ],
  [
    1617321600000,
    0.9896902091902985
  ],
  [
    1617408000000,
    0.5235324228475199
  ],
  [
    1617494400000,
    0.6549039674509306
  ],
  [
    1617580800000,
    0.4588750133206847
  ],
  [
    1617667200000,
    0.27867975430102343
  ],
  [
    1617753600000,
    0.2909806117218923
  ],
  [
    1617840000000,
    0.2299067969009611
  ],
  [
    1617926400000,
    0.26235725384611636
  ],
  [
    1618012800000,
    0.18931532117527686
  ],
  [
    1618099200000,
    0.17350139169267226
  ],
  [
    1618185600000,
    0.42173331365273736
  ],
  [
    1618272000000,
    0.37154791621287225
  ],
  [
    1618358400000,
    0.3000191952869623
  ],
  [
    1618444800000,
    0.29866140900138116
  ],
  [
    1618531200000,
    0.1798945986700124
  ],
  [
    1618617600000,
    0.18669938598115993
  ],
  [
    1618704000000,
    0.2472249081850154
  ],
  [
    1618790400000,
    0.20063371399094612
  ],
  [
    1618876800000,
    0.21138345925988683
  ],
  [
    1618963200000,
    0.211453785041973
  ],
  [
    1619049600000,
    0.18348794829567477
  ],
  [
    1619136000000,
    0.15105194420006735
  ],
  [
    1619222400000,
    0.15588697524290204
  ],
  [
    1619308800000,
    0.15026634412553583
  ],
  [
    1619395200000,
    0.05587776012689748
  ],
  [
    1619481600000,
    0.10041049706287146
  ],
  [
    1619568000000,
    0.1176641306923317
  ],
  [
    1619654400000,
    0.1052256332359508
  ],
  [
    1619740800000,
    0.08476425838686545
  ],
  [
    1619827200000,
    0.07658294221502224
  ],
  [
    1619913600000,
    0.07594798189590865
  ],
  [
    1620000000000,
    0.07546226672411685
  ],
  [
    1620086400000,
    0.07804982792312533
  ],
  [
    1620172800000,
    0.07620960311885565
  ],
  [
    1620259200000,
    0.07378708503736187
  ],
  [
    1620345600000,
    0.0708385952439235
  ],
  [
    1620432000000,
    0.07276901123362027
  ],
  [
    1620518400000,
    0.07025120160809219
  ],
  [
    1620604800000,
    0.07223881020784285
  ],
  [
    1620691200000,
    0.07128076682057807
  ],
  [
    1620777600000,
    0.0726609245826243
  ],
  [
    1620864000000,
    0.07026309559888534
  ],
  [
    1620950400000,
    0.07259312953397702
  ],
  [
    1621036800000,
    0.0722879209445163
  ],
  [
    1621123200000,
    0.07279175896292978
  ],
  [
    1621209600000,
    0.07248882738416935
  ],
  [
    1621296000000,
    0.07129569783207021
  ],
  [
    1621382400000,
    0.07191959520712804
  ],
  [
    1621468800000,
    0.07257695164877016
  ],
  [
    1621555200000,
    0.07349925367355302
  ],
  [
    1621641600000,
    0.073044776698107
  ],
  [
    1621728000000,
    0.07309671980942135
  ],
  [
    1621814400000,
    0.07337437978634102
  ],
  [
    1621900800000,
    0.07177144255922771
  ],
  [
    1621987200000,
    0.07257298156336844
  ],
  [
    1622073600000,
    0.0729554372632045
  ],
  [
    1622160000000,
    0.048636017492137903
  ],
  [
    1622246400000,
    0.06973371241494014
  ],
  [
    1622332800000,
    0.03580313322452933
  ],
  [
    1622419200000,
    0.060032985894576854
  ],
  [
    1622505600000,
    0.055613993417997984
  ],
  [
    1622592000000,
    0.06502481969094046
  ],
  [
    1622678400000,
    0.06327475154131279
  ],
  [
    1622764800000,
    0.04592170051608628
  ],
  [
    1622851200000,
    0.047240333763350593
  ],
  [
    1622937600000,
    0.054234917454793946
  ],
  [
    1623024000000,
    0.04727914072912406
  ],
  [
    1623110400000,
    0.03474633498966912
  ],
  [
    1623196800000,
    0.05067644631102192
  ],
  [
    1623283200000,
    0.038347343062206836
  ],
  [
    1623369600000,
    0.05101516517814696
  ],
  [
    1623456000000,
    0.04940473457604244
  ],
  [
    1623542400000,
    0.05318371068878097
  ],
  [
    1623628800000,
    0.052436239299481636
  ],
  [
    1623715200000,
    0.02532360568813585
  ],
  [
    1623801600000,
    0.028869150057581543
  ],
  [
    1623888000000,
    0.027523774179211886
  ],
  [
    1623974400000,
    0.027651368334483735
  ],
  [
    1624060800000,
    0.027758739085260803
  ],
  [
    1624147200000,
    0.027510793300031186
  ],
  [
    1624233600000,
    0.028531594441713534
  ],
  [
    1624320000000,
    0.02849554046822126
  ],
  [
    1624406400000,
    0.027371458820307306
  ],
  [
    1624492800000,
    0.027513033774541566
  ],
  [
    1624579200000,
    0.02319638240044302
  ],
  [
    1624665600000,
    0.02704618274920431
  ],
  [
    1624752000000,
    0.026363797195512836
  ],
  [
    1624838400000,
    0.03182290371983512
  ],
  [
    1624924800000,
    0.04783976313102315
  ],
  [
    1625011200000,
    0.03988127927588424
  ],
  [
    1625097600000,
    0.041988292091397574
  ],
  [
    1625184000000,
    0.04211413641221588
  ],
  [
    1625270400000,
    0.049120741232248195
  ],
  [
    1625356800000,
    0.03382644525672162
  ],
  [
    1625443200000,
    0.04671782695928594
  ],
  [
    1625529600000,
    0.049537505309441544
  ],
  [
    1625616000000,
    0.03376060849025736
  ],
  [
    1625702400000,
    0.025575059909482317
  ],
  [
    1625788800000,
    0.03204810443601881
  ],
  [
    1625875200000,
    0.034063192344753884
  ],
  [
    1625961600000,
    0.036719141474383425
  ],
  [
    1626048000000,
    0.020174695791950477
  ],
  [
    1626134400000,
    0.03866097818969749
  ],
  [
    1626220800000,
    0.037260914256364915
  ],
  [
    1626393600000,
    0.029053868223701467
  ],
  [
    1626480000000,
    0.029053868223701467
  ],
  [
    1626566400000,
    0.025619847592190846
  ],
  [
    1626652800000,
    0.01002048319679834
  ],
  [
    1626739200000,
    0.010026888430343401
  ],
  [
    1626825600000,
    0.010032267914022938
  ],
  [
    1626912000000,
    0.0010366216946891334
  ],
  [
    1626998400000,
    0.011896553114850205
  ],
  [
    1627084800000,
    0.011887951592398579
  ]
]