[
  [
    1577404800000,
    0.2348943110379493
  ],
  [
    1577491200000,
    0.23576820314968705
  ],
  [
    1577577600000,
    0.2369096641913199
  ],
  [
    1577664000000,
    0.23519247375399963
  ],
  [
    1577750400000,
    0.2357573963228804
  ],
  [
    1577836800000,
    0.2407468347853197
  ],
  [
    1577923200000,
    0.2398755399319392
  ],
  [
    1578009600000,
    0.23762615788746028
  ],
  [
    1578096000000,
    0.2358178221994146
  ],
  [
    1578182400000,
    0.23671447127660733
  ],
  [
    1578268800000,
    0.23587737807283904
  ],
  [
    1578355200000,
    0.23986773192965843
  ],
  [
    1578441600000,
    0.24412688568141006
  ],
  [
    1578528000000,
    0.24667686955987683
  ],
  [
    1578614400000,
    0.24853769907368828
  ],
  [
    1578700800000,
    0.24668847988482814
  ],
  [
    1578787200000,
    0.24851394668398466
  ],
  [
    1578873600000,
    0.25195082104384336
  ],
  [
    1578960000000,
    0.25407250572527335
  ],
  [
    1579046400000,
    0.25619175432240765
  ],
  [
    1579132800000,
    0.26004123423899633
  ],
  [
    1579219200000,
    0.2668349466779139
  ],
  [
    1579305600000,
    0.26630435907925004
  ],
  [
    1579392000000,
    0.26670287502778134
  ],
  [
    1579478400000,
    0.2651659239130543
  ],
  [
    1579564800000,
    0.26780290811840685
  ],
  [
    1579651200000,
    0.2625547345374933
  ],
  [
    1579737600000,
    0.26470977110528465
  ],
  [
    1579824000000,
    0.26506818474668264
  ],
  [
    1579910400000,
    0.26476261509675236
  ],
  [
    1579996800000,
    0.26402057419804176
  ],
  [
    1580083200000,
    0.2639860890269931
  ],
  [
    1580169600000,
    0.26214067568175053
  ],
  [
    1580256000000,
    0.2618325750610968
  ],
  [
    1580342400000,
    0.2620045545325911
  ],
  [
    1580428800000,
    0.2584274225454955
  ],
  [
    1580515200000,
    0.25918410125727903
  ],
  [
    1580601600000,
    0.25657824399238155
  ],
  [
    1580688000000,
    0.25714645294099836
  ],
  [
    1580774400000,
    0.256612893841152
  ],
  [
    1580860800000,
    0.25936158746434423
  ],
  [
    1580947200000,
    0.2550753269606887
  ],
  [
    1581033600000,
    0.2538239575469688
  ],
  [
    1581120000000,
    0.25428081945685327
  ],
  [
    1581206400000,
    0.2540972022973505
  ],
  [
    1581292800000,
    0.2524371796885824
  ],
  [
    1581379200000,
    0.2607669896388832
  ],
  [
    1581465600000,
    0.2708107162985315
  ],
  [
    1581552000000,
    0.2730435010376786
  ],
  [
    1581638400000,
    0.26940438638708814
  ],
  [
    1581724800000,
    0.27452717317668557
  ],
  [
    1581811200000,
    0.27705722232745056
  ],
  [
    1581897600000,
    0.27793341045736
  ],
  [
    1581984000000,
    0.2768294670440489
  ],
  [
    1582070400000,
    0.27420426788866037
  ],
  [
    1582156800000,
    0.2734429898767214
  ],
  [
    1582243200000,
    0.27645818418398005
  ],
  [
    1582329600000,
    0.2735306967388355
  ],
  [
    1582416000000,
    0.2726025934063129
  ],
  [
    1582502400000,
    0.2717323792232901
  ],
  [
    1582588800000,
    0.2719928771475935
  ],
  [
    1582675200000,
    0.2698248979731769
  ],
  [
    1582761600000,
    0.27168809676898203
  ],
  [
    1582848000000,
    0.26953129254726504
  ],
  [
    1582934400000,
    0.27165616666415676
  ],
  [
    1583020800000,
    0.2740853197661346
  ],
  [
    1583107200000,
    0.2714756441546521
  ],
  [
    1583193600000,
    0.2736966379739768
  ],
  [
    1583280000000,
    0.27039323579599245
  ],
  [
    1583366400000,
    0.2716938902086035
  ],
  [
    1583452800000,
    0.2685486682262803
  ],
  [
    1583539200000,
    0.27333484183769186
  ],
  [
    1583625600000,
    0.2741027847753622
  ],
  [
    1583712000000,
    0.27119964796422025
  ],
  [
    1583798400000,
    0.26661118805194195
  ],
  [
    1583884800000,
    0.2685670366905529
  ],
  [
    1583971200000,
    0.2652207313011265
  ],
  [
    1584057600000,
    0.25964862185715964
  ],
  [
    1584144000000,
    0.2500065832348495
  ],
  [
    1584230400000,
    0.2473767452036865
  ],
  [
    1584316800000,
    0.2477398790356033
  ],
  [
    1584403200000,
    0.2356153998195277
  ],
  [
    1584489600000,
    0.24963133776111493
  ],
  [
    1584576000000,
    0.23657253504884013
  ],
  [
    1584662400000,
    0.23192862089813682
  ],
  [
    1584748800000,
    0.24345558151217989
  ],
  [
    1584835200000,
    0.24202496785670088
  ],
  [
    1584921600000,
    0.24483228362866705
  ],
  [
    1585008000000,
    0.23620178040834575
  ],
  [
    1585094400000,
    0.22649681443814076
  ],
  [
    1585180800000,
    0.22918711667378677
  ],
  [
    1585267200000,
    0.22980593787831216
  ],
  [
    1585353600000,
    0.23381707795586326
  ],
  [
    1585440000000,
    0.24348611060082434
  ],
  [
    1585526400000,
    0.2341679823697179
  ],
  [
    1585612800000,
    0.23276216365435712
  ],
  [
    1585699200000,
    0.23842185429550575
  ],
  [
    1585785600000,
    0.2315026666485434
  ],
  [
    1585872000000,
    0.23358422008824295
  ],
  [
    1585958400000,
    0.236185691163483
  ],
  [
    1586044800000,
    0.2382596289021021
  ],
  [
    1586131200000,
    0.23854908055993163
  ],
  [
    1586217600000,
    0.2401704122174754
  ],
  [
    1586304000000,
    0.25024489364531494
  ],
  [
    1586390400000,
    0.25027442929878485
  ],
  [
    1586476800000,
    0.2511838029299483
  ],
  [
    1586563200000,
    0.25230352561258373
  ],
  [
    1586649600000,
    0.25251868459039856
  ],
  [
    1586736000000,
    0.1806651749589816
  ],
  [
    1586822400000,
    0.25597823371727557
  ],
  [
    1586908800000,
    0.2582338343233704
  ],
  [
    1586995200000,
    0.25273587606049874
  ],
  [
    1587081600000,
    0.2512791635470123
  ],
  [
    1587168000000,
    0.25326265106989765
  ],
  [
    1587254400000,
    0.2532914719203571
  ],
  [
    1587340800000,
    0.24826008113873546
  ],
  [
    1587427200000,
    0.246434508788854
  ],
  [
    1587513600000,
    0.23783818885813315
  ],
  [
    1587600000000,
    0.24319043332828655
  ],
  [
    1587686400000,
    0.2384642028796899
  ],
  [
    1587772800000,
    0.24137132630970387
  ],
  [
    1587859200000,
    0.23981380622992315
  ],
  [
    1587945600000,
    0.23321755505699823
  ],
  [
    1588032000000,
    0.2356537323256839
  ],
  [
    1588118400000,
    0.2349475996521004
  ],
  [
    1588204800000,
    0.2409994946481329
  ],
  [
    1588291200000,
    0.2375026482356887
  ],
  [
    1588377600000,
    0.2353050672069503
  ],
  [
    1588464000000,
    0.234815785643463
  ],
  [
    1588550400000,
    0.23592515599913616
  ],
  [
    1588636800000,
    0.23361631519976148
  ],
  [
    1588723200000,
    0.2334792824878672
  ],
  [
    1588809600000,
    0.2292142378025445
  ],
  [
    1588896000000,
    0.23690786331598807
  ],
  [
    1588982400000,
    0.2331369937359284
  ],
  [
    1589068800000,
    0.23518662548103317
  ],
  [
    1589155200000,
    0.2334311395648358
  ],
  [
    1589241600000,
    0.2337566011641793
  ],
  [
    1589328000000,
    0.2324963450370701
  ],
  [
    1589414400000,
    0.23309182715408533
  ],
  [
    1589500800000,
    0.23190915259839406
  ],
  [
    1589587200000,
    0.2253326749161622
  ],
  [
    1589673600000,
    0.2269875479760803
  ],
  [
    1589760000000,
    0.22860094028625905
  ],
  [
    1589846400000,
    0.22891385164399894
  ],
  [
    1589932800000,
    0.22641439801279015
  ],
  [
    1590019200000,
    0.2264068540416259
  ],
  [
    1590105600000,
    0.23012709489318803
  ],
  [
    1590192000000,
    0.22580836373936564
  ],
  [
    1590278400000,
    0.2245299102487462
  ],
  [
    1590364800000,
    0.22115521012000847
  ],
  [
    1590451200000,
    0.2296945533677444
  ],
  [
    1590537600000,
    0.22715185454999995
  ],
  [
    1590624000000,
    0.22351331887967166
  ],
  [
    1590710400000,
    0.22365580557776807
  ],
  [
    1590796800000,
    0.22611785555655597
  ],
  [
    1590883200000,
    0.2243854866502472
  ],
  [
    1590969600000,
    0.22278632926752331
  ],
  [
    1591056000000,
    0.22385567446659047
  ],
  [
    1591142400000,
    0.22532005886827425
  ],
  [
    1591228800000,
    0.22616805520145408
  ],
  [
    1591315200000,
    0.2283496115981372
  ],
  [
    1591401600000,
    0.2294134282340808
  ],
  [
    1591488000000,
    0.22323929125745556
  ],
  [
    1591574400000,
    0.2264962916165923
  ],
  [
    1591660800000,
    0.22639573082572678
  ],
  [
    1591747200000,
    0.23328195643584507
  ],
  [
    1591833600000,
    0.23425623066299625
  ],
  [
    1591920000000,
    0.23624164068332748
  ],
  [
    1592006400000,
    0.22430954798365751
  ],
  [
    1592092800000,
    0.23222273385448527
  ],
  [
    1592179200000,
    0.2263139428775303
  ],
  [
    1592265600000,
    0.2231293307365508
  ],
  [
    1592352000000,
    0.22376001068813353
  ],
  [
    1592438400000,
    0.21757159136524695
  ],
  [
    1592524800000,
    0.12462836278584802
  ],
  [
    1592611200000,
    0.12544732022386185
  ],
  [
    1592697600000,
    0.12598016465846665
  ],
  [
    1592784000000,
    0.12032144085012521
  ],
  [
    1592870400000,
    0.10910447797175821
  ],
  [
    1592956800000,
    0.10424319034400018
  ],
  [
    1593043200000,
    0.09519786573917317
  ],
  [
    1593129600000,
    0.09556965159161825
  ],
  [
    1593216000000,
    0.09896518056477953
  ],
  [
    1593302400000,
    0.09139002856365692
  ],
  [
    1593388800000,
    0.08719866108603512
  ],
  [
    1593475200000,
    0.09241741810152787
  ],
  [
    1593561600000,
    0.08799523805317797
  ],
  [
    1593648000000,
    0.09634364188329617
  ],
  [
    1593734400000,
    0.0750299618842956
  ],
  [
    1593820800000,
    0.06648528355314297
  ],
  [
    1593907200000,
    0.05927069814136072
  ],
  [
    1593993600000,
    0.06036450143813906
  ],
  [
    1594080000000,
    0.059917287698824505
  ],
  [
    1594166400000,
    0.05842354923966101
  ],
  [
    1594252800000,
    0.05615657844722819
  ],
  [
    1594339200000,
    0.05941781147530243
  ],
  [
    1594425600000,
    0.018431792427503396
  ],
  [
    1594512000000,
    0.018287292613732607
  ],
  [
    1594598400000,
    0.018238146775902027
  ],
  [
    1594684800000,
    0.01832213750109352
  ],
  [
    1594771200000,
    0.018229435923618507
  ],
  [
    1594857600000,
    0.01662861669043642
  ],
  [
    1594944000000,
    0.01660857606001254
  ],
  [
    1595030400000,
    0.016610207142268178
  ],
  [
    1595116800000,
    0.016622944443820325
  ],
  [
    1595203200000,
    0.00830376320764482
  ],
  [
    1595289600000,
    0.008316459545666123
  ],
  [
    1595376000000,
    0.00841788240180986
  ],
  [
    1595462400000,
    0.008344321022831435
  ],
  [
    1595548800000,
    0.008354643677806497
  ],
  [
    1595635200000,
    0.00828526251150481
  ],
  [
    1595721600000,
    0.008364309984689598
  ],
  [
    1595808000000,
    0.008373888006717333
  ],
  [
    1595894400000,
    0.008355177005460304
  ],
  [
    1595980800000,
    0.00941067959250528
  ],
  [
    1596067200000,
    0.00845253688568582
  ],
  [
    1596153600000,
    0.011036976268430693
  ],
  [
    1596240000000,
    0.011067085918067376
  ],
  [
    1596326400000,
    0.007038380856968304
  ],
  [
    1596412800000,
    0.007038380856968304
  ],
  [
    1596499200000,
    0.008426119460872197
  ],
  [
    1596585600000,
    0.04804512934114379
  ],
  [
    1596672000000,
    0.03421714434926666
  ],
  [
    1596758400000,
    0.014008145805978537
  ],
  [
    1596844800000,
    0.008218403475181478
  ],
  [
    1596931200000,
    0.014050571354921833
  ],
  [
    1597276800000,
    0.008453410433418004
  ],
  [
    1597363200000,
    0.008428230362655597
  ],
  [
    1597622400000,
    0.008442133238809591
  ],
  [
    1597708800000,
    0.008442133238809591
  ],
  [
    1597881600000,
    0.008441302450573694
  ],
  [
    1597968000000,
    0.008441302450573694
  ],
  [
    1598227200000,
    0.008376188039981396
  ],
  [
    1598313600000,
    0.008376188039981396
  ],
  [
    1598400000000,
    0.008317082166560566
  ],
  [
    1598486400000,
    0.03621810670013207
  ],
  [
    1598572800000,
    0.010010383184483615
  ],
  [
    1598659200000,
    0.008486154972982905
  ],
  [
    1598745600000,
    0.050075692565421985
  ],
  [
    1598832000000,
    0.013033854321896713
  ],
  [
    1598918400000,
    0.013983388290820083
  ],
  [
    1599004800000,
    0.012931776839479272
  ],
  [
    1599091200000,
    0.02023354505413914
  ],
  [
    1599177600000,
    0.01407553417799228
  ],
  [
    1599264000000,
    0.004229190800925042
  ],
  [
    1599350400000,
    0.004229190800925042
  ],
  [
    1599436800000,
    0.013988321021598152
  ],
  [
    1599523200000,
    0.012471695671772273
  ],
  [
    1599609600000,
    0.012471695671772273
  ],
  [
    1599696000000,
    0.02203550719672437
  ],
  [
    1599782400000,
    0.02203550719672437
  ],
  [
    1599868800000,
    0.018975228425162204
  ],
  [
    1599955200000,
    0.018975228425162204
  ],
  [
    1600128000000,
    0.005088544878948645
  ],
  [
    1600214400000,
    0.005088544878948645
  ],
  [
    1600300800000,
    0.011082338802175214
  ],
  [
    1600387200000,
    0.011018478347105806
  ],
  [
    1600473600000,
    0.008551971959050103
  ],
  [
    1601078400000,
    0.013936517762703585
  ],
  [
    1601164800000,
    0.013936517762703585
  ],
  [
    1601337600000,
    0.013005776713099873
  ],
  [
    1601424000000,
    0.013005776713099873
  ],
  [
    1601510400000,
    0.008552564153795116
  ],
  [
    1601596800000,
    0.013006059780957415
  ],
  [
    1601856000000,
    0.005182679636867377
  ],
  [
    1601942400000,
    0.005182679636867377
  ],
  [
    1602028800000,
    0.00516927166465542
  ],
  [
    1602115200000,
    0.013004971335497585
  ],
  [
    1603065600000,
    0.011001754635484607
  ],
  [
    1603152000000,
    0.011001754635484607
  ],
  [
    1603411200000,
    0.005286441145983644
  ],
  [
    1603497600000,
    0.005286441145983644
  ],
  [
    1604016000000,
    0.02118713815832879
  ],
  [
    1604102400000,
    0.02118713815832879
  ],
  [
    1604188800000,
    0.006950838925939261
  ],
  [
    1604275200000,
    0.02012840165264178
  ],
  [
    1604361600000,
    0.02012840165264178
  ],
  [
    1604448000000,
    0.020111370512633498
  ],
  [
    1604534400000,
    0.020111370512633498
  ],
  [
    1604620800000,
    0.005999712087247555
  ],
  [
    1604707200000,
    0.005999712087247555
  ],
  [
    1606176000000,
    0.01697091176393273
  ],
  [
    1606262400000,
    0.01697091176393273
  ],
  [
    1608768000000,
    0.016039252396100493
  ],
  [
    1608854400000,
    0.016039252396100493
  ],
  [
    1609200000000,
    0.00548684361558619
  ],
  [
    1609286400000,
    0.00548684361558619
  ],
  [
    1611360000000,
    0.0054147591709300565
  ],
  [
    1611446400000,
    0.0054147591709300565
  ],
  [
    1611792000000,
    0.005389352592368056
  ],
  [
    1611878400000,
    0.005389352592368056
  ],
  [
    1612569600000,
    0.014045139012313352
  ],
  [
    1612656000000,
    0.014045139012313352
  ],
  [
    1612828800000,
    0.014004582893825253
  ],
  [
    1612915200000,
    0.014004582893825253
  ],
  [
    1613088000000,
    0.005980629246747636
  ],
  [
    1613174400000,
    0.005980629246747636
  ],
  [
    1613433600000,
    0.06206370706565067
  ],
  [
    1613520000000,
    0.06206370706565067
  ],
  [
    1613606400000,
    0.06507031391247224
  ],
  [
    1613692800000,
    0.03696392934651314
  ],
  [
    1613779200000,
    0.036197431943513464
  ],
  [
    1613865600000,
    0.031991711719112484
  ],
  [
    1613952000000,
    0.037007194368193615
  ],
  [
    1614038400000,
    0.03205303957117957
  ],
  [
    1614124800000,
    0.008002773962175774
  ],
  [
    1614211200000,
    0.028195725743533382
  ],
  [
    1614297600000,
    0.02808777874031628
  ],
  [
    1614384000000,
    0.02822085264043667
  ],
  [
    1614470400000,
    0.008888039725885767
  ],
  [
    1614556800000,
    0.014928464283855863
  ],
  [
    1614643200000,
    0.019076110500676823
  ],
  [
    1614729600000,
    0.019076110500676823
  ],
  [
    1614816000000,
    0.01900960753291771
  ],
  [
    1614902400000,
    0.019970437787065073
  ],
  [
    1614988800000,
    0.01608545617102604
  ],
  [
    1615075200000,
    0.01702465163458081
  ],
  [
    1615161600000,
    0.008927401581897806
  ],
  [
    1615248000000,
    0.009007372096076306
  ],
  [
    1615334400000,
    0.012982331578370181
  ],
  [
    1615420800000,
    0.007999483086393777
  ],
  [
    1615507200000,
    0.013093571443324419
  ],
  [
    1615593600000,
    0.016977935293317873
  ],
  [
    1615680000000,
    0.008009635458304843
  ],
  [
    1615766400000,
    0.014987508456601616
  ],
  [
    1615852800000,
    0.018039165300195698
  ],
  [
    1615939200000,
    0.018039165300195698
  ],
  [
    1616025600000,
    0.011082420238060041
  ],
  [
    1616112000000,
    0.0160300003223933
  ],
  [
    1616198400000,
    0.01204955864447556
  ],
  [
    1616284800000,
    0.01504693683098951
  ],
  [
    1616371200000,
    0.04022565383202663
  ],
  [
    1616457600000,
    0.03302158857424519
  ],
  [
    1616544000000,
    0.021013222368614692
  ],
  [
    1616716800000,
    0.0290614501577111
  ],
  [
    1616803200000,
    0.0290614501577111
  ],
  [
    1616889600000,
    0.022002980465779216
  ],
  [
    1616976000000,
    0.02201552490155329
  ],
  [
    1617062400000,
    0.02798838872560568
  ],
  [
    1617148800000,
    0.027988797492566154
  ],
  [
    1617408000000,
    0.027003522888145476
  ],
  [
    1617494400000,
    0.027003522888145476
  ],
  [
    1617580800000,
    0.027037051236115352
  ],
  [
    1617667200000,
    0.02200200684558702
  ],
  [
    1617753600000,
    0.02201124095628979
  ],
  [
    1617840000000,
    0.013006933963267473
  ],
  [
    1617926400000,
    0.014987537484157862
  ],
  [
    1618012800000,
    0.014987537484157862
  ],
  [
    1618099200000,
    0.021005985342150212
  ],
  [
    1618185600000,
    0.021015174538680556
  ],
  [
    1618272000000,
    0.021001213674140706
  ],
  [
    1618358400000,
    0.026997776900175723
  ],
  [
    1618444800000,
    0.026005926095274186
  ],
  [
    1618531200000,
    0.0934303774778672
  ],
  [
    1618617600000,
    0.02299256925228558
  ],
  [
    1618704000000,
    0.029966728416317437
  ],
  [
    1618790400000,
    0.02196770346242908
  ],
  [
    1618876800000,
    0.01602806572556713
  ],
  [
    1618963200000,
    0.014321926702535653
  ],
  [
    1619049600000,
    0.01797878856816588
  ],
  [
    1619136000000,
    0.019030704106035523
  ],
  [
    1619222400000,
    0.06410579661729304
  ],
  [
    1619308800000,
    0.01198091650432067
  ],
  [
    1619395200000,
    0.028006232978818206
  ],
  [
    1619481600000,
    0.028018963671450705
  ],
  [
    1619568000000,
    0.027928269063925766
  ],
  [
    1619654400000,
    0.027928269063925766
  ],
  [
    1619740800000,
    0.0280128869417626
  ],
  [
    1619827200000,
    0.0280128869417626
  ],
  [
    1619913600000,
    0.01900534739513833
  ],
  [
    1620000000000,
    0.01898034850062444
  ],
  [
    1620086400000,
    0.01898034850062444
  ],
  [
    1620172800000,
    0.019086564151145638
  ],
  [
    1620345600000,
    0.026032159155067326
  ],
  [
    1620432000000,
    0.026032159155067326
  ],
  [
    1620518400000,
    0.011327422105252139
  ],
  [
    1620604800000,
    0.026012999411786836
  ],
  [
    1620691200000,
    0.017990286827951354
  ],
  [
    1620777600000,
    0.020027907449626507
  ],
  [
    1620864000000,
    0.017967028983620733
  ],
  [
    1620950400000,
    0.018023286035717408
  ],
  [
    1621036800000,
    0.018013954610105735
  ],
  [
    1621123200000,
    0.018032764588435314
  ],
  [
    1621296000000,
    0.01602432490054515
  ],
  [
    1621382400000,
    0.01602432490054515
  ],
  [
    1621468800000,
    0.014851804801729176
  ],
  [
    1621555200000,
    0.03885945064174758
  ],
  [
    1621641600000,
    0.04089375023686236
  ],
  [
    1621728000000,
    0.02194485469389013
  ],
  [
    1621987200000,
    0.02308950335664785
  ],
  [
    1622073600000,
    0.02308950335664785
  ],
  [
    1622160000000,
    0.03705959074830366
  ],
  [
    1622246400000,
    0.03606419851385946
  ],
  [
    1622332800000,
    0.035350920011142505
  ],
  [
    1622419200000,
    0.035350920011142505
  ],
  [
    1622505600000,
    0.034026683374359656
  ],
  [
    1622592000000,
    0.0320356459101322
  ],
  [
    1622678400000,
    0.0320474437713095
  ],
  [
    1622764800000,
    0.03219349304899146
  ],
  [
    1622851200000,
    0.032031573615252995
  ],
  [
    1622937600000,
    0.01902515994382716
  ],
  [
    1623024000000,
    0.01902515994382716
  ],
  [
    1623456000000,
    0.030028973908497188
  ],
  [
    1623542400000,
    0.030028973908497188
  ],
  [
    1623628800000,
    0.017069940037350097
  ],
  [
    1623715200000,
    0.017068840823259327
  ],
  [
    1623801600000,
    0.022074179156885677
  ],
  [
    1624579200000,
    0.015074980015558076
  ],
  [
    1624665600000,
    0.015074980015558076
  ],
  [
    1625097600000,
    0.026109580398198762
  ],
  [
    1625184000000,
    0.026109580398198762
  ],
  [
    1625356800000,
    0.0220400541456135
  ],
  [
    1625443200000,
    0.0220400541456135
  ],
  [
    1626566400000,
    0.01404175207824845
  ],
  [
    1626652800000,
    0.01404175207824845
  ],
  [
    1627084800000,
    0.014010007396764211
  ],
  [
    1627171200000,
    0.014010007396764211
  ],
  [
    1627430400000,
    0.013990822336808303
  ],
  [
    1627516800000,
    0.013990822336808303
  ],
  [
    1628035200000,
    0.012965267873193662
  ],
  [
    1628121600000,
    0.012965267873193662
  ],
  [
    1629072000000,
    0.01299891161109387
  ],
  [
    1629158400000,
    0.01299891161109387
  ],
  [
    1629504000000,
    0.012986125892090875
  ],
  [
    1629590400000,
    0.012986125892090875
  ],
  [
    1630022400000,
    0.013006262408883078
  ],
  [
    1630108800000,
    0.013006262408883078
  ],
  [
    1630195200000,
    0.019002429943269443
  ]
]