[
  [
    1556323200000,
    0.002291823621813458
  ],
  [
    1556409600000,
    0.0017900020757697437
  ],
  [
    1556496000000,
    0.00263172907771715
  ],
  [
    1556582400000,
    0.0023397931789046226
  ],
  [
    1556668800000,
    0.0026597880298915634
  ],
  [
    1556755200000,
    0.0023560654524164516
  ],
  [
    1556841600000,
    0.0023536693876740887
  ],
  [
    1556928000000,
    0.0024264749905780164
  ],
  [
    1557014400000,
    0.00290099247948117
  ],
  [
    1557100800000,
    0.0027508883880342228
  ],
  [
    1557187200000,
    0.00308864755123931
  ],
  [
    1557273600000,
    0.004668332950649693
  ],
  [
    1557360000000,
    0.0055358965442269805
  ],
  [
    1557446400000,
    0.003602552260590217
  ],
  [
    1557532800000,
    0.002882104055253576
  ],
  [
    1557619200000,
    0.3350262068454148
  ],
  [
    1557705600000,
    0.000626268303194274
  ],
  [
    1557792000000,
    0.0032048979778550872
  ],
  [
    1557878400000,
    0.00317018603181076
  ],
  [
    1557964800000,
    0.004430131649679998
  ],
  [
    1558051200000,
    0.003686886719886136
  ],
  [
    1558137600000,
    0.0033085078108787314
  ],
  [
    1558224000000,
    0.004714136033839796
  ],
  [
    1558310400000,
    0.003939612193529556
  ],
  [
    1558396800000,
    0.003498268458331456
  ],
  [
    1558483200000,
    0.00496357980697767
  ],
  [
    1558569600000,
    0.004999675702897692
  ],
  [
    1558656000000,
    0.005445732337568377
  ],
  [
    1558742400000,
    0.0038855903358457865
  ],
  [
    1558828800000,
    0.006995691739543835
  ],
  [
    1558915200000,
    0.0038514905029190622
  ],
  [
    1559001600000,
    0.004603747842285044
  ],
  [
    1559088000000,
    0.0039080815837586914
  ],
  [
    1559174400000,
    0.003459162870063556
  ],
  [
    1559260800000,
    0.0029886858977236706
  ],
  [
    1559347200000,
    0.0032617621436262945
  ],
  [
    1559433600000,
    0.003081265936515911
  ],
  [
    1559520000000,
    0.0029718264795737834
  ],
  [
    1559606400000,
    0.0027053946803442144
  ],
  [
    1559692800000,
    0.008355738768586972
  ],
  [
    1559779200000,
    0.0042226908401057205
  ],
  [
    1559865600000,
    0.0024148356480899603
  ],
  [
    1559952000000,
    0.0073725734578345475
  ],
  [
    1560038400000,
    0.0017466058385767465
  ],
  [
    1560124800000,
    0.0016835361892526056
  ],
  [
    1560211200000,
    0.018399415274766986
  ],
  [
    1560297600000,
    0.0018901871249111717
  ],
  [
    1560384000000,
    0.025207619147794607
  ],
  [
    1560470400000,
    0.0022578265998663477
  ],
  [
    1560556800000,
    0.0022512328202866035
  ],
  [
    1560643200000,
    0.002379409371209196
  ],
  [
    1560729600000,
    0.00212659263258638
  ],
  [
    1560816000000,
    0.0011336655617917284
  ],
  [
    1560902400000,
    0.0019838714478435434
  ],
  [
    1560988800000,
    0.002105166877896589
  ],
  [
    1561075200000,
    0.002205345835549202
  ],
  [
    1561161600000,
    0.0016873980071497572
  ],
  [
    1561248000000,
    0.0017694247196802537
  ],
  [
    1561334400000,
    0.0018505218125646733
  ],
  [
    1561420800000,
    0.001656709525206825
  ],
  [
    1561507200000,
    0.0013095149097541018
  ],
  [
    1561593600000,
    0.001173173489957782
  ],
  [
    1561680000000,
    0.0011951318664648353
  ],
  [
    1561766400000,
    0.001489477032091956
  ],
  [
    1561852800000,
    0.001195102562973
  ],
  [
    1561939200000,
    0.000970747891152462
  ],
  [
    1562025600000,
    0.0010375153644766346
  ],
  [
    1562112000000,
    0.0008767927749184594
  ],
  [
    1562198400000,
    0.000958476936283312
  ],
  [
    1562284800000,
    0.0009047678374145078
  ],
  [
    1562371200000,
    0.0007690070857008737
  ],
  [
    1562457600000,
    0.000787272748163237
  ],
  [
    1562544000000,
    0.0007998596293948322
  ],
  [
    1562630400000,
    0.0008646171247608127
  ],
  [
    1562716800000,
    0.0008535859427842854
  ],
  [
    1562803200000,
    0.00081679037782336
  ],
  [
    1562889600000,
    0.0009651403744346588
  ],
  [
    1562976000000,
    0.000826200492910674
  ],
  [
    1563062400000,
    0.000910531213769408
  ],
  [
    1563148800000,
    0.000732980371140717
  ],
  [
    1563235200000,
    0.000656776058918346
  ],
  [
    1563321600000,
    0.0004747321147238665
  ],
  [
    1563408000000,
    0.0007348424063835093
  ],
  [
    1563494400000,
    0.00063848681323074
  ],
  [
    1563580800000,
    0.000526774759987215
  ],
  [
    1563667200000,
    0.000550890937568575
  ],
  [
    1563753600000,
    0.000849620605713424
  ],
  [
    1563840000000,
    0.0004137212443388626
  ],
  [
    1563926400000,
    0.000988254093729759
  ],
  [
    1564012800000,
    0.0005871814863978049
  ],
  [
    1564099200000,
    0.0004949964423933135
  ],
  [
    1564185600000,
    0.0004917865908599574
  ],
  [
    1564272000000,
    0.0005665914025583172
  ],
  [
    1564358400000,
    0.0003803892358678608
  ],
  [
    1564444800000,
    0.000570309375061345
  ],
  [
    1564531200000,
    0.0005755824356867154
  ],
  [
    1564617600000,
    0.000703345221767566
  ],
  [
    1564704000000,
    0.0006399045053840968
  ],
  [
    1564790400000,
    0.000736677263771191
  ],
  [
    1564876800000,
    0.000647003742136542
  ],
  [
    1564963200000,
    0.000655314989073594
  ],
  [
    1565049600000,
    0.0005869841607768
  ],
  [
    1565136000000,
    0.000569511966565395
  ],
  [
    1565222400000,
    0.00059753750353909
  ],
  [
    1565308800000,
    0.00057728207523539
  ],
  [
    1565395200000,
    0.000713806111925346
  ],
  [
    1565481600000,
    0.000564584622447145
  ],
  [
    1565568000000,
    0.00068999671516221
  ],
  [
    1565654400000,
    0.0005718452100397337
  ],
  [
    1565740800000,
    0.000543538535062395
  ],
  [
    1565827200000,
    0.000508613312976935
  ],
  [
    1565913600000,
    0.00040509413621973574
  ],
  [
    1566000000000,
    0.000416866830572044
  ],
  [
    1566086400000,
    0.0004086017667035
  ],
  [
    1566172800000,
    0.000413548423162316
  ],
  [
    1566259200000,
    0.000427113624228312
  ],
  [
    1566345600000,
    0.000538203487633695
  ],
  [
    1566432000000,
    0.00040389982936524
  ],
  [
    1566518400000,
    0.00036508125057188443
  ],
  [
    1566604800000,
    0.00041579676590512184
  ],
  [
    1566691200000,
    0.0004990451520630003
  ],
  [
    1566777600000,
    0.000401179751418532
  ],
  [
    1566864000000,
    0.0004106414955808
  ],
  [
    1566950400000,
    0.00045625022793104156
  ],
  [
    1567036800000,
    0.0004855085729861602
  ],
  [
    1567123200000,
    0.00047296930792853565
  ],
  [
    1567209600000,
    0.000383544630201484
  ],
  [
    1567296000000,
    0.00035615217291923133
  ],
  [
    1567382400000,
    0.00033775827593709453
  ],
  [
    1567468800000,
    0.0003107799921663167
  ],
  [
    1567555200000,
    0.00042508617568354
  ],
  [
    1567641600000,
    0.00031592965031586
  ],
  [
    1567728000000,
    0.000316322887249437
  ],
  [
    1567814400000,
    0.000311489388443281
  ],
  [
    1567900800000,
    0.000209465018324302
  ],
  [
    1567987200000,
    0.00051762479247408
  ],
  [
    1568073600000,
    0.000310509130091481
  ],
  [
    1568160000000,
    0.00040374335933987646
  ],
  [
    1568246400000,
    0.000304405349142531
  ],
  [
    1568332800000,
    0.0004143539669738
  ],
  [
    1568419200000,
    0.000408724434414924
  ],
  [
    1568505600000,
    0.000408724434414924
  ],
  [
    1568592000000,
    0.000308655986845206
  ],
  [
    1568678400000,
    0.000304906832283366
  ],
  [
    1568764800000,
    0.000307514510411889
  ],
  [
    1568851200000,
    0.0003542032462664736
  ],
  [
    1568937600000,
    0.00030854669408874805
  ],
  [
    1569024000000,
    0.00040621480536081456
  ],
  [
    1569110400000,
    0.00035750247687291604
  ],
  [
    1569196800000,
    0.000300773570632266
  ],
  [
    1569283200000,
    0.000291934720381722
  ],
  [
    1569369600000,
    0.00003956917218812604
  ],
  [
    1569456000000,
    0.000419835507245001
  ],
  [
    1569542400000,
    0.000486812746327251
  ],
  [
    1569628800000,
    0.0002467113981963045
  ],
  [
    1569715200000,
    0.000410133858808831
  ],
  [
    1569801600000,
    0.0003999343847735015
  ],
  [
    1569888000000,
    0.00005533737514907736
  ],
  [
    1569974400000,
    0.0001650456760687694
  ],
  [
    1570060800000,
    0.0001669960758001324
  ],
  [
    1570147200000,
    0.00014964910038703244
  ],
  [
    1570233600000,
    0.00014964910038703244
  ],
  [
    1570320000000,
    0.00024389508157348367
  ],
  [
    1570406400000,
    0.0002358940507236474
  ],
  [
    1570492800000,
    0.0003281938841418456
  ],
  [
    1570579200000,
    0.0002450343566569485
  ],
  [
    1570665600000,
    0.00009516130402478521
  ],
  [
    1570752000000,
    0.00034177916135138
  ],
  [
    1570838400000,
    0.0002501916012223473
  ],
  [
    1570924800000,
    0.0004555457046961366
  ],
  [
    1571011200000,
    0.0011601456813791753
  ],
  [
    1571097600000,
    0.0019993596556068284
  ],
  [
    1571184000000,
    0.0010614935080244079
  ],
  [
    1571270400000,
    0.004201578296014116
  ],
  [
    1571356800000,
    0.0018580998424055633
  ],
  [
    1571443200000,
    0.003921272491208757
  ],
  [
    1571529600000,
    0.004835278244067926
  ],
  [
    1571616000000,
    0.0009840847849423417
  ],
  [
    1571702400000,
    0.0010653080483945601
  ],
  [
    1571788800000,
    0.0007772972999323445
  ],
  [
    1571875200000,
    0.0007450428702216531
  ],
  [
    1571961600000,
    0.0010370316700835235
  ],
  [
    1572048000000,
    0.0009249921862673852
  ],
  [
    1572134400000,
    0.0007351003486838141
  ],
  [
    1572220800000,
    0.0004788615540796838
  ],
  [
    1572307200000,
    0.000460680451301995
  ],
  [
    1572393600000,
    0.0003763950529893476
  ],
  [
    1572480000000,
    0.0003987145093535248
  ],
  [
    1572566400000,
    0.0004192489896910846
  ],
  [
    1572652800000,
    0.0004618563399989345
  ],
  [
    1572739200000,
    0.000464483779445174
  ],
  [
    1572825600000,
    0.0005531053721764735
  ],
  [
    1572912000000,
    0.0004972255136039813
  ],
  [
    1572998400000,
    0.0005585953493928506
  ],
  [
    1573084800000,
    0.0004638334069765428
  ],
  [
    1573171200000,
    0.0003689780259153756
  ],
  [
    1573257600000,
    0.0003526979143523124
  ],
  [
    1573344000000,
    0.0003527380897675588
  ],
  [
    1573430400000,
    0.0005389483285791519
  ],
  [
    1573516800000,
    0.000435873915105325
  ],
  [
    1573603200000,
    0.000440049603821574
  ],
  [
    1573689600000,
    0.0005265637282521104
  ],
  [
    1573776000000,
    0.00042900757812781805
  ],
  [
    1573862400000,
    0.0004235798070834165
  ],
  [
    1573948800000,
    0.0005049153404889728
  ],
  [
    1574035200000,
    0.00042497028744486
  ],
  [
    1574121600000,
    0.0004918652977780498
  ],
  [
    1574208000000,
    0.00032616841470737375
  ],
  [
    1574294400000,
    0.00040280146319920994
  ],
  [
    1574380800000,
    0.0003812039471056322
  ],
  [
    1574467200000,
    0.000364870674457425
  ],
  [
    1574553600000,
    0.0003656084920289835
  ],
  [
    1574640000000,
    0.00041418146327708153
  ],
  [
    1574726400000,
    0.0004270960072014714
  ],
  [
    1574812800000,
    0.0004472797068436843
  ],
  [
    1574899200000,
    0.0005249560226035874
  ],
  [
    1574985600000,
    0.0004541346413245411
  ],
  [
    1575072000000,
    0.0004640362285941684
  ],
  [
    1575158400000,
    0.0004532482317810984
  ],
  [
    1575244800000,
    0.0005065883384176136
  ],
  [
    1575331200000,
    0.0005678789846096411
  ],
  [
    1575417600000,
    0.0005738057168325229
  ],
  [
    1575504000000,
    0.0006372812275319105
  ],
  [
    1575590400000,
    0.0005154119265968672
  ],
  [
    1575676800000,
    0.0005260727526135907
  ],
  [
    1575763200000,
    0.0006004574047453512
  ],
  [
    1575849600000,
    0.0007151148339767862
  ],
  [
    1575936000000,
    0.0006910788565918672
  ],
  [
    1576022400000,
    0.0006515061771197142
  ],
  [
    1576108800000,
    0.0006476837078684628
  ],
  [
    1576195200000,
    0.0006611576466126015
  ],
  [
    1576281600000,
    0.0007218076263963575
  ],
  [
    1576368000000,
    0.0006941069944511549
  ],
  [
    1576454400000,
    0.0006394495668837792
  ],
  [
    1576540800000,
    0.0009878790122063441
  ],
  [
    1576627200000,
    0.0010778950563852445
  ],
  [
    1576713600000,
    0.0008352489069717836
  ],
  [
    1576800000000,
    0.0006430836510603684
  ],
  [
    1576886400000,
    0.000632208303800017
  ],
  [
    1576972800000,
    0.0005731376005056355
  ],
  [
    1577059200000,
    0.00047485245760148595
  ],
  [
    1577145600000,
    0.0005632551836135085
  ],
  [
    1577232000000,
    0.0006419426815073521
  ],
  [
    1577318400000,
    0.0006448972477129283
  ],
  [
    1577404800000,
    0.000720792807405172
  ],
  [
    1577491200000,
    0.000724678566406597
  ],
  [
    1577577600000,
    0.0006579906769233621
  ],
  [
    1577664000000,
    0.0006660571892973273
  ],
  [
    1577750400000,
    0.0005820973644738904
  ],
  [
    1577836800000,
    0.0005012264935418799
  ],
  [
    1577923200000,
    0.0005687485701271914
  ],
  [
    1578009600000,
    0.00048324915170957496
  ],
  [
    1578096000000,
    0.0005832272047944518
  ],
  [
    1578182400000,
    0.0005633671610236516
  ],
  [
    1578268800000,
    0.0006492026240911112
  ],
  [
    1578355200000,
    0.000692166918460345
  ],
  [
    1578441600000,
    0.0006454476230753168
  ],
  [
    1578528000000,
    0.0007466793297812311
  ],
  [
    1578614400000,
    0.0008227116587846878
  ],
  [
    1578700800000,
    0.0008483573144249958
  ],
  [
    1578787200000,
    0.0008048839373462001
  ],
  [
    1578873600000,
    0.0008423230845583324
  ],
  [
    1578960000000,
    0.0008215868226647212
  ],
  [
    1579046400000,
    0.0008788268923373404
  ],
  [
    1579132800000,
    0.0008569629197453564
  ],
  [
    1579219200000,
    0.0008703105870225426
  ],
  [
    1579305600000,
    0.0008003067297859494
  ],
  [
    1579392000000,
    0.0008018329414407201
  ],
  [
    1579478400000,
    0.0007754221570844996
  ],
  [
    1579564800000,
    0.000776647190324044
  ],
  [
    1579651200000,
    0.0007858103506203573
  ],
  [
    1579737600000,
    0.0007794352753400709
  ],
  [
    1579824000000,
    0.0005870010935836986
  ],
  [
    1579910400000,
    0.0006117771228239081
  ],
  [
    1579996800000,
    0.0006607041332664282
  ],
  [
    1580083200000,
    0.0006012668741583224
  ],
  [
    1580169600000,
    0.0006222097385921509
  ],
  [
    1580256000000,
    0.000561023810434566
  ],
  [
    1580342400000,
    0.000557314656003669
  ],
  [
    1580428800000,
    0.0004755532607151855
  ],
  [
    1580515200000,
    0.0003674892558692704
  ],
  [
    1580601600000,
    0.00048312093037854517
  ],
  [
    1580688000000,
    0.000466418910446692
  ],
  [
    1580774400000,
    0.000554172819172088
  ],
  [
    1580860800000,
    0.0004940835730627334
  ],
  [
    1580947200000,
    0.0005750952878277528
  ],
  [
    1581033600000,
    0.0008752465108022942
  ],
  [
    1581120000000,
    0.0010780525224437314
  ],
  [
    1581206400000,
    0.00128539608322603
  ],
  [
    1581292800000,
    0.0008077676186652981
  ],
  [
    1581379200000,
    0.0006900291699902296
  ],
  [
    1581465600000,
    0.000818369477023192
  ],
  [
    1581552000000,
    0.000828049246254184
  ],
  [
    1581638400000,
    0.00102171967158253
  ],
  [
    1581724800000,
    0.000929060779895973
  ],
  [
    1581811200000,
    0.0012852698691399502
  ],
  [
    1581897600000,
    0.003703522441891302
  ],
  [
    1581984000000,
    0.00291172055990051
  ],
  [
    1582070400000,
    0.0031481740918906185
  ],
  [
    1582156800000,
    0.0019320684735060615
  ],
  [
    1582243200000,
    0.0022083151533127017
  ],
  [
    1582329600000,
    0.0018380897896314277
  ],
  [
    1582416000000,
    0.003861318625966124
  ],
  [
    1582502400000,
    0.004277323128190733
  ],
  [
    1582588800000,
    0.0031714180582580035
  ],
  [
    1582675200000,
    0.004107692716484385
  ],
  [
    1582761600000,
    0.0035794590214019866
  ],
  [
    1582848000000,
    0.0038602819899475915
  ],
  [
    1582934400000,
    0.0037466284066722277
  ],
  [
    1583020800000,
    0.005641885693241915
  ],
  [
    1583107200000,
    0.004026737241965336
  ],
  [
    1583193600000,
    0.003202800362619176
  ],
  [
    1583280000000,
    0.0036847102924927513
  ],
  [
    1583366400000,
    0.0036776161811385094
  ],
  [
    1583452800000,
    0.0039852027795924845
  ],
  [
    1583539200000,
    0.0026501721137762303
  ],
  [
    1583625600000,
    0.0025811252412443015
  ],
  [
    1583712000000,
    0.002253261987332555
  ],
  [
    1583798400000,
    0.002298301684357931
  ],
  [
    1583884800000,
    0.002532974693047587
  ],
  [
    1583971200000,
    0.002460837015689363
  ],
  [
    1584057600000,
    0.0013896726975613338
  ],
  [
    1584144000000,
    0.001993676796351149
  ],
  [
    1584230400000,
    0.0017606066042191967
  ],
  [
    1584316800000,
    0.0019711978166453755
  ],
  [
    1584403200000,
    0.0017093930502455348
  ],
  [
    1584489600000,
    0.0017660559959121567
  ],
  [
    1584576000000,
    0.0017779604738994614
  ],
  [
    1584662400000,
    0.0023457484669259085
  ],
  [
    1584748800000,
    0.0021701722254299466
  ],
  [
    1584835200000,
    0.001971590199755924
  ],
  [
    1584921600000,
    0.0014577224824826474
  ],
  [
    1585008000000,
    0.0012303643790424264
  ],
  [
    1585094400000,
    0.0012099194809675968
  ],
  [
    1585180800000,
    0.0009377808671076076
  ],
  [
    1585267200000,
    0.0008107572288056301
  ],
  [
    1585353600000,
    0.0008257671347395013
  ],
  [
    1585440000000,
    0.0007466803188308938
  ],
  [
    1585526400000,
    0.0007625600042932315
  ],
  [
    1585612800000,
    0.0007693270036190472
  ],
  [
    1585699200000,
    0.0007717263038880096
  ],
  [
    1585785600000,
    0.000663711958950011
  ],
  [
    1585872000000,
    0.0006279255893801484
  ],
  [
    1585958400000,
    0.001345772507560456
  ],
  [
    1586044800000,
    0.0012338199898845822
  ],
  [
    1586131200000,
    0.001016503597541952
  ],
  [
    1586217600000,
    0.0009445965745907984
  ],
  [
    1586304000000,
    0.0008644452721494543
  ],
  [
    1586390400000,
    0.0008831506329560335
  ],
  [
    1586476800000,
    0.0008651131766908189
  ],
  [
    1586563200000,
    0.0008208527836098962
  ],
  [
    1586649600000,
    0.0008901518750365282
  ],
  [
    1586736000000,
    0.0008307514740993744
  ],
  [
    1586822400000,
    0.0014379575277219474
  ],
  [
    1586908800000,
    0.001510275801195843
  ],
  [
    1586995200000,
    0.0016582203456723774
  ],
  [
    1587081600000,
    0.002128141285172832
  ],
  [
    1587168000000,
    0.0018963592335758358
  ],
  [
    1587254400000,
    0.0019544835583896066
  ],
  [
    1587340800000,
    0.001781131276649425
  ],
  [
    1587427200000,
    0.00157466680115265
  ],
  [
    1587513600000,
    0.00171209776264947
  ],
  [
    1587600000000,
    0.001707419298237936
  ],
  [
    1587686400000,
    0.0020140318847807056
  ],
  [
    1587772800000,
    0.0020160708623412496
  ],
  [
    1587859200000,
    0.002035231313575588
  ],
  [
    1587945600000,
    0.002228109576410876
  ],
  [
    1588032000000,
    0.0020190513981819657
  ],
  [
    1588118400000,
    0.0018524535567336204
  ],
  [
    1588204800000,
    0.0020889757650528694
  ],
  [
    1588291200000,
    0.0014650627124614382
  ],
  [
    1588377600000,
    0.001501361298424095
  ],
  [
    1588464000000,
    0.0015257494789112894
  ],
  [
    1588550400000,
    0.0016001268248205234
  ],
  [
    1588636800000,
    0.0015092141721654625
  ],
  [
    1588723200000,
    0.0016193731241539026
  ],
  [
    1588809600000,
    0.0014742336739083023
  ],
  [
    1588896000000,
    0.0016059643055024162
  ],
  [
    1588982400000,
    0.0017698031837307087
  ],
  [
    1589068800000,
    0.0014276961571787325
  ],
  [
    1589155200000,
    0.00131348298800658
  ],
  [
    1589241600000,
    0.0013771463658458847
  ],
  [
    1589328000000,
    0.0014203581118832193
  ],
  [
    1589414400000,
    0.001403951848864131
  ],
  [
    1589500800000,
    0.0016575068529223142
  ],
  [
    1589587200000,
    0.0015700766104345945
  ],
  [
    1589673600000,
    0.001685938516477123
  ],
  [
    1589760000000,
    0.001661584413279643
  ],
  [
    1589846400000,
    0.0015392229818554834
  ],
  [
    1589932800000,
    0.001560805200437704
  ],
  [
    1590019200000,
    0.001618638139855668
  ],
  [
    1590105600000,
    0.0014419802472144991
  ],
  [
    1590192000000,
    0.00155617691786982
  ],
  [
    1590278400000,
    0.0014673057598562
  ],
  [
    1590364800000,
    0.0014019232969333152
  ],
  [
    1590451200000,
    0.0014159838046568464
  ],
  [
    1590537600000,
    0.0018322829004236104
  ],
  [
    1590624000000,
    0.0015642102422129647
  ],
  [
    1590710400000,
    0.0016215157879084768
  ],
  [
    1590796800000,
    0.0015039001531432141
  ],
  [
    1590883200000,
    0.0015467036896205102
  ],
  [
    1590969600000,
    0.0015176190677203165
  ],
  [
    1591056000000,
    0.0019148192581640896
  ],
  [
    1591142400000,
    0.0015237702318322368
  ],
  [
    1591228800000,
    0.0015423205397851103
  ],
  [
    1591315200000,
    0.0015640234110979297
  ],
  [
    1591401600000,
    0.0014393418593166044
  ],
  [
    1591488000000,
    0.001449313326302274
  ],
  [
    1591574400000,
    0.001280063199832615
  ],
  [
    1591660800000,
    0.0013420017909134105
  ],
  [
    1591747200000,
    0.0012881958012348432
  ],
  [
    1591833600000,
    0.0013829615331630966
  ],
  [
    1591920000000,
    0.0013019463076072515
  ],
  [
    1592006400000,
    0.0012305535576522227
  ],
  [
    1592092800000,
    0.0012327340852102341
  ],
  [
    1592179200000,
    0.0011218577711618965
  ],
  [
    1592265600000,
    0.0011311351219769749
  ],
  [
    1592352000000,
    0.0011423396179928605
  ],
  [
    1592438400000,
    0.0011353456894796785
  ],
  [
    1592524800000,
    0.0010343878158024422
  ],
  [
    1592611200000,
    0.001206954951763591
  ],
  [
    1592697600000,
    0.0011231892663776544
  ],
  [
    1592784000000,
    0.0011154771632364733
  ],
  [
    1592870400000,
    0.0011622602743883424
  ],
  [
    1592956800000,
    0.0010576882907496047
  ],
  [
    1593043200000,
    0.0010225723839845345
  ],
  [
    1593129600000,
    0.0010178465807956897
  ],
  [
    1593216000000,
    0.00091641460551166
  ],
  [
    1593302400000,
    0.000901512761987465
  ],
  [
    1593388800000,
    0.0008214086420371782
  ],
  [
    1593475200000,
    0.000918706706871716
  ],
  [
    1593561600000,
    0.000914616757355189
  ],
  [
    1593648000000,
    0.000923399482556341
  ],
  [
    1593734400000,
    0.00100012896520701
  ],
  [
    1593820800000,
    0.000906796941420362
  ],
  [
    1593907200000,
    0.000912843323559994
  ],
  [
    1593993600000,
    0.0009085627768772451
  ],
  [
    1594080000000,
    0.0009341757955733004
  ],
  [
    1594166400000,
    0.0008319516304793472
  ],
  [
    1594252800000,
    0.000848581113804345
  ],
  [
    1594339200000,
    0.000923488144928272
  ],
  [
    1594425600000,
    0.0008355728906028828
  ],
  [
    1594512000000,
    0.000923581821233229
  ],
  [
    1594598400000,
    0.0010220313945418676
  ],
  [
    1594684800000,
    0.001293816844661999
  ],
  [
    1594771200000,
    0.0015503933460790837
  ],
  [
    1594857600000,
    0.001842896556409191
  ],
  [
    1594944000000,
    0.0014520231736119475
  ],
  [
    1595030400000,
    0.0015561157765842635
  ],
  [
    1595116800000,
    0.001467106814841728
  ],
  [
    1595203200000,
    0.0013702054970967654
  ],
  [
    1595289600000,
    0.0023820857546430984
  ],
  [
    1595376000000,
    0.002158298538622014
  ],
  [
    1595462400000,
    0.005614388184445106
  ],
  [
    1595548800000,
    0.007358028131961918
  ],
  [
    1595635200000,
    0.009436809281902239
  ],
  [
    1595721600000,
    0.010983398850784643
  ],
  [
    1595808000000,
    0.01024448999980912
  ],
  [
    1595894400000,
    0.012168852207776028
  ],
  [
    1595980800000,
    0.0076476657106657915
  ],
  [
    1596067200000,
    0.008009188913441297
  ],
  [
    1596153600000,
    0.006890066255451982
  ],
  [
    1596240000000,
    0.0064217860540152555
  ],
  [
    1596326400000,
    0.00354108622015668
  ],
  [
    1596412800000,
    0.005394155099152987
  ],
  [
    1596499200000,
    0.003474404288941607
  ],
  [
    1596585600000,
    0.004228301110284408
  ],
  [
    1596672000000,
    0.0030449269218942006
  ],
  [
    1596758400000,
    0.002479602858243069
  ],
  [
    1596844800000,
    0.0023158160517611852
  ],
  [
    1596931200000,
    0.002466467714686403
  ],
  [
    1597017600000,
    0.0024516865877884856
  ],
  [
    1597104000000,
    0.002134752889057992
  ],
  [
    1597190400000,
    0.001938469487649996
  ],
  [
    1597276800000,
    0.001851191516739059
  ],
  [
    1597363200000,
    0.0017699970911085189
  ],
  [
    1597449600000,
    0.001762517910643995
  ],
  [
    1597536000000,
    0.001660809290832958
  ],
  [
    1597622400000,
    0.00166594985151721
  ],
  [
    1597708800000,
    0.0018376681482947799
  ],
  [
    1597795200000,
    0.001675254188125196
  ],
  [
    1597881600000,
    0.001760989850203785
  ],
  [
    1597968000000,
    0.002253824837820454
  ],
  [
    1598054400000,
    0.001845099034797882
  ],
  [
    1598140800000,
    0.0017515551640515546
  ],
  [
    1598227200000,
    0.0020975036014742763
  ],
  [
    1598313600000,
    0.001998851565270174
  ],
  [
    1598400000000,
    0.0018194263990804693
  ],
  [
    1598486400000,
    0.001834210720834679
  ],
  [
    1598572800000,
    0.00181013149196728
  ],
  [
    1598659200000,
    0.001958317951772798
  ],
  [
    1598745600000,
    0.001721099885520045
  ],
  [
    1598832000000,
    0.0018721035113281434
  ],
  [
    1598918400000,
    0.001863555639976801
  ],
  [
    1599004800000,
    0.00166794184363772
  ],
  [
    1599091200000,
    0.0017111706368113232
  ],
  [
    1599177600000,
    0.00152975706807432
  ],
  [
    1599264000000,
    0.001677711906039392
  ],
  [
    1599350400000,
    0.001625313056795104
  ],
  [
    1599436800000,
    0.00164403370832152
  ],
  [
    1599523200000,
    0.00155452323061686
  ],
  [
    1599609600000,
    0.001518798340414725
  ],
  [
    1599696000000,
    0.001533556616846715
  ],
  [
    1599782400000,
    0.00155147031361272
  ],
  [
    1599868800000,
    0.001557372412459635
  ],
  [
    1599955200000,
    0.00156621944279043
  ],
  [
    1600041600000,
    0.00154807891172553
  ],
  [
    1600128000000,
    0.001598943763991175
  ],
  [
    1600214400000,
    0.00161859603042621
  ],
  [
    1600300800000,
    0.001534025178663306
  ],
  [
    1600387200000,
    0.001631124277658514
  ],
  [
    1600473600000,
    0.0017184373867815933
  ],
  [
    1600560000000,
    0.00166197532205682
  ],
  [
    1600646400000,
    0.001748111830774416
  ],
  [
    1600732800000,
    0.001670679248765952
  ],
  [
    1600819200000,
    0.001895708009504934
  ],
  [
    1600905600000,
    0.001945162667173257
  ],
  [
    1600992000000,
    0.001931052210522642
  ],
  [
    1601078400000,
    0.0020285083274066418
  ],
  [
    1601164800000,
    0.0023384796535974536
  ],
  [
    1601251200000,
    0.00215252213964122
  ],
  [
    1601337600000,
    0.00203331364614344
  ],
  [
    1601424000000,
    0.001734221616420432
  ],
  [
    1601510400000,
    0.001831599915064613
  ],
  [
    1601596800000,
    0.001697459551993472
  ],
  [
    1601683200000,
    0.001479166817355878
  ],
  [
    1601769600000,
    0.0016261831906948414
  ],
  [
    1601856000000,
    0.001703322119219583
  ],
  [
    1601942400000,
    0.002051166472433964
  ],
  [
    1602028800000,
    0.0014294176776685787
  ],
  [
    1602115200000,
    0.001707488070587632
  ],
  [
    1602201600000,
    0.001741504810855984
  ],
  [
    1602288000000,
    0.001656729211628115
  ],
  [
    1602374400000,
    0.00169618285959459
  ],
  [
    1602460800000,
    0.001698208754327795
  ],
  [
    1602547200000,
    0.0017305650805396113
  ],
  [
    1602633600000,
    0.001599657113759642
  ],
  [
    1602720000000,
    0.00170901691560591
  ],
  [
    1602806400000,
    0.001610343123721052
  ],
  [
    1602892800000,
    0.001700120195490255
  ],
  [
    1602979200000,
    0.00170036289284979
  ],
  [
    1603065600000,
    0.001601737742134124
  ],
  [
    1603152000000,
    0.0017493620108258207
  ],
  [
    1603238400000,
    0.001552595456775415
  ],
  [
    1603324800000,
    0.001702514687327363
  ],
  [
    1603411200000,
    0.0016851366087804293
  ],
  [
    1603497600000,
    0.0015521663911882162
  ],
  [
    1603584000000,
    0.0017011924228416
  ],
  [
    1603670400000,
    0.001690360101670487
  ],
  [
    1603756800000,
    0.001698279291793084
  ],
  [
    1603843200000,
    0.001785969259306609
  ],
  [
    1603929600000,
    0.001324816139196106
  ],
  [
    1604016000000,
    0.001212613286689584
  ],
  [
    1604102400000,
    0.001224777072915639
  ],
  [
    1604188800000,
    0.001243379383594875
  ],
  [
    1604275200000,
    0.0010974066419893696
  ],
  [
    1604361600000,
    0.00134239690547762
  ],
  [
    1604448000000,
    0.0016619277588896559
  ],
  [
    1604534400000,
    0.001842170252595803
  ],
  [
    1604620800000,
    0.0017160152023371464
  ],
  [
    1604707200000,
    0.001867482486016896
  ],
  [
    1604793600000,
    0.001627605212634885
  ],
  [
    1604880000000,
    0.0016233423001574903
  ],
  [
    1604966400000,
    0.0015307823944608948
  ],
  [
    1605052800000,
    0.00153058099851181
  ],
  [
    1605139200000,
    0.00156897480007482
  ],
  [
    1605225600000,
    0.00162347784844753
  ],
  [
    1605312000000,
    0.00146711200181805
  ],
  [
    1605398400000,
    0.001441811443624623
  ],
  [
    1605484800000,
    0.001278639019704176
  ],
  [
    1605571200000,
    0.001505036510348661
  ],
  [
    1605657600000,
    0.001581491815012089
  ],
  [
    1605744000000,
    0.0012719923390111553
  ],
  [
    1605830400000,
    0.0013838266702070883
  ],
  [
    1605916800000,
    0.0013463722269349513
  ],
  [
    1606003200000,
    0.001541910838268998
  ],
  [
    1606089600000,
    0.0013534758148587322
  ],
  [
    1606176000000,
    0.0013073196385780105
  ],
  [
    1606262400000,
    0.0013578661624576683
  ],
  [
    1606348800000,
    0.001133167117522836
  ],
  [
    1606435200000,
    0.0010839342329191366
  ],
  [
    1606521600000,
    0.0011884264002677229
  ],
  [
    1606608000000,
    0.001237194924425523
  ],
  [
    1606694400000,
    0.001274231733208364
  ],
  [
    1606780800000,
    0.001365180253162179
  ],
  [
    1606867200000,
    0.001337381815223251
  ],
  [
    1606953600000,
    0.00191731779046607
  ],
  [
    1607040000000,
    0.001555838208604616
  ],
  [
    1607126400000,
    0.001498002635505896
  ],
  [
    1607212800000,
    0.001531368518866768
  ],
  [
    1607299200000,
    0.00154812540182608
  ],
  [
    1607385600000,
    0.0015363087223104898
  ],
  [
    1607472000000,
    0.001285784757098401
  ],
  [
    1607558400000,
    0.001476178597527096
  ],
  [
    1607644800000,
    0.0012840361294825472
  ],
  [
    1607731200000,
    0.001264663222895667
  ],
  [
    1607817600000,
    0.0015232450577759183
  ],
  [
    1607904000000,
    0.001336821947134702
  ],
  [
    1607990400000,
    0.001541553321337888
  ],
  [
    1608076800000,
    0.001360269717712255
  ],
  [
    1608163200000,
    0.001273876064254464
  ],
  [
    1608249600000,
    0.001589795091517269
  ],
  [
    1608336000000,
    0.001386075893764938
  ],
  [
    1608422400000,
    0.001669380355802859
  ],
  [
    1608508800000,
    0.0014426167668801068
  ],
  [
    1608595200000,
    0.001375803116881896
  ],
  [
    1608681600000,
    0.0011890225806036531
  ],
  [
    1608768000000,
    0.0011619349732170023
  ],
  [
    1608854400000,
    0.00118795921891804
  ],
  [
    1608940800000,
    0.001233454963171115
  ],
  [
    1609027200000,
    0.001330419925005025
  ],
  [
    1609113600000,
    0.00133021210281595
  ],
  [
    1609200000000,
    0.001083336008586364
  ],
  [
    1609286400000,
    0.001085636813063632
  ],
  [
    1609372800000,
    0.001441865115747495
  ],
  [
    1609459200000,
    0.00145050322896281
  ],
  [
    1609545600000,
    0.00146706252453429
  ],
  [
    1609632000000,
    0.0012874623603112048
  ],
  [
    1609718400000,
    0.001344845798024778
  ],
  [
    1609804800000,
    0.0012515457970164172
  ],
  [
    1609891200000,
    0.0010201326642969178
  ],
  [
    1609977600000,
    0.00109152296786679
  ],
  [
    1610064000000,
    0.0012816390702904876
  ],
  [
    1610150400000,
    0.002853521244100125
  ],
  [
    1610236800000,
    0.0012605074024494615
  ],
  [
    1610323200000,
    0.0011328509127428818
  ],
  [
    1610409600000,
    0.001034250367953267
  ],
  [
    1610496000000,
    0.0013481859297207431
  ],
  [
    1610582400000,
    0.0015002494192947733
  ],
  [
    1610668800000,
    0.001170331072535949
  ],
  [
    1610755200000,
    0.001104200708876253
  ],
  [
    1610841600000,
    0.001087093119581175
  ],
  [
    1610928000000,
    0.0016496131817401705
  ],
  [
    1611014400000,
    0.0015328911528441228
  ],
  [
    1611100800000,
    0.001097753918845236
  ],
  [
    1611187200000,
    0.001423301671358
  ],
  [
    1611273600000,
    0.001253645938344716
  ],
  [
    1611360000000,
    0.0013160797079378784
  ],
  [
    1611446400000,
    0.000960493106951829
  ],
  [
    1611532800000,
    0.0009747168301859802
  ],
  [
    1611619200000,
    0.00097769572989768
  ],
  [
    1611705600000,
    0.00097140499378131
  ],
  [
    1611792000000,
    0.00091804119159426
  ],
  [
    1611878400000,
    0.000995386911195495
  ],
  [
    1611964800000,
    0.0029009683486404276
  ],
  [
    1612051200000,
    0.0006956917106176765
  ],
  [
    1612137600000,
    0.000658682678793122
  ],
  [
    1612224000000,
    0.000670769671767178
  ],
  [
    1612310400000,
    0.0010604890812592705
  ],
  [
    1612396800000,
    0.0007826870939923221
  ],
  [
    1612483200000,
    0.0007489806832770466
  ],
  [
    1612569600000,
    0.00076054638564561
  ],
  [
    1612656000000,
    0.000786469797372598
  ],
  [
    1612742400000,
    0.000777710935925306
  ],
  [
    1612828800000,
    0.0009246349228836983
  ],
  [
    1612915200000,
    0.0009284301340424252
  ],
  [
    1613001600000,
    0.000903893525642924
  ],
  [
    1613088000000,
    0.000955223244455382
  ],
  [
    1613174400000,
    0.000954242850347058
  ],
  [
    1613260800000,
    0.00094358965164712
  ],
  [
    1613347200000,
    0.000972950477953434
  ],
  [
    1613433600000,
    0.000958222017686482
  ],
  [
    1613520000000,
    0.000983775174696084
  ],
  [
    1613606400000,
    0.001041813352469236
  ],
  [
    1613692800000,
    0.0015538848139211607
  ],
  [
    1613779200000,
    0.001109526951785134
  ],
  [
    1613865600000,
    0.0011153508314133687
  ],
  [
    1613952000000,
    0.0011910456260113892
  ],
  [
    1614038400000,
    0.001201299329283231
  ],
  [
    1614124800000,
    0.001020216870283472
  ],
  [
    1614211200000,
    0.0011154036016361411
  ],
  [
    1614297600000,
    0.001367869940598795
  ],
  [
    1614384000000,
    0.000928439768320642
  ],
  [
    1614470400000,
    0.000923122798051716
  ],
  [
    1614556800000,
    0.000906096768080232
  ],
  [
    1614643200000,
    0.0009706890515040491
  ],
  [
    1614729600000,
    0.0010841160519948858
  ],
  [
    1614816000000,
    0.0010172437729535433
  ],
  [
    1614902400000,
    0.0012270069758535396
  ],
  [
    1614988800000,
    0.0009569713730029488
  ],
  [
    1615075200000,
    0.000981249413344294
  ],
  [
    1615161600000,
    0.0009944379100342339
  ],
  [
    1615248000000,
    0.001043851375219476
  ],
  [
    1615334400000,
    0.001096417567382484
  ],
  [
    1615420800000,
    0.001139201714065314
  ],
  [
    1615507200000,
    0.00170884221752658
  ],
  [
    1615593600000,
    0.0017230786105464687
  ],
  [
    1615680000000,
    0.001843008945119994
  ],
  [
    1615766400000,
    0.001811359214960877
  ],
  [
    1615852800000,
    0.001402078737739267
  ],
  [
    1615939200000,
    0.001696622875558211
  ],
  [
    1616025600000,
    0.0017642921733308432
  ],
  [
    1616112000000,
    0.0017377902829432362
  ],
  [
    1616198400000,
    0.0017543019171399406
  ],
  [
    1616284800000,
    0.0017566691605119316
  ],
  [
    1616371200000,
    0.002044550156883746
  ],
  [
    1616457600000,
    0.0016870578638458025
  ],
  [
    1616544000000,
    0.00109222053314494
  ],
  [
    1616630400000,
    0.001051840316338224
  ],
  [
    1616716800000,
    0.00103448856915792
  ],
  [
    1616803200000,
    0.001705535179332884
  ],
  [
    1616889600000,
    0.003870911947188738
  ],
  [
    1616976000000,
    0.0033731140427706104
  ],
  [
    1617062400000,
    0.002891400691818045
  ],
  [
    1617148800000,
    0.0031485254202962484
  ],
  [
    1617235200000,
    0.002929610011342192
  ],
  [
    1617321600000,
    0.002941671116159725
  ],
  [
    1617408000000,
    0.002336538266030273
  ],
  [
    1617494400000,
    0.0028805386189971966
  ],
  [
    1617580800000,
    0.00232694006453354
  ],
  [
    1617667200000,
    0.002347443574993488
  ],
  [
    1617753600000,
    0.002333730464967195
  ],
  [
    1617840000000,
    0.002248985433212112
  ],
  [
    1617926400000,
    0.0026067710656966715
  ],
  [
    1618012800000,
    0.0034792009974942747
  ],
  [
    1618099200000,
    0.002393800795738792
  ],
  [
    1618185600000,
    0.002402198255591358
  ],
  [
    1618272000000,
    0.002994226439319735
  ],
  [
    1618358400000,
    0.0031684100026361803
  ],
  [
    1618444800000,
    0.0037687369029592885
  ],
  [
    1618531200000,
    0.003158027179305288
  ],
  [
    1618617600000,
    0.003697040282106407
  ],
  [
    1618704000000,
    0.0036166891547700104
  ],
  [
    1618790400000,
    0.00281999040078298
  ],
  [
    1618876800000,
    0.0027989041003226942
  ],
  [
    1618963200000,
    0.002818765451889784
  ],
  [
    1619049600000,
    0.0022716197993356262
  ],
  [
    1619136000000,
    0.0020819403308893016
  ],
  [
    1619222400000,
    0.0020348883478116925
  ],
  [
    1619308800000,
    0.002021971973924791
  ],
  [
    1619395200000,
    0.002596558198585635
  ],
  [
    1619481600000,
    0.002531441376299256
  ],
  [
    1619568000000,
    0.0023702689285846957
  ],
  [
    1619654400000,
    0.002080078621785273
  ],
  [
    1619740800000,
    0.0021439946463474298
  ],
  [
    1619827200000,
    0.0021378326280198363
  ],
  [
    1619913600000,
    0.0024299398864946996
  ],
  [
    1620000000000,
    0.002149882843910734
  ],
  [
    1620086400000,
    0.002232109809767562
  ],
  [
    1620172800000,
    0.0020045937287041225
  ],
  [
    1620259200000,
    0.002187867312019832
  ],
  [
    1620345600000,
    0.0021362003985249014
  ],
  [
    1620432000000,
    0.0021804261798345024
  ],
  [
    1620518400000,
    0.002348390028361532
  ],
  [
    1620604800000,
    0.0021639323538696336
  ],
  [
    1620691200000,
    0.0020673264019372183
  ],
  [
    1620777600000,
    0.001963708715739061
  ],
  [
    1620864000000,
    0.0018481402159068357
  ],
  [
    1620950400000,
    0.0016054550907371094
  ],
  [
    1621036800000,
    0.0016490381724331175
  ],
  [
    1621123200000,
    0.0015281068991120817
  ],
  [
    1621209600000,
    0.0014950279597069922
  ],
  [
    1621296000000,
    0.0014978805445014468
  ],
  [
    1621382400000,
    0.0014564801086461097
  ],
  [
    1621468800000,
    0.0011570276786061664
  ],
  [
    1621555200000,
    0.0012125285099931396
  ],
  [
    1621641600000,
    0.001033062322771997
  ],
  [
    1621728000000,
    0.0010211768187054077
  ],
  [
    1621814400000,
    0.0009868427998662155
  ],
  [
    1621900800000,
    0.0010425551803841786
  ],
  [
    1621987200000,
    0.0010341426911688037
  ],
  [
    1622073600000,
    0.0011051412441670874
  ],
  [
    1622160000000,
    0.0010780315759026783
  ],
  [
    1622246400000,
    0.0008734055761499641
  ],
  [
    1622332800000,
    0.0009275109420892713
  ],
  [
    1622419200000,
    0.0008746398370848545
  ],
  [
    1622505600000,
    0.0010324121754631958
  ],
  [
    1622592000000,
    0.0009912952517974977
  ],
  [
    1622678400000,
    0.0011455937641186818
  ],
  [
    1622764800000,
    0.0013175236019930126
  ],
  [
    1622851200000,
    0.0011560729191767306
  ],
  [
    1622937600000,
    0.0022572099395377025
  ],
  [
    1623024000000,
    0.0015669044193563485
  ],
  [
    1623110400000,
    0.000982064436753808
  ],
  [
    1623196800000,
    0.0010424780775484324
  ],
  [
    1623283200000,
    0.001330305509876382
  ],
  [
    1623369600000,
    0.0012097139447403977
  ],
  [
    1623456000000,
    0.00223859554887549
  ],
  [
    1623542400000,
    0.0011859321507658887
  ],
  [
    1623628800000,
    0.0012100633354047146
  ],
  [
    1623715200000,
    0.0020927212368547993
  ],
  [
    1623801600000,
    0.0014667347606266525
  ],
  [
    1623888000000,
    0.001772143312831495
  ],
  [
    1623974400000,
    0.018207664159486825
  ],
  [
    1624060800000,
    0.021687943196512644
  ],
  [
    1624147200000,
    0.016537956870989735
  ],
  [
    1624233600000,
    0.0034491214505411078
  ],
  [
    1624320000000,
    0.010767368933664511
  ],
  [
    1624406400000,
    0.003533137170759314
  ],
  [
    1624492800000,
    0.003804358519869358
  ],
  [
    1624579200000,
    0.003992357853178358
  ],
  [
    1624665600000,
    0.003540043953487675
  ],
  [
    1624752000000,
    0.005491470318848888
  ],
  [
    1624838400000,
    0.0040423429939902104
  ],
  [
    1624924800000,
    0.003964167316204624
  ],
  [
    1625011200000,
    0.006893616758807307
  ],
  [
    1625097600000,
    0.005487657417311368
  ],
  [
    1625184000000,
    0.004996645914062528
  ],
  [
    1625270400000,
    0.003047217148388322
  ],
  [
    1625356800000,
    0.0028778195343092667
  ],
  [
    1625443200000,
    0.0029424494429312565
  ],
  [
    1625529600000,
    0.003309901747256234
  ],
  [
    1625616000000,
    0.0034314326031491954
  ],
  [
    1625702400000,
    0.002963318927860315
  ],
  [
    1625788800000,
    0.005210141814797929
  ],
  [
    1625875200000,
    0.0050005784824125685
  ],
  [
    1625961600000,
    0.003202371279009221
  ],
  [
    1626048000000,
    0.0026046787108389142
  ],
  [
    1626134400000,
    0.002193814094282926
  ],
  [
    1626220800000,
    0.0017362589017129678
  ],
  [
    1626307200000,
    0.002124718390893454
  ],
  [
    1626393600000,
    0.0024453962398750216
  ],
  [
    1626480000000,
    0.0020474412419800143
  ],
  [
    1626566400000,
    0.0019641861110762404
  ],
  [
    1626652800000,
    0.0018366564715690354
  ],
  [
    1626739200000,
    0.001792633650930208
  ],
  [
    1626825600000,
    0.0016909874928077255
  ],
  [
    1626912000000,
    0.0018085215847057745
  ],
  [
    1626998400000,
    0.0019100693514534817
  ],
  [
    1627084800000,
    0.0013041360215907231
  ],
  [
    1627171200000,
    0.001538079364299683
  ],
  [
    1627257600000,
    0.0014516113049904305
  ],
  [
    1627344000000,
    0.002403025240731884
  ],
  [
    1627430400000,
    0.0023810392391404563
  ],
  [
    1627516800000,
    0.001973516327073113
  ],
  [
    1627603200000,
    0.002126488582749563
  ],
  [
    1627689600000,
    0.0022138858203817465
  ],
  [
    1627776000000,
    0.0020516989942532355
  ],
  [
    1627862400000,
    0.0019708738298961355
  ],
  [
    1627948800000,
    0.0018994882447023605
  ],
  [
    1628035200000,
    0.0017674645725917662
  ],
  [
    1628121600000,
    0.001792095129518724
  ],
  [
    1628208000000,
    0.0019688761885497696
  ],
  [
    1628294400000,
    0.0029587652589861332
  ],
  [
    1628380800000,
    0.002208070195470985
  ],
  [
    1628467200000,
    0.0020674525841376805
  ],
  [
    1628553600000,
    0.002965505906097939
  ],
  [
    1628640000000,
    0.002724214163813826
  ],
  [
    1628726400000,
    0.0027895740809976296
  ],
  [
    1628812800000,
    0.0025343543563911843
  ],
  [
    1628899200000,
    0.002434698001810738
  ],
  [
    1628985600000,
    0.002357510457384805
  ],
  [
    1629072000000,
    0.00235896078672347
  ],
  [
    1629158400000,
    0.002218097648346293
  ],
  [
    1629244800000,
    0.002008938567006513
  ],
  [
    1629331200000,
    0.002434157992762882
  ],
  [
    1629417600000,
    0.0023761890565287933
  ],
  [
    1629504000000,
    0.0023538939753656066
  ],
  [
    1629590400000,
    0.002410027487199061
  ],
  [
    1629676800000,
    0.0024175191462253347
  ],
  [
    1629763200000,
    0.002083092937815204
  ],
  [
    1629849600000,
    0.0019811215609376706
  ],
  [
    1629936000000,
    0.001960193074895048
  ],
  [
    1630022400000,
    0.0019383146830205336
  ],
  [
    1630108800000,
    0.0018634604249964963
  ],
  [
    1630195200000,
    0.004007299599357738
  ],
  [
    1630281600000,
    0.002355066072052008
  ],
  [
    1630368000000,
    0.0023658844751989778
  ],
  [
    1630454400000,
    0.001892512166894468
  ],
  [
    1630540800000,
    0.003942654914330862
  ],
  [
    1630627200000,
    0.0022753875925837024
  ]
]