[
  [
    1620086400000,
    4623489.081805208
  ],
  [
    1620172800000,
    4623489.081805208
  ],
  [
    1620259200000,
    892585.2296754579
  ],
  [
    1620345600000,
    1087727.8248044876
  ],
  [
    1620432000000,
    1186643.382345947
  ],
  [
    1620518400000,
    2289166.570915985
  ],
  [
    1620604800000,
    1455838.66458044
  ],
  [
    1620691200000,
    446428.3994306105
  ],
  [
    1620777600000,
    422558.4897252968
  ],
  [
    1620864000000,
    93408.60235217198
  ],
  [
    1620950400000,
    250991.53650841268
  ],
  [
    1621036800000,
    146835.8383552386
  ],
  [
    1621123200000,
    1279621.5774501136
  ],
  [
    1621209600000,
    491837.8150851449
  ],
  [
    1621296000000,
    529186.2010446013
  ],
  [
    1621382400000,
    111118.20570271931
  ],
  [
    1621468800000,
    497378.58690011175
  ],
  [
    1621555200000,
    458987.67908287
  ],
  [
    1621641600000,
    248628.48696567115
  ],
  [
    1621728000000,
    221887.88383839827
  ],
  [
    1621814400000,
    170592.179698329
  ],
  [
    1621900800000,
    248543.92611314068
  ],
  [
    1621987200000,
    158243.04075685702
  ],
  [
    1622073600000,
    264800.34875434067
  ],
  [
    1622160000000,
    174294.8395961418
  ],
  [
    1622246400000,
    176259.26811571186
  ],
  [
    1622332800000,
    102796.12268706206
  ],
  [
    1622419200000,
    57797.61443302005
  ],
  [
    1622505600000,
    137215.75157964963
  ],
  [
    1622592000000,
    103523.93395393314
  ],
  [
    1622678400000,
    110221.49273006505
  ],
  [
    1622764800000,
    49284.113757001476
  ],
  [
    1622851200000,
    73808.37965312901
  ],
  [
    1622937600000,
    52932.86017054675
  ],
  [
    1623024000000,
    91174.98429405797
  ],
  [
    1623110400000,
    67108.93156806305
  ],
  [
    1623196800000,
    90412.00402541462
  ],
  [
    1623283200000,
    57199.52342262674
  ],
  [
    1623369600000,
    27440.56405094751
  ],
  [
    1623456000000,
    120593.93983813886
  ],
  [
    1623542400000,
    43564.78846667862
  ],
  [
    1623628800000,
    62646.65507000901
  ],
  [
    1623715200000,
    40940.19762278783
  ],
  [
    1623801600000,
    60117.47086972441
  ],
  [
    1623888000000,
    89657.1723162477
  ],
  [
    1623974400000,
    33045.763208068776
  ],
  [
    1624060800000,
    10022.774849823803
  ],
  [
    1624147200000,
    18151.757038696127
  ],
  [
    1624233600000,
    6950.695996280989
  ],
  [
    1624320000000,
    38581.935784698995
  ],
  [
    1624406400000,
    21611.3215799105
  ],
  [
    1624492800000,
    7011.70977289049
  ],
  [
    1624579200000,
    12886.355508925632
  ],
  [
    1624665600000,
    40098.578648446906
  ],
  [
    1624752000000,
    20877.351212737885
  ],
  [
    1624838400000,
    59274.057052253986
  ],
  [
    1624924800000,
    18612.67320253504
  ],
  [
    1625011200000,
    7796.6619470438245
  ],
  [
    1625097600000,
    6991.012226475348
  ],
  [
    1625184000000,
    17646.632436747725
  ],
  [
    1625270400000,
    27008.870864570614
  ],
  [
    1625356800000,
    6533.7903423194875
  ],
  [
    1625443200000,
    3129.1107266832573
  ],
  [
    1625529600000,
    940.2578232934511
  ],
  [
    1625616000000,
    1435.128285595894
  ],
  [
    1625702400000,
    5788.98412535034
  ],
  [
    1625788800000,
    1116.1667488241083
  ],
  [
    1625875200000,
    2071.77231962875
  ],
  [
    1625961600000,
    8970.997008363242
  ],
  [
    1626048000000,
    5405.917361758708
  ],
  [
    1626134400000,
    391.4925876153351
  ],
  [
    1626220800000,
    275.4919817941032
  ],
  [
    1626307200000,
    4365.337013864574
  ],
  [
    1626393600000,
    1723592.319597213
  ],
  [
    1626480000000,
    128144.5975578618
  ],
  [
    1626566400000,
    2299312.821123341
  ],
  [
    1626652800000,
    971286.0596647073
  ],
  [
    1626739200000,
    794357.2444994188
  ],
  [
    1626825600000,
    6807.427455926244
  ],
  [
    1626912000000,
    2387.6928877935798
  ],
  [
    1626998400000,
    2933.4968827764624
  ],
  [
    1627084800000,
    4991.055410826617
  ],
  [
    1627171200000,
    6685.751619518624
  ],
  [
    1627257600000,
    12630.429207225505
  ],
  [
    1627344000000,
    48589.96028608263
  ],
  [
    1627430400000,
    23989.510864632288
  ],
  [
    1627516800000,
    30724.153023679133
  ],
  [
    1627603200000,
    15025.754603989666
  ],
  [
    1627689600000,
    15410.726219790626
  ],
  [
    1627776000000,
    84059.50689586121
  ],
  [
    1627862400000,
    162744.00644815585
  ],
  [
    1627948800000,
    579993.3163389082
  ],
  [
    1628035200000,
    599588.7365310832
  ],
  [
    1628121600000,
    275015.8139054193
  ],
  [
    1628208000000,
    226853.88435416145
  ],
  [
    1628294400000,
    267069.8610509237
  ],
  [
    1628380800000,
    188900.4286692019
  ],
  [
    1628467200000,
    168758.7726187315
  ],
  [
    1628553600000,
    189651.81779008423
  ],
  [
    1628640000000,
    190941.4866619806
  ],
  [
    1628726400000,
    207127.11345280614
  ],
  [
    1628812800000,
    161206.7471248027
  ],
  [
    1628899200000,
    182301.2046517205
  ],
  [
    1628985600000,
    272593.0432929583
  ],
  [
    1629072000000,
    405938.8298960102
  ],
  [
    1629158400000,
    217847.36720473904
  ],
  [
    1629244800000,
    223201.38523608242
  ],
  [
    1629331200000,
    65969.25025734589
  ],
  [
    1629417600000,
    119329.39022733647
  ],
  [
    1629504000000,
    289615.07196049555
  ],
  [
    1629590400000,
    238350.21384734986
  ],
  [
    1629676800000,
    195163.84045064487
  ],
  [
    1629763200000,
    940900.0177238792
  ],
  [
    1629849600000,
    1598130.0071680506
  ],
  [
    1629936000000,
    1469482.6294990527
  ],
  [
    1630022400000,
    1178931.4933266623
  ],
  [
    1630108800000,
    721137.0541476572
  ],
  [
    1630195200000,
    383729.1116482907
  ],
  [
    1630281600000,
    342413.5623080647
  ],
  [
    1630368000000,
    330045.5087065385
  ],
  [
    1630454400000,
    1126661.7313924357
  ],
  [
    1630540800000,
    471626.63743773574
  ],
  [
    1630627200000,
    261892.09730293616
  ]
]