[
  [
    1620000000000,
    1882034.2363460027
  ],
  [
    1620086400000,
    1882034.2363460027
  ],
  [
    1620172800000,
    1167176.8563774521
  ],
  [
    1620259200000,
    3667827.857991032
  ],
  [
    1620345600000,
    4483302.3715829365
  ],
  [
    1620432000000,
    4436096.827018704
  ],
  [
    1620518400000,
    5143094.373817921
  ],
  [
    1620604800000,
    3874710.008762844
  ],
  [
    1620691200000,
    4272196.437165621
  ],
  [
    1620777600000,
    1692709.7454212967
  ],
  [
    1620864000000,
    1836965.5243159
  ],
  [
    1620950400000,
    1599383.3598449943
  ],
  [
    1621036800000,
    2035969.6261088043
  ],
  [
    1621123200000,
    1589866.2884650424
  ],
  [
    1621209600000,
    1118903.9873822094
  ],
  [
    1621296000000,
    918965.746150236
  ],
  [
    1621382400000,
    1068184.49893375
  ],
  [
    1621468800000,
    2634927.6005231356
  ],
  [
    1621555200000,
    3125481.952223153
  ],
  [
    1621641600000,
    1522943.5246229414
  ],
  [
    1621728000000,
    987580.1385419756
  ],
  [
    1621814400000,
    797695.7269896419
  ],
  [
    1621900800000,
    948856.3558250881
  ],
  [
    1621987200000,
    969914.0448898321
  ],
  [
    1622073600000,
    828082.3643818639
  ],
  [
    1622160000000,
    1400180.3673581218
  ],
  [
    1622246400000,
    1167377.4117143985
  ],
  [
    1622332800000,
    1101823.8690132552
  ],
  [
    1622419200000,
    631377.6357174529
  ],
  [
    1622505600000,
    746432.7053182394
  ],
  [
    1622592000000,
    111.10324447702216
  ],
  [
    1622678400000,
    2484946.81943997
  ],
  [
    1622764800000,
    278.5565586509671
  ],
  [
    1622851200000,
    212.37270000351418
  ],
  [
    1622937600000,
    74.72190448253168
  ],
  [
    1623024000000,
    11.659946268584132
  ],
  [
    1623110400000,
    184.91512762349004
  ],
  [
    1623196800000,
    129.48958852660374
  ],
  [
    1623283200000,
    234.17661382107607
  ],
  [
    1623369600000,
    148.17448515261486
  ],
  [
    1623456000000,
    1532673.807434338
  ],
  [
    1623542400000,
    10.56484237079824
  ],
  [
    1623628800000,
    97.82537656443691
  ],
  [
    1623715200000,
    887.5892633810168
  ],
  [
    1623801600000,
    2620164.6877403194
  ],
  [
    1623888000000,
    1617631.0906361497
  ],
  [
    1623974400000,
    360.6688971946313
  ],
  [
    1624060800000,
    564.6573411365852
  ],
  [
    1624147200000,
    866.7751615038129
  ],
  [
    1624233600000,
    519.2311791526836
  ],
  [
    1624320000000,
    892.9124797139885
  ],
  [
    1624406400000,
    283.0955367096931
  ],
  [
    1624492800000,
    343.1788460987626
  ],
  [
    1624579200000,
    357.37247962322823
  ],
  [
    1624665600000,
    1820.5563645185744
  ],
  [
    1624752000000,
    156.34094244975594
  ],
  [
    1624838400000,
    117.00167828865406
  ],
  [
    1624924800000,
    456.95000324825213
  ],
  [
    1625011200000,
    369.6556229657
  ],
  [
    1625097600000,
    406.45233533977563
  ],
  [
    1625184000000,
    144.4781874181616
  ],
  [
    1625270400000,
    159.09581805591463
  ],
  [
    1625356800000,
    183.6751191203399
  ],
  [
    1625443200000,
    402.3862930431135
  ],
  [
    1625529600000,
    208.67537616530032
  ],
  [
    1625616000000,
    136.7294273264834
  ],
  [
    1625702400000,
    186.23730531640808
  ],
  [
    1625788800000,
    372.10298980814
  ],
  [
    1625875200000,
    108.66252181272417
  ],
  [
    1625961600000,
    88.5530095618547
  ],
  [
    1626048000000,
    339.5133004030187
  ],
  [
    1626134400000,
    325.1682784859459
  ],
  [
    1626220800000,
    11.381880153824877
  ],
  [
    1626307200000,
    278.5088901732461
  ],
  [
    1626393600000,
    145.37074597168294
  ],
  [
    1626480000000,
    81.9364540560272
  ],
  [
    1626566400000,
    16.274070648098544
  ],
  [
    1626652800000,
    60.812509367911325
  ],
  [
    1626739200000,
    207.19864190992635
  ],
  [
    1626825600000,
    77.53458732148025
  ],
  [
    1626912000000,
    432.1825063754304
  ],
  [
    1626998400000,
    163.85150834462146
  ],
  [
    1627084800000,
    186.90332967733434
  ],
  [
    1627171200000,
    41.85942782058135
  ],
  [
    1627257600000,
    6.493800202126315
  ],
  [
    1627344000000,
    94.00530273649959
  ],
  [
    1627430400000,
    154.4428922334207
  ],
  [
    1627516800000,
    30.40492857398857
  ],
  [
    1627603200000,
    95.87735950972507
  ],
  [
    1627689600000,
    41.563774577184105
  ],
  [
    1627776000000,
    6.264823688482251
  ],
  [
    1627862400000,
    113.96468628818994
  ],
  [
    1627948800000,
    229.42604876920012
  ],
  [
    1628035200000,
    26.95868693140836
  ],
  [
    1628121600000,
    97.60375059865193
  ],
  [
    1628208000000,
    113.29963592720398
  ],
  [
    1628294400000,
    20.938968646068147
  ],
  [
    1628380800000,
    64.36334364023269
  ],
  [
    1628467200000,
    18.493377916302435
  ],
  [
    1628553600000,
    163.7785840285608
  ],
  [
    1628640000000,
    186.3591904268382
  ],
  [
    1628726400000,
    100.26710906234804
  ],
  [
    1628812800000,
    78.96882525032233
  ],
  [
    1628899200000,
    71.25182119190147
  ],
  [
    1628985600000,
    67.9963399875609
  ],
  [
    1629072000000,
    168.43627007562367
  ],
  [
    1629158400000,
    57.28951250923344
  ],
  [
    1629244800000,
    14.10559230145583
  ],
  [
    1629331200000,
    111.76898355509435
  ],
  [
    1629417600000,
    133.92351787632776
  ],
  [
    1629504000000,
    29.118857478987145
  ],
  [
    1629590400000,
    61.85141144340822
  ],
  [
    1629676800000,
    200.66503629774522
  ],
  [
    1629763200000,
    56.8527133933506
  ],
  [
    1629849600000,
    109.2030012082895
  ],
  [
    1629936000000,
    229.68652580204792
  ],
  [
    1630022400000,
    81.21785325381202
  ],
  [
    1630108800000,
    154.63254511468372
  ],
  [
    1630195200000,
    6.197847633015882
  ],
  [
    1630281600000,
    42.03182268203063
  ],
  [
    1630368000000,
    22.796560912534897
  ],
  [
    1630454400000,
    53.91329688315522
  ],
  [
    1630540800000,
    85.00015802128931
  ],
  [
    1630627200000,
    25.538193601830244
  ]
]