[
  [
    1615420800000,
    26.947111415012937
  ],
  [
    1615507200000,
    26.947111415012937
  ],
  [
    1615593600000,
    24.908247122974
  ],
  [
    1615680000000,
    26.364108771618454
  ],
  [
    1615766400000,
    25.225064884971378
  ],
  [
    1615852800000,
    17.843100955068458
  ],
  [
    1615939200000,
    17.496635104138747
  ],
  [
    1616025600000,
    20.66218085492398
  ],
  [
    1616112000000,
    19.517010537078175
  ],
  [
    1616198400000,
    20.863082143691997
  ],
  [
    1616284800000,
    19.89886543075992
  ],
  [
    1616371200000,
    18.673987745009832
  ],
  [
    1616457600000,
    17.36171273661938
  ],
  [
    1616544000000,
    16.452763226486248
  ],
  [
    1616630400000,
    17.536219632865453
  ],
  [
    1616716800000,
    17.341473356598392
  ],
  [
    1616803200000,
    18.034480585946596
  ],
  [
    1616889600000,
    17.81603154849053
  ],
  [
    1616976000000,
    17.716757817537985
  ],
  [
    1617062400000,
    17.996175251547147
  ],
  [
    1617148800000,
    17.91044117621111
  ],
  [
    1617235200000,
    18.284561984206793
  ],
  [
    1617321600000,
    17.880138639591795
  ],
  [
    1617408000000,
    19.502775197342313
  ],
  [
    1617494400000,
    20.44765095970785
  ],
  [
    1617580800000,
    24.01304797376525
  ],
  [
    1617667200000,
    25.08884829830839
  ],
  [
    1617753600000,
    23.62034823096117
  ],
  [
    1617840000000,
    21.967667508442613
  ],
  [
    1617926400000,
    18.32371843009031
  ],
  [
    1618012800000,
    22.01785789704943
  ],
  [
    1618099200000,
    23.436136835293976
  ],
  [
    1618185600000,
    22.473585769574722
  ],
  [
    1618272000000,
    22.967097713890247
  ],
  [
    1618358400000,
    22.441768817574484
  ],
  [
    1618444800000,
    23.26663941634789
  ],
  [
    1618531200000,
    26.60032113111022
  ],
  [
    1618617600000,
    24.9092649535569
  ],
  [
    1618704000000,
    23.83507851698389
  ],
  [
    1618790400000,
    21.572734140077706
  ],
  [
    1618876800000,
    20.93023484918516
  ],
  [
    1618963200000,
    18.894833939829542
  ],
  [
    1619049600000,
    22.26996521558505
  ],
  [
    1619136000000,
    21.437516896369413
  ],
  [
    1619222400000,
    19.427592843913256
  ],
  [
    1619308800000,
    19.092100667560413
  ],
  [
    1619395200000,
    19.00490370081187
  ],
  [
    1619481600000,
    19.658063225052114
  ],
  [
    1619568000000,
    23.663103910044097
  ],
  [
    1619654400000,
    21.635361163318464
  ],
  [
    1619740800000,
    22.420661782924327
  ],
  [
    1619827200000,
    25.95276624455914
  ],
  [
    1619913600000,
    26.121229399470206
  ],
  [
    1620000000000,
    24.877769767458435
  ],
  [
    1620086400000,
    25.204865095614853
  ],
  [
    1620172800000,
    22.60975831238611
  ],
  [
    1620259200000,
    22.74005861864985
  ],
  [
    1620345600000,
    21.362798469832256
  ],
  [
    1620432000000,
    19.542415286581154
  ],
  [
    1620518400000,
    21.411640374073183
  ],
  [
    1620604800000,
    18.496483540088963
  ],
  [
    1620691200000,
    18.651385337089902
  ],
  [
    1620777600000,
    17.01271646444316
  ],
  [
    1620864000000,
    16.7563774560343
  ],
  [
    1620950400000,
    14.587082085876728
  ],
  [
    1621036800000,
    15.772213133995034
  ],
  [
    1621123200000,
    15.669319277686062
  ],
  [
    1621209600000,
    17.03848132544195
  ],
  [
    1621296000000,
    13.123321228762848
  ],
  [
    1621382400000,
    15.079272420659201
  ],
  [
    1621468800000,
    14.932780523082727
  ],
  [
    1621555200000,
    14.064476504309129
  ],
  [
    1621641600000,
    9.939026661724688
  ],
  [
    1621728000000,
    9.916180964731625
  ],
  [
    1621814400000,
    5.428702829667993
  ],
  [
    1621900800000,
    8.00546898032165
  ],
  [
    1621987200000,
    13.773754875050603
  ],
  [
    1622073600000,
    13.032339449595776
  ],
  [
    1622160000000,
    11.994139615013463
  ],
  [
    1622246400000,
    9.205411991686258
  ],
  [
    1622332800000,
    9.093632306691669
  ],
  [
    1622419200000,
    8.886626262612868
  ],
  [
    1622505600000,
    9.021305269433867
  ],
  [
    1622592000000,
    9.002798388589582
  ],
  [
    1622678400000,
    8.770527074974828
  ],
  [
    1622764800000,
    8.708370271150383
  ],
  [
    1622851200000,
    7.54161214558736
  ],
  [
    1622937600000,
    7.540447185605001
  ],
  [
    1623024000000,
    7.956208287542703
  ],
  [
    1623110400000,
    6.880368580750107
  ],
  [
    1623196800000,
    6.571354304722125
  ],
  [
    1623283200000,
    6.5608770623738
  ],
  [
    1623369600000,
    6.639143717526667
  ],
  [
    1623456000000,
    6.842215167713011
  ],
  [
    1623542400000,
    6.755131457645654
  ],
  [
    1623628800000,
    7.0001147686447105
  ],
  [
    1623715200000,
    7.028544724995806
  ],
  [
    1623801600000,
    7.372219750728482
  ],
  [
    1623888000000,
    6.724213049324902
  ],
  [
    1623974400000,
    6.80442131885011
  ],
  [
    1624060800000,
    6.328579478493396
  ],
  [
    1624147200000,
    6.231093324336909
  ],
  [
    1624233600000,
    5.633130900256864
  ],
  [
    1624320000000,
    5.074373493042243
  ],
  [
    1624406400000,
    4.98186134336422
  ],
  [
    1624492800000,
    5.29082063824604
  ],
  [
    1624579200000,
    5.61316345847338
  ],
  [
    1624665600000,
    6.047163600358752
  ],
  [
    1624752000000,
    5.798626888652954
  ],
  [
    1624838400000,
    5.772300705537646
  ],
  [
    1624924800000,
    5.686890922866116
  ],
  [
    1625011200000,
    5.828468745811437
  ],
  [
    1625097600000,
    5.655387641711767
  ],
  [
    1625184000000,
    5.249141693758675
  ],
  [
    1625270400000,
    5.0715210704816815
  ],
  [
    1625356800000,
    5.127962359151375
  ],
  [
    1625443200000,
    5.131123481158677
  ],
  [
    1625529600000,
    4.7418917353085
  ],
  [
    1625616000000,
    4.5966633758660596
  ],
  [
    1625702400000,
    4.595797152982727
  ],
  [
    1625788800000,
    4.057652502091441
  ],
  [
    1625875200000,
    4.0594030020981196
  ],
  [
    1625961600000,
    4.031574975241208
  ],
  [
    1626048000000,
    3.930805700186881
  ],
  [
    1626134400000,
    3.5188743765999697
  ],
  [
    1626220800000,
    3.394881661754609
  ],
  [
    1626307200000,
    3.543352625141693
  ],
  [
    1626393600000,
    3.319123172057719
  ],
  [
    1626480000000,
    3.310921237607205
  ],
  [
    1626566400000,
    3.19985577627741
  ],
  [
    1626652800000,
    3.5644655472810256
  ],
  [
    1626739200000,
    3.290715494132512
  ],
  [
    1626825600000,
    3.290899400345976
  ],
  [
    1626912000000,
    3.3080145311059703
  ],
  [
    1626998400000,
    3.473570097861315
  ],
  [
    1627084800000,
    4.649432521925006
  ],
  [
    1627171200000,
    4.623682368777904
  ],
  [
    1627257600000,
    5.4792415865713835
  ],
  [
    1627344000000,
    4.7039388328591905
  ],
  [
    1627430400000,
    4.44125095420369
  ],
  [
    1627516800000,
    3.2450509924197073
  ],
  [
    1627603200000,
    3.274167416135853
  ],
  [
    1627689600000,
    2.8800224308573594
  ],
  [
    1627776000000,
    2.9119751926985264
  ],
  [
    1627862400000,
    2.8765741285463555
  ],
  [
    1627948800000,
    2.904219202470773
  ],
  [
    1628035200000,
    2.870572641560606
  ],
  [
    1628121600000,
    2.894733994496774
  ],
  [
    1628208000000,
    2.8610536711955725
  ],
  [
    1628294400000,
    2.9268671915734017
  ],
  [
    1628380800000,
    2.8956012901297203
  ],
  [
    1628467200000,
    2.9290379338249406
  ],
  [
    1628553600000,
    3.021671359264422
  ],
  [
    1628640000000,
    3.020021802967472
  ],
  [
    1628726400000,
    3.0107661233027754
  ],
  [
    1628812800000,
    3.024316906862215
  ],
  [
    1628899200000,
    3.03440994120041
  ],
  [
    1628985600000,
    3.168983657731231
  ],
  [
    1629072000000,
    3.1451528845941996
  ],
  [
    1629158400000,
    3.2623695326366176
  ],
  [
    1629244800000,
    2.9635892356731195
  ],
  [
    1629331200000,
    2.9511340553077674
  ],
  [
    1629417600000,
    2.8732276613861485
  ],
  [
    1629504000000,
    2.8643823373569033
  ],
  [
    1629590400000,
    2.76817637357942
  ],
  [
    1629676800000,
    2.4458625483823173
  ],
  [
    1629763200000,
    2.4683018563897368
  ],
  [
    1629849600000,
    2.117322770628493
  ],
  [
    1629936000000,
    1.8498193123114244
  ],
  [
    1630022400000,
    1.8093146825784732
  ],
  [
    1630108800000,
    1.8770785718623069
  ],
  [
    1630195200000,
    2.334525437806622
  ],
  [
    1630281600000,
    2.2511779822690627
  ],
  [
    1630368000000,
    1.852941227005826
  ],
  [
    1630454400000,
    1.497022390305676
  ],
  [
    1630540800000,
    4.377193456600521
  ],
  [
    1630627200000,
    1.7909902444993377
  ]
]