[
  [
    1607299200000,
    198429.10578166496
  ],
  [
    1607385600000,
    198429.10578166496
  ],
  [
    1607472000000,
    188113.78067617593
  ],
  [
    1607558400000,
    185146.73669688214
  ],
  [
    1607644800000,
    166145.0043164758
  ],
  [
    1607731200000,
    174786.22736271573
  ],
  [
    1607817600000,
    175575.9766028704
  ],
  [
    1607904000000,
    171720.32196444986
  ],
  [
    1607990400000,
    184437.99232371047
  ],
  [
    1608076800000,
    183296.3051146903
  ],
  [
    1608163200000,
    120041.86923003815
  ],
  [
    1608249600000,
    154400.9850342832
  ],
  [
    1608336000000,
    143049.9523286038
  ],
  [
    1608422400000,
    199810.16403920596
  ],
  [
    1608508800000,
    205783.24700042716
  ],
  [
    1608595200000,
    131535.36428943914
  ],
  [
    1608681600000,
    170703.09997824047
  ],
  [
    1608768000000,
    194068.45339355187
  ],
  [
    1608854400000,
    168036.4660716374
  ],
  [
    1608940800000,
    139677.76913839934
  ],
  [
    1609027200000,
    144272.95047705484
  ],
  [
    1609113600000,
    150388.36628709745
  ],
  [
    1609200000000,
    94557.89103394403
  ],
  [
    1609286400000,
    165444.7499586812
  ],
  [
    1609372800000,
    84769.15800068616
  ],
  [
    1609459200000,
    101339.10994558215
  ],
  [
    1609545600000,
    118467.88194928729
  ],
  [
    1609632000000,
    81492.72852038455
  ],
  [
    1609718400000,
    33833.41635181429
  ],
  [
    1609804800000,
    24124.35922312756
  ],
  [
    1609891200000,
    43283.53590120957
  ],
  [
    1609977600000,
    16537.977173462492
  ],
  [
    1610064000000,
    22550.16166836347
  ],
  [
    1610150400000,
    20307.499644505497
  ],
  [
    1610236800000,
    29018.8250560843
  ],
  [
    1610323200000,
    39453.748719014184
  ],
  [
    1610409600000,
    36672.288589720105
  ],
  [
    1610496000000,
    50289.751192024785
  ],
  [
    1610582400000,
    0
  ],
  [
    1610668800000,
    27229.105419483603
  ],
  [
    1610755200000,
    22045.830102502357
  ],
  [
    1610841600000,
    13966.060384034203
  ],
  [
    1610928000000,
    14372.196036569734
  ],
  [
    1611014400000,
    13613.534218482735
  ],
  [
    1611100800000,
    12046.956916649568
  ],
  [
    1611187200000,
    37267.95562962892
  ],
  [
    1611273600000,
    45194.15055948821
  ],
  [
    1611360000000,
    43841.60825871754
  ],
  [
    1611446400000,
    52246.795532867065
  ],
  [
    1611532800000,
    28361.55292841384
  ],
  [
    1611619200000,
    32075.965344320528
  ],
  [
    1611705600000,
    56664.436370957024
  ],
  [
    1611792000000,
    60568.72962623131
  ],
  [
    1611878400000,
    72912.56807347832
  ],
  [
    1611964800000,
    63545.20354409987
  ],
  [
    1612051200000,
    48471.350701658484
  ],
  [
    1612137600000,
    54502.017021012885
  ],
  [
    1612224000000,
    57255.99718599613
  ],
  [
    1612310400000,
    40349.88304996422
  ],
  [
    1612396800000,
    50720.587666579726
  ],
  [
    1612483200000,
    36100.05453082745
  ],
  [
    1612569600000,
    42484.22420829378
  ],
  [
    1612656000000,
    31538.410408864
  ],
  [
    1612742400000,
    39452.52057421461
  ],
  [
    1612828800000,
    24072.920425092238
  ],
  [
    1612915200000,
    27649.79411989419
  ],
  [
    1613001600000,
    27225.720870054276
  ],
  [
    1613088000000,
    29170.276066793263
  ],
  [
    1613174400000,
    27021.797712711534
  ],
  [
    1613260800000,
    17215.99849350338
  ],
  [
    1613347200000,
    24041.694616194665
  ],
  [
    1613433600000,
    22967.385609278976
  ],
  [
    1613520000000,
    22066.26777329391
  ],
  [
    1613606400000,
    21522.544475383602
  ],
  [
    1613692800000,
    569.3140556247084
  ],
  [
    1613779200000,
    8090.564105896313
  ],
  [
    1613865600000,
    23481.13961189597
  ],
  [
    1613952000000,
    24447.660893818953
  ],
  [
    1614038400000,
    23800.96318176414
  ],
  [
    1614124800000,
    20991.333926734747
  ],
  [
    1614211200000,
    20510.409945404288
  ],
  [
    1614297600000,
    22154.532236488307
  ],
  [
    1614384000000,
    19291.904401148255
  ],
  [
    1614470400000,
    22369.73513040322
  ],
  [
    1614556800000,
    25544.909074713803
  ],
  [
    1614643200000,
    24166.273869631434
  ],
  [
    1614729600000,
    21500.174493152783
  ],
  [
    1614816000000,
    21182.50975662769
  ],
  [
    1614902400000,
    20966.801528294433
  ],
  [
    1614988800000,
    24283.15802660911
  ],
  [
    1615075200000,
    24218.5908425162
  ],
  [
    1615161600000,
    22264.55197994925
  ],
  [
    1615248000000,
    33608.846623778365
  ],
  [
    1615334400000,
    26194.841401071302
  ],
  [
    1615420800000,
    25517.22620546229
  ],
  [
    1615507200000,
    26051.80701829868
  ],
  [
    1615593600000,
    19290.183749624037
  ],
  [
    1615680000000,
    24687.80721015876
  ],
  [
    1615766400000,
    12263.696078517361
  ],
  [
    1615852800000,
    9665.872086494657
  ],
  [
    1615939200000,
    10125.594187842074
  ],
  [
    1616025600000,
    11401.605182211784
  ],
  [
    1616112000000,
    10353.553022187854
  ],
  [
    1616198400000,
    14248.916793615588
  ],
  [
    1616284800000,
    30711.180340303043
  ],
  [
    1616371200000,
    27991.39173623681
  ],
  [
    1616457600000,
    25717.61059533452
  ],
  [
    1616544000000,
    13824.346654908846
  ],
  [
    1616630400000,
    15533.946903251936
  ],
  [
    1616716800000,
    16193.757962929181
  ],
  [
    1616803200000,
    18778.701817872625
  ],
  [
    1616889600000,
    19902.53885382733
  ],
  [
    1616976000000,
    23575.318240618544
  ],
  [
    1617062400000,
    23611.826808099573
  ],
  [
    1617148800000,
    15254.718659830225
  ],
  [
    1617235200000,
    5948.093360523009
  ],
  [
    1617321600000,
    18737.080206085073
  ],
  [
    1617408000000,
    13052.53359076373
  ],
  [
    1617494400000,
    9027.484379270853
  ],
  [
    1617580800000,
    18553.80925033471
  ],
  [
    1617667200000,
    20369.155944906135
  ],
  [
    1617753600000,
    17905.141658474033
  ],
  [
    1617840000000,
    18133.086628571647
  ],
  [
    1617926400000,
    17536.01337160237
  ],
  [
    1618012800000,
    15385.36284505527
  ],
  [
    1618099200000,
    12415.435487904537
  ],
  [
    1618185600000,
    7936.389500690441
  ],
  [
    1618272000000,
    3054.7318828922876
  ],
  [
    1618358400000,
    2395.6089163253405
  ],
  [
    1618444800000,
    39.364963638348485
  ],
  [
    1618531200000,
    443.91946225067795
  ],
  [
    1618617600000,
    3873.374631048853
  ],
  [
    1618704000000,
    4717.875869437396
  ],
  [
    1618790400000,
    17904.585162381256
  ],
  [
    1618876800000,
    18531.583843437485
  ],
  [
    1618963200000,
    16231.833933463338
  ],
  [
    1619049600000,
    150492.9666237636
  ],
  [
    1619136000000,
    129845.34263419599
  ],
  [
    1619222400000,
    264608.36140804895
  ],
  [
    1619308800000,
    251309.5963009689
  ],
  [
    1619395200000,
    320367.0106094851
  ],
  [
    1619481600000,
    326297.2157226508
  ],
  [
    1619568000000,
    154066.5184512944
  ],
  [
    1619654400000,
    141829.40913437324
  ],
  [
    1619740800000,
    144735.3602651664
  ],
  [
    1619827200000,
    223807.40426391858
  ],
  [
    1619913600000,
    250685.44571898112
  ],
  [
    1620000000000,
    119767.1649301103
  ],
  [
    1620086400000,
    161681.62668698252
  ],
  [
    1620172800000,
    380701.77273037675
  ],
  [
    1620259200000,
    400301.2310651677
  ],
  [
    1620345600000,
    248990.31090453698
  ],
  [
    1620432000000,
    125893.67430726865
  ],
  [
    1620518400000,
    58579.90484537376
  ],
  [
    1620604800000,
    58543.66252949566
  ],
  [
    1620691200000,
    155173.96157328112
  ],
  [
    1620777600000,
    52712.502945125
  ],
  [
    1620864000000,
    105822.04011603323
  ],
  [
    1620950400000,
    106011.95304037114
  ],
  [
    1621036800000,
    136398.82626886206
  ],
  [
    1621123200000,
    90394.45520468419
  ],
  [
    1621209600000,
    79739.88497209194
  ],
  [
    1621296000000,
    57490.6942721854
  ],
  [
    1621382400000,
    52849.35365699279
  ],
  [
    1621468800000,
    51273.10445379353
  ],
  [
    1621555200000,
    19975.032869141636
  ],
  [
    1621641600000,
    34523.55127987175
  ],
  [
    1621728000000,
    42589.526129971324
  ],
  [
    1621814400000,
    41073.98583732429
  ],
  [
    1621900800000,
    43784.65520774271
  ],
  [
    1621987200000,
    45051.04380795828
  ],
  [
    1622073600000,
    44665.538022188695
  ],
  [
    1622160000000,
    45333.38481453556
  ],
  [
    1622246400000,
    40193.47996926099
  ],
  [
    1622332800000,
    36873.03588525598
  ],
  [
    1622419200000,
    38885.71970696353
  ],
  [
    1622505600000,
    36812.90691977159
  ],
  [
    1622592000000,
    33496.72212891245
  ],
  [
    1622678400000,
    31153.997004658337
  ],
  [
    1622764800000,
    26878.918477846906
  ],
  [
    1622851200000,
    27766.2316995244
  ],
  [
    1622937600000,
    26207.54443817987
  ],
  [
    1623024000000,
    20621.36899434216
  ],
  [
    1623110400000,
    21018.485727174284
  ],
  [
    1623196800000,
    32069.101369883927
  ],
  [
    1623283200000,
    38531.54598088255
  ],
  [
    1623369600000,
    37537.794582025315
  ],
  [
    1623456000000,
    35574.45646684199
  ],
  [
    1623542400000,
    37441.06141724544
  ],
  [
    1623628800000,
    37087.66376005772
  ],
  [
    1623715200000,
    38547.27466174457
  ],
  [
    1623801600000,
    38968.14170828602
  ],
  [
    1623888000000,
    36492.07646332224
  ],
  [
    1623974400000,
    37037.26165503409
  ],
  [
    1624060800000,
    35832.154733691306
  ],
  [
    1624147200000,
    35793.24964060042
  ],
  [
    1624233600000,
    36457.48443997033
  ],
  [
    1624320000000,
    33498.92582952108
  ],
  [
    1624406400000,
    36890.32009173657
  ],
  [
    1624492800000,
    37969.62927995695
  ],
  [
    1624579200000,
    38823.91618533555
  ],
  [
    1624665600000,
    37696.33275316386
  ],
  [
    1624752000000,
    36452.73324410371
  ],
  [
    1624838400000,
    39133.89057079035
  ],
  [
    1624924800000,
    36505.30144342171
  ],
  [
    1625011200000,
    35454.46635734551
  ],
  [
    1625097600000,
    35534.96611679199
  ],
  [
    1625184000000,
    34226.12507228077
  ],
  [
    1625270400000,
    34558.548970148586
  ],
  [
    1625356800000,
    26723.09918152513
  ],
  [
    1625443200000,
    19684.913623797598
  ],
  [
    1625529600000,
    32709.555893270317
  ],
  [
    1625616000000,
    37556.76698967846
  ],
  [
    1625702400000,
    36209.51028823673
  ],
  [
    1625788800000,
    35604.3911729795
  ],
  [
    1625875200000,
    35985.2736765128
  ],
  [
    1625961600000,
    36247.5924900483
  ],
  [
    1626048000000,
    36332.71489660169
  ],
  [
    1626134400000,
    33947.16261332495
  ],
  [
    1626220800000,
    33271.57538189522
  ],
  [
    1626307200000,
    33521.00039561984
  ],
  [
    1626393600000,
    33655.56500247041
  ],
  [
    1626480000000,
    33073.64788461469
  ],
  [
    1626566400000,
    37439.46166731043
  ],
  [
    1626652800000,
    37246.88375427113
  ],
  [
    1626739200000,
    30532.89640377797
  ],
  [
    1626825600000,
    25144.010482708905
  ],
  [
    1626912000000,
    26744.746214874496
  ],
  [
    1626998400000,
    18999.351664410427
  ],
  [
    1627084800000,
    18692.5316430282
  ],
  [
    1627171200000,
    29329.791813660664
  ],
  [
    1627257600000,
    36611.62812755534
  ],
  [
    1627344000000,
    33404.04106824996
  ],
  [
    1627430400000,
    36895.856349736925
  ],
  [
    1627516800000,
    24847.863033699403
  ],
  [
    1627603200000,
    37476.192532874455
  ],
  [
    1627689600000,
    18819.65411606483
  ],
  [
    1627776000000,
    19342.958856006953
  ],
  [
    1627862400000,
    22215.63692303511
  ],
  [
    1627948800000,
    21829.651319228193
  ],
  [
    1628035200000,
    22022.77921740615
  ],
  [
    1628121600000,
    21665.83008467884
  ],
  [
    1628208000000,
    21017.89416651908
  ],
  [
    1628294400000,
    22455.968262787384
  ],
  [
    1628380800000,
    23433.373398438605
  ],
  [
    1628467200000,
    21848.967061870295
  ],
  [
    1628553600000,
    23007.421632133257
  ],
  [
    1628640000000,
    21507.329208556588
  ],
  [
    1628726400000,
    21106.601229063024
  ],
  [
    1628812800000,
    21261.058281038753
  ],
  [
    1628899200000,
    22574.613528833994
  ],
  [
    1628985600000,
    21667.851670196822
  ],
  [
    1629072000000,
    23158.659527171287
  ],
  [
    1629158400000,
    22367.185723664108
  ],
  [
    1629244800000,
    16963.462357840937
  ],
  [
    1629331200000,
    21080.766618326652
  ],
  [
    1629417600000,
    21127.35229844254
  ],
  [
    1629504000000,
    20980.456075553317
  ],
  [
    1629590400000,
    19595.07852180583
  ],
  [
    1629676800000,
    21102.445488251044
  ],
  [
    1629763200000,
    20427.011761329468
  ],
  [
    1629849600000,
    20735.299753546984
  ],
  [
    1629936000000,
    21223.63764887863
  ],
  [
    1630022400000,
    21012.2485974931
  ],
  [
    1630108800000,
    17894.293955381047
  ],
  [
    1630195200000,
    14684.541542458603
  ],
  [
    1630281600000,
    14488.828650780157
  ],
  [
    1630368000000,
    21956.35530040571
  ],
  [
    1630454400000,
    21055.944357445303
  ],
  [
    1630540800000,
    21394.523574195427
  ],
  [
    1630627200000,
    20934.652974771463
  ]
]