[
  [
    1611273600000,
    0
  ],
  [
    1611360000000,
    0
  ],
  [
    1611446400000,
    0
  ],
  [
    1611532800000,
    0
  ],
  [
    1611619200000,
    0
  ],
  [
    1611705600000,
    0
  ],
  [
    1611792000000,
    0
  ],
  [
    1611878400000,
    0
  ],
  [
    1611964800000,
    0
  ],
  [
    1612051200000,
    2398378.476863887
  ],
  [
    1612137600000,
    2369955.1281751604
  ],
  [
    1612224000000,
    2520060.963932985
  ],
  [
    1612310400000,
    3142796.964003687
  ],
  [
    1612396800000,
    4279515.68094203
  ],
  [
    1612483200000,
    5217641.86166122
  ],
  [
    1612569600000,
    8093595.781448328
  ],
  [
    1612656000000,
    6789484.266422747
  ],
  [
    1612742400000,
    6080200.442007019
  ],
  [
    1612828800000,
    6489461.943232643
  ],
  [
    1612915200000,
    7375441.601430601
  ],
  [
    1613001600000,
    7231346.027353263
  ],
  [
    1613088000000,
    7523498.637936307
  ],
  [
    1613174400000,
    6810881.31656913
  ],
  [
    1613260800000,
    6559547.366874839
  ],
  [
    1613347200000,
    5760800.409436071
  ],
  [
    1613433600000,
    5417858.510301107
  ],
  [
    1613520000000,
    5230241.378325856
  ],
  [
    1613606400000,
    4134826.313688209
  ],
  [
    1613692800000,
    3857076.122567844
  ],
  [
    1613779200000,
    3390055.073826771
  ],
  [
    1613865600000,
    3291428.568279177
  ],
  [
    1613952000000,
    3234130.4399113883
  ],
  [
    1614038400000,
    2276882.433111026
  ],
  [
    1614124800000,
    2256728.10865417
  ],
  [
    1614211200000,
    2183585.2361945766
  ],
  [
    1614297600000,
    2074975.6355793097
  ],
  [
    1614384000000,
    2007837.4639476049
  ],
  [
    1614470400000,
    1949171.3355326615
  ],
  [
    1614556800000,
    1868475.2664275656
  ],
  [
    1614643200000,
    2037120.284544122
  ],
  [
    1614729600000,
    1905583.032279715
  ],
  [
    1614816000000,
    1888326.1779289772
  ],
  [
    1614902400000,
    1515025.958155007
  ],
  [
    1614988800000,
    1399904.12216222
  ],
  [
    1615075200000,
    1507480.5569936289
  ],
  [
    1615161600000,
    1789336.2034586603
  ],
  [
    1615248000000,
    1754836.7791482618
  ],
  [
    1615334400000,
    1331970.1345026747
  ],
  [
    1615420800000,
    1360651.4430968154
  ],
  [
    1615507200000,
    1230449.731871789
  ],
  [
    1615593600000,
    1065092.9746396886
  ],
  [
    1615680000000,
    963368.722110359
  ],
  [
    1615766400000,
    955450.3128103253
  ],
  [
    1615852800000,
    916296.4773163279
  ],
  [
    1615939200000,
    852331.7123044045
  ],
  [
    1616025600000,
    734117.6685692806
  ],
  [
    1616112000000,
    650105.5266462156
  ],
  [
    1616198400000,
    599650.4085750947
  ],
  [
    1616284800000,
    557886.0199386729
  ],
  [
    1616371200000,
    541460.7743938888
  ],
  [
    1616457600000,
    508173.6068170417
  ],
  [
    1616544000000,
    390617.79997973685
  ],
  [
    1616630400000,
    376610.58187058556
  ],
  [
    1616716800000,
    370379.3668134382
  ],
  [
    1616803200000,
    433023.23031861597
  ],
  [
    1616889600000,
    446623.8566021096
  ],
  [
    1616976000000,
    503208.7486513202
  ],
  [
    1617062400000,
    568357.8926500627
  ],
  [
    1617148800000,
    611028.9813746302
  ],
  [
    1617235200000,
    601229.7647677817
  ],
  [
    1617321600000,
    665036.35851381
  ],
  [
    1617408000000,
    738229.304127601
  ],
  [
    1617494400000,
    703177.2062634738
  ],
  [
    1617580800000,
    687423.0392531203
  ],
  [
    1617667200000,
    675519.9507824092
  ],
  [
    1617753600000,
    677643.7146807224
  ],
  [
    1617840000000,
    642410.5895742602
  ],
  [
    1617926400000,
    653852.3929772793
  ],
  [
    1618012800000,
    656112.5862174905
  ],
  [
    1618099200000,
    641137.5701027823
  ],
  [
    1618185600000,
    632258.4351842399
  ],
  [
    1618272000000,
    579657.6063276374
  ],
  [
    1618358400000,
    604819.3469615772
  ],
  [
    1618444800000,
    647050.7302675802
  ],
  [
    1618531200000,
    670069.4167419921
  ],
  [
    1618617600000,
    639217.6502473664
  ],
  [
    1618704000000,
    634187.8183606147
  ],
  [
    1618790400000,
    592718.9130645025
  ],
  [
    1618876800000,
    563841.2173678789
  ],
  [
    1618963200000,
    609651.8443303849
  ],
  [
    1619049600000,
    619092.5958477992
  ],
  [
    1619136000000,
    598877.3369521556
  ],
  [
    1619222400000,
    605470.7030933984
  ],
  [
    1619308800000,
    545260.2238744306
  ],
  [
    1619395200000,
    563621.382720912
  ],
  [
    1619481600000,
    583532.5558874032
  ],
  [
    1619568000000,
    615905.3712557981
  ],
  [
    1619654400000,
    607245.9755314374
  ],
  [
    1619740800000,
    558435.5808154511
  ],
  [
    1619827200000,
    557347.6348091272
  ],
  [
    1619913600000,
    567941.2887807731
  ],
  [
    1620000000000,
    545709.5556944774
  ],
  [
    1620086400000,
    603948.4702645172
  ],
  [
    1620172800000,
    572220.3043865268
  ],
  [
    1620259200000,
    596859.250679085
  ],
  [
    1620345600000,
    590229.347226447
  ],
  [
    1620432000000,
    589438.7487101707
  ],
  [
    1620518400000,
    661570.7544538114
  ],
  [
    1620604800000,
    657943.7107904191
  ],
  [
    1620691200000,
    648324.581314758
  ],
  [
    1620777600000,
    681873.0816428919
  ],
  [
    1620864000000,
    687719.8380147758
  ],
  [
    1620950400000,
    609028.5260498531
  ],
  [
    1621036800000,
    655580.0597545853
  ],
  [
    1621123200000,
    604044.2589202777
  ],
  [
    1621209600000,
    548344.9964198364
  ],
  [
    1621296000000,
    483945.1644638426
  ],
  [
    1621382400000,
    479659.572124908
  ],
  [
    1621468800000,
    374594.36922397226
  ],
  [
    1621555200000,
    421778.0805519716
  ],
  [
    1621641600000,
    346648.144317623
  ],
  [
    1621728000000,
    332999.1721800422
  ],
  [
    1621814400000,
    274470.19160776783
  ],
  [
    1621900800000,
    345023.2991348078
  ],
  [
    1621987200000,
    331191.1696964444
  ],
  [
    1622073600000,
    340978.3622819923
  ],
  [
    1622160000000,
    333391.71982946893
  ],
  [
    1622246400000,
    307713.89378991065
  ],
  [
    1622332800000,
    274141.0572319393
  ],
  [
    1622419200000,
    283167.06957234524
  ],
  [
    1622505600000,
    306663.22179897054
  ],
  [
    1622592000000,
    295855.2659651795
  ],
  [
    1622678400000,
    307309.7484068855
  ],
  [
    1622764800000,
    311676.8800124604
  ],
  [
    1622851200000,
    291800.3075073643
  ],
  [
    1622937600000,
    280781.6485356218
  ],
  [
    1623024000000,
    286336.1028792001
  ],
  [
    1623110400000,
    269170.35887581063
  ],
  [
    1623196800000,
    253851.03658222186
  ],
  [
    1623283200000,
    266290.4218831359
  ],
  [
    1623369600000,
    257618.26779243763
  ],
  [
    1623456000000,
    240621.79439798885
  ],
  [
    1623542400000,
    237374.46046381642
  ],
  [
    1623628800000,
    241980.11012640104
  ],
  [
    1623715200000,
    245407.2802573868
  ],
  [
    1623801600000,
    244157.55778039212
  ],
  [
    1623888000000,
    229131.462566961
  ],
  [
    1623974400000,
    222273.77172121662
  ],
  [
    1624060800000,
    206979.8442711317
  ],
  [
    1624147200000,
    211002.0173242709
  ],
  [
    1624233600000,
    214794.4016524331
  ],
  [
    1624320000000,
    183513.64934928482
  ],
  [
    1624406400000,
    183305.49885855534
  ],
  [
    1624492800000,
    188860.6291681039
  ],
  [
    1624579200000,
    185133.97573124868
  ],
  [
    1624665600000,
    174394.80854694787
  ],
  [
    1624752000000,
    165903.3710433296
  ],
  [
    1624838400000,
    168090.35729611732
  ],
  [
    1624924800000,
    194562.49452875287
  ],
  [
    1625011200000,
    201050.33004426587
  ],
  [
    1625097600000,
    178813.94788282763
  ],
  [
    1625184000000,
    175170.5922208579
  ],
  [
    1625270400000,
    167903.9968720509
  ],
  [
    1625356800000,
    183879.9529350021
  ],
  [
    1625443200000,
    193449.98612908745
  ],
  [
    1625529600000,
    182198.6720624525
  ],
  [
    1625616000000,
    188606.89891200722
  ],
  [
    1625702400000,
    192837.88899414564
  ],
  [
    1625788800000,
    176351.02827781934
  ],
  [
    1625875200000,
    170492.94912441497
  ],
  [
    1625961600000,
    171307.883137959
  ],
  [
    1626048000000,
    172765.21908483744
  ],
  [
    1626134400000,
    165293.48973573043
  ],
  [
    1626220800000,
    157501.60639329348
  ],
  [
    1626307200000,
    157076.73963233267
  ],
  [
    1626393600000,
    154024.292635596
  ],
  [
    1626480000000,
    154024.292635596
  ],
  [
    1626566400000,
    142281.7682034433
  ],
  [
    1626652800000,
    142912.44891653495
  ],
  [
    1626739200000,
    141750.5415236978
  ],
  [
    1626825600000,
    133687.7902139765
  ],
  [
    1626912000000,
    146310.41710170393
  ],
  [
    1626998400000,
    148620.83509616685
  ],
  [
    1627084800000,
    152535.42960975977
  ],
  [
    1627171200000,
    157285.25626329024
  ],
  [
    1627257600000,
    109433.56829056834
  ],
  [
    1627344000000,
    107270.86204755312
  ],
  [
    1627430400000,
    108956.53001613509
  ],
  [
    1627516800000,
    107634.67367437894
  ],
  [
    1627603200000,
    107584.57716944675
  ],
  [
    1627689600000,
    109548.97073533054
  ],
  [
    1627776000000,
    111839.5979887727
  ],
  [
    1627862400000,
    115528.96593552448
  ],
  [
    1627948800000,
    116663.70757813906
  ],
  [
    1628035200000,
    109940.30901950912
  ],
  [
    1628121600000,
    117398.72813952251
  ],
  [
    1628208000000,
    119210.41566928747
  ],
  [
    1628294400000,
    123881.89078786489
  ],
  [
    1628380800000,
    129529.45334102535
  ],
  [
    1628467200000,
    132172.9227374411
  ],
  [
    1628553600000,
    132172.9227374411
  ],
  [
    1628640000000,
    129208.5962751272
  ],
  [
    1628726400000,
    132839.09098254747
  ],
  [
    1628812800000,
    124104.939865065
  ],
  [
    1628899200000,
    130421.17719444625
  ],
  [
    1628985600000,
    129885.2532063092
  ],
  [
    1629072000000,
    124491.28809918232
  ],
  [
    1629158400000,
    125247.51115169068
  ],
  [
    1629244800000,
    118019.22765698598
  ],
  [
    1629331200000,
    112129.46505724525
  ],
  [
    1629417600000,
    108831.74906842719
  ],
  [
    1629504000000,
    116821.45330875799
  ],
  [
    1629590400000,
    116821.45330875799
  ],
  [
    1629676800000,
    110441.37875985904
  ],
  [
    1629763200000,
    112773.07121270467
  ],
  [
    1629849600000,
    112699.40670041287
  ],
  [
    1629936000000,
    104390.52819933115
  ],
  [
    1630022400000,
    104390.52819933115
  ],
  [
    1630108800000,
    104882.86021669814
  ],
  [
    1630195200000,
    108151.39575398754
  ],
  [
    1630281600000,
    106116.12427891343
  ],
  [
    1630368000000,
    109184.00332493178
  ],
  [
    1630454400000,
    115769.36446077596
  ],
  [
    1630540800000,
    115769.36446077596
  ],
  [
    1630627200000,
    115725.87418371813
  ]
]