[
  [
    1620172800000,
    5417847.204275781
  ],
  [
    1620259200000,
    5417847.204275781
  ],
  [
    1620345600000,
    1883233.1968872098
  ],
  [
    1620432000000,
    981708.048212929
  ],
  [
    1620518400000,
    668875.4784007637
  ],
  [
    1620604800000,
    541252.1178686022
  ],
  [
    1620691200000,
    264493.96583375137
  ],
  [
    1620777600000,
    182147.22290737202
  ],
  [
    1620864000000,
    74338.56320251126
  ],
  [
    1620950400000,
    126024.39432184843
  ],
  [
    1621036800000,
    152500.63225971852
  ],
  [
    1621123200000,
    316234.4223183147
  ],
  [
    1621209600000,
    654137.9647311124
  ],
  [
    1621296000000,
    608470.4449331429
  ],
  [
    1621382400000,
    137477.71817682934
  ],
  [
    1621468800000,
    131360.82555414175
  ],
  [
    1621555200000,
    104007.08680788396
  ],
  [
    1621641600000,
    101786.85430314874
  ],
  [
    1621728000000,
    674642.6150354139
  ],
  [
    1621814400000,
    396462.59278507176
  ],
  [
    1621900800000,
    238109.35050720777
  ],
  [
    1621987200000,
    77052.02280826452
  ],
  [
    1622073600000,
    156823.39077426662
  ],
  [
    1622160000000,
    57148.46798737993
  ],
  [
    1622246400000,
    64365.54922477
  ],
  [
    1622332800000,
    33104.47718656978
  ],
  [
    1622419200000,
    89951.29447618462
  ],
  [
    1622505600000,
    99682.0434818595
  ],
  [
    1622592000000,
    97507.89524596899
  ],
  [
    1622678400000,
    54863.96350267209
  ],
  [
    1622764800000,
    65165.35639044856
  ],
  [
    1622851200000,
    56906.05349052711
  ],
  [
    1622937600000,
    39240.92528768891
  ],
  [
    1623024000000,
    30223.829864196756
  ],
  [
    1623110400000,
    44556.07158097644
  ],
  [
    1623196800000,
    56172.30047958712
  ],
  [
    1623283200000,
    28493.318621005867
  ],
  [
    1623369600000,
    33762.776277436365
  ],
  [
    1623456000000,
    32381.579208277326
  ],
  [
    1623542400000,
    21740.963452595413
  ],
  [
    1623628800000,
    31478.70491440144
  ],
  [
    1623715200000,
    35681.65791727401
  ],
  [
    1623801600000,
    70946.84117709368
  ],
  [
    1623888000000,
    28628.033111727575
  ],
  [
    1623974400000,
    10905.51983983144
  ],
  [
    1624060800000,
    23368.32882546116
  ],
  [
    1624147200000,
    7430.597968771277
  ],
  [
    1624233600000,
    20061.31110461506
  ],
  [
    1624320000000,
    18861.39903961865
  ],
  [
    1624406400000,
    29067.260122015476
  ],
  [
    1624492800000,
    41119.05502890102
  ],
  [
    1624579200000,
    127267.8817653159
  ],
  [
    1624665600000,
    62806.425652824044
  ],
  [
    1624752000000,
    26049.26138562969
  ],
  [
    1624838400000,
    20367.461857723876
  ],
  [
    1624924800000,
    41976.53193245716
  ],
  [
    1625011200000,
    28365.133584266143
  ],
  [
    1625097600000,
    25614.344901247692
  ],
  [
    1625184000000,
    23664.927752589032
  ],
  [
    1625270400000,
    31835.84989577894
  ],
  [
    1625356800000,
    42489.16201180335
  ],
  [
    1625443200000,
    179937.05957909307
  ],
  [
    1625529600000,
    14409.865051564086
  ],
  [
    1625616000000,
    17640.846847749577
  ],
  [
    1625702400000,
    55474.70672451017
  ],
  [
    1625788800000,
    103184.47292236742
  ],
  [
    1625875200000,
    111280.46612294255
  ],
  [
    1625961600000,
    26121.505336710212
  ],
  [
    1626048000000,
    10408.679876898626
  ],
  [
    1626134400000,
    19056.309061228105
  ],
  [
    1626220800000,
    49657.156486544765
  ],
  [
    1626307200000,
    6641.186058335438
  ],
  [
    1626393600000,
    4886.14245864254
  ],
  [
    1626480000000,
    8540.926676056262
  ],
  [
    1626566400000,
    8098.36744819503
  ],
  [
    1626652800000,
    2823.1206451282646
  ],
  [
    1626739200000,
    723.941458454081
  ],
  [
    1626825600000,
    305.0589716285049
  ],
  [
    1626912000000,
    1876.788426588764
  ],
  [
    1626998400000,
    7207.831863952603
  ],
  [
    1627084800000,
    12961.13465814525
  ],
  [
    1627171200000,
    18340.967258578356
  ],
  [
    1627257600000,
    5364.045388808847
  ],
  [
    1627344000000,
    11597.215673425047
  ],
  [
    1627430400000,
    4778.42723817423
  ],
  [
    1627516800000,
    3475.746773267822
  ],
  [
    1627603200000,
    3431.388623974623
  ],
  [
    1627689600000,
    5134.794313279247
  ],
  [
    1627776000000,
    7285.659431541637
  ],
  [
    1627862400000,
    3572.338819998129
  ],
  [
    1627948800000,
    14483.026978504668
  ],
  [
    1628035200000,
    8639.056144815686
  ],
  [
    1628121600000,
    12634.107580866917
  ],
  [
    1628208000000,
    3073.5043713415407
  ],
  [
    1628294400000,
    3816.883322286467
  ],
  [
    1628380800000,
    7426.465607130762
  ],
  [
    1628467200000,
    5928.379278378231
  ],
  [
    1628553600000,
    8559.439637212738
  ],
  [
    1628640000000,
    31467.108687466793
  ],
  [
    1628726400000,
    23937.47154070599
  ],
  [
    1628812800000,
    24712.383699472746
  ],
  [
    1628899200000,
    14219.535313986267
  ],
  [
    1628985600000,
    3410.798983305693
  ],
  [
    1629072000000,
    4089.1814259312264
  ],
  [
    1629158400000,
    10552.39114009508
  ],
  [
    1629244800000,
    18268.05316194857
  ],
  [
    1629331200000,
    55701.112558691806
  ],
  [
    1629417600000,
    58755.795433663414
  ],
  [
    1629504000000,
    134696.86896744685
  ],
  [
    1629590400000,
    92947.66344359168
  ],
  [
    1629676800000,
    168412.00331096034
  ],
  [
    1629763200000,
    260882.88599077554
  ],
  [
    1629849600000,
    514038.77307382587
  ],
  [
    1629936000000,
    353771.37033540086
  ],
  [
    1630022400000,
    352488.17686257215
  ],
  [
    1630108800000,
    12658.008109869537
  ],
  [
    1630195200000,
    76691.8762460922
  ],
  [
    1630281600000,
    4272.672054631491
  ],
  [
    1630368000000,
    2631.7024145724217
  ],
  [
    1630454400000,
    9279.918359681458
  ],
  [
    1630540800000,
    3741.6504925903805
  ],
  [
    1630627200000,
    2114.1551404013844
  ]
]