[
  [
    1602806400000,
    0.01871333266441782
  ],
  [
    1602892800000,
    0.01871333266441782
  ],
  [
    1602979200000,
    0.017225519880831774
  ],
  [
    1603065600000,
    0.01583698238215514
  ],
  [
    1603152000000,
    0.0158617405180264
  ],
  [
    1603238400000,
    0.014594672144144505
  ],
  [
    1603324800000,
    0.015392502428516036
  ],
  [
    1603411200000,
    0.014912060423541292
  ],
  [
    1603497600000,
    0.014410891937529997
  ],
  [
    1603584000000,
    0.013904820077211309
  ],
  [
    1603670400000,
    0.013389254713759891
  ],
  [
    1603756800000,
    0.009928137660468664
  ],
  [
    1603843200000,
    0.00871603943099869
  ],
  [
    1603929600000,
    0.008881270281232543
  ],
  [
    1604016000000,
    0.00684043649893131
  ],
  [
    1604102400000,
    0.009601704461699452
  ],
  [
    1604188800000,
    0.00915649329804123
  ],
  [
    1604275200000,
    0.009325940672823645
  ],
  [
    1604361600000,
    0.009605758089102363
  ],
  [
    1604448000000,
    0.009460416263196325
  ],
  [
    1604534400000,
    0.009960006807738146
  ],
  [
    1604620800000,
    0.010541897277922877
  ],
  [
    1604707200000,
    0.011546271080604678
  ],
  [
    1604793600000,
    0.010750467892016351
  ],
  [
    1604880000000,
    0.010834039041168184
  ],
  [
    1604966400000,
    0.01080785910880449
  ],
  [
    1605052800000,
    0.010475809680573076
  ],
  [
    1605139200000,
    0.010615815662260018
  ],
  [
    1605225600000,
    0.010382822080897592
  ],
  [
    1605312000000,
    0.01051592869934828
  ],
  [
    1605398400000,
    0.010735287092823082
  ],
  [
    1605484800000,
    0.009995379126684464
  ],
  [
    1605571200000,
    0.010150174096120155
  ],
  [
    1605657600000,
    0.00848164964619514
  ],
  [
    1605744000000,
    0.008374327731195058
  ],
  [
    1605830400000,
    0.008119019285025597
  ],
  [
    1605916800000,
    0.008652595379870856
  ],
  [
    1606003200000,
    0.008821103918089556
  ],
  [
    1606089600000,
    0.009815209111513708
  ],
  [
    1606176000000,
    0.01045746649054323
  ],
  [
    1606262400000,
    0.010627606942177138
  ],
  [
    1606348800000,
    0.009452384367446042
  ],
  [
    1606435200000,
    0.008619830052897874
  ],
  [
    1606521600000,
    0.008997572398664857
  ],
  [
    1606608000000,
    0.009137561339888724
  ],
  [
    1606694400000,
    0.008803181044405436
  ],
  [
    1606780800000,
    0.009299670260072885
  ],
  [
    1606867200000,
    0.009543325068139362
  ],
  [
    1606953600000,
    0.008284133677253867
  ],
  [
    1607040000000,
    0.00824952770154896
  ],
  [
    1607126400000,
    0.00790314920422055
  ],
  [
    1607212800000,
    0.007900562344160382
  ],
  [
    1607299200000,
    0.0076003242379547855
  ],
  [
    1607385600000,
    0.007369395394129365
  ],
  [
    1607472000000,
    0.006550790602399711
  ],
  [
    1607558400000,
    0.003925144571193406
  ],
  [
    1607644800000,
    0.004178212468726133
  ],
  [
    1607731200000,
    0.0041290247493893
  ],
  [
    1607817600000,
    0.002818111505318755
  ],
  [
    1607904000000,
    0.0028345595456651224
  ],
  [
    1607990400000,
    0.002487750471854872
  ],
  [
    1608076800000,
    0.002514372787443577
  ],
  [
    1608163200000,
    0.003203022100397894
  ],
  [
    1608249600000,
    0.003215852494186715
  ],
  [
    1608336000000,
    0.003267303002091292
  ],
  [
    1608422400000,
    0.0032657818057745375
  ],
  [
    1608508800000,
    0.0030644990588497628
  ],
  [
    1608595200000,
    0.002960334666318595
  ],
  [
    1608681600000,
    0.003144897376443897
  ],
  [
    1608768000000,
    0.0031627294156643324
  ],
  [
    1608854400000,
    0.0029447947672712853
  ],
  [
    1608940800000,
    0.0020436750649337502
  ],
  [
    1609027200000,
    0.0020436750649337502
  ],
  [
    1609113600000,
    0.0021529354640715537
  ],
  [
    1609200000000,
    0.0025850341048331174
  ],
  [
    1609286400000,
    0.002342161033110082
  ],
  [
    1609372800000,
    0.002487463932524025
  ],
  [
    1609459200000,
    0.002531082480412541
  ],
  [
    1609545600000,
    0.0025477401691062153
  ],
  [
    1609632000000,
    0.002639290794609349
  ],
  [
    1609718400000,
    0.002720750367428652
  ],
  [
    1609804800000,
    0.0035664716591203224
  ],
  [
    1609891200000,
    0.0035664716591203224
  ],
  [
    1609977600000,
    0.003731370014921753
  ],
  [
    1610064000000,
    0.003771314201836988
  ],
  [
    1610150400000,
    0.003417471957331944
  ],
  [
    1610236800000,
    0.00413187523501204
  ],
  [
    1610323200000,
    0.003915927488323336
  ],
  [
    1610409600000,
    0.0033564884971099495
  ],
  [
    1610496000000,
    0.003405716161796497
  ],
  [
    1610582400000,
    0.0032497030325407757
  ],
  [
    1610668800000,
    0.003540115093998326
  ],
  [
    1610755200000,
    0.0035150252604848864
  ],
  [
    1610841600000,
    0.003797738689461705
  ],
  [
    1610928000000,
    0.003789957625169432
  ],
  [
    1611100800000,
    0.003472247299509392
  ],
  [
    1611187200000,
    0.003472247299509392
  ],
  [
    1611273600000,
    0.0031612102538529367
  ],
  [
    1611446400000,
    0.0036663674280850295
  ],
  [
    1611532800000,
    0.0036663674280850295
  ],
  [
    1611619200000,
    0.004125153789496135
  ],
  [
    1611705600000,
    0.004100826951754959
  ],
  [
    1611792000000,
    0.0038277650496965424
  ],
  [
    1611878400000,
    0.004871203200512854
  ],
  [
    1611964800000,
    0.004935369709558215
  ],
  [
    1612051200000,
    0.00528624422736293
  ],
  [
    1612137600000,
    0.004360624187151126
  ],
  [
    1612224000000,
    0.004360624187151126
  ],
  [
    1612310400000,
    0.004653132777792074
  ],
  [
    1612396800000,
    0.004979331094338264
  ],
  [
    1612483200000,
    0.0050038081153485885
  ],
  [
    1612569600000,
    0.005103532034691958
  ],
  [
    1612656000000,
    0.005282202949618453
  ],
  [
    1612742400000,
    0.005282202949618453
  ],
  [
    1612828800000,
    0.005689837154682621
  ],
  [
    1612915200000,
    0.005592825680773881
  ],
  [
    1613001600000,
    0.005592825680773881
  ],
  [
    1613088000000,
    0.005652242067901377
  ],
  [
    1613174400000,
    0.005479531088327947
  ],
  [
    1613260800000,
    0.0057387046104304
  ],
  [
    1613433600000,
    0.005631513963463314
  ],
  [
    1613520000000,
    0.005631513963463314
  ],
  [
    1613606400000,
    0.006390356511739631
  ],
  [
    1613692800000,
    0.006061868621264977
  ],
  [
    1613779200000,
    0.0060005423145309015
  ],
  [
    1613865600000,
    0.006217784011465099
  ],
  [
    1613952000000,
    0.006049598363272284
  ],
  [
    1614038400000,
    0.005327901970089695
  ],
  [
    1614124800000,
    0.00517374960606879
  ],
  [
    1614211200000,
    0.005191715885714516
  ],
  [
    1614297600000,
    0.005123162344404053
  ],
  [
    1614384000000,
    0.004697535942341383
  ],
  [
    1614470400000,
    0.004697535942341383
  ],
  [
    1614556800000,
    0.0044195171141311685
  ],
  [
    1614643200000,
    0.004787549090352552
  ],
  [
    1614729600000,
    0.004448981655473724
  ],
  [
    1614816000000,
    0.008184037030689635
  ],
  [
    1614902400000,
    0.007206088996843888
  ],
  [
    1614988800000,
    0.007258670527959748
  ],
  [
    1615075200000,
    0.027767899906694756
  ],
  [
    1615161600000,
    0.06003975205534465
  ],
  [
    1615248000000,
    0.14851089557288535
  ],
  [
    1615334400000,
    0.14420738251110954
  ],
  [
    1615420800000,
    0.18249233984240285
  ],
  [
    1615507200000,
    0.1980152038568504
  ],
  [
    1615593600000,
    0.16507602858821804
  ],
  [
    1615680000000,
    0.1556918208151565
  ],
  [
    1615766400000,
    0.1670270961954807
  ],
  [
    1615852800000,
    0.14649516024679962
  ],
  [
    1615939200000,
    0.1464949067212949
  ],
  [
    1616025600000,
    0.14135975656677774
  ],
  [
    1616112000000,
    0.07323238099588965
  ],
  [
    1616198400000,
    0.05117050413973097
  ],
  [
    1616284800000,
    0.08829178103840692
  ],
  [
    1616371200000,
    0.09465701078090898
  ],
  [
    1616457600000,
    0.07059126213820041
  ],
  [
    1616544000000,
    0.07201992578808804
  ],
  [
    1616630400000,
    0.0764803478062039
  ],
  [
    1616716800000,
    0.06956946616095125
  ],
  [
    1616803200000,
    0.07215553728470371
  ],
  [
    1616889600000,
    0.06367800645329004
  ],
  [
    1616976000000,
    0.06459251246639848
  ],
  [
    1617062400000,
    0.07417853849475718
  ],
  [
    1617148800000,
    0.06398700891812531
  ],
  [
    1617235200000,
    0.06486416943745538
  ],
  [
    1617321600000,
    0.06683623837773095
  ],
  [
    1617408000000,
    0.0709008732246878
  ],
  [
    1617494400000,
    0.0630562005819709
  ],
  [
    1617580800000,
    0.05858904886190069
  ],
  [
    1617667200000,
    0.051524509617825225
  ],
  [
    1617753600000,
    0.06518267735258988
  ],
  [
    1617840000000,
    0.06123792253485354
  ],
  [
    1617926400000,
    0.06187394881773196
  ],
  [
    1618012800000,
    0.054875365584613034
  ],
  [
    1618099200000,
    0.05122611221563351
  ],
  [
    1618185600000,
    0.05447442078107967
  ],
  [
    1618272000000,
    0.05277221555437265
  ],
  [
    1618358400000,
    0.05344708725634883
  ],
  [
    1618444800000,
    0.05823003605480305
  ],
  [
    1618531200000,
    0.0541324589933544
  ],
  [
    1618617600000,
    0.044990666662839594
  ],
  [
    1618704000000,
    0.04859244829796016
  ],
  [
    1618790400000,
    0.04476051498229151
  ],
  [
    1618876800000,
    0.043544629297155975
  ],
  [
    1618963200000,
    0.045621456091145714
  ],
  [
    1619049600000,
    0.04530866000855359
  ],
  [
    1619136000000,
    0.04638570471911487
  ],
  [
    1619222400000,
    0.04317266083817634
  ],
  [
    1619308800000,
    0.0417447824790997
  ],
  [
    1619395200000,
    0.04058646548364071
  ],
  [
    1619481600000,
    0.04499475014523917
  ],
  [
    1619568000000,
    0.04743102996926662
  ],
  [
    1619654400000,
    0.04266218001702308
  ],
  [
    1619740800000,
    0.035328273814111494
  ],
  [
    1619827200000,
    0.03360084906617308
  ],
  [
    1619913600000,
    0.035441054929979544
  ],
  [
    1620000000000,
    0.03494022168952517
  ],
  [
    1620086400000,
    0.03599365632049884
  ],
  [
    1620172800000,
    0.034723642761643816
  ],
  [
    1620259200000,
    0.03599501676158383
  ],
  [
    1620345600000,
    0.034311236343773005
  ],
  [
    1620432000000,
    0.033712096799301774
  ],
  [
    1620518400000,
    0.037654904601856345
  ],
  [
    1620604800000,
    0.03742291010820655
  ],
  [
    1620691200000,
    0.03639264024482471
  ],
  [
    1620777600000,
    0.0373904625980602
  ],
  [
    1620864000000,
    0.03532520660203147
  ],
  [
    1620950400000,
    0.031351671915334486
  ],
  [
    1621036800000,
    0.035245762525563246
  ],
  [
    1621123200000,
    0.03221301504656645
  ],
  [
    1621209600000,
    0.03157817671325901
  ],
  [
    1621296000000,
    0.028979564965320944
  ],
  [
    1621382400000,
    0.030253239100795876
  ],
  [
    1621468800000,
    0.022855810880188
  ],
  [
    1621555200000,
    0.02436200218259276
  ],
  [
    1621641600000,
    0.021084930510027685
  ],
  [
    1621728000000,
    0.019996792965898513
  ],
  [
    1621814400000,
    0.017616052578286325
  ],
  [
    1621900800000,
    0.02123381091060169
  ],
  [
    1621987200000,
    0.021584260292637023
  ],
  [
    1622073600000,
    0.02289395731391918
  ],
  [
    1622160000000,
    0.02196856544510377
  ],
  [
    1622246400000,
    0.021751490336027236
  ],
  [
    1622332800000,
    0.020077027250716556
  ],
  [
    1622419200000,
    0.022642061746815732
  ],
  [
    1622505600000,
    0.027137759433668567
  ],
  [
    1622592000000,
    0.026495206890633585
  ],
  [
    1622678400000,
    0.030919763084783423
  ],
  [
    1622764800000,
    0.03292521202982686
  ],
  [
    1622851200000,
    0.03164002173517747
  ],
  [
    1622937600000,
    0.031157646825039517
  ],
  [
    1623024000000,
    0.027640356687386156
  ],
  [
    1623110400000,
    0.029385589395466673
  ],
  [
    1623196800000,
    0.026287518128215847
  ],
  [
    1623283200000,
    0.029003786394209963
  ],
  [
    1623369600000,
    0.026922631951010356
  ],
  [
    1623456000000,
    0.025008665038543532
  ],
  [
    1623542400000,
    0.02466134371307406
  ],
  [
    1623628800000,
    0.02706906498844823
  ],
  [
    1623715200000,
    0.02735921439198246
  ],
  [
    1623801600000,
    0.02689271827258613
  ],
  [
    1623888000000,
    0.022796519669914975
  ],
  [
    1623974400000,
    0.021135929293969773
  ],
  [
    1624060800000,
    0.02117643832015916
  ],
  [
    1624147200000,
    0.019618107407952206
  ],
  [
    1624233600000,
    0.019870607119250615
  ],
  [
    1624320000000,
    0.015712957522099533
  ],
  [
    1624406400000,
    0.015005389883661758
  ],
  [
    1624492800000,
    0.01525415608173118
  ],
  [
    1624579200000,
    0.01569305291172787
  ],
  [
    1624665600000,
    0.01447152915367718
  ],
  [
    1624752000000,
    0.014265025203974902
  ],
  [
    1624838400000,
    0.014726437846760084
  ],
  [
    1624924800000,
    0.015652568028866776
  ],
  [
    1625011200000,
    0.016551723436248215
  ],
  [
    1625097600000,
    0.017071769953071584
  ],
  [
    1625184000000,
    0.016945764702849343
  ],
  [
    1625270400000,
    0.016165572711668044
  ],
  [
    1625356800000,
    0.01756147391298106
  ],
  [
    1625443200000,
    0.018581570362970617
  ],
  [
    1625529600000,
    0.017592960246093463
  ],
  [
    1625616000000,
    0.01658891132304776
  ],
  [
    1625702400000,
    0.015507732738603244
  ],
  [
    1625788800000,
    0.015507732738603244
  ],
  [
    1625875200000,
    0.014910560459964868
  ],
  [
    1625961600000,
    0.014247938611271336
  ],
  [
    1626048000000,
    0.014549353686987598
  ],
  [
    1626134400000,
    0.013707175898263788
  ],
  [
    1626220800000,
    0.01227984460098309
  ],
  [
    1626307200000,
    0.012664387357056089
  ],
  [
    1626393600000,
    0.010431878622040792
  ],
  [
    1626480000000,
    0.010422929286334112
  ],
  [
    1626566400000,
    0.00883912809167211
  ],
  [
    1626652800000,
    0.008856041302001752
  ],
  [
    1626739200000,
    0.008000850248700358
  ],
  [
    1626825600000,
    0.007725107903221461
  ],
  [
    1626912000000,
    0.008200207752109856
  ],
  [
    1626998400000,
    0.008784393768737785
  ],
  [
    1627084800000,
    0.009163980385205992
  ],
  [
    1627171200000,
    0.009209242878882452
  ],
  [
    1627257600000,
    0.009209242878882452
  ],
  [
    1627344000000,
    0.010045713289682451
  ],
  [
    1627430400000,
    0.009444833801908815
  ],
  [
    1627516800000,
    0.009537306203065688
  ],
  [
    1627603200000,
    0.009596376187981547
  ],
  [
    1627689600000,
    0.009637684372883155
  ],
  [
    1627776000000,
    0.01014798228053466
  ],
  [
    1627862400000,
    0.010762251462185875
  ],
  [
    1627948800000,
    0.010846530856757354
  ],
  [
    1628121600000,
    0.011483225084495254
  ],
  [
    1628208000000,
    0.011483225084495254
  ],
  [
    1628294400000,
    0.011625671986887435
  ],
  [
    1628380800000,
    0.011588670606360166
  ],
  [
    1628467200000,
    0.011690814606610698
  ],
  [
    1628553600000,
    0.011690814606610698
  ],
  [
    1628640000000,
    0.012504093958931733
  ],
  [
    1628726400000,
    0.01259415814267402
  ],
  [
    1629417600000,
    0.0126519533820848
  ],
  [
    1629504000000,
    0.0126519533820848
  ],
  [
    1629590400000,
    0.01269195851718374
  ],
  [
    1629676800000,
    0.012756835463074805
  ],
  [
    1629763200000,
    0.013013051732713382
  ],
  [
    1630108800000,
    0.01262189162981536
  ],
  [
    1630195200000,
    0.01262189162981536
  ],
  [
    1630281600000,
    0.011362948160913376
  ],
  [
    1630368000000,
    0.011182757062689244
  ],
  [
    1630454400000,
    0.011116089838798849
  ],
  [
    1630540800000,
    0.012199831947524926
  ],
  [
    1630627200000,
    0.012199831947524926
  ]
]