[
  [
    1598486400000,
    1.3009377548509837
  ],
  [
    1598572800000,
    1.3009377548509837
  ],
  [
    1598659200000,
    0.8597544050963523
  ],
  [
    1598745600000,
    1.8883596897202326
  ],
  [
    1598832000000,
    2.314586399210196
  ],
  [
    1598918400000,
    1.7629739467506125
  ],
  [
    1599004800000,
    3.4873025741125887
  ],
  [
    1599091200000,
    3.0209276969308365
  ],
  [
    1599177600000,
    1.7790378450089508
  ],
  [
    1599264000000,
    1.2981235976649041
  ],
  [
    1599350400000,
    1.059007983733713
  ],
  [
    1599436800000,
    1.170412067846174
  ],
  [
    1599523200000,
    0.8612931729730312
  ],
  [
    1599609600000,
    0.8500749148669975
  ],
  [
    1599696000000,
    1.0592411114465752
  ],
  [
    1599782400000,
    0.8968695424509452
  ],
  [
    1599868800000,
    0.873054482997557
  ],
  [
    1599955200000,
    0.8800769390803695
  ],
  [
    1600041600000,
    0.6675101023592598
  ],
  [
    1600128000000,
    0.5936241097336677
  ],
  [
    1600214400000,
    0.6556059326553897
  ],
  [
    1600300800000,
    0.49389364989967105
  ],
  [
    1600387200000,
    0.5419745028608265
  ],
  [
    1600473600000,
    0.7118523592246393
  ],
  [
    1600560000000,
    0.7321576746172893
  ],
  [
    1600646400000,
    0.6685147378722102
  ],
  [
    1600732800000,
    0.5930167607360864
  ],
  [
    1600819200000,
    0.6917872276372292
  ],
  [
    1600905600000,
    0.5237163154064347
  ],
  [
    1600992000000,
    0.4052034092336352
  ],
  [
    1601078400000,
    0.396282263975171
  ],
  [
    1601164800000,
    0.4252449782696327
  ],
  [
    1601251200000,
    0.4168523876911597
  ],
  [
    1601337600000,
    0.39271396789433627
  ],
  [
    1601424000000,
    0.39770142363109917
  ],
  [
    1601510400000,
    0.39954175467976455
  ],
  [
    1601596800000,
    0.35249421199804293
  ],
  [
    1601683200000,
    0.344687717233782
  ],
  [
    1601769600000,
    0.36760587304783815
  ],
  [
    1601856000000,
    0.3072392111217693
  ],
  [
    1601942400000,
    0.31487882542835505
  ],
  [
    1602028800000,
    0.2657347741932438
  ],
  [
    1602115200000,
    0.29711028274151413
  ],
  [
    1602201600000,
    0.2682112707611348
  ],
  [
    1602288000000,
    0.33078900594664307
  ],
  [
    1602374400000,
    0.36856079314502943
  ],
  [
    1602460800000,
    0.3628632895234579
  ],
  [
    1602547200000,
    0.3332960992767555
  ],
  [
    1602633600000,
    0.30047865112354544
  ],
  [
    1602720000000,
    0.2709280871848318
  ],
  [
    1602806400000,
    0.2831891320679689
  ],
  [
    1602892800000,
    0.26462289261776006
  ],
  [
    1602979200000,
    0.24040342190297992
  ],
  [
    1603065600000,
    0.22450133060705418
  ],
  [
    1603152000000,
    0.21351136031657392
  ],
  [
    1603238400000,
    0.22508766630189705
  ],
  [
    1603324800000,
    0.2224909582784286
  ],
  [
    1603411200000,
    0.26073907138853714
  ],
  [
    1603497600000,
    0.23666080672142856
  ],
  [
    1603584000000,
    0.22419471984512573
  ],
  [
    1603670400000,
    0.19425969776880914
  ],
  [
    1603756800000,
    0.19804499136432402
  ],
  [
    1603843200000,
    0.19069293303652404
  ],
  [
    1603929600000,
    0.17316911326932985
  ],
  [
    1604016000000,
    0.16854356384885147
  ],
  [
    1604102400000,
    0.14089511131107718
  ],
  [
    1604188800000,
    0.1401838975210524
  ],
  [
    1604275200000,
    0.13628890175833663
  ],
  [
    1604361600000,
    0.10698600349507593
  ],
  [
    1604448000000,
    0.12071193261117608
  ],
  [
    1604534400000,
    0.1232052806193499
  ],
  [
    1604620800000,
    0.13029681143075825
  ],
  [
    1604707200000,
    0.16179292179735932
  ],
  [
    1604793600000,
    0.15842356951661982
  ],
  [
    1604880000000,
    0.16535333269828206
  ],
  [
    1604966400000,
    0.1517457002460047
  ],
  [
    1605052800000,
    0.15235789689686588
  ],
  [
    1605139200000,
    0.15378101176978184
  ],
  [
    1605225600000,
    0.17102480946009727
  ],
  [
    1605312000000,
    0.18172349614491584
  ],
  [
    1605398400000,
    0.18538167165621042
  ],
  [
    1605484800000,
    0.2232740982657459
  ],
  [
    1605571200000,
    0.20837326019059782
  ],
  [
    1605657600000,
    0.22435416892335996
  ],
  [
    1605744000000,
    0.21738498927280153
  ],
  [
    1605830400000,
    0.2115916656089476
  ],
  [
    1605916800000,
    0.20852588018405405
  ],
  [
    1606003200000,
    0.20239778361877267
  ],
  [
    1606089600000,
    0.19197682738080707
  ],
  [
    1606176000000,
    0.16932097944356045
  ],
  [
    1606262400000,
    0.17689386903434418
  ],
  [
    1606348800000,
    0.16235069140945496
  ],
  [
    1606435200000,
    0.14111361943109463
  ],
  [
    1606521600000,
    0.13745071219753105
  ],
  [
    1606608000000,
    0.1281757955108786
  ],
  [
    1606694400000,
    0.14925530657583305
  ],
  [
    1606780800000,
    0.14712350275318187
  ],
  [
    1606867200000,
    0.13710375906104902
  ],
  [
    1606953600000,
    0.14505914205757803
  ],
  [
    1607040000000,
    0.14574085295327754
  ],
  [
    1607126400000,
    0.12579877946534399
  ],
  [
    1607212800000,
    0.16780530128555765
  ],
  [
    1607299200000,
    0.2336243247448464
  ],
  [
    1607385600000,
    0.3027781581231214
  ],
  [
    1607472000000,
    0.2138041729538579
  ],
  [
    1607558400000,
    0.21520589739768226
  ],
  [
    1607644800000,
    0.20950927287446594
  ],
  [
    1607731200000,
    0.19886280612094195
  ],
  [
    1607817600000,
    0.21731790232409232
  ],
  [
    1607904000000,
    0.21933493652800345
  ],
  [
    1607990400000,
    0.20766617378629604
  ],
  [
    1608076800000,
    0.20925060854873423
  ],
  [
    1608163200000,
    0.21840775519848565
  ],
  [
    1608249600000,
    0.23860254540505232
  ],
  [
    1608336000000,
    0.2338936293418642
  ],
  [
    1608422400000,
    0.25516467642422375
  ],
  [
    1608508800000,
    0.2295383045323661
  ],
  [
    1608595200000,
    0.2190656887621744
  ],
  [
    1608681600000,
    0.21936818804710684
  ],
  [
    1608768000000,
    0.1926483307441716
  ],
  [
    1608854400000,
    0.19525386459672842
  ],
  [
    1608940800000,
    0.19324456183022315
  ],
  [
    1609027200000,
    0.19658310601767442
  ],
  [
    1609113600000,
    0.2062659823139585
  ],
  [
    1609200000000,
    0.20144275702787226
  ],
  [
    1609286400000,
    0.1839229402004718
  ],
  [
    1609372800000,
    0.1657915471311685
  ],
  [
    1609459200000,
    0.1490519747030302
  ],
  [
    1609545600000,
    0.14949911980838781
  ],
  [
    1609632000000,
    0.16976889258436323
  ],
  [
    1609718400000,
    0.19270421586556194
  ],
  [
    1609804800000,
    0.17947244633529522
  ],
  [
    1609891200000,
    0.18613992066229942
  ],
  [
    1609977600000,
    0.20638316781617355
  ],
  [
    1610064000000,
    0.18302024082038543
  ],
  [
    1610150400000,
    0.16908237985330213
  ],
  [
    1610236800000,
    0.1662811356568826
  ],
  [
    1610323200000,
    0.15236511673084285
  ],
  [
    1610409600000,
    0.16582806741446549
  ],
  [
    1610496000000,
    0.13629023679497246
  ],
  [
    1610582400000,
    0.14942649951219075
  ],
  [
    1610668800000,
    0.18154412033268066
  ],
  [
    1610755200000,
    0.18123644846244344
  ],
  [
    1610841600000,
    0.19186020314144725
  ],
  [
    1610928000000,
    0.18347378809692708
  ],
  [
    1611014400000,
    0.1629007325921431
  ],
  [
    1611100800000,
    0.22347108557168438
  ],
  [
    1611187200000,
    0.2505990436583762
  ],
  [
    1611273600000,
    0.2483215632013363
  ],
  [
    1611360000000,
    0.3035422043640266
  ],
  [
    1611446400000,
    0.30749602991158215
  ],
  [
    1611532800000,
    0.40498551956119516
  ],
  [
    1611619200000,
    0.36807733361066947
  ],
  [
    1611705600000,
    0.3778131380350555
  ],
  [
    1611792000000,
    0.298427225397086
  ],
  [
    1611878400000,
    0.3189063407465089
  ],
  [
    1611964800000,
    0.2738823610987576
  ],
  [
    1612051200000,
    0.23528427585704909
  ],
  [
    1612137600000,
    0.22994778256571455
  ],
  [
    1612224000000,
    0.24160339040048695
  ],
  [
    1612310400000,
    0.272573177223588
  ],
  [
    1612396800000,
    0.31263945618639705
  ],
  [
    1612483200000,
    0.29618957575889315
  ],
  [
    1612569600000,
    0.27204507068824
  ],
  [
    1612656000000,
    0.6574423754780989
  ],
  [
    1612742400000,
    0.40476201759744046
  ],
  [
    1612828800000,
    0.45262882543695604
  ],
  [
    1612915200000,
    0.6082209869672414
  ],
  [
    1613001600000,
    1.038738962759737
  ],
  [
    1613088000000,
    0.7260182384804644
  ],
  [
    1613174400000,
    0.9713968513377398
  ],
  [
    1613260800000,
    1.0715135884429248
  ],
  [
    1613347200000,
    1.2681991802081893
  ],
  [
    1613433600000,
    1.4103731746122674
  ],
  [
    1613520000000,
    1.2695081629660947
  ],
  [
    1613606400000,
    1.207244223935961
  ],
  [
    1613692800000,
    1.3248007147718714
  ],
  [
    1613779200000,
    1.082219360327189
  ],
  [
    1613865600000,
    1.017368215931042
  ],
  [
    1613952000000,
    1.5023146206496143
  ],
  [
    1614038400000,
    1.763376593821887
  ],
  [
    1614124800000,
    1.283461677812272
  ],
  [
    1614211200000,
    1.2117763904932062
  ],
  [
    1614297600000,
    1.0592676154848846
  ],
  [
    1614384000000,
    1.0655616778299557
  ],
  [
    1614470400000,
    0.9207778306543994
  ],
  [
    1614556800000,
    0.9418783953526636
  ],
  [
    1614643200000,
    0.9287459862218831
  ],
  [
    1614729600000,
    0.8065799566209745
  ],
  [
    1614816000000,
    0.7762457154999315
  ],
  [
    1614902400000,
    0.6914171260434533
  ],
  [
    1614988800000,
    0.7271399606814629
  ],
  [
    1615075200000,
    0.7460073866179953
  ],
  [
    1615161600000,
    0.7023712291934515
  ],
  [
    1615248000000,
    0.6633078722094362
  ],
  [
    1615334400000,
    0.6534558688479388
  ],
  [
    1615420800000,
    0.6121918548945693
  ],
  [
    1615507200000,
    0.6796532197567711
  ],
  [
    1615593600000,
    0.6789803651749261
  ],
  [
    1615680000000,
    0.8102628089821968
  ],
  [
    1615766400000,
    0.7819970168890371
  ],
  [
    1615852800000,
    0.7174225165769262
  ],
  [
    1615939200000,
    0.695808374171458
  ],
  [
    1616025600000,
    0.685611658407593
  ],
  [
    1616112000000,
    0.8247215134128089
  ],
  [
    1616198400000,
    0.7686781949934101
  ],
  [
    1616284800000,
    0.799908234650735
  ],
  [
    1616371200000,
    0.6568676873307969
  ],
  [
    1616457600000,
    0.6946239917037317
  ],
  [
    1616544000000,
    0.6406610934411168
  ],
  [
    1616630400000,
    0.6139960291110472
  ],
  [
    1616716800000,
    0.6601712829470359
  ],
  [
    1616803200000,
    0.6282783546003801
  ],
  [
    1616889600000,
    0.6821668253760783
  ],
  [
    1616976000000,
    0.6892132447433958
  ],
  [
    1617062400000,
    0.90307078679261
  ],
  [
    1617148800000,
    0.8097414811462418
  ],
  [
    1617235200000,
    0.9200282407688923
  ],
  [
    1617321600000,
    0.812971923875498
  ],
  [
    1617408000000,
    0.8266178063542292
  ],
  [
    1617494400000,
    0.7318978303694115
  ],
  [
    1617580800000,
    0.76927548088949
  ],
  [
    1617667200000,
    0.7997484424021393
  ],
  [
    1617753600000,
    0.7296041131097717
  ],
  [
    1617840000000,
    0.8707326646922594
  ],
  [
    1617926400000,
    1.1107040804366786
  ],
  [
    1618012800000,
    1.0968104929759266
  ],
  [
    1618099200000,
    1.0898278390283243
  ],
  [
    1618185600000,
    1.089945569812212
  ],
  [
    1618272000000,
    1.5779002238138344
  ],
  [
    1618358400000,
    1.542189199194193
  ],
  [
    1618444800000,
    1.4819757716529147
  ],
  [
    1618531200000,
    1.469689160941418
  ],
  [
    1618617600000,
    1.5066733284289384
  ],
  [
    1618704000000,
    1.679054566991383
  ],
  [
    1618790400000,
    1.3911217418781512
  ],
  [
    1618876800000,
    1.3102700513592263
  ],
  [
    1618963200000,
    1.2152163700471068
  ],
  [
    1619049600000,
    1.2708353201440017
  ],
  [
    1619136000000,
    1.1755985254818098
  ],
  [
    1619222400000,
    1.1389128409778821
  ],
  [
    1619308800000,
    0.9456550163969765
  ],
  [
    1619395200000,
    0.9902178379746613
  ],
  [
    1619481600000,
    1.0141168233325053
  ],
  [
    1619568000000,
    1.0966652230086893
  ],
  [
    1619654400000,
    1.0167492356671048
  ],
  [
    1619740800000,
    0.9920560605796012
  ],
  [
    1619827200000,
    0.973513756195432
  ],
  [
    1619913600000,
    1.0838425610770095
  ],
  [
    1620000000000,
    0.9942120148265702
  ],
  [
    1620086400000,
    1.072800388275068
  ],
  [
    1620172800000,
    1.0057581027617493
  ],
  [
    1620259200000,
    1.0320564026965087
  ],
  [
    1620345600000,
    0.98381664020754
  ],
  [
    1620432000000,
    0.9973401951192061
  ],
  [
    1620518400000,
    1.0533347803696183
  ],
  [
    1620604800000,
    0.9793553714201207
  ],
  [
    1620691200000,
    0.9271845678074487
  ],
  [
    1620777600000,
    0.9074750597928716
  ],
  [
    1620864000000,
    0.7759428386336712
  ],
  [
    1620950400000,
    0.7146126442007017
  ],
  [
    1621036800000,
    0.7943404831238658
  ],
  [
    1621123200000,
    0.7719444823428079
  ],
  [
    1621209600000,
    0.7316121763349666
  ],
  [
    1621296000000,
    0.6572661569454415
  ],
  [
    1621382400000,
    0.6987491315152597
  ],
  [
    1621468800000,
    0.558134108741062
  ],
  [
    1621555200000,
    0.5379829855938072
  ],
  [
    1621641600000,
    0.4505868034639793
  ],
  [
    1621728000000,
    0.437489850375294
  ],
  [
    1621814400000,
    0.3357692314508362
  ],
  [
    1621900800000,
    0.4048702054371298
  ],
  [
    1621987200000,
    0.4286132065938912
  ],
  [
    1622073600000,
    0.4732010523792847
  ],
  [
    1622160000000,
    0.5206330472129541
  ],
  [
    1622246400000,
    0.45691620184374226
  ],
  [
    1622332800000,
    0.41825697316432875
  ],
  [
    1622419200000,
    0.5215422079254246
  ],
  [
    1622505600000,
    0.6966661210641601
  ],
  [
    1622592000000,
    0.6769366278134739
  ],
  [
    1622678400000,
    0.6451216697175691
  ],
  [
    1622764800000,
    0.7277779704126061
  ],
  [
    1622851200000,
    0.7298909010031182
  ],
  [
    1622937600000,
    0.7354761082911847
  ],
  [
    1623024000000,
    0.8444940213995896
  ],
  [
    1623110400000,
    0.8074024340855801
  ],
  [
    1623196800000,
    0.6880008624865953
  ],
  [
    1623283200000,
    0.73992943028624
  ],
  [
    1623369600000,
    0.7259422904043019
  ],
  [
    1623456000000,
    0.6429015066018945
  ],
  [
    1623542400000,
    0.6116750431950635
  ],
  [
    1623628800000,
    0.7477309237805335
  ],
  [
    1623715200000,
    0.811082408862733
  ],
  [
    1623801600000,
    0.8241487058493915
  ],
  [
    1623888000000,
    0.700636241669677
  ],
  [
    1623974400000,
    0.7119273106004944
  ],
  [
    1624060800000,
    0.6314103052786177
  ],
  [
    1624147200000,
    0.5575408603637647
  ],
  [
    1624233600000,
    0.7070646493716924
  ],
  [
    1624320000000,
    0.5956358342392013
  ],
  [
    1624406400000,
    0.4907325962688471
  ],
  [
    1624492800000,
    0.5975222991179954
  ],
  [
    1624579200000,
    0.5815369132936997
  ],
  [
    1624665600000,
    0.5073417569211668
  ],
  [
    1624752000000,
    0.5307175160775388
  ],
  [
    1624838400000,
    0.5889433913990016
  ],
  [
    1624924800000,
    0.7184861758293127
  ],
  [
    1625011200000,
    0.7772454892728206
  ],
  [
    1625097600000,
    0.9343254440224003
  ],
  [
    1625184000000,
    1.0266876141526478
  ],
  [
    1625270400000,
    1.1634003750504445
  ],
  [
    1625356800000,
    1.3320143026130433
  ],
  [
    1625443200000,
    1.6780759938433292
  ],
  [
    1625529600000,
    1.7982024278037643
  ],
  [
    1625616000000,
    2.0351723719563375
  ],
  [
    1625702400000,
    1.418131995025026
  ],
  [
    1625788800000,
    1.1739958180211347
  ],
  [
    1625875200000,
    1.6618563618283408
  ],
  [
    1625961600000,
    1.579455427246618
  ],
  [
    1626048000000,
    1.3975274389066872
  ],
  [
    1626134400000,
    1.1794872685476887
  ],
  [
    1626220800000,
    1.0719172102412848
  ],
  [
    1626307200000,
    1.0896912638174383
  ],
  [
    1626393600000,
    1.0387572996761736
  ],
  [
    1626480000000,
    0.9365056241543634
  ],
  [
    1626566400000,
    0.9590579303266344
  ],
  [
    1626652800000,
    1.000792529742548
  ],
  [
    1626739200000,
    0.9235039194809543
  ],
  [
    1626825600000,
    0.9349107741378277
  ],
  [
    1626912000000,
    0.9589791922437568
  ],
  [
    1626998400000,
    0.958368907502139
  ],
  [
    1627084800000,
    1.060523614679462
  ],
  [
    1627171200000,
    1.0438017343178754
  ],
  [
    1627257600000,
    1.0724905065595982
  ],
  [
    1627344000000,
    1.1938644353542258
  ],
  [
    1627430400000,
    1.2173531494936696
  ],
  [
    1627516800000,
    1.246162380492529
  ],
  [
    1627603200000,
    1.263718686349967
  ],
  [
    1627689600000,
    1.315183205856256
  ],
  [
    1627776000000,
    1.3455815977209657
  ],
  [
    1627862400000,
    1.346662040227404
  ],
  [
    1627948800000,
    1.3967364997829554
  ],
  [
    1628035200000,
    1.3764028735962766
  ],
  [
    1628121600000,
    1.4370357975293275
  ],
  [
    1628208000000,
    1.4286353128819187
  ],
  [
    1628294400000,
    1.3439253037068297
  ],
  [
    1628380800000,
    1.361393725180849
  ],
  [
    1628467200000,
    1.1954065470422641
  ],
  [
    1628553600000,
    1.2780267281369526
  ],
  [
    1628640000000,
    1.3475459646957895
  ],
  [
    1628726400000,
    1.2557995015384107
  ],
  [
    1628812800000,
    1.2775966356520234
  ],
  [
    1628899200000,
    1.3323424859034185
  ],
  [
    1628985600000,
    1.3176747045058976
  ],
  [
    1629072000000,
    1.2951248167960812
  ],
  [
    1629158400000,
    1.1990866763043428
  ],
  [
    1629244800000,
    1.197228276067219
  ],
  [
    1629331200000,
    1.25243973814074
  ],
  [
    1629417600000,
    1.2391121956757494
  ],
  [
    1629504000000,
    1.7074679213438613
  ],
  [
    1629590400000,
    1.7567633309758597
  ],
  [
    1629676800000,
    1.4556775738018024
  ],
  [
    1629763200000,
    1.5347502512067692
  ],
  [
    1629849600000,
    1.3892656992182066
  ],
  [
    1629936000000,
    1.2803060121455219
  ],
  [
    1630022400000,
    1.272582020236856
  ],
  [
    1630108800000,
    1.3197805933837357
  ],
  [
    1630195200000,
    1.3232418174530722
  ],
  [
    1630281600000,
    1.303259389869912
  ],
  [
    1630368000000,
    1.1046287139928217
  ],
  [
    1630454400000,
    1.0676903176432302
  ],
  [
    1630540800000,
    1.1891406406568046
  ],
  [
    1630627200000,
    1.2296981224902628
  ]
]