[
  [
    1510099200000,
    113025.52077641813
  ],
  [
    1510185600000,
    76087.40460011795
  ],
  [
    1510272000000,
    156015.61135517777
  ],
  [
    1510358400000,
    38036.43937837367
  ],
  [
    1510444800000,
    37213.28445220189
  ],
  [
    1510531200000,
    44515.08603545789
  ],
  [
    1510617600000,
    54013.5431818305
  ],
  [
    1510704000000,
    42022.5748907149
  ],
  [
    1510790400000,
    33822.7282091858
  ],
  [
    1510876800000,
    45759.4956079539
  ],
  [
    1510963200000,
    16060.9732422982
  ],
  [
    1511049600000,
    42827.5795683255
  ],
  [
    1511136000000,
    35831.109435307
  ],
  [
    1511222400000,
    19656.3414201868
  ],
  [
    1511308800000,
    49914.2510037477
  ],
  [
    1511395200000,
    37278.5703873856
  ],
  [
    1511481600000,
    27979.7635009381
  ],
  [
    1511568000000,
    26984.5375048636
  ],
  [
    1511654400000,
    7762.00287747823
  ],
  [
    1511740800000,
    219283.168704612
  ],
  [
    1511827200000,
    221159.145538226
  ],
  [
    1511913600000,
    108366.640939856
  ],
  [
    1512000000000,
    103931.846098669
  ],
  [
    1512086400000,
    211.425978827237
  ],
  [
    1512345600000,
    2133.75830185711
  ],
  [
    1512432000000,
    3929.37920014987
  ],
  [
    1512518400000,
    6109.82148981
  ],
  [
    1512604800000,
    104907.07435255
  ],
  [
    1512691200000,
    110232.709827983
  ],
  [
    1512777600000,
    137199.226945731
  ],
  [
    1512864000000,
    79109.6836980946
  ],
  [
    1512950400000,
    164752.070168472
  ],
  [
    1513036800000,
    124517.444999374
  ],
  [
    1513123200000,
    181110.990960335
  ],
  [
    1513209600000,
    202566.92616269
  ],
  [
    1513296000000,
    180335.920628457
  ],
  [
    1513382400000,
    166757.438714573
  ],
  [
    1513468800000,
    152977.474232981
  ],
  [
    1513555200000,
    599293.739422062
  ],
  [
    1513641600000,
    143305.935391494
  ],
  [
    1513728000000,
    426826.993788408
  ],
  [
    1513814400000,
    556952.042847935
  ],
  [
    1513900800000,
    129145.592126201
  ],
  [
    1513987200000,
    306840.060982519
  ],
  [
    1514073600000,
    231276.41830812
  ],
  [
    1514160000000,
    215416.8349221
  ],
  [
    1514246400000,
    236627.813739383
  ],
  [
    1514332800000,
    185338.984549762
  ],
  [
    1514419200000,
    155582.334022689
  ],
  [
    1514505600000,
    1512189.0357911
  ],
  [
    1514592000000,
    1238208.36439662
  ],
  [
    1514678400000,
    4302917.09623156
  ],
  [
    1514764800000,
    3157632.11724644
  ],
  [
    1514851200000,
    6924801.0667447
  ],
  [
    1514937600000,
    14738101.203747828
  ],
  [
    1515024000000,
    7741690.875532161
  ],
  [
    1515110400000,
    6736401.555638922
  ],
  [
    1515196800000,
    25690591.194332145
  ],
  [
    1515283200000,
    90586919.56064072
  ],
  [
    1515369600000,
    50911072.73879239
  ],
  [
    1515456000000,
    19355981.94384528
  ],
  [
    1515542400000,
    12682003.430804798
  ],
  [
    1515628800000,
    13225449.51307229
  ],
  [
    1515715200000,
    11167636.920693256
  ],
  [
    1515801600000,
    7901039.30079163
  ],
  [
    1515888000000,
    4605454.763553193
  ],
  [
    1515974400000,
    4089797.867320642
  ],
  [
    1516060800000,
    4764965.991968103
  ],
  [
    1516147200000,
    3298337.054404066
  ],
  [
    1516233600000,
    4166500.408592671
  ],
  [
    1516320000000,
    2641506.001816145
  ],
  [
    1516406400000,
    2337598.0409167013
  ],
  [
    1516492800000,
    1514851.5094226692
  ],
  [
    1516579200000,
    1837372.8708542439
  ],
  [
    1516665600000,
    7717650.094323225
  ],
  [
    1516752000000,
    17945439.22499891
  ],
  [
    1516838400000,
    3417924.3375915876
  ],
  [
    1516924800000,
    8303022.491817404
  ],
  [
    1517011200000,
    1937413.7250710567
  ],
  [
    1517097600000,
    2556005.3894557348
  ],
  [
    1517184000000,
    2658707.119005087
  ],
  [
    1517270721639,
    2711360.5399463763
  ],
  [
    1517356800000,
    2111385.562949138
  ],
  [
    1517443200000,
    1941866.7123725337
  ],
  [
    1517529600000,
    1650741.7749968297
  ],
  [
    1517616000000,
    1322111.044040927
  ],
  [
    1517702400000,
    949399.9973230648
  ],
  [
    1517788800000,
    535077.298990768
  ],
  [
    1517875200000,
    409386.3265201748
  ],
  [
    1517961600000,
    888598.7152776201
  ],
  [
    1518048319280,
    543722.6298828219
  ],
  [
    1518134400000,
    590023.0737434998
  ],
  [
    1518220800000,
    515977.23906473187
  ],
  [
    1518307200000,
    863032.7260131516
  ],
  [
    1518393600000,
    332845.4147527424
  ],
  [
    1518480000000,
    869189.0501510556
  ],
  [
    1518566400000,
    451171.02664714627
  ],
  [
    1518652800000,
    862845.7319714609
  ],
  [
    1518739200000,
    1308788.2006404025
  ],
  [
    1518825600000,
    683382.4720498065
  ],
  [
    1518912000000,
    547072.1464734883
  ],
  [
    1518998400000,
    400369.30147420755
  ],
  [
    1519084800000,
    337903.0721984746
  ],
  [
    1519171200000,
    1498891.2509416707
  ],
  [
    1519257600000,
    335151.0931917686
  ],
  [
    1519344000000,
    325602.0547532184
  ],
  [
    1519430400000,
    457247.18942717783
  ],
  [
    1519516800000,
    212236.37782268485
  ],
  [
    1519603200000,
    235096.6751456624
  ],
  [
    1519689600000,
    3504009.5364234536
  ],
  [
    1519776000000,
    2297183.742220892
  ],
  [
    1519862400000,
    617036.9002167347
  ],
  [
    1519948800000,
    528037.6325938663
  ],
  [
    1520035200000,
    2847008.9805193297
  ],
  [
    1520121600000,
    1302209.6362271977
  ],
  [
    1520208000000,
    715913.2876029091
  ],
  [
    1520294400000,
    654224.2297911965
  ],
  [
    1520380800000,
    535141.1751047483
  ],
  [
    1520467200000,
    488336.2148698554
  ],
  [
    1520553600000,
    513688.6888312796
  ],
  [
    1520640000000,
    853527.4989584968
  ],
  [
    1520726400000,
    264621.6502168293
  ],
  [
    1520812800000,
    211583.06235813614
  ],
  [
    1520899200000,
    590242.9750002675
  ],
  [
    1520985600000,
    440359.9086012793
  ],
  [
    1521072000000,
    481894.6590472275
  ],
  [
    1521158400000,
    1096219.5956416558
  ],
  [
    1521244800000,
    280312.1236022053
  ],
  [
    1521331200000,
    1504366.4852937257
  ],
  [
    1521417600000,
    614674.350566193
  ],
  [
    1521504000000,
    350191.5325145919
  ],
  [
    1521590400000,
    298218.98563374486
  ],
  [
    1521676800000,
    1013401.699523325
  ],
  [
    1521763200000,
    1225563.5870863427
  ],
  [
    1521849600000,
    1132416.4719630918
  ],
  [
    1521936000000,
    1159321.0886915354
  ],
  [
    1522022400000,
    1168020.8547586256
  ],
  [
    1522108800000,
    1405627.6521348914
  ],
  [
    1522195200000,
    1131584.7032452086
  ],
  [
    1522281600000,
    1405059.835425546
  ],
  [
    1522368000000,
    1423878.4078076433
  ],
  [
    1522454400000,
    759997.0274225959
  ],
  [
    1522540800000,
    2329094.8489190163
  ],
  [
    1522627200000,
    1960099.8649327643
  ],
  [
    1522713600000,
    1502368.4981837622
  ],
  [
    1522800000000,
    1702092.6750513932
  ],
  [
    1522886400000,
    1673165.0402942533
  ],
  [
    1522972800000,
    2503372.3533325945
  ],
  [
    1523059200000,
    1641984.9064246716
  ],
  [
    1523145600000,
    1738947.713289535
  ],
  [
    1523232000000,
    3090794.914900045
  ],
  [
    1523318400000,
    4004118.3448880315
  ],
  [
    1523404800000,
    2391149.7071903427
  ],
  [
    1523491200000,
    2116203.272174495
  ],
  [
    1523577600000,
    2436997.9102999875
  ],
  [
    1523664000000,
    2572271.6859830953
  ],
  [
    1523750400000,
    2968073.2000841405
  ],
  [
    1523836800000,
    3090227.823512941
  ],
  [
    1523923200000,
    4308114.5957205165
  ],
  [
    1524009600000,
    3384565.576636106
  ],
  [
    1524096000000,
    2955006.2775353175
  ],
  [
    1524182400000,
    5544018.886168906
  ],
  [
    1524268800000,
    4132117.753426571
  ],
  [
    1524355200000,
    3778682.0624553105
  ],
  [
    1524441600000,
    2284937.3628781876
  ],
  [
    1524528000000,
    2518980.977624063
  ],
  [
    1524614400000,
    4244648.71214452
  ],
  [
    1524700800000,
    2136083.613870346
  ],
  [
    1524787200000,
    2610918.6514142705
  ],
  [
    1524873600000,
    2101138.536401298
  ],
  [
    1524960000000,
    1024621.6292771978
  ],
  [
    1525046400000,
    1807608.9551400144
  ],
  [
    1525132800000,
    2447091.336681238
  ],
  [
    1525219200000,
    1928048.1944881645
  ],
  [
    1525305600000,
    4192064.355227166
  ],
  [
    1525392000000,
    1521413.3547839862
  ],
  [
    1525478400000,
    1403907.3005346614
  ],
  [
    1525564800000,
    1720873.1148142938
  ],
  [
    1525651200000,
    1515613.3813382746
  ],
  [
    1525737600000,
    1418687.482191557
  ],
  [
    1525824000000,
    1575727.952014203
  ],
  [
    1525910400000,
    1080759.6421746137
  ],
  [
    1525996800000,
    765899.1688362461
  ],
  [
    1526083200000,
    1311826.471467761
  ],
  [
    1526169600000,
    1524367.3530802894
  ],
  [
    1526256000000,
    1359183.9916493313
  ],
  [
    1526342400000,
    2381321.9241793547
  ],
  [
    1526428800000,
    1775823.5616740892
  ],
  [
    1526515200000,
    1334875.5536443533
  ],
  [
    1526601600000,
    970218.903529587
  ],
  [
    1526688000000,
    1104730.0489566922
  ],
  [
    1526774400000,
    1039602.7253691128
  ],
  [
    1526860800000,
    1073111.830640751
  ],
  [
    1526947200000,
    1560184.2931633797
  ],
  [
    1527033600000,
    860320.9634266106
  ],
  [
    1527120000000,
    1086393.1061094252
  ],
  [
    1527206400000,
    1291256.3586699576
  ],
  [
    1527292800000,
    913438.8101465295
  ],
  [
    1527379200000,
    981758.346435521
  ],
  [
    1527465600000,
    1100965.9176504998
  ],
  [
    1527552000000,
    944994.4968074184
  ],
  [
    1527638400000,
    1117466.916308228
  ],
  [
    1527724800000,
    1196824.7394595812
  ],
  [
    1527811200000,
    1568927.0678549672
  ],
  [
    1527897600000,
    926178.5610361906
  ],
  [
    1527984000000,
    897857.9234643857
  ],
  [
    1528070400000,
    2162347.292890947
  ],
  [
    1528156800000,
    1337668.172526885
  ],
  [
    1528243200000,
    1269099.739123997
  ],
  [
    1528329600000,
    1085667.7731476286
  ],
  [
    1528416000000,
    642017.9771064824
  ],
  [
    1528502400000,
    664042.8287814918
  ],
  [
    1528588800000,
    836215.1790794312
  ],
  [
    1528675200000,
    894151.6265766901
  ],
  [
    1528761600000,
    1175089.9635753667
  ],
  [
    1528848000000,
    978258.1502866423
  ],
  [
    1528934400000,
    1512107.0868346624
  ],
  [
    1529020800000,
    1390564.7063756078
  ],
  [
    1529107200000,
    556527.2560951121
  ],
  [
    1529193600000,
    330550.4049255202
  ],
  [
    1529280000000,
    533495.3758530221
  ],
  [
    1529366400000,
    774059.7520310261
  ],
  [
    1529452800000,
    749456.8468886992
  ],
  [
    1529539200000,
    583562.9406448504
  ],
  [
    1529625600000,
    682435.8948995726
  ],
  [
    1529712000000,
    929354.8504344686
  ],
  [
    1529798400000,
    781191.2985228448
  ],
  [
    1529884800000,
    324685.7796408245
  ],
  [
    1529971200000,
    233286.45160682625
  ],
  [
    1530057600000,
    153307.61995349015
  ],
  [
    1530144000000,
    107404.387472052
  ],
  [
    1530230400000,
    143176.33369473065
  ],
  [
    1530316800000,
    215358.9306692352
  ],
  [
    1530403200000,
    226790.4015945134
  ],
  [
    1530489600000,
    762490.1087105738
  ],
  [
    1530576000000,
    282343.7895728601
  ],
  [
    1530662400000,
    183507.0325175332
  ],
  [
    1530748800000,
    156337.80798116358
  ],
  [
    1530835200000,
    198199.7932726925
  ],
  [
    1530921600000,
    24559977.696219098
  ],
  [
    1531008000000,
    14945880.211157117
  ],
  [
    1531094400000,
    297060.0172851255
  ],
  [
    1531180800000,
    220644.73545581842
  ],
  [
    1531267200000,
    443398.8650528213
  ],
  [
    1531353600000,
    239430.4089822435
  ],
  [
    1531440000000,
    98412.33241774446
  ],
  [
    1531526400000,
    69348.14644598973
  ],
  [
    1531612800000,
    66707.28042487198
  ],
  [
    1531699200000,
    24673.653295995126
  ],
  [
    1531785600000,
    96281.6098367682
  ],
  [
    1531872000000,
    107592.7388451016
  ],
  [
    1531958400000,
    236981.50439111982
  ],
  [
    1532044800000,
    303680.17146336706
  ],
  [
    1532131200000,
    136520.79258395135
  ],
  [
    1532217600000,
    112918.02691946535
  ],
  [
    1532304000000,
    66022.41271269527
  ],
  [
    1532390400000,
    179030.93843118145
  ],
  [
    1532476800000,
    482787.72717568855
  ],
  [
    1532563200000,
    247038.82738933663
  ],
  [
    1532649600000,
    82445.42889012674
  ],
  [
    1532736000000,
    464441.3509882641
  ],
  [
    1532822400000,
    109224.8066165573
  ],
  [
    1532908800000,
    94717.38594783649
  ],
  [
    1532995200000,
    173891.0489247929
  ],
  [
    1533081600000,
    106956.23749168905
  ],
  [
    1533168000000,
    178231.10910527274
  ],
  [
    1533254400000,
    76272.21487920228
  ],
  [
    1533340800000,
    122347.4784755942
  ],
  [
    1533427200000,
    37832.07240740283
  ],
  [
    1533513600000,
    13605.886967590808
  ],
  [
    1533600000000,
    18664.156746726418
  ],
  [
    1533686400000,
    34056.59402139099
  ],
  [
    1533772800000,
    65600.44669123055
  ],
  [
    1533859200000,
    52576.04290320903
  ],
  [
    1533945600000,
    49999.506727202075
  ],
  [
    1534032000000,
    157310.1580979838
  ],
  [
    1534118400000,
    30037.487662962394
  ],
  [
    1534204800000,
    24092.731641572238
  ],
  [
    1534291200000,
    49101.432575324034
  ],
  [
    1534377600000,
    60159.55295682688
  ],
  [
    1534464000000,
    101061.54250946995
  ],
  [
    1534550400000,
    46964.18134155701
  ],
  [
    1534636800000,
    64115.51180559035
  ],
  [
    1534723200000,
    63452.67881625137
  ],
  [
    1534809600000,
    24468.551789655172
  ],
  [
    1534896000000,
    83148.78644928466
  ],
  [
    1534982400000,
    30406.230459456565
  ],
  [
    1535068800000,
    15415.951782137883
  ],
  [
    1535155200000,
    15188.493948722815
  ],
  [
    1535241600000,
    24590.153616582906
  ],
  [
    1535328000000,
    10977.511956378003
  ],
  [
    1535414400000,
    29868.32065181634
  ],
  [
    1535500800000,
    31435.56610923897
  ],
  [
    1535587200000,
    413923.4157102435
  ],
  [
    1535673600000,
    230018.82814113848
  ],
  [
    1535760000000,
    32150.49375691772
  ],
  [
    1535846400000,
    37978.256359156345
  ],
  [
    1535932800000,
    49609.599550041996
  ],
  [
    1536019200000,
    22006.361669288715
  ],
  [
    1536105600000,
    30820.32337105881
  ],
  [
    1536192000000,
    33312.97371258972
  ],
  [
    1536278400000,
    88935.86197502595
  ],
  [
    1536364800000,
    21103.52208272668
  ],
  [
    1536451200000,
    43235.60719093266
  ],
  [
    1536537600000,
    36129.91922820719
  ],
  [
    1536624000000,
    43510.999757720514
  ],
  [
    1536710400000,
    27220.608126933916
  ],
  [
    1536796800000,
    39076.89596869383
  ],
  [
    1536883200000,
    281428.4012150392
  ],
  [
    1536969600000,
    36262.23863919107
  ],
  [
    1537056000000,
    25163.278452526127
  ],
  [
    1537142400000,
    12822.213989560114
  ],
  [
    1537228800000,
    42118.57263303877
  ],
  [
    1537315200000,
    15332.708286419407
  ],
  [
    1537401600000,
    16111.370452844145
  ],
  [
    1537488000000,
    44804.603031111445
  ],
  [
    1537574400000,
    55742.82802014514
  ],
  [
    1537660800000,
    43874.78807550877
  ],
  [
    1537747200000,
    129869.5819297345
  ],
  [
    1537833600000,
    63437.39686311738
  ],
  [
    1537920000000,
    44881.35112279955
  ],
  [
    1538006400000,
    14444.51392733515
  ],
  [
    1538092800000,
    20889.255416921053
  ],
  [
    1538179200000,
    15601.330350084476
  ],
  [
    1538265600000,
    48458.58059106826
  ],
  [
    1538352000000,
    29953.34946461377
  ],
  [
    1538438400000,
    25109.380896561415
  ],
  [
    1538524800000,
    106099.11790241968
  ],
  [
    1538611200000,
    11769.187744981522
  ],
  [
    1538697600000,
    20170.905824001213
  ],
  [
    1538784000000,
    40671.935640082425
  ],
  [
    1538870400000,
    26365.052955008254
  ],
  [
    1538956800000,
    7339.9594611688335
  ],
  [
    1539043200000,
    52362.14634845644
  ],
  [
    1539129600000,
    25026.313206791885
  ],
  [
    1539216000000,
    25427.16779905691
  ],
  [
    1539302400000,
    65766.48375872493
  ],
  [
    1539388800000,
    84348.93024084027
  ],
  [
    1539475200000,
    32984.515236601255
  ],
  [
    1539561600000,
    8069.283419010273
  ],
  [
    1539648000000,
    48876.30828510899
  ],
  [
    1539734400000,
    78280.74454630501
  ],
  [
    1539820800000,
    86103.22416811046
  ],
  [
    1539907200000,
    59111.99433408632
  ],
  [
    1539993600000,
    78815.08685870898
  ],
  [
    1540080000000,
    19325.71211857867
  ],
  [
    1540166400000,
    7758.170098833992
  ],
  [
    1540252800000,
    66344.34786214815
  ],
  [
    1540339200000,
    537942.3778333267
  ],
  [
    1540425600000,
    2755770.908553581
  ],
  [
    1540512000000,
    494133.67860155745
  ],
  [
    1540598400000,
    305347.86560170166
  ],
  [
    1540684800000,
    166876.3948447732
  ],
  [
    1540771200000,
    98377.59184699021
  ],
  [
    1540857600000,
    151633.42564081546
  ],
  [
    1540944000000,
    61674.954114602275
  ],
  [
    1541030400000,
    108809.17596964199
  ],
  [
    1541116800000,
    96789.44738651201
  ],
  [
    1541203200000,
    394649.4739655783
  ],
  [
    1541289600000,
    51471.56756969099
  ],
  [
    1541376000000,
    31242.48747846954
  ],
  [
    1541462400000,
    156838.28968700525
  ],
  [
    1541548800000,
    1945968.243257417
  ],
  [
    1541635200000,
    742845.518499024
  ],
  [
    1541721600000,
    280708.1072225091
  ],
  [
    1541808000000,
    249597.428761705
  ],
  [
    1541894400000,
    127325.28905623578
  ],
  [
    1541980800000,
    99664.90962066241
  ],
  [
    1542067200000,
    170099.1082921529
  ],
  [
    1542153600000,
    60766.54640377897
  ],
  [
    1542240000000,
    93729.21221899401
  ],
  [
    1542326400000,
    130356.67439470522
  ],
  [
    1542412800000,
    49493.80751421052
  ],
  [
    1542499200000,
    14492.059012065489
  ],
  [
    1542585600000,
    29680.383259115708
  ],
  [
    1542672000000,
    52527.293379062234
  ],
  [
    1542758400000,
    54934.84304051212
  ],
  [
    1542844800000,
    59968.5865321324
  ],
  [
    1542931200000,
    11135.770857898997
  ],
  [
    1543017600000,
    10004.238316724473
  ],
  [
    1543104000000,
    9392.4788329503
  ],
  [
    1543190400000,
    61037.0027886343
  ],
  [
    1543276800000,
    31617.65947564246
  ],
  [
    1543363200000,
    11956.941194252968
  ],
  [
    1543449600000,
    79735.68809759349
  ],
  [
    1543536000000,
    33864.098062763165
  ],
  [
    1543622400000,
    22396.817973358833
  ],
  [
    1543708800000,
    30449.08907448901
  ],
  [
    1543795200000,
    78150.01173912353
  ],
  [
    1543881600000,
    25274.031962389872
  ],
  [
    1543968000000,
    17029.545687936214
  ],
  [
    1544054400000,
    29530.8835424889
  ],
  [
    1544140800000,
    17475.725097482657
  ],
  [
    1544227200000,
    220764.39182130116
  ],
  [
    1544313600000,
    66658.4899901586
  ],
  [
    1544400000000,
    168643.5879593984
  ],
  [
    1544486400000,
    217739.6857080581
  ],
  [
    1544572800000,
    53774.222817585665
  ],
  [
    1544659200000,
    31686.182759753905
  ],
  [
    1544745600000,
    28008.053110606157
  ],
  [
    1544832000000,
    153887.86578136805
  ],
  [
    1544918400000,
    21618.427321194315
  ],
  [
    1545004800000,
    11026.239706965654
  ],
  [
    1545091200000,
    43730.494084924605
  ],
  [
    1545177600000,
    31301.512710221483
  ],
  [
    1545264000000,
    34816.95431364272
  ],
  [
    1545350400000,
    26409.77473360357
  ],
  [
    1545436800000,
    23070.336573997803
  ],
  [
    1545523200000,
    50026.87539803602
  ],
  [
    1545609600000,
    70966.78819312752
  ],
  [
    1545696000000,
    54684.49687104177
  ],
  [
    1545782400000,
    39275.63343317772
  ],
  [
    1545868800000,
    107785.48285046118
  ],
  [
    1545955200000,
    36502.374436330014
  ],
  [
    1546041600000,
    12923.233114370649
  ],
  [
    1546128000000,
    45489.247206357446
  ],
  [
    1546214400000,
    22368.774380878553
  ],
  [
    1546300800000,
    193514.78886804823
  ],
  [
    1546387200000,
    78975.28765693492
  ],
  [
    1546473600000,
    48450.65109181369
  ],
  [
    1546560000000,
    12261.491830126346
  ],
  [
    1546646400000,
    25283.139398428444
  ],
  [
    1546732800000,
    11197.554569574444
  ],
  [
    1546819200000,
    49688.92538995004
  ],
  [
    1546905600000,
    6553.703497342989
  ],
  [
    1546992000000,
    56742.919346534385
  ],
  [
    1547078400000,
    65405.97858132528
  ],
  [
    1547164800000,
    85276.04444344346
  ],
  [
    1547251200000,
    54420.03234070316
  ],
  [
    1547337600000,
    68991.75249383276
  ],
  [
    1547424000000,
    37993.65095219089
  ],
  [
    1547510400000,
    44726.85219032905
  ],
  [
    1547596800000,
    20968.355669482866
  ],
  [
    1547683200000,
    40932.90727819885
  ],
  [
    1547769600000,
    15041.784055868815
  ],
  [
    1547856000000,
    35157.32288336293
  ],
  [
    1547942400000,
    63703.610198678565
  ],
  [
    1548028800000,
    73783.3361393161
  ],
  [
    1548115200000,
    184024.11201409454
  ],
  [
    1548201600000,
    131506.72504152238
  ],
  [
    1548288000000,
    103532.81394182771
  ],
  [
    1548374400000,
    86773.28121332446
  ],
  [
    1548460800000,
    48911.581564510845
  ],
  [
    1548547200000,
    29486.955890560777
  ],
  [
    1548633600000,
    6613.232543343584
  ],
  [
    1548720000000,
    27793.578940558866
  ],
  [
    1548806400000,
    14947.718644940924
  ],
  [
    1548892800000,
    33366.72571450005
  ],
  [
    1548979200000,
    81820.76935596853
  ],
  [
    1549065600000,
    94935.05078152509
  ],
  [
    1549152000000,
    35302.25602449794
  ],
  [
    1549238400000,
    13856.316526449635
  ],
  [
    1549324800000,
    7352.261283841377
  ],
  [
    1549411200000,
    12706.220717700495
  ],
  [
    1549497600000,
    24178.10042049475
  ],
  [
    1549584000000,
    15641.799100532216
  ],
  [
    1549670400000,
    21398.650896367315
  ],
  [
    1549756800000,
    12404.279609798581
  ],
  [
    1549843200000,
    9291.988839746076
  ],
  [
    1549929600000,
    20211.849788605876
  ],
  [
    1550016000000,
    5206.892857983041
  ],
  [
    1550102400000,
    5873.755706153077
  ],
  [
    1550188800000,
    7564.353234184943
  ],
  [
    1550275200000,
    4371.24846953142
  ],
  [
    1550361600000,
    3521.9877438514654
  ],
  [
    1550448000000,
    10901.826307948239
  ],
  [
    1550534400000,
    39955.66807992097
  ],
  [
    1550620800000,
    13380.352234953272
  ],
  [
    1550707200000,
    49642.76422645553
  ],
  [
    1550793600000,
    7913.0576820796605
  ],
  [
    1550880000000,
    141138.2714538475
  ],
  [
    1550966400000,
    28785.681121895715
  ],
  [
    1551052800000,
    50659.57157894433
  ],
  [
    1551139200000,
    55663.26269182446
  ],
  [
    1551225600000,
    15434.886774116829
  ],
  [
    1551312000000,
    12121.105305170708
  ],
  [
    1551398400000,
    5634.985383010285
  ],
  [
    1551484800000,
    4632.567820197805
  ],
  [
    1551571200000,
    4053.3401294136647
  ],
  [
    1551657600000,
    2145.1721838161857
  ],
  [
    1551744000000,
    5452.47297185086
  ],
  [
    1551830400000,
    64013.63067484679
  ],
  [
    1551916800000,
    22583.966255551768
  ],
  [
    1552003200000,
    11556.202884631786
  ],
  [
    1552089600000,
    300115.5352601942
  ],
  [
    1552176000000,
    29752.423350966095
  ],
  [
    1552262400000,
    14183.365358384593
  ],
  [
    1552348800000,
    10374.403396909534
  ],
  [
    1552435200000,
    21625.196829549637
  ],
  [
    1552521600000,
    11628.403074429234
  ],
  [
    1552608000000,
    3091.711505972129
  ],
  [
    1552694400000,
    6202.705678869244
  ],
  [
    1552780800000,
    5094.671019588513
  ],
  [
    1552867200000,
    16999.074035987138
  ],
  [
    1552953600000,
    32315.177929930418
  ],
  [
    1553040000000,
    13120.378227035393
  ],
  [
    1553126400000,
    12998.35552992394
  ],
  [
    1553212800000,
    17831.65340468029
  ],
  [
    1553299200000,
    14582.621728988466
  ],
  [
    1553385600000,
    9948.665107373668
  ],
  [
    1553472000000,
    30526.960661099565
  ],
  [
    1553558400000,
    52482.58492070338
  ],
  [
    1553644800000,
    49125.12331218502
  ],
  [
    1553731200000,
    16370.145658888045
  ],
  [
    1553817600000,
    10321.747217027721
  ],
  [
    1553904000000,
    17041.301292991215
  ],
  [
    1553990400000,
    12959.757574607827
  ],
  [
    1554076800000,
    14344.958456356946
  ],
  [
    1554163200000,
    24101.411792326428
  ],
  [
    1554249600000,
    55247.66673152586
  ],
  [
    1554336000000,
    152011.62235508
  ],
  [
    1554422400000,
    260423.59671980122
  ],
  [
    1554508800000,
    80061.34592865677
  ],
  [
    1554595200000,
    44910.08650878334
  ],
  [
    1554681600000,
    25974.916747512827
  ],
  [
    1554768000000,
    112286.94129678195
  ],
  [
    1554854400000,
    39271.16602372637
  ],
  [
    1554940800000,
    31540.56051298493
  ],
  [
    1555027200000,
    57309.54841961271
  ],
  [
    1555113600000,
    10113.755908649988
  ],
  [
    1555200000000,
    13977.843569204102
  ],
  [
    1555286400000,
    9795.491997534027
  ],
  [
    1555372800000,
    8691.380806195253
  ],
  [
    1555459200000,
    160845.66737841562
  ],
  [
    1555545600000,
    43417.28114888365
  ],
  [
    1555632000000,
    20594.20299498663
  ],
  [
    1555718400000,
    11203.282340904478
  ],
  [
    1555804800000,
    10087.612541585078
  ],
  [
    1555891200000,
    18908.706256237885
  ],
  [
    1555977600000,
    35582.50634616884
  ],
  [
    1556064000000,
    50230.70202480644
  ],
  [
    1556150400000,
    66474.51789532434
  ],
  [
    1556236800000,
    29055.527742572704
  ],
  [
    1556323200000,
    23777.74181310504
  ],
  [
    1556409600000,
    8681.709425094006
  ],
  [
    1556496000000,
    26795.473254106455
  ],
  [
    1556582400000,
    7492.587153735203
  ],
  [
    1556668800000,
    22657.918918891275
  ],
  [
    1556755200000,
    9234.676722467742
  ],
  [
    1556841600000,
    34701.75567016566
  ],
  [
    1556928000000,
    115621.33597516235
  ],
  [
    1557014400000,
    13006.220178248119
  ],
  [
    1557100800000,
    2524.408863310846
  ],
  [
    1557187200000,
    4024.5476177786336
  ],
  [
    1557273600000,
    9786.171344843488
  ],
  [
    1557360000000,
    24903.399319900953
  ],
  [
    1557446400000,
    4074.0674744752364
  ],
  [
    1557532800000,
    32126.599372814744
  ],
  [
    1557619200000,
    74352.33564651976
  ],
  [
    1557705600000,
    16699.177040534512
  ],
  [
    1557792000000,
    166207.05913628417
  ],
  [
    1557878400000,
    98661.77986227737
  ],
  [
    1557964800000,
    98521.90982540343
  ],
  [
    1558051200000,
    109213.34829598034
  ],
  [
    1558137600000,
    41185.14912903428
  ],
  [
    1558224000000,
    23684.097440739275
  ],
  [
    1558310400000,
    20006.48057899591
  ],
  [
    1558396800000,
    11816.506629027244
  ],
  [
    1558483200000,
    22181.10280753909
  ],
  [
    1558569600000,
    36838.085914170835
  ],
  [
    1558656000000,
    4866.226922014743
  ],
  [
    1558742400000,
    5332.828424321835
  ],
  [
    1558828800000,
    4017.046285530555
  ],
  [
    1558915200000,
    14963.157030354852
  ],
  [
    1559001600000,
    19139.198544300347
  ],
  [
    1559088000000,
    7633.161167211191
  ],
  [
    1559174400000,
    9641.318562589964
  ],
  [
    1559260800000,
    17378.589577159157
  ],
  [
    1559347200000,
    37520.706045807696
  ],
  [
    1559433600000,
    45537.91073106548
  ],
  [
    1559520000000,
    128849.41499815603
  ],
  [
    1559606400000,
    27270.47695050873
  ],
  [
    1559692800000,
    18727.128907727867
  ],
  [
    1559779200000,
    33370.47159295069
  ],
  [
    1559865600000,
    10031.873262944995
  ],
  [
    1559952000000,
    13307.076786762824
  ],
  [
    1560038400000,
    10972.425987549252
  ],
  [
    1560124800000,
    5850.482388462601
  ],
  [
    1560211200000,
    6602.224374062043
  ],
  [
    1560297600000,
    5970.791926086271
  ],
  [
    1560384000000,
    6107.144930107133
  ],
  [
    1560470400000,
    7655.837476285883
  ],
  [
    1560556800000,
    5752.8056694138095
  ],
  [
    1560643200000,
    9733.798170384163
  ],
  [
    1560729600000,
    13425.91195012536
  ],
  [
    1560816000000,
    38273.695585741836
  ],
  [
    1560902400000,
    59594.554826382715
  ],
  [
    1560988800000,
    8115.332818818034
  ],
  [
    1561075200000,
    26111.76016572293
  ],
  [
    1561161600000,
    22485.102188651676
  ],
  [
    1561248000000,
    41329.68878212724
  ],
  [
    1561334400000,
    15629.105833808313
  ],
  [
    1561420800000,
    11446.7612505288
  ],
  [
    1561507200000,
    18710.51624680403
  ],
  [
    1561593600000,
    114112.32940633764
  ],
  [
    1561680000000,
    21460.59785333786
  ],
  [
    1561766400000,
    14815.723696924491
  ],
  [
    1561852800000,
    4995.619536877919
  ],
  [
    1561939200000,
    45251.947572161735
  ],
  [
    1562025600000,
    16998.763195316482
  ],
  [
    1562112000000,
    21020.030507271797
  ],
  [
    1562198400000,
    49730.859255096715
  ],
  [
    1562284800000,
    13760.160134497808
  ],
  [
    1562371200000,
    8407.791198894778
  ],
  [
    1562457600000,
    24901.50360429842
  ],
  [
    1562544000000,
    34496.088521798585
  ],
  [
    1562630400000,
    74922.76743504425
  ],
  [
    1562716800000,
    12946.801341188544
  ],
  [
    1562803200000,
    392386.7467240539
  ],
  [
    1562889600000,
    184803.60416746335
  ],
  [
    1562976000000,
    122273.16039807876
  ],
  [
    1563062400000,
    194772.09641934792
  ],
  [
    1563148800000,
    1526485.969764086
  ],
  [
    1563235200000,
    533435.2282801662
  ],
  [
    1563321600000,
    1814281.6593012891
  ],
  [
    1563408000000,
    1790999.7138802954
  ],
  [
    1563494400000,
    1492540.3145608795
  ],
  [
    1563580800000,
    611798.2143260202
  ],
  [
    1563667200000,
    546625.943224191
  ],
  [
    1563753600000,
    1013578.3034620541
  ],
  [
    1563840000000,
    1466516.0845318004
  ],
  [
    1563926400000,
    304432.28693142976
  ],
  [
    1564012800000,
    173280.74251481704
  ],
  [
    1564099200000,
    134224.9910337038
  ],
  [
    1564185600000,
    196760.62938125423
  ],
  [
    1564272000000,
    110144.35618221793
  ],
  [
    1564358400000,
    972549.539793459
  ],
  [
    1564444800000,
    643785.0433669869
  ],
  [
    1564531200000,
    251934.6215040664
  ],
  [
    1564617600000,
    170193.679903754
  ],
  [
    1564704000000,
    193891.12023745687
  ],
  [
    1564790400000,
    120161.46745307538
  ],
  [
    1564876800000,
    55744.30371831964
  ],
  [
    1564963200000,
    58840.21204891818
  ],
  [
    1565049600000,
    133947.25438115335
  ],
  [
    1565136000000,
    379436.2369675517
  ],
  [
    1565222400000,
    110873.48166123687
  ],
  [
    1565308800000,
    75705.86933244452
  ],
  [
    1565395200000,
    118186.42919059219
  ],
  [
    1565481600000,
    37391.1563122617
  ],
  [
    1565568000000,
    23822.10532525564
  ],
  [
    1565654400000,
    44816.96248935648
  ],
  [
    1565740800000,
    69014.25684239964
  ],
  [
    1565827200000,
    145022.9518438758
  ],
  [
    1565913600000,
    62902.4618855587
  ],
  [
    1566000000000,
    108870.52181621346
  ],
  [
    1566086400000,
    29506.124147103117
  ],
  [
    1566172800000,
    45449.20408014795
  ],
  [
    1566259200000,
    41720.36543416777
  ],
  [
    1566345600000,
    12711.53996609817
  ],
  [
    1566432000000,
    8925.731020698257
  ],
  [
    1566518400000,
    31277.351784988223
  ],
  [
    1566604800000,
    24905.667453370006
  ],
  [
    1566691200000,
    16213.189978688843
  ],
  [
    1566777600000,
    29261.69416471971
  ],
  [
    1566864000000,
    51103.902721459584
  ],
  [
    1566950400000,
    21376.828577758308
  ],
  [
    1567036800000,
    126218.43750562126
  ],
  [
    1567123200000,
    28655.299513348647
  ],
  [
    1567209600000,
    48415.04949367378
  ],
  [
    1567296000000,
    40000.176189850405
  ],
  [
    1567382400000,
    20296.031799593573
  ],
  [
    1567468800000,
    18637.861416694752
  ],
  [
    1567555200000,
    26208.93709087157
  ],
  [
    1567641600000,
    3988.2455766211046
  ],
  [
    1567728000000,
    43752.552639393674
  ],
  [
    1567814400000,
    2713.6833975145514
  ],
  [
    1567900800000,
    19585.808107195255
  ],
  [
    1567987200000,
    15750.935625321381
  ],
  [
    1568073600000,
    8415.78332405023
  ],
  [
    1568160000000,
    45890.65449083005
  ],
  [
    1568246400000,
    31395.38134518337
  ],
  [
    1568332800000,
    10675.758867840439
  ],
  [
    1568419200000,
    14229.617840955823
  ],
  [
    1568505600000,
    112243.39286622817
  ],
  [
    1568592000000,
    69924.06406217757
  ],
  [
    1568678400000,
    93105.23063906436
  ],
  [
    1568764800000,
    60403.7512453629
  ],
  [
    1568851200000,
    22346.917666227902
  ],
  [
    1568937600000,
    14233.888169940026
  ],
  [
    1569024000000,
    10163.615774447337
  ],
  [
    1569110400000,
    7186.600128765861
  ],
  [
    1569196800000,
    19322.399725540043
  ],
  [
    1569283200000,
    18232.150544845186
  ],
  [
    1569369600000,
    36860.91211280304
  ],
  [
    1569456000000,
    10834.870937868687
  ],
  [
    1569542400000,
    13795.402929095539
  ],
  [
    1569628800000,
    18049.957131505373
  ],
  [
    1569715200000,
    4895.3876248974075
  ],
  [
    1569801600000,
    7563.045046582951
  ],
  [
    1569888000000,
    12689.352643604752
  ],
  [
    1569974400000,
    7377.532720281852
  ],
  [
    1570060800000,
    7377.532720281852
  ],
  [
    1570147200000,
    11476.40417869294
  ],
  [
    1570233600000,
    10395.772529314529
  ],
  [
    1570320000000,
    3539.794721225318
  ],
  [
    1570406400000,
    15226.823309768426
  ],
  [
    1570492800000,
    2072.000204885142
  ],
  [
    1570579200000,
    12798.518751314628
  ],
  [
    1570665600000,
    8939.828166356392
  ],
  [
    1570752000000,
    214765.01909762033
  ],
  [
    1570838400000,
    221611.75738000037
  ],
  [
    1570924800000,
    187234.25048814857
  ],
  [
    1571011200000,
    228726.712432076
  ],
  [
    1571097600000,
    128313.20964491318
  ],
  [
    1571184000000,
    80398.1401234017
  ],
  [
    1571270400000,
    137567.54558629665
  ],
  [
    1571356800000,
    194788.0064732716
  ],
  [
    1571443200000,
    109124.27388173713
  ],
  [
    1571529600000,
    7411.138962587079
  ],
  [
    1571616000000,
    121521.8137174759
  ],
  [
    1571702400000,
    86577.90058414638
  ],
  [
    1571788800000,
    117482.67750299626
  ],
  [
    1571875200000,
    204993.96127424098
  ],
  [
    1571961600000,
    53204.64986331757
  ],
  [
    1572048000000,
    7655.48514233226
  ],
  [
    1572134400000,
    12117.256224920866
  ],
  [
    1572220800000,
    16690.609430262157
  ],
  [
    1572307200000,
    4735.084111658914
  ],
  [
    1572393600000,
    4403.330168574645
  ],
  [
    1572480000000,
    2228.430396168415
  ],
  [
    1572566400000,
    4157.179420838915
  ],
  [
    1572652800000,
    1956.9129591497635
  ],
  [
    1572739200000,
    2048.7471080258056
  ],
  [
    1572825600000,
    2725.8422198265134
  ],
  [
    1572912000000,
    10145.82156744404
  ],
  [
    1572998400000,
    1569.9369304017252
  ],
  [
    1573084800000,
    3006.9678245027044
  ],
  [
    1573171200000,
    1597.2333925893176
  ],
  [
    1573257600000,
    3238.2727479924865
  ],
  [
    1573344000000,
    1862.2768032903127
  ],
  [
    1573430400000,
    8385.043399454384
  ],
  [
    1573516800000,
    12892.229513698974
  ],
  [
    1573603200000,
    5663.6186202574645
  ],
  [
    1573689600000,
    6044.429787647993
  ],
  [
    1573776000000,
    2026.2194869530626
  ],
  [
    1573862400000,
    3494.256461523563
  ],
  [
    1573948800000,
    3089.5702061167835
  ],
  [
    1574035200000,
    17546.525209480198
  ],
  [
    1574121600000,
    3623.3188214977117
  ],
  [
    1574208000000,
    7860.142279774494
  ],
  [
    1574294400000,
    4257.931263453852
  ],
  [
    1574380800000,
    1631.1306157309177
  ],
  [
    1574467200000,
    5995.575230578624
  ],
  [
    1574553600000,
    1543.6225970566118
  ],
  [
    1574640000000,
    428.5885691896365
  ],
  [
    1574726400000,
    466.89273823641724
  ],
  [
    1574812800000,
    1353.3374540870323
  ],
  [
    1574899200000,
    2010.974762621591
  ],
  [
    1574985600000,
    1035.408968804998
  ],
  [
    1575072000000,
    2893.6220744935863
  ],
  [
    1575158400000,
    1037.4250889332898
  ],
  [
    1575244800000,
    1094.4801353362698
  ],
  [
    1575331200000,
    9121.569771292296
  ],
  [
    1575417600000,
    7295.821226294522
  ],
  [
    1575504000000,
    284.86850798409574
  ],
  [
    1575590400000,
    519.8922132913237
  ],
  [
    1575676800000,
    2991.041703545176
  ],
  [
    1575763200000,
    1041.3343147731728
  ],
  [
    1575849600000,
    696.0608807174897
  ],
  [
    1575936000000,
    1222.453259432153
  ],
  [
    1576022400000,
    1864.8724086574218
  ],
  [
    1576108800000,
    2247.632167242811
  ],
  [
    1576195200000,
    618.6031276151749
  ],
  [
    1576281600000,
    528.9605363453052
  ],
  [
    1576368000000,
    486.86457481562246
  ],
  [
    1576454400000,
    699.7768720686094
  ],
  [
    1576540800000,
    612.7901346341876
  ],
  [
    1576627200000,
    1502.3342144015141
  ],
  [
    1576713600000,
    624.1781713970944
  ],
  [
    1576800000000,
    2065.867269551416
  ],
  [
    1576886400000,
    968.158227864375
  ],
  [
    1576972800000,
    1944.7719858842854
  ],
  [
    1577059200000,
    1221.7597671270535
  ],
  [
    1577145600000,
    110.90851993521355
  ],
  [
    1577232000000,
    1062.2127894582682
  ],
  [
    1577318400000,
    1141.224733657129
  ],
  [
    1577404800000,
    443.0097372573937
  ],
  [
    1577491200000,
    78.13120746383744
  ],
  [
    1577577600000,
    2962.9344628021363
  ],
  [
    1577664000000,
    1095.8223928234668
  ],
  [
    1577750400000,
    551.8863718909109
  ],
  [
    1577836800000,
    5721.847256485859
  ],
  [
    1577923200000,
    832.3774352071931
  ],
  [
    1578009600000,
    228.83280805443525
  ],
  [
    1578096000000,
    684.4104367027012
  ],
  [
    1578182400000,
    515.6389950908483
  ],
  [
    1578268800000,
    877.2177868781201
  ],
  [
    1578355200000,
    509.960053825301
  ],
  [
    1578441600000,
    402.09673562845956
  ],
  [
    1578528000000,
    1946.2963823632674
  ],
  [
    1578614400000,
    1431.0476609422844
  ],
  [
    1578700800000,
    281.9295067796508
  ],
  [
    1578787200000,
    4056.483485212996
  ],
  [
    1578873600000,
    973.7658518634312
  ],
  [
    1578960000000,
    302.4704097117993
  ],
  [
    1579046400000,
    1589.8957490949217
  ],
  [
    1579132800000,
    1105.2206195133663
  ],
  [
    1579219200000,
    1912.540902272956
  ],
  [
    1579305600000,
    891.1816128751556
  ],
  [
    1579392000000,
    848.3552279554237
  ],
  [
    1579478400000,
    2113.458981796546
  ],
  [
    1579564800000,
    1094.8703758505521
  ],
  [
    1579651200000,
    836.6837645839382
  ],
  [
    1579737600000,
    326.9350689363088
  ],
  [
    1579824000000,
    31.463889398880006
  ],
  [
    1579910400000,
    562.8259587191887
  ],
  [
    1579996800000,
    516.1478829305024
  ],
  [
    1580083200000,
    90.46289761543419
  ],
  [
    1580169600000,
    74.2589204055926
  ],
  [
    1580256000000,
    3203.6339232232444
  ],
  [
    1580342400000,
    6382.477977253449
  ],
  [
    1580428800000,
    1397.8201706679965
  ],
  [
    1580515200000,
    1390.2572688667565
  ],
  [
    1580601600000,
    1290.3524394547449
  ],
  [
    1580688000000,
    1287.2861384784148
  ],
  [
    1580774400000,
    1166.6472382304385
  ],
  [
    1580860800000,
    1356.7516584142088
  ],
  [
    1580947200000,
    1922.6809688070189
  ],
  [
    1581033600000,
    4675.603802886762
  ],
  [
    1581120000000,
    1160.0753185677688
  ],
  [
    1581206400000,
    1479.7546646528588
  ],
  [
    1581292800000,
    120472.14411617504
  ],
  [
    1581379200000,
    2575.361304380187
  ],
  [
    1581465600000,
    1596.6401470684186
  ],
  [
    1581552000000,
    3993.4892508466455
  ],
  [
    1581638400000,
    5270.360390138472
  ],
  [
    1581724800000,
    6087.229026250424
  ],
  [
    1581811200000,
    27323.759766129595
  ],
  [
    1581897600000,
    3346.2634039921186
  ],
  [
    1581984000000,
    3102.5633740835738
  ],
  [
    1582070400000,
    1532.1290417351493
  ],
  [
    1582156800000,
    4685.106075485518
  ],
  [
    1582243200000,
    12464.893914317181
  ],
  [
    1582329600000,
    1570.724251889791
  ],
  [
    1582416000000,
    2088.1851462923996
  ],
  [
    1582502400000,
    7547.27462411313
  ],
  [
    1582588800000,
    2202.8303792637794
  ],
  [
    1582675200000,
    43348.452202487984
  ],
  [
    1582761600000,
    28067.894210950948
  ],
  [
    1582848000000,
    4683.013945654045
  ],
  [
    1582934400000,
    665.8265790531552
  ],
  [
    1583020800000,
    1105.1976702017305
  ],
  [
    1583107200000,
    812.3917675869859
  ],
  [
    1583193600000,
    1302.0607834644434
  ],
  [
    1583280000000,
    788.9987381658912
  ],
  [
    1583366400000,
    1935.3200104585426
  ],
  [
    1583452800000,
    2277.9283818978133
  ],
  [
    1583539200000,
    2523.909281237466
  ],
  [
    1583625600000,
    482.2475425042584
  ],
  [
    1583712000000,
    2911.7922850657933
  ],
  [
    1583798400000,
    5288.953939403151
  ],
  [
    1583884800000,
    2032.590422514631
  ],
  [
    1583971200000,
    1023.8311986901276
  ],
  [
    1584057600000,
    2649.7957133824966
  ],
  [
    1584144000000,
    2889.840905113244
  ],
  [
    1584230400000,
    1027.028462909429
  ],
  [
    1584316800000,
    585.8670268276903
  ],
  [
    1584403200000,
    6162.779070858442
  ],
  [
    1584489600000,
    7659.012955471455
  ],
  [
    1584576000000,
    2461.5499999861654
  ],
  [
    1584662400000,
    3276.45443438009
  ],
  [
    1584748800000,
    1086.0301045796534
  ],
  [
    1584835200000,
    422.8436210277392
  ],
  [
    1584921600000,
    340.07503165751956
  ],
  [
    1585008000000,
    2948.193733742084
  ],
  [
    1585094400000,
    24.67541191508613
  ],
  [
    1585180800000,
    66.11448016428785
  ],
  [
    1585267200000,
    1265.3980512722878
  ],
  [
    1585353600000,
    1592.5460467133573
  ],
  [
    1585440000000,
    831.9572105872409
  ],
  [
    1585526400000,
    757.6739792635345
  ],
  [
    1585612800000,
    2224.508102123424
  ],
  [
    1585699200000,
    724.0263719178524
  ],
  [
    1585785600000,
    596.6476966342508
  ],
  [
    1585872000000,
    2802.8910858502613
  ],
  [
    1585958400000,
    1770.1916373143788
  ],
  [
    1586044800000,
    561.5640761443372
  ],
  [
    1586131200000,
    464.59854733814984
  ],
  [
    1586217600000,
    722.9644244362578
  ],
  [
    1586304000000,
    1235.34863354901
  ],
  [
    1586390400000,
    308.560407319297
  ],
  [
    1586476800000,
    649.059055182724
  ],
  [
    1586563200000,
    1284.1428533598278
  ],
  [
    1586649600000,
    1457.4717597858248
  ],
  [
    1586736000000,
    916.5635358693255
  ],
  [
    1586822400000,
    34524.851463538114
  ],
  [
    1586908800000,
    4789.937462187243
  ],
  [
    1586995200000,
    4196.206893419211
  ],
  [
    1587081600000,
    4214.920874204525
  ],
  [
    1587168000000,
    1179.581815417093
  ],
  [
    1587254400000,
    1555.4888442019478
  ],
  [
    1587340800000,
    1779.6845556375765
  ],
  [
    1587427200000,
    2422.104161656307
  ],
  [
    1587513600000,
    1142.9426480923569
  ],
  [
    1587600000000,
    868.6531008818697
  ],
  [
    1587686400000,
    12332.598259342414
  ],
  [
    1587772800000,
    2299.1674765241205
  ],
  [
    1587859200000,
    3602.1884285578326
  ],
  [
    1587945600000,
    1868.8812121499739
  ],
  [
    1588032000000,
    2502.7833505503168
  ],
  [
    1588118400000,
    2194.3994245753233
  ],
  [
    1588204800000,
    1908.3808136976768
  ],
  [
    1588291200000,
    1979.667907685644
  ],
  [
    1588377600000,
    1093.6770373722168
  ],
  [
    1588464000000,
    6592.468839862559
  ],
  [
    1588550400000,
    2406.739156808497
  ],
  [
    1588636800000,
    3296.3270298741395
  ],
  [
    1588723200000,
    1595.242961715768
  ],
  [
    1588809600000,
    3670.0150808147687
  ],
  [
    1588896000000,
    28830.780536518654
  ],
  [
    1588982400000,
    11344.250296708746
  ],
  [
    1589068800000,
    14304.772546342809
  ],
  [
    1589155200000,
    3023.836504894003
  ],
  [
    1589241600000,
    14579.280269102943
  ],
  [
    1589328000000,
    1579.843346712886
  ],
  [
    1589414400000,
    799.0421020835419
  ],
  [
    1589500800000,
    7628.0084112521545
  ],
  [
    1589587200000,
    1135.7087783002617
  ],
  [
    1589673600000,
    7187.279695334709
  ],
  [
    1589760000000,
    5009.464895256458
  ],
  [
    1589846400000,
    9269.900426741851
  ],
  [
    1589932800000,
    6188.493863605902
  ],
  [
    1590019200000,
    992.3697865675405
  ],
  [
    1590105600000,
    5558.5691967633775
  ],
  [
    1590192000000,
    1074.0408690343775
  ],
  [
    1590278400000,
    1184.5177075533104
  ],
  [
    1590364800000,
    3130.8251387125865
  ],
  [
    1590451200000,
    2348.1655928102396
  ],
  [
    1590537600000,
    1489.5236766732226
  ],
  [
    1590624000000,
    3604.57657272462
  ],
  [
    1590710400000,
    1881.8355967649272
  ],
  [
    1590796800000,
    1989.2473473859043
  ],
  [
    1590883200000,
    2586.5493658464775
  ],
  [
    1590969600000,
    1177.4219960693829
  ],
  [
    1591056000000,
    1763.145706666514
  ],
  [
    1591142400000,
    3832.620666726
  ],
  [
    1591228800000,
    1626.9026523059629
  ],
  [
    1591315200000,
    3472.752082819909
  ],
  [
    1591401600000,
    4077.810868807847
  ],
  [
    1591488000000,
    10855.150784680052
  ],
  [
    1591574400000,
    4417.195324886339
  ],
  [
    1591660800000,
    891.3500497908173
  ],
  [
    1591747200000,
    3627.0329462421955
  ],
  [
    1591833600000,
    1738.7982026199136
  ],
  [
    1591920000000,
    19425.437656694165
  ],
  [
    1592006400000,
    7559.100090913612
  ],
  [
    1592092800000,
    8581.59334441145
  ],
  [
    1592179200000,
    3049.837018176537
  ],
  [
    1592265600000,
    1590.866722638532
  ],
  [
    1592352000000,
    4061.699059047048
  ],
  [
    1592438400000,
    8317.51821819389
  ],
  [
    1592524800000,
    4652.750818063488
  ],
  [
    1592611200000,
    8833.613212759468
  ],
  [
    1592697600000,
    1250.5965439129532
  ],
  [
    1592784000000,
    2891.1797043611655
  ],
  [
    1592870400000,
    5587.387484110802
  ],
  [
    1592956800000,
    14429.588109325206
  ],
  [
    1593043200000,
    3387.3629532217897
  ],
  [
    1593129600000,
    2421.5219560036926
  ],
  [
    1593216000000,
    2413.967127463092
  ],
  [
    1593302400000,
    2035.215493413178
  ],
  [
    1593388800000,
    791.5087781169294
  ],
  [
    1593475200000,
    1952.1804980267345
  ],
  [
    1593561600000,
    3269.062790121119
  ],
  [
    1593648000000,
    7015.848938421264
  ],
  [
    1593734400000,
    5158.571763879829
  ],
  [
    1593820800000,
    2390.8769828949053
  ],
  [
    1593907200000,
    1280.1165091921675
  ],
  [
    1593993600000,
    1017.5082812987253
  ],
  [
    1594080000000,
    188.71867072151466
  ],
  [
    1594166400000,
    1216.5847863426222
  ],
  [
    1594252800000,
    3422.43657643189
  ],
  [
    1594339200000,
    2064.5438468593143
  ],
  [
    1594425600000,
    1696.4047398606679
  ],
  [
    1594512000000,
    3104.3136933456562
  ],
  [
    1594598400000,
    1673.7724018231106
  ],
  [
    1594684800000,
    12293.401629516047
  ],
  [
    1594771200000,
    2265.1074780754516
  ],
  [
    1594857600000,
    2869.9267968295717
  ],
  [
    1594944000000,
    1130.6339999473414
  ],
  [
    1595030400000,
    1278.7527551715082
  ],
  [
    1595116800000,
    2476.0089799880243
  ],
  [
    1595203200000,
    4031.406841106996
  ],
  [
    1595289600000,
    1571.3846451557379
  ],
  [
    1595376000000,
    607.4498194463987
  ],
  [
    1595462400000,
    4980.90692805397
  ],
  [
    1595548800000,
    1485.2587320104028
  ],
  [
    1595635200000,
    9536.576364967303
  ],
  [
    1595721600000,
    8841.404212661953
  ],
  [
    1595808000000,
    1982.8355776093945
  ],
  [
    1595894400000,
    5261.662705631924
  ],
  [
    1595980800000,
    37515.26825990715
  ],
  [
    1596067200000,
    8439.59135798789
  ],
  [
    1596153600000,
    19860.410054200394
  ],
  [
    1596240000000,
    85071.90119439173
  ],
  [
    1596326400000,
    6899.401733831765
  ],
  [
    1596412800000,
    5386.1502027487395
  ],
  [
    1596499200000,
    2352.7478956248556
  ],
  [
    1596585600000,
    18747.57043377294
  ],
  [
    1596672000000,
    5190.812814806668
  ],
  [
    1596758400000,
    14188.197354527447
  ],
  [
    1596844800000,
    2436.403816404386
  ],
  [
    1596931200000,
    5951.310811831955
  ],
  [
    1597017600000,
    2584.35232219893
  ],
  [
    1597104000000,
    7234.434744800158
  ],
  [
    1597190400000,
    6670.558903622332
  ],
  [
    1597276800000,
    6107.971846199722
  ],
  [
    1597363200000,
    3602.3623891643037
  ],
  [
    1597449600000,
    3685.3217538903805
  ],
  [
    1597536000000,
    3542.4623391777795
  ],
  [
    1597622400000,
    4720.573929392979
  ],
  [
    1597708800000,
    3746.84229110451
  ],
  [
    1597795200000,
    6185.92277415282
  ],
  [
    1597881600000,
    4732.666869473279
  ],
  [
    1597968000000,
    19113.731528549768
  ],
  [
    1598054400000,
    6272.218394105454
  ],
  [
    1598140800000,
    2158.915558273178
  ],
  [
    1598227200000,
    3038.0702461921987
  ],
  [
    1598313600000,
    6126.554420870778
  ],
  [
    1598400000000,
    17334.6951452416
  ],
  [
    1598486400000,
    460.8727958142681
  ],
  [
    1598572800000,
    1676.0690570858712
  ],
  [
    1598659200000,
    3096.0190116666736
  ],
  [
    1598745600000,
    2877.3185819902064
  ],
  [
    1598832000000,
    15228.37390346851
  ],
  [
    1598918400000,
    2359.532973311015
  ],
  [
    1599004800000,
    4775.834301744435
  ],
  [
    1599091200000,
    6074.620871611731
  ],
  [
    1599177600000,
    3590.4280417187606
  ],
  [
    1599264000000,
    839.0437559073092
  ],
  [
    1599350400000,
    3331.647590097412
  ],
  [
    1599436800000,
    1401.2397176258366
  ],
  [
    1599523200000,
    2001.5562853524807
  ],
  [
    1599609600000,
    1036.6597753943713
  ],
  [
    1599696000000,
    322.9038297960824
  ],
  [
    1599782400000,
    5279.007061512287
  ],
  [
    1599868800000,
    3779.638316279677
  ],
  [
    1599955200000,
    815.960343580303
  ],
  [
    1600041600000,
    638.3095386305255
  ],
  [
    1600128000000,
    1263.6411552133386
  ],
  [
    1600214400000,
    24.355911307074553
  ],
  [
    1600300800000,
    421.64982365056653
  ],
  [
    1600387200000,
    2.019036646465616
  ],
  [
    1600473600000,
    62.77540877578885
  ],
  [
    1600560000000,
    63.59152309093581
  ],
  [
    1600646400000,
    15.096451648502113
  ],
  [
    1600732800000,
    0.3812110277272654
  ],
  [
    1600819200000,
    2.498306957498949
  ],
  [
    1600905600000,
    0.025652162391092366
  ],
  [
    1601078400000,
    37.468991403675325
  ],
  [
    1601164800000,
    37.468991403675325
  ],
  [
    1601251200000,
    0.5351069179661969
  ],
  [
    1601337600000,
    71.15564143407319
  ],
  [
    1601424000000,
    3.424352689163071
  ],
  [
    1601510400000,
    3.4248083643310188
  ],
  [
    1601596800000,
    0.25286687056273316
  ],
  [
    1601683200000,
    3.3065399699285316
  ],
  [
    1601769600000,
    1.5964275082969568
  ],
  [
    1601942400000,
    207.38400673621473
  ],
  [
    1602028800000,
    207.38400673621473
  ],
  [
    1602115200000,
    2.5852587023877676
  ],
  [
    1602201600000,
    16.98058646851419
  ],
  [
    1602288000000,
    74.84820406629443
  ],
  [
    1602374400000,
    0.05273765156242947
  ],
  [
    1602460800000,
    17.06082012408649
  ],
  [
    1602547200000,
    0.9209400359111211
  ],
  [
    1602633600000,
    0.9209400359111211
  ],
  [
    1602806400000,
    0.12281108346416529
  ],
  [
    1602892800000,
    0.12281108346416529
  ],
  [
    1603238400000,
    0.3071605895938797
  ],
  [
    1603324800000,
    0.3071605895938797
  ],
  [
    1603411200000,
    1.8182733560173694
  ],
  [
    1603497600000,
    0.010277020237507553
  ],
  [
    1603843200000,
    13.890249474628282
  ],
  [
    1603929600000,
    13.890249474628282
  ],
  [
    1604448000000,
    0.07305422689437557
  ],
  [
    1604534400000,
    0.07305422689437557
  ],
  [
    1604620800000,
    1.3540863829503997
  ],
  [
    1604793600000,
    0.042330693005638825
  ],
  [
    1604880000000,
    0.042330693005638825
  ],
  [
    1604966400000,
    0.042364238295305987
  ],
  [
    1605052800000,
    8.495679963630751
  ],
  [
    1605139200000,
    7.266944816401897
  ],
  [
    1605484800000,
    2.2908023651222424
  ],
  [
    1605571200000,
    2.2908023651222424
  ],
  [
    1605657600000,
    7.1268987620145055
  ],
  [
    1605744000000,
    2.4288446755951147
  ],
  [
    1605830400000,
    3.0533553959773667
  ],
  [
    1605916800000,
    3.0533553959773667
  ],
  [
    1606089600000,
    0.7331959417285004
  ],
  [
    1606176000000,
    0.7331959417285004
  ],
  [
    1606262400000,
    82.87992410594597
  ],
  [
    1606348800000,
    4.274822735106961
  ],
  [
    1606435200000,
    0.7663566655093579
  ],
  [
    1606521600000,
    0.40648280085828215
  ],
  [
    1606608000000,
    0.059844633851574416
  ],
  [
    1606694400000,
    1.8248647484411025
  ],
  [
    1606780800000,
    1.647664352871363
  ],
  [
    1606867200000,
    1.920313558715844
  ],
  [
    1606953600000,
    0.5104870542375198
  ],
  [
    1607040000000,
    0.5055776368502132
  ],
  [
    1607126400000,
    0.017298848054761465
  ],
  [
    1607212800000,
    34.64250749444249
  ],
  [
    1607385600000,
    0.6318927906737279
  ],
  [
    1607472000000,
    0.6318927906737279
  ],
  [
    1607558400000,
    4.010528320577712
  ],
  [
    1607644800000,
    0.2391245522019581
  ],
  [
    1607731200000,
    0.2391245522019581
  ],
  [
    1607817600000,
    0.20108412087177427
  ],
  [
    1607904000000,
    0.20108412087177427
  ],
  [
    1607990400000,
    0.2021537122140444
  ],
  [
    1608076800000,
    0.13587971251058703
  ],
  [
    1608163200000,
    0.4425128132427051
  ],
  [
    1608422400000,
    0.3588868493369193
  ],
  [
    1608508800000,
    0.3588868493369193
  ],
  [
    1608595200000,
    3.420577225640384
  ],
  [
    1608681600000,
    0.0687228319102664
  ],
  [
    1608854400000,
    0.0905516123735485
  ],
  [
    1608940800000,
    0.0905516123735485
  ],
  [
    1609027200000,
    3.0517534524961825
  ],
  [
    1609113600000,
    3.0517534524961825
  ],
  [
    1609200000000,
    0.6372781841134479
  ],
  [
    1609286400000,
    0.8404971403614775
  ],
  [
    1609372800000,
    7.032231189759473
  ],
  [
    1609459200000,
    0.009735074678326166
  ],
  [
    1609545600000,
    0.009735074678326166
  ],
  [
    1609632000000,
    3.1822521349013586
  ],
  [
    1609718400000,
    13.898560885577764
  ],
  [
    1609804800000,
    2.9249197966338065
  ],
  [
    1609891200000,
    1.9734351682271951
  ],
  [
    1609977600000,
    1.2403429274891782
  ],
  [
    1610064000000,
    0.005644847509058355
  ],
  [
    1610150400000,
    8.382054537950404
  ],
  [
    1610323200000,
    3.986536059792797
  ],
  [
    1610409600000,
    3.986536059792797
  ],
  [
    1610496000000,
    3.056826182726154
  ],
  [
    1610582400000,
    1.4148845838691393
  ],
  [
    1610841600000,
    1.1997450337036426
  ],
  [
    1610928000000,
    1.1997450337036426
  ],
  [
    1611014400000,
    1.1621907426869853
  ],
  [
    1611100800000,
    0.09577303987280988
  ],
  [
    1611187200000,
    0.013396664329376543
  ],
  [
    1611273600000,
    0.07903002939005214
  ],
  [
    1611360000000,
    14.69992790370179
  ],
  [
    1611446400000,
    14.69992790370179
  ],
  [
    1611619200000,
    0.7176849058557204
  ],
  [
    1611705600000,
    0.7176849058557204
  ],
  [
    1611792000000,
    0.12021660581795647
  ],
  [
    1611878400000,
    3.3255723500957965
  ],
  [
    1611964800000,
    2.144567836775664
  ],
  [
    1612051200000,
    0.26200141954727796
  ],
  [
    1612137600000,
    4.1899669522234095
  ],
  [
    1612224000000,
    0.08289450300759073
  ],
  [
    1612310400000,
    1.4282087995971398
  ],
  [
    1612396800000,
    0.040483897773465026
  ],
  [
    1612483200000,
    0.1591641869889353
  ],
  [
    1612569600000,
    0.001442520180808717
  ],
  [
    1612656000000,
    0.001442520180808717
  ],
  [
    1612742400000,
    1.7789108478880231
  ],
  [
    1612828800000,
    1.7664472680305343
  ],
  [
    1612915200000,
    7.325335328164548
  ],
  [
    1613001600000,
    0.03029942249066002
  ],
  [
    1613088000000,
    147.167941462175
  ],
  [
    1613174400000,
    14.727529411075066
  ],
  [
    1613260800000,
    2.453929677740549
  ],
  [
    1613347200000,
    0.04647108985587217
  ],
  [
    1613433600000,
    0.5940370263057497
  ],
  [
    1613520000000,
    0.3706216238592517
  ],
  [
    1613606400000,
    0.015039310099409278
  ],
  [
    1613692800000,
    0.2268222133370282
  ],
  [
    1613779200000,
    0.08968856939542313
  ],
  [
    1613865600000,
    0.11675084800444356
  ],
  [
    1613952000000,
    0.11675084800444356
  ],
  [
    1614038400000,
    0.07259077758773586
  ],
  [
    1614124800000,
    0.5821722935381164
  ],
  [
    1614211200000,
    0.5821722935381164
  ],
  [
    1614297600000,
    0.4979168223124627
  ],
  [
    1614816000000,
    413.97475024269687
  ],
  [
    1614902400000,
    413.97475024269687
  ],
  [
    1614988800000,
    0.6097590912829717
  ],
  [
    1615075200000,
    0.06649956867356886
  ],
  [
    1615161600000,
    0.22689030862269513
  ],
  [
    1615248000000,
    32.373637619444935
  ],
  [
    1615334400000,
    0.14118589538029225
  ],
  [
    1615420800000,
    0.4246869044468195
  ],
  [
    1615507200000,
    0.4246869044468195
  ],
  [
    1616112000000,
    0.25863229643548735
  ],
  [
    1616198400000,
    0.25863229643548735
  ],
  [
    1616284800000,
    0.0014832828293231924
  ],
  [
    1616371200000,
    0.0014832828293231924
  ],
  [
    1616457600000,
    6.2470594268694795
  ],
  [
    1616544000000,
    1.00058072768994
  ],
  [
    1616976000000,
    1.0029959585671309
  ],
  [
    1617062400000,
    1.0029959585671309
  ],
  [
    1617148800000,
    4.508125407513067
  ],
  [
    1617235200000,
    13.33950910292402
  ],
  [
    1617321600000,
    13.33950910292402
  ],
  [
    1617494400000,
    3.9492504817543197
  ],
  [
    1617580800000,
    3.9492504817543197
  ],
  [
    1617667200000,
    0.9670348035720965
  ],
  [
    1617753600000,
    0.015926975494184963
  ],
  [
    1617840000000,
    2.4631090910297155
  ],
  [
    1617926400000,
    3.1057789674030256
  ],
  [
    1618012800000,
    3.1057789674030256
  ],
  [
    1618099200000,
    3.1023924034852506
  ],
  [
    1618185600000,
    0.22262237708804905
  ],
  [
    1618272000000,
    0.22262237708804905
  ],
  [
    1618358400000,
    0.3508251057254287
  ],
  [
    1618444800000,
    0.3508251057254287
  ],
  [
    1618531200000,
    0.6930203168705874
  ],
  [
    1618617600000,
    0.01790094458114687
  ],
  [
    1618704000000,
    3.0144278148530206
  ],
  [
    1618790400000,
    0.9860346793248644
  ],
  [
    1618876800000,
    0.3527035401392373
  ],
  [
    1618963200000,
    3.1886519079526616
  ],
  [
    1619049600000,
    0.04161052313735029
  ],
  [
    1619136000000,
    2.0096608116248293
  ],
  [
    1619222400000,
    0.0013344248133871865
  ],
  [
    1619395200000,
    4.300890465127942
  ],
  [
    1619481600000,
    4.300890465127942
  ],
  [
    1619568000000,
    2.1010200828759458
  ],
  [
    1619654400000,
    1.7471794796525315
  ],
  [
    1619740800000,
    5.9843157091323445
  ],
  [
    1619827200000,
    0.8775717954159481
  ],
  [
    1619913600000,
    0.5608603202971866
  ],
  [
    1620086400000,
    28.58763974585267
  ],
  [
    1620172800000,
    28.58763974585267
  ],
  [
    1620259200000,
    3.328428407609935
  ],
  [
    1620345600000,
    0.005414060953110057
  ],
  [
    1620432000000,
    0.005414060953110057
  ],
  [
    1620518400000,
    2.0007038048965193
  ],
  [
    1620604800000,
    2.0007038048965193
  ],
  [
    1620691200000,
    0.05382637896464947
  ],
  [
    1620777600000,
    11.069301838437173
  ],
  [
    1620864000000,
    11.069301838437173
  ],
  [
    1621296000000,
    22.65434283044588
  ],
  [
    1621382400000,
    22.65434283044588
  ],
  [
    1621468800000,
    8.45939305783963
  ],
  [
    1621555200000,
    6.405552861013006
  ],
  [
    1621814400000,
    1.609352905705905
  ],
  [
    1621900800000,
    1.609352905705905
  ],
  [
    1621987200000,
    0.7462824100995203
  ],
  [
    1622073600000,
    0.6805112951627947
  ],
  [
    1622592000000,
    0.10007779903572186
  ],
  [
    1622678400000,
    0.10007779903572186
  ],
  [
    1622851200000,
    0.06878135569661215
  ],
  [
    1622937600000,
    0.06878135569661215
  ],
  [
    1623024000000,
    0.07037219271238282
  ],
  [
    1623110400000,
    22.32307625142454
  ],
  [
    1623196800000,
    115.04746705862408
  ],
  [
    1623283200000,
    90.33578001130593
  ],
  [
    1623369600000,
    11.948294607435699
  ],
  [
    1623456000000,
    0.9171355251268308
  ],
  [
    1623542400000,
    0.3089903572590324
  ],
  [
    1623628800000,
    0.15651602819315866
  ],
  [
    1623715200000,
    2.557304767932011
  ],
  [
    1623801600000,
    2.557304767932011
  ],
  [
    1624406400000,
    3.594908734791048
  ],
  [
    1624492800000,
    3.594908734791048
  ],
  [
    1624579200000,
    0.022982582526932128
  ],
  [
    1624665600000,
    0.02107121136752379
  ],
  [
    1625356800000,
    0.11448616802525367
  ],
  [
    1625443200000,
    0.11448616802525367
  ],
  [
    1625788800000,
    252.63301891213624
  ],
  [
    1625875200000,
    252.63301891213624
  ],
  [
    1625961600000,
    5.173771848829661
  ],
  [
    1626048000000,
    0.002966412706398056
  ],
  [
    1626134400000,
    385.7934622640703
  ],
  [
    1626220800000,
    385.7934622640703
  ],
  [
    1626307200000,
    15.171725381986159
  ],
  [
    1626393600000,
    0.0013859457105736526
  ],
  [
    1626480000000,
    178.8827962104329
  ],
  [
    1626566400000,
    14.00240248372993
  ],
  [
    1626652800000,
    0.05084801761557828
  ],
  [
    1627257600000,
    0.15367156420717085
  ],
  [
    1627344000000,
    0.15367156420717085
  ],
  [
    1627603200000,
    0.004064245883518577
  ],
  [
    1627689600000,
    0.004064245883518577
  ],
  [
    1628035200000,
    3.5314803506517194
  ],
  [
    1628121600000,
    3.5314803506517194
  ],
  [
    1628208000000,
    3.0984939993204517
  ],
  [
    1628294400000,
    1.1425742754240953
  ],
  [
    1628380800000,
    1.1425742754240953
  ],
  [
    1628467200000,
    0.6299775430343839
  ],
  [
    1628553600000,
    1.058429067757277
  ],
  [
    1628640000000,
    0.3010614683243073
  ],
  [
    1628726400000,
    10.445564534510797
  ],
  [
    1628812800000,
    10.445564534510797
  ],
  [
    1628899200000,
    2.7315241091809046
  ],
  [
    1629244800000,
    1.7842745191904654
  ],
  [
    1629331200000,
    1.7842745191904654
  ],
  [
    1629417600000,
    15.01876462294195
  ],
  [
    1629504000000,
    12.448595910068827
  ],
  [
    1629590400000,
    0.018094270832805216
  ],
  [
    1629676800000,
    0.7577121316792862
  ],
  [
    1629763200000,
    0.7561792807156181
  ],
  [
    1630454400000,
    9.396641273284185
  ],
  [
    1630540800000,
    9.396641273284185
  ]
]