[
  [
    1512691200000,
    14192.3385405644
  ],
  [
    1512777600000,
    7193.82710160145
  ],
  [
    1512864000000,
    2066260.77037048
  ],
  [
    1512950400000,
    1340961.10893827
  ],
  [
    1513036800000,
    3299358.78638287
  ],
  [
    1513123200000,
    2421966.89941983
  ],
  [
    1513209600000,
    596193.099209009
  ],
  [
    1513296000000,
    979560.339991145
  ],
  [
    1513382400000,
    923829.614029877
  ],
  [
    1513468800000,
    235015.148333044
  ],
  [
    1513555200000,
    112827.487385197
  ],
  [
    1513641600000,
    89871.8593346346
  ],
  [
    1513728000000,
    234702.480634801
  ],
  [
    1513814400000,
    553749.116571577
  ],
  [
    1513900800000,
    327904.868712658
  ],
  [
    1513987200000,
    730814.381351112
  ],
  [
    1514073600000,
    2317752.3069694
  ],
  [
    1514160000000,
    44386.1179230838
  ],
  [
    1514246400000,
    145562.059473893
  ],
  [
    1514332800000,
    69913.6604422542
  ],
  [
    1514419200000,
    2387774.61402439
  ],
  [
    1514505600000,
    139539.014984377
  ],
  [
    1514592000000,
    44384.1321178882
  ],
  [
    1514678400000,
    13836.8351601358
  ],
  [
    1514764800000,
    61564.3021015285
  ],
  [
    1514851200000,
    950234.193195507
  ],
  [
    1514937600000,
    195719.39967388485
  ],
  [
    1515024000000,
    112653.7364164433
  ],
  [
    1515110400000,
    109355.96901933108
  ],
  [
    1515196800000,
    127567.73584293282
  ],
  [
    1515283200000,
    88241.50794469129
  ],
  [
    1515369600000,
    78532.64521792372
  ],
  [
    1515456000000,
    66271.75625267591
  ],
  [
    1515542400000,
    55166.13022782824
  ],
  [
    1515628800000,
    66656.95530422809
  ],
  [
    1515715200000,
    41585.70410098574
  ],
  [
    1515801600000,
    74327.76988666962
  ],
  [
    1515888000000,
    43116.0586522633
  ],
  [
    1515974400000,
    70721.28286654175
  ],
  [
    1516060800000,
    116141.76114032735
  ],
  [
    1516147200000,
    109038.84545806471
  ],
  [
    1516233600000,
    36086.551715896596
  ],
  [
    1516320000000,
    90213.03044494614
  ],
  [
    1516406400000,
    79800.08520058746
  ],
  [
    1516492800000,
    54857.57352606108
  ],
  [
    1516579200000,
    50109.3755717457
  ],
  [
    1516665600000,
    42765.334369644355
  ],
  [
    1516752000000,
    55495.62646344099
  ],
  [
    1516838400000,
    64320.378327466344
  ],
  [
    1516924800000,
    90546.82271835262
  ],
  [
    1517011200000,
    71769.24347400802
  ],
  [
    1517097600000,
    73470.16838168044
  ],
  [
    1517184000000,
    95248.94466773349
  ],
  [
    1517270714568,
    95972.59990583998
  ],
  [
    1517356800000,
    92249.22053072702
  ],
  [
    1517443200000,
    18250.44598720813
  ],
  [
    1517529600000,
    95099.18179954136
  ],
  [
    1517616000000,
    60705.71527081316
  ],
  [
    1517702400000,
    51577.66200808282
  ],
  [
    1517788800000,
    9167.45080557308
  ],
  [
    1517875200000,
    8301.423431780597
  ],
  [
    1517961600000,
    45472.87573502056
  ],
  [
    1518048312916,
    60414.83019084971
  ],
  [
    1518134400000,
    34249.95479122342
  ],
  [
    1518220800000,
    65020.58128560681
  ],
  [
    1518307200000,
    27081.845568296216
  ],
  [
    1518393600000,
    17331.369447210127
  ],
  [
    1518480000000,
    46385.04306954615
  ],
  [
    1518566400000,
    81756.33211172686
  ],
  [
    1518652800000,
    919.4939897149924
  ],
  [
    1518739200000,
    77799.59294199193
  ],
  [
    1518825600000,
    60888.120532743626
  ],
  [
    1518912000000,
    51338.91290822763
  ],
  [
    1518998400000,
    64929.9423381626
  ],
  [
    1519084800000,
    299577.2305078422
  ],
  [
    1519171200000,
    835131.3500621469
  ],
  [
    1519257600000,
    45405.41085570885
  ],
  [
    1519344000000,
    47505.331846475885
  ],
  [
    1519430400000,
    25886.752030026713
  ],
  [
    1519516800000,
    27712.822333313456
  ],
  [
    1519603200000,
    34139.99124092117
  ],
  [
    1519689600000,
    14714.962252168074
  ],
  [
    1519776000000,
    23752.783438456438
  ],
  [
    1519862400000,
    30553.517588971907
  ],
  [
    1519948800000,
    35443.16774733363
  ],
  [
    1520035200000,
    47061.195591788746
  ],
  [
    1520121600000,
    34283.754411355185
  ],
  [
    1520208000000,
    29179.786095452913
  ],
  [
    1520294400000,
    37694.083445767246
  ],
  [
    1520380800000,
    21357.78484382744
  ],
  [
    1520467200000,
    40263.740456919855
  ],
  [
    1520553600000,
    28164.114095678935
  ],
  [
    1520640000000,
    44394.17270357216
  ],
  [
    1520726400000,
    27976.82134479743
  ],
  [
    1520812800000,
    19115.812051483004
  ],
  [
    1520899200000,
    35390.72048293371
  ],
  [
    1520985600000,
    66496.0456138882
  ],
  [
    1521072000000,
    35560.23209727017
  ],
  [
    1521158400000,
    42825.88675959039
  ],
  [
    1521244800000,
    35533.60121634733
  ],
  [
    1521331200000,
    44671.52065166834
  ],
  [
    1521417600000,
    25530.89903886605
  ],
  [
    1521504000000,
    70495.21841371954
  ],
  [
    1521590400000,
    58137.38499886072
  ],
  [
    1521676800000,
    63557.24357436385
  ],
  [
    1521763200000,
    42726.24361105969
  ],
  [
    1521849600000,
    42636.748353274525
  ],
  [
    1521936000000,
    46944.20268544694
  ],
  [
    1522022400000,
    37655.6926782401
  ],
  [
    1522108800000,
    49607.052493530035
  ],
  [
    1522195200000,
    46008.31090630197
  ],
  [
    1522281600000,
    30817.263370386438
  ],
  [
    1522368000000,
    65592.23867146131
  ],
  [
    1522454400000,
    54485.44998391169
  ],
  [
    1522540800000,
    26759.458512183617
  ],
  [
    1522627200000,
    14859.722917313939
  ],
  [
    1522713600000,
    36420.30344613684
  ],
  [
    1522800000000,
    32576.025987387606
  ],
  [
    1522886400000,
    51055.24387394764
  ],
  [
    1522972800000,
    29204.241797311286
  ],
  [
    1523059200000,
    39144.02944293838
  ],
  [
    1523145600000,
    16088.420116935366
  ],
  [
    1523232000000,
    33706.383123245
  ],
  [
    1523318400000,
    30622.19659383867
  ],
  [
    1523404800000,
    41850.58792467854
  ],
  [
    1523491200000,
    39217.85342365903
  ],
  [
    1523577600000,
    36410.440069042976
  ],
  [
    1523664000000,
    63039.76471377279
  ],
  [
    1523750400000,
    66414.0933327912
  ],
  [
    1523836800000,
    22602.05569120885
  ],
  [
    1523923200000,
    30266.975908043383
  ],
  [
    1524009600000,
    74447.15662069169
  ],
  [
    1524096000000,
    401810.7485488964
  ],
  [
    1524182400000,
    510290.3873659454
  ],
  [
    1524268800000,
    167648.58030533968
  ],
  [
    1524355200000,
    613832.3839427338
  ],
  [
    1524441600000,
    112534.04636553161
  ],
  [
    1524528000000,
    182557.679738257
  ],
  [
    1524614400000,
    134219.35843922623
  ],
  [
    1524700800000,
    963896.422880501
  ],
  [
    1524787200000,
    137026.74369236437
  ],
  [
    1524873600000,
    69932.5073149903
  ],
  [
    1524960000000,
    48207.85484287548
  ],
  [
    1525046400000,
    151725.2965482392
  ],
  [
    1525132800000,
    51647.084039554924
  ],
  [
    1525219200000,
    27202.404019528
  ],
  [
    1525305600000,
    505722.55325982464
  ],
  [
    1525392000000,
    9415.783165936333
  ],
  [
    1525478400000,
    195415.91422457225
  ],
  [
    1525564800000,
    46125.28823951678
  ],
  [
    1525651200000,
    92834.62697573197
  ],
  [
    1525737600000,
    91031.57889339779
  ],
  [
    1525824000000,
    104436.36124101421
  ],
  [
    1525910400000,
    49194.2896044052
  ],
  [
    1525996800000,
    60548.15096437188
  ],
  [
    1526083200000,
    359302.85185614624
  ],
  [
    1526169600000,
    248245.99547813713
  ],
  [
    1526256000000,
    26236.61368857021
  ],
  [
    1526342400000,
    207087.29748878302
  ],
  [
    1526428800000,
    77012.68174467576
  ],
  [
    1526515200000,
    104158.94785756938
  ],
  [
    1526601600000,
    91695.68280336745
  ],
  [
    1526688000000,
    28644.193125688693
  ],
  [
    1526774400000,
    47109.18739605316
  ],
  [
    1526860800000,
    35090.55229067992
  ],
  [
    1526947200000,
    83502.39436726694
  ],
  [
    1527033600000,
    38457.38863543321
  ],
  [
    1527120000000,
    53796.70360871729
  ],
  [
    1527206400000,
    56067.26881019522
  ],
  [
    1527292800000,
    36176.34800755513
  ],
  [
    1527379200000,
    68566.90222545528
  ],
  [
    1527465600000,
    45232.81937133189
  ],
  [
    1527552000000,
    230203.89284959284
  ],
  [
    1527638400000,
    263038.29382886057
  ],
  [
    1527724800000,
    91966.27292932387
  ],
  [
    1527811200000,
    292970.19460791606
  ],
  [
    1527897600000,
    336014.34733843926
  ],
  [
    1527984000000,
    126550.11311792344
  ],
  [
    1528070400000,
    56656.91740430883
  ],
  [
    1528156800000,
    58021.41514222649
  ],
  [
    1528243200000,
    111826.93309551707
  ],
  [
    1528329600000,
    51572.50540116281
  ],
  [
    1528416000000,
    60936.92988491422
  ],
  [
    1528502400000,
    66664.95803844917
  ],
  [
    1528588800000,
    17503.33666843643
  ],
  [
    1528675200000,
    40410.45091289884
  ],
  [
    1528761600000,
    49126.25439576894
  ],
  [
    1528848000000,
    60718.52308890308
  ],
  [
    1528934400000,
    85221.07908028679
  ],
  [
    1529020800000,
    35685.44330886945
  ],
  [
    1529107200000,
    41089.512767697954
  ],
  [
    1529193600000,
    64503.43552865038
  ],
  [
    1529280000000,
    65035.35663797231
  ],
  [
    1529366400000,
    168534.89988650804
  ],
  [
    1529452800000,
    103424.6891518584
  ],
  [
    1529539200000,
    58072.83624120108
  ],
  [
    1529625600000,
    113608.39972132881
  ],
  [
    1529712000000,
    89165.98210219196
  ],
  [
    1529798400000,
    95118.63350301544
  ],
  [
    1529884800000,
    77925.32980121684
  ],
  [
    1529971200000,
    39571.27032037766
  ],
  [
    1530057600000,
    57821.87589261882
  ],
  [
    1530144000000,
    68329.5895532839
  ],
  [
    1530230400000,
    43106.20488961582
  ],
  [
    1530316800000,
    30345.863305139508
  ],
  [
    1530403200000,
    45828.20132884046
  ],
  [
    1530489600000,
    67131.70577375845
  ],
  [
    1530576000000,
    38583.82773425032
  ],
  [
    1530662400000,
    45426.875510855716
  ],
  [
    1530748800000,
    33685.9226404436
  ],
  [
    1530835200000,
    35668.29430564039
  ],
  [
    1530921600000,
    37312.95308830109
  ],
  [
    1531008000000,
    35312.469097311034
  ],
  [
    1531094400000,
    31837.29907138746
  ],
  [
    1531180800000,
    21957.738579475586
  ],
  [
    1531267200000,
    18152.287454506917
  ],
  [
    1531353600000,
    50698.1416499183
  ],
  [
    1531440000000,
    14208.633241078629
  ],
  [
    1531526400000,
    10115.926637591023
  ],
  [
    1531612800000,
    39887.173300170834
  ],
  [
    1531699200000,
    30537.47150751054
  ],
  [
    1531785600000,
    32432.872421683376
  ],
  [
    1531872000000,
    23608.130803907923
  ],
  [
    1531958400000,
    352099.59285631083
  ],
  [
    1532044800000,
    536432.059934915
  ],
  [
    1532131200000,
    61908.862522227144
  ],
  [
    1532217600000,
    30874.491649336116
  ],
  [
    1532304000000,
    25026.7360655349
  ],
  [
    1532390400000,
    24751.940428347138
  ],
  [
    1532476800000,
    54079.74195862649
  ],
  [
    1532563200000,
    34136.83896467017
  ],
  [
    1532649600000,
    31401.557968237194
  ],
  [
    1532736000000,
    32887.75823551275
  ],
  [
    1532822400000,
    16906.690104533114
  ],
  [
    1532908800000,
    17212.55912138463
  ],
  [
    1532995200000,
    43319.656304360426
  ],
  [
    1533081600000,
    50031.612314195
  ],
  [
    1533168000000,
    39856.98477695044
  ],
  [
    1533254400000,
    29131.465959767676
  ],
  [
    1533340800000,
    40988.83810152372
  ],
  [
    1533427200000,
    47589.66025245442
  ],
  [
    1533513600000,
    82533.86627066867
  ],
  [
    1533600000000,
    56773.0763624364
  ],
  [
    1533686400000,
    101769.16492088983
  ],
  [
    1533772800000,
    41185.364462179554
  ],
  [
    1533859200000,
    18232.87502869142
  ],
  [
    1533945600000,
    28955.415585596787
  ],
  [
    1534032000000,
    37048.7175697022
  ],
  [
    1534118400000,
    52899.63952251235
  ],
  [
    1534204800000,
    57975.82866746289
  ],
  [
    1534291200000,
    57809.94514232952
  ],
  [
    1534377600000,
    19717.93103437431
  ],
  [
    1534464000000,
    14536.683276693651
  ],
  [
    1534550400000,
    32509.533783085604
  ],
  [
    1534636800000,
    14654.856665143792
  ],
  [
    1534723200000,
    15855.02788512524
  ],
  [
    1534809600000,
    17965.392043823096
  ],
  [
    1534896000000,
    20450.207405821835
  ],
  [
    1534982400000,
    25921.05488111641
  ],
  [
    1535068800000,
    31786.160495771288
  ],
  [
    1535155200000,
    34714.56202270696
  ],
  [
    1535241600000,
    69744.04968868638
  ],
  [
    1535328000000,
    71770.41923013779
  ],
  [
    1535414400000,
    57885.683540446655
  ],
  [
    1535500800000,
    75051.55742340017
  ],
  [
    1535587200000,
    51469.5040133152
  ],
  [
    1535673600000,
    49649.35420664882
  ],
  [
    1535760000000,
    54468.53205961262
  ],
  [
    1535846400000,
    201515.50863249472
  ],
  [
    1535932800000,
    73253.32638413708
  ],
  [
    1536019200000,
    72934.00131399852
  ],
  [
    1536105600000,
    68820.59545575212
  ],
  [
    1536192000000,
    81138.3031011876
  ],
  [
    1536278400000,
    74434.48399893854
  ],
  [
    1536364800000,
    111678.08683134461
  ],
  [
    1536451200000,
    83299.44120677632
  ],
  [
    1536537600000,
    94182.55919144895
  ],
  [
    1536624000000,
    174516.32094569545
  ],
  [
    1536710400000,
    148934.2270122002
  ],
  [
    1536796800000,
    100778.79710479673
  ],
  [
    1536883200000,
    104458.62126909301
  ],
  [
    1536969600000,
    84184.48425081237
  ],
  [
    1537056000000,
    210278.67696300903
  ],
  [
    1537142400000,
    88822.65129342208
  ],
  [
    1537228800000,
    101618.26368761406
  ],
  [
    1537315200000,
    49681.97608187598
  ],
  [
    1537401600000,
    59368.3772176596
  ],
  [
    1537488000000,
    71647.31875523143
  ],
  [
    1537574400000,
    56468.8623228412
  ],
  [
    1537660800000,
    85362.7739903747
  ],
  [
    1537747200000,
    66255.79232198223
  ],
  [
    1537833600000,
    64147.44588265981
  ],
  [
    1537920000000,
    77730.10193938561
  ],
  [
    1538006400000,
    62567.73517832677
  ],
  [
    1538092800000,
    76554.01749003843
  ],
  [
    1538179200000,
    68209.00229865902
  ],
  [
    1538265600000,
    61906.244459813286
  ],
  [
    1538352000000,
    44132.564236328144
  ],
  [
    1538438400000,
    100200.0674867939
  ],
  [
    1538524800000,
    69959.14701864144
  ],
  [
    1538611200000,
    70286.3714007089
  ],
  [
    1538697600000,
    64714.304900275165
  ],
  [
    1538784000000,
    66289.47079012776
  ],
  [
    1538870400000,
    45936.92504233239
  ],
  [
    1538956800000,
    46028.39175686916
  ],
  [
    1539043200000,
    64973.1285643811
  ],
  [
    1539129600000,
    88448.97878443623
  ],
  [
    1539216000000,
    71987.68684789538
  ],
  [
    1539302400000,
    99638.45507714494
  ],
  [
    1539388800000,
    55102.246059179844
  ],
  [
    1539475200000,
    45860.80492341671
  ],
  [
    1539561600000,
    53731.7809360293
  ],
  [
    1539648000000,
    49594.556314920075
  ],
  [
    1539734400000,
    48032.18204122194
  ],
  [
    1539820800000,
    33686.718536366345
  ],
  [
    1539907200000,
    40912.43539578058
  ],
  [
    1539993600000,
    35312.8471056369
  ],
  [
    1540080000000,
    44682.3263239107
  ],
  [
    1540166400000,
    31327.064282191266
  ],
  [
    1540252800000,
    40479.28455102685
  ],
  [
    1540339200000,
    34011.80038186101
  ],
  [
    1540425600000,
    31085.098112141073
  ],
  [
    1540512000000,
    35213.59899486841
  ],
  [
    1540598400000,
    41291.2708674199
  ],
  [
    1540684800000,
    24475.133380007886
  ],
  [
    1540771200000,
    24718.17700829791
  ],
  [
    1540857600000,
    29409.05927448902
  ],
  [
    1540944000000,
    38257.286190444815
  ],
  [
    1541030400000,
    36286.164714267754
  ],
  [
    1541116800000,
    39685.11448343856
  ],
  [
    1541203200000,
    31004.470784097197
  ],
  [
    1541289600000,
    14856.111495210316
  ],
  [
    1541376000000,
    9814.638578419092
  ],
  [
    1541462400000,
    20526.20723995932
  ],
  [
    1541548800000,
    25486.62029421414
  ],
  [
    1541635200000,
    3260.3930696168354
  ],
  [
    1541721600000,
    2708.3846213817656
  ],
  [
    1541808000000,
    3081.34631617779
  ],
  [
    1541894400000,
    976.3938042076594
  ],
  [
    1541980800000,
    839.404655910879
  ],
  [
    1542067200000,
    1856.547951064769
  ],
  [
    1542153600000,
    15467.33830751693
  ],
  [
    1542240000000,
    2566.3498639204395
  ],
  [
    1542326400000,
    2373.0350901817624
  ],
  [
    1542412800000,
    5771.199051408503
  ],
  [
    1542499200000,
    12798.018256176138
  ],
  [
    1542585600000,
    1968.7209598682387
  ],
  [
    1542672000000,
    2480.5262720688715
  ],
  [
    1542758400000,
    485.6847039431409
  ],
  [
    1542844800000,
    1562.7599025032919
  ],
  [
    1542931200000,
    2506.3440811608943
  ],
  [
    1543017600000,
    1059.562679515607
  ],
  [
    1543104000000,
    663.475473912201
  ],
  [
    1543190400000,
    31874.238388691425
  ],
  [
    1543276800000,
    1644.7067372971833
  ],
  [
    1543363200000,
    3843.474868010153
  ],
  [
    1543449600000,
    553.6790062840067
  ],
  [
    1543536000000,
    1129.792146313757
  ],
  [
    1543622400000,
    18596.39280310901
  ],
  [
    1543708800000,
    129.42362676348895
  ],
  [
    1543795200000,
    4423.206970811148
  ],
  [
    1543881600000,
    906.9315051449687
  ],
  [
    1543968000000,
    5184.245414711815
  ],
  [
    1544054400000,
    12864.348918934
  ],
  [
    1544140800000,
    5178.550612539507
  ],
  [
    1544227200000,
    1020.3156046373903
  ],
  [
    1544313600000,
    5445.956318857436
  ],
  [
    1544400000000,
    3652.5332890936675
  ],
  [
    1544486400000,
    771.9054518821911
  ],
  [
    1544572800000,
    4019.1751677124817
  ],
  [
    1544659200000,
    4824.665830279694
  ],
  [
    1544745600000,
    10414.30450995644
  ],
  [
    1544832000000,
    1345.7341070173254
  ],
  [
    1544918400000,
    309.48900095155744
  ],
  [
    1545004800000,
    1101.4714089458953
  ],
  [
    1545091200000,
    7027.653451159787
  ],
  [
    1545177600000,
    6377.375159499778
  ],
  [
    1545264000000,
    11194.578785035383
  ],
  [
    1545350400000,
    8259.46779997855
  ],
  [
    1545436800000,
    5121.0280595107415
  ],
  [
    1545523200000,
    14010.323942112942
  ],
  [
    1545609600000,
    7999.581239820317
  ],
  [
    1545696000000,
    66.39672245703782
  ],
  [
    1545782400000,
    196.1550249978158
  ],
  [
    1545868800000,
    26630.451919722163
  ],
  [
    1545955200000,
    21732.68199588486
  ],
  [
    1546041600000,
    11782.405702394823
  ],
  [
    1546128000000,
    20711.530526008144
  ],
  [
    1546214400000,
    332.7104426036094
  ],
  [
    1546300800000,
    6312.35899972094
  ],
  [
    1546387200000,
    80.95972815351278
  ],
  [
    1546473600000,
    10335.16086386603
  ],
  [
    1546560000000,
    19937.60703249894
  ],
  [
    1546646400000,
    2619.756386803646
  ],
  [
    1546732800000,
    159.73869581568124
  ],
  [
    1546819200000,
    20.123870053204403
  ],
  [
    1546905600000,
    92.04847557479935
  ],
  [
    1546992000000,
    434.3606637854661
  ],
  [
    1547078400000,
    168.8740888068044
  ],
  [
    1547164800000,
    423.62599008293785
  ],
  [
    1547251200000,
    1011.0886538793601
  ],
  [
    1547337600000,
    112.18952448576086
  ],
  [
    1547424000000,
    1427.3503879422096
  ],
  [
    1547510400000,
    9.397018857167595
  ],
  [
    1547596800000,
    1.645712721456439
  ],
  [
    1547683200000,
    32.32325894786166
  ],
  [
    1547769600000,
    173.04713782459729
  ],
  [
    1547856000000,
    1425.9348815092064
  ],
  [
    1547942400000,
    990.5891240880231
  ],
  [
    1548028800000,
    88.71022337194685
  ],
  [
    1548115200000,
    558.1884302326326
  ],
  [
    1548201600000,
    107.96999610823286
  ],
  [
    1548288000000,
    238.7992409332059
  ],
  [
    1548374400000,
    1069.314175409462
  ],
  [
    1548460800000,
    513.3164129983526
  ],
  [
    1548547200000,
    187.02199666930255
  ],
  [
    1548633600000,
    322.0170934928897
  ],
  [
    1548720000000,
    150.30718113111809
  ],
  [
    1548806400000,
    1974.7388697719966
  ],
  [
    1548892800000,
    130.24404228489652
  ],
  [
    1548979200000,
    274.5261540826664
  ],
  [
    1549065600000,
    332.71359255519616
  ],
  [
    1549152000000,
    74.56202847331616
  ],
  [
    1549238400000,
    85.84201012262996
  ],
  [
    1549324800000,
    212.45218999139448
  ],
  [
    1549411200000,
    143.04682798668694
  ],
  [
    1549497600000,
    126.82200489154248
  ],
  [
    1549584000000,
    491.68513937026574
  ],
  [
    1549670400000,
    217.45605759192696
  ],
  [
    1549756800000,
    135.2749059338948
  ],
  [
    1549843200000,
    1488.0986234406623
  ],
  [
    1549929600000,
    130.83532414566528
  ],
  [
    1550016000000,
    181.51835909783478
  ],
  [
    1550102400000,
    85.9316618303861
  ],
  [
    1550188800000,
    78.22562603769818
  ],
  [
    1550275200000,
    94.55442511581299
  ],
  [
    1550361600000,
    89.63839419965211
  ],
  [
    1550448000000,
    166.9786259701818
  ],
  [
    1550534400000,
    70.95839476424099
  ],
  [
    1550620800000,
    70.4890629913793
  ],
  [
    1550707200000,
    48.42629243314692
  ],
  [
    1550793600000,
    51.65052667991488
  ],
  [
    1550880000000,
    59.83913667567893
  ],
  [
    1550966400000,
    91.7682943236666
  ],
  [
    1551052800000,
    33.125013611749154
  ],
  [
    1551139200000,
    40.13040320652732
  ],
  [
    1551225600000,
    28.478122482428503
  ],
  [
    1551312000000,
    42.24734124908543
  ],
  [
    1551398400000,
    41.71764461672623
  ],
  [
    1551484800000,
    58.9991222030034
  ],
  [
    1551571200000,
    53.59031515288186
  ],
  [
    1551657600000,
    66.52376882198837
  ],
  [
    1551744000000,
    77.97896719522947
  ],
  [
    1551830400000,
    301.4125319520092
  ],
  [
    1551916800000,
    1462.6129640914257
  ],
  [
    1552003200000,
    1308.372123863546
  ],
  [
    1552089600000,
    572.2121166717385
  ],
  [
    1552176000000,
    158.6421382598115
  ],
  [
    1552262400000,
    113.78626953540478
  ],
  [
    1552348800000,
    41.33618422553156
  ],
  [
    1552435200000,
    0.19945684972287778
  ],
  [
    1552521600000,
    19.810344633411297
  ],
  [
    1552608000000,
    7.485837214003063
  ],
  [
    1552694400000,
    34.14813584497283
  ],
  [
    1552780800000,
    74.8471275075554
  ],
  [
    1552867200000,
    1.8824389127013816
  ],
  [
    1552953600000,
    41.97691879260259
  ],
  [
    1553040000000,
    97.48125306157894
  ],
  [
    1553126400000,
    12.466152604050976
  ],
  [
    1553212800000,
    6.2018935797201795
  ],
  [
    1553299200000,
    0
  ],
  [
    1553385600000,
    24.275976771002114
  ],
  [
    1553472000000,
    49.33484997745651
  ],
  [
    1553558400000,
    34.80747078417772
  ],
  [
    1553644800000,
    2.646388228456213
  ],
  [
    1553731200000,
    83.33338440010745
  ],
  [
    1553817600000,
    4.794162507971357
  ],
  [
    1553904000000,
    2.9606242794622486
  ],
  [
    1553990400000,
    0
  ],
  [
    1554076800000,
    10.736316997792827
  ],
  [
    1554163200000,
    15.947941588997441
  ],
  [
    1554249600000,
    62.75683080263235
  ],
  [
    1554336000000,
    18.339615738061866
  ],
  [
    1554422400000,
    45.04227455139516
  ],
  [
    1554508800000,
    7.799603337582113
  ],
  [
    1554595200000,
    11.872876436485933
  ],
  [
    1554681600000,
    82.3260238370686
  ],
  [
    1554768000000,
    22.299889024996087
  ],
  [
    1554854400000,
    125.60301853633466
  ],
  [
    1554940800000,
    0
  ],
  [
    1555027200000,
    27.082634404731593
  ],
  [
    1555113600000,
    7.251310769808988
  ],
  [
    1555200000000,
    67.10238322573679
  ],
  [
    1555286400000,
    1.926297432390796
  ],
  [
    1555372800000,
    0
  ],
  [
    1555459200000,
    2.8422362882133436
  ],
  [
    1555545600000,
    13.580009568681028
  ],
  [
    1555632000000,
    121.21940102207446
  ],
  [
    1555718400000,
    11.378800582657504
  ],
  [
    1555804800000,
    3.8879083926451328
  ],
  [
    1555891200000,
    14.729957250246008
  ],
  [
    1555977600000,
    15.571245559207153
  ],
  [
    1556064000000,
    38.46644518437869
  ],
  [
    1556150400000,
    1.2084361073110144
  ],
  [
    1556236800000,
    3.5721084005449204
  ],
  [
    1556323200000,
    0
  ],
  [
    1556409600000,
    0.7687927620134305
  ],
  [
    1556496000000,
    0
  ],
  [
    1556582400000,
    1.1861598504397366
  ],
  [
    1556668800000,
    1.3219081019815455
  ],
  [
    1556755200000,
    2.055165160724188
  ],
  [
    1556841600000,
    2.057759302561623
  ],
  [
    1559001600000,
    2.057759302561623
  ],
  [
    1559088000000,
    2.057759302561623
  ],
  [
    1559174400000,
    2.057759302561623
  ],
  [
    1559260800000,
    2.057759302561623
  ],
  [
    1559347200000,
    2.057759302561623
  ],
  [
    1559433600000,
    2.057759302561623
  ],
  [
    1559520000000,
    2.057759302561623
  ],
  [
    1559606400000,
    2.057759302561623
  ],
  [
    1559692800000,
    2.057759302561623
  ],
  [
    1559779200000,
    2.057759302561623
  ],
  [
    1559865600000,
    2.057759302561623
  ],
  [
    1559952000000,
    2.057759302561623
  ],
  [
    1560038400000,
    2.057759302561623
  ],
  [
    1560124800000,
    2.057759302561623
  ],
  [
    1560211200000,
    2.057759302561623
  ],
  [
    1560297600000,
    2.057759302561623
  ],
  [
    1560470400000,
    0
  ],
  [
    1560902400000,
    0
  ],
  [
    1560988800000,
    0
  ],
  [
    1561075200000,
    0
  ],
  [
    1561680000000,
    7.053749941425625
  ],
  [
    1561852800000,
    14.96072908830593
  ],
  [
    1562371200000,
    8.85093820378468
  ],
  [
    1562457600000,
    0.012541885235364415
  ],
  [
    1562544000000,
    0
  ],
  [
    1562630400000,
    5.871661737782908
  ],
  [
    1562716800000,
    2.022453977891367
  ],
  [
    1562803200000,
    0
  ],
  [
    1562889600000,
    3.4465164761410554
  ],
  [
    1562976000000,
    1.3281783737992667
  ],
  [
    1563062400000,
    0
  ],
  [
    1563148800000,
    2.571387000406666
  ],
  [
    1563235200000,
    1.2531790653614503
  ],
  [
    1563321600000,
    0
  ],
  [
    1563408000000,
    0.19498768128255115
  ],
  [
    1563494400000,
    0.00014613410323077643
  ],
  [
    1563580800000,
    0.0001441366939348914
  ],
  [
    1563753600000,
    0.044024342565318786
  ],
  [
    1563840000000,
    0
  ],
  [
    1563926400000,
    0.00390361508946735
  ],
  [
    1564012800000,
    0.6547501460955587
  ],
  [
    1564099200000,
    0
  ],
  [
    1564185600000,
    0.01180659060498333
  ],
  [
    1564272000000,
    0
  ],
  [
    1564444800000,
    0.11626169691707366
  ],
  [
    1564531200000,
    9.873236574417833
  ],
  [
    1564617600000,
    55.37095645849384
  ],
  [
    1564704000000,
    4.157908773395238
  ],
  [
    1564790400000,
    1888.8219626522402
  ],
  [
    1564876800000,
    55.28663171631028
  ],
  [
    1564963200000,
    0
  ],
  [
    1565049600000,
    1.2258622256490015
  ],
  [
    1565136000000,
    0
  ],
  [
    1565222400000,
    153.46924547147626
  ],
  [
    1565308800000,
    215.26024049630354
  ],
  [
    1565395200000,
    6.643442063098693
  ],
  [
    1565481600000,
    110.7158078536109
  ],
  [
    1565568000000,
    36.77890986049367
  ],
  [
    1565654400000,
    50.37635830929027
  ],
  [
    1565740800000,
    4.560826778708683
  ],
  [
    1565827200000,
    2.264682619534267
  ],
  [
    1565913600000,
    2.3377541434259643
  ],
  [
    1566000000000,
    3.109438812950425
  ],
  [
    1566086400000,
    0.6306372991532682
  ],
  [
    1566172800000,
    2.1063577326113156
  ],
  [
    1566259200000,
    0
  ],
  [
    1566432000000,
    4.360756465468756
  ],
  [
    1566518400000,
    0
  ],
  [
    1566604800000,
    2.880606102260408
  ],
  [
    1566691200000,
    41.468700498054275
  ],
  [
    1566777600000,
    12.990907279526361
  ],
  [
    1566864000000,
    14.1903650487716
  ],
  [
    1566950400000,
    2.0078197623857235
  ],
  [
    1567036800000,
    0
  ],
  [
    1567123200000,
    21.3534821105145
  ],
  [
    1567209600000,
    26.561182366970595
  ],
  [
    1567296000000,
    0.273953783732382
  ],
  [
    1567382400000,
    2.547686722845433
  ],
  [
    1567468800000,
    0
  ],
  [
    1567555200000,
    14.443181847802403
  ],
  [
    1567641600000,
    0
  ],
  [
    1567728000000,
    0
  ],
  [
    1567814400000,
    5.4721661105832995
  ],
  [
    1567900800000,
    0
  ],
  [
    1567987200000,
    0.11005380156236615
  ],
  [
    1568073600000,
    0
  ],
  [
    1568160000000,
    0.007654787457171506
  ],
  [
    1568246400000,
    39.27659161424763
  ],
  [
    1568332800000,
    0
  ],
  [
    1568419200000,
    0
  ],
  [
    1568505600000,
    0.187461656927919
  ],
  [
    1568592000000,
    0.025779043564641637
  ],
  [
    1568678400000,
    0
  ],
  [
    1568764800000,
    0.03873592095631154
  ],
  [
    1568851200000,
    0
  ],
  [
    1568937600000,
    2.0833313830247753
  ],
  [
    1569024000000,
    11.293799511012377
  ],
  [
    1569110400000,
    4.342653914420283
  ],
  [
    1569196800000,
    0
  ],
  [
    1569283200000,
    0.002507554355549133
  ],
  [
    1569369600000,
    0.0025008214876772344
  ],
  [
    1569456000000,
    1.5961086752317482
  ],
  [
    1569542400000,
    3.1965977049073415
  ],
  [
    1569628800000,
    0.004959164235843546
  ],
  [
    1569715200000,
    128.61548932660958
  ],
  [
    1569801600000,
    6.819190772704883
  ],
  [
    1569888000000,
    0.22385797336177363
  ],
  [
    1569974400000,
    5.860410473356727
  ],
  [
    1570060800000,
    0
  ],
  [
    1570147200000,
    0.04563296273207854
  ],
  [
    1570233600000,
    0.04796739576683702
  ],
  [
    1570320000000,
    0.4454019211050913
  ],
  [
    1570406400000,
    0
  ],
  [
    1570492800000,
    0
  ],
  [
    1570579200000,
    0
  ],
  [
    1570665600000,
    0
  ],
  [
    1570752000000,
    0
  ],
  [
    1570838400000,
    2.0804660076461197
  ],
  [
    1570924800000,
    0
  ],
  [
    1571011200000,
    1.464095266358672
  ],
  [
    1571097600000,
    0.9029663750984078
  ],
  [
    1571184000000,
    4.052151598028015
  ],
  [
    1571270400000,
    0
  ],
  [
    1571356800000,
    6.706959579569781
  ],
  [
    1571443200000,
    5.432528703813797
  ],
  [
    1571529600000,
    1.991761740736274
  ],
  [
    1571616000000,
    0.8225046378013248
  ],
  [
    1571702400000,
    0
  ],
  [
    1571788800000,
    14.334039378614921
  ],
  [
    1571875200000,
    53.62394161781391
  ],
  [
    1571961600000,
    6.455721628274715
  ],
  [
    1572048000000,
    0.8393351096525554
  ],
  [
    1572134400000,
    27.261794419396576
  ],
  [
    1572220800000,
    0
  ],
  [
    1572307200000,
    1.4101478125804516
  ],
  [
    1572393600000,
    1.2677457419423164
  ],
  [
    1572480000000,
    0
  ],
  [
    1572566400000,
    0
  ],
  [
    1572652800000,
    0.47299579677327386
  ],
  [
    1572739200000,
    0.4726726639758017
  ],
  [
    1572825600000,
    8.812371034612525
  ],
  [
    1572912000000,
    0
  ],
  [
    1572998400000,
    0.9373520742386342
  ],
  [
    1573084800000,
    0.36306757060925593
  ],
  [
    1573171200000,
    0
  ],
  [
    1573257600000,
    0
  ],
  [
    1573344000000,
    0
  ],
  [
    1573430400000,
    0.1522877909427017
  ],
  [
    1573516800000,
    0.07596963450660522
  ],
  [
    1573603200000,
    0.012128860313610693
  ],
  [
    1573689600000,
    0
  ],
  [
    1573776000000,
    0.1497762975007935
  ],
  [
    1573862400000,
    0
  ],
  [
    1574121600000,
    0.09181644499035847
  ],
  [
    1574208000000,
    7.390886047222753
  ],
  [
    1574294400000,
    1.5375394014594257
  ],
  [
    1574380800000,
    0.016713664532694638
  ],
  [
    1574467200000,
    0
  ],
  [
    1574553600000,
    2.0961452740656097
  ],
  [
    1574640000000,
    0
  ],
  [
    1574726400000,
    0
  ],
  [
    1574812800000,
    0
  ],
  [
    1574899200000,
    12.93541179171482
  ],
  [
    1574985600000,
    12.93541179171482
  ],
  [
    1575072000000,
    18.660577522339327
  ],
  [
    1575158400000,
    0
  ],
  [
    1575244800000,
    0.07772935470290433
  ],
  [
    1575331200000,
    45.3542936652686
  ],
  [
    1575417600000,
    0
  ],
  [
    1575504000000,
    0
  ],
  [
    1575590400000,
    0
  ],
  [
    1575676800000,
    0
  ],
  [
    1575763200000,
    0
  ],
  [
    1575849600000,
    1.7313344344446806
  ],
  [
    1575936000000,
    21.677640489453662
  ],
  [
    1576022400000,
    0
  ],
  [
    1576108800000,
    0.3070782722222051
  ],
  [
    1576195200000,
    0
  ],
  [
    1576281600000,
    0
  ],
  [
    1576368000000,
    0
  ],
  [
    1576454400000,
    0
  ],
  [
    1576540800000,
    0.012360520120222528
  ],
  [
    1576627200000,
    0.9961283623339495
  ],
  [
    1576713600000,
    0.6989403150195608
  ],
  [
    1576800000000,
    0
  ],
  [
    1576886400000,
    30.889328224023764
  ],
  [
    1576972800000,
    0
  ],
  [
    1577059200000,
    0
  ],
  [
    1577145600000,
    7.786968217322797
  ],
  [
    1577232000000,
    0
  ],
  [
    1577318400000,
    23.414379149846276
  ],
  [
    1577404800000,
    0
  ],
  [
    1577491200000,
    0.4173326654945372
  ],
  [
    1577664000000,
    0
  ],
  [
    1577750400000,
    1.4994823605198528
  ],
  [
    1577836800000,
    1.2099940007221788
  ],
  [
    1577923200000,
    0
  ],
  [
    1578009600000,
    1.4424272312945454
  ],
  [
    1578096000000,
    1.4349663254210463
  ],
  [
    1578182400000,
    5.351108731326202
  ],
  [
    1578268800000,
    0.02978878794205119
  ],
  [
    1578355200000,
    0
  ],
  [
    1578441600000,
    8.515851679205452
  ],
  [
    1578528000000,
    8.79241026811028
  ],
  [
    1578614400000,
    0
  ],
  [
    1578700800000,
    3.1664064914547025
  ],
  [
    1578787200000,
    5.860113787792305
  ],
  [
    1578873600000,
    0
  ],
  [
    1578960000000,
    23.990915551926474
  ],
  [
    1579132800000,
    5.77876830364442
  ],
  [
    1579219200000,
    8.530423478267082
  ],
  [
    1579392000000,
    0.06377517903498552
  ],
  [
    1579478400000,
    2.507703352321893
  ],
  [
    1579564800000,
    7.539965852478257
  ],
  [
    1579651200000,
    7.536145507274253
  ],
  [
    1579737600000,
    5.056939083868046
  ],
  [
    1579824000000,
    0.038744645943306906
  ],
  [
    1579910400000,
    0.03887014800184126
  ],
  [
    1579996800000,
    0.0001467350541797458
  ],
  [
    1580083200000,
    1.025540866043497
  ],
  [
    1580169600000,
    2.397399118206258
  ],
  [
    1580256000000,
    6.097462786763514
  ],
  [
    1580342400000,
    1.612098917115542
  ],
  [
    1580515200000,
    0.696277452598167
  ],
  [
    1580601600000,
    1.9877019116449817
  ],
  [
    1580774400000,
    7.435695141317993
  ],
  [
    1580860800000,
    16.039179559262198
  ],
  [
    1580947200000,
    9.296287159561547
  ],
  [
    1581033600000,
    1.3569363742918845
  ],
  [
    1581120000000,
    2.7062337705847583
  ],
  [
    1581206400000,
    3.401042541793622
  ],
  [
    1581292800000,
    0.022222413314154248
  ],
  [
    1581379200000,
    0.6094238777614768
  ],
  [
    1581465600000,
    0.42033536581237335
  ],
  [
    1581552000000,
    0.6754552734895158
  ],
  [
    1581638400000,
    1.0506496638540461
  ],
  [
    1581724800000,
    0.001886260042235869
  ],
  [
    1582070400000,
    1.1562104748587207
  ],
  [
    1582156800000,
    24.59891980613215
  ],
  [
    1582243200000,
    0.025979610105092452
  ],
  [
    1582329600000,
    0.031185624637254186
  ],
  [
    1582416000000,
    0.43404980022767914
  ],
  [
    1583020800000,
    0.1633946110567586
  ],
  [
    1583107200000,
    0.12505066687376043
  ],
  [
    1583366400000,
    0.028531844507125332
  ],
  [
    1583452800000,
    31.944057071210768
  ],
  [
    1583539200000,
    0.20124101720955595
  ],
  [
    1583712000000,
    0.9947242401240709
  ],
  [
    1583798400000,
    182.45643421455216
  ],
  [
    1583884800000,
    2.4681895725135274
  ],
  [
    1583971200000,
    0.4381067246514806
  ],
  [
    1584057600000,
    2.92797565746446
  ],
  [
    1584144000000,
    0.15704581758955702
  ],
  [
    1584230400000,
    0.5147022357257316
  ],
  [
    1584316800000,
    0.8681001351666582
  ],
  [
    1584403200000,
    0.7998497377278962
  ],
  [
    1584489600000,
    0.8307691035814316
  ],
  [
    1584662400000,
    1.8629274945074656
  ],
  [
    1584748800000,
    0.2916371168356762
  ],
  [
    1584835200000,
    0.1631161551009122
  ],
  [
    1584921600000,
    0.33933680443370007
  ],
  [
    1585094400000,
    2.690811631658824
  ],
  [
    1585180800000,
    2.6669308499261404
  ],
  [
    1585267200000,
    0.01803057625704999
  ],
  [
    1585353600000,
    0.1310616938319349
  ],
  [
    1585440000000,
    0.05924816802948071
  ],
  [
    1585526400000,
    0.0055944665163120706
  ],
  [
    1585612800000,
    0.006435325902576485
  ],
  [
    1585699200000,
    1.6410804826858705
  ],
  [
    1585958400000,
    1.0163609328946157
  ],
  [
    1586044800000,
    6.153647665020845
  ],
  [
    1586131200000,
    1.9030001565081276
  ],
  [
    1586217600000,
    0.0264752337456146
  ],
  [
    1586390400000,
    15.299483224878418
  ],
  [
    1586476800000,
    0.30489064816247335
  ],
  [
    1586736000000,
    2.7698722732418726
  ],
  [
    1586908800000,
    7.882815083717392
  ],
  [
    1586995200000,
    2.5746321436662436
  ],
  [
    1587081600000,
    0.13466179699802613
  ],
  [
    1587168000000,
    0.08234725973479258
  ],
  [
    1587254400000,
    2.6910048989305975
  ],
  [
    1587427200000,
    9.245857622742879
  ],
  [
    1587513600000,
    0.4768336775404675
  ],
  [
    1587686400000,
    1.6990250961780462
  ],
  [
    1587945600000,
    0.3926420433362712
  ],
  [
    1588032000000,
    0.39430253463283843
  ],
  [
    1588118400000,
    0.16302272013435296
  ],
  [
    1588204800000,
    4.706756332492049
  ],
  [
    1588291200000,
    10.80728852001726
  ],
  [
    1588377600000,
    0.18714321988622432
  ],
  [
    1588464000000,
    0.4975007748666787
  ],
  [
    1588550400000,
    1.1573845163636087
  ],
  [
    1588636800000,
    0.41842729810743823
  ],
  [
    1588723200000,
    0.00432785763340576
  ],
  [
    1588809600000,
    1.1120377258683598
  ],
  [
    1588896000000,
    2.1390963374898084
  ],
  [
    1589241600000,
    2.2182486099417327
  ],
  [
    1589932800000,
    0.2604288509969781
  ],
  [
    1590019200000,
    0.04303256160166461
  ],
  [
    1590796800000,
    1.129493202229918
  ],
  [
    1590883200000,
    0.12796826016167287
  ],
  [
    1590969600000,
    0.993260066991482
  ],
  [
    1591228800000,
    0.22337966413277133
  ],
  [
    1591315200000,
    0.005178262755011853
  ],
  [
    1591574400000,
    0.0029566267964635145
  ],
  [
    1591660800000,
    0.0029566267964635145
  ],
  [
    1591920000000,
    1.3584867551256476
  ],
  [
    1592006400000,
    1.3584867551256476
  ],
  [
    1592438400000,
    0.04797092547846944
  ],
  [
    1592524800000,
    0.04797092547846944
  ],
  [
    1592611200000,
    2.808570209651952
  ],
  [
    1592697600000,
    2.808570209651952
  ],
  [
    1592956800000,
    4.551035756414688
  ],
  [
    1593043200000,
    4.551035756414688
  ],
  [
    1593129600000,
    4.540520895453584
  ],
  [
    1594425600000,
    1.6625248975771154
  ],
  [
    1594512000000,
    1.6625248975771154
  ],
  [
    1594598400000,
    0.9300681083887684
  ],
  [
    1594684800000,
    0.9822786242133167
  ],
  [
    1594771200000,
    1.8474811133757951
  ],
  [
    1594857600000,
    1.8474811133757951
  ],
  [
    1595203200000,
    4.328400320475543
  ],
  [
    1595289600000,
    4.328400320475543
  ],
  [
    1595376000000,
    1.0131547787017081
  ],
  [
    1595462400000,
    0.14141655331718886
  ],
  [
    1595548800000,
    1.1266960320833268
  ],
  [
    1595635200000,
    1.1234796497774735
  ],
  [
    1595721600000,
    0.06909523908763353
  ],
  [
    1595808000000,
    1.3260032118555802
  ],
  [
    1595894400000,
    1.3260032118555802
  ],
  [
    1595980800000,
    0.0016483944035708793
  ],
  [
    1596067200000,
    0.0016483944035708793
  ],
  [
    1596153600000,
    0.002112809055404051
  ],
  [
    1596240000000,
    3.680296519666384
  ],
  [
    1596326400000,
    3.680296519666384
  ],
  [
    1596758400000,
    0.3210665969359336
  ],
  [
    1596844800000,
    0.3210665969359336
  ],
  [
    1596931200000,
    0.0272202266840215
  ],
  [
    1597017600000,
    61.37843611585946
  ],
  [
    1597104000000,
    4.73867754973347
  ],
  [
    1597190400000,
    0.8869474464611246
  ],
  [
    1597276800000,
    0.38297169855641927
  ],
  [
    1597363200000,
    0.07242787129063258
  ],
  [
    1597449600000,
    1.2960584605877137
  ],
  [
    1597536000000,
    1.4148840052234548
  ],
  [
    1597622400000,
    1.9541926542137027
  ],
  [
    1597708800000,
    6.799264716160431
  ],
  [
    1597795200000,
    1.7864186280976855
  ],
  [
    1597881600000,
    0.044936618093504986
  ],
  [
    1597968000000,
    0.00760271758637715
  ],
  [
    1598054400000,
    0.5169884554272236
  ],
  [
    1598140800000,
    0.018737767247395738
  ],
  [
    1598227200000,
    0.018737767247395738
  ],
  [
    1598400000000,
    0.001536552541503486
  ],
  [
    1598486400000,
    0.001536552541503486
  ],
  [
    1598572800000,
    0.662634852249822
  ],
  [
    1598659200000,
    0.662158395089862
  ],
  [
    1598745600000,
    1.2472381485525617
  ],
  [
    1598832000000,
    1.2472381485525617
  ],
  [
    1598918400000,
    5.947734092757825
  ],
  [
    1599004800000,
    2.940438375158842
  ],
  [
    1599091200000,
    0.03832093984365715
  ],
  [
    1599177600000,
    0.03832093984365715
  ],
  [
    1599264000000,
    0.03051545968115687
  ],
  [
    1599350400000,
    0.030430879537490168
  ],
  [
    1599523200000,
    0.007569094069663174
  ],
  [
    1599609600000,
    0.007569094069663174
  ],
  [
    1599955200000,
    0.02180663864200426
  ],
  [
    1600041600000,
    0.02180663864200426
  ],
  [
    1600128000000,
    14.275250402266348
  ],
  [
    1600214400000,
    6.769669512926238
  ],
  [
    1600300800000,
    5.430137555424659
  ],
  [
    1600387200000,
    4.1540797164350955
  ],
  [
    1600473600000,
    1.075432395769852
  ],
  [
    1600560000000,
    1.2161187902831319
  ],
  [
    1600646400000,
    0.7388396854410261
  ],
  [
    1600732800000,
    0.7388396854410261
  ],
  [
    1600819200000,
    4.247672213090293
  ],
  [
    1600905600000,
    4.247672213090293
  ],
  [
    1600992000000,
    1.4863659291135334
  ],
  [
    1601078400000,
    3.8488601645941936
  ],
  [
    1601164800000,
    1.563919734925012
  ],
  [
    1601251200000,
    1.9596374602221498
  ],
  [
    1601337600000,
    4.542272935064585
  ],
  [
    1601424000000,
    4.542272935064585
  ],
  [
    1601510400000,
    3.2351182695660388
  ],
  [
    1601596800000,
    0.0014342283625690471
  ],
  [
    1601683200000,
    0.0014342283625690471
  ],
  [
    1601769600000,
    0.044757535554134475
  ],
  [
    1601856000000,
    0.044757535554134475
  ],
  [
    1602201600000,
    3.642278945883022
  ],
  [
    1602288000000,
    3.642278945883022
  ],
  [
    1602374400000,
    0.07153823466271486
  ],
  [
    1603238400000,
    3.421799371230253
  ],
  [
    1603324800000,
    3.421799371230253
  ],
  [
    1603584000000,
    0.0022790168120138646
  ],
  [
    1603670400000,
    0.0022790168120138646
  ],
  [
    1603756800000,
    4.289486152608117
  ],
  [
    1603843200000,
    4.289486152608117
  ],
  [
    1604102400000,
    7.343653805687407
  ],
  [
    1604188800000,
    7.343653805687407
  ],
  [
    1604275200000,
    1.369667772249245
  ],
  [
    1604361600000,
    1.630098626292744
  ],
  [
    1604448000000,
    6.85440182718531
  ],
  [
    1604534400000,
    0.1864828632547979
  ],
  [
    1604620800000,
    0.0017407639059085378
  ],
  [
    1605139200000,
    4.042713004660112
  ],
  [
    1605225600000,
    4.042713004660112
  ],
  [
    1605744000000,
    0.07668963094636473
  ],
  [
    1605830400000,
    0.07668963094636473
  ],
  [
    1605916800000,
    0.0016347432563311953
  ],
  [
    1606003200000,
    20.715416363186353
  ],
  [
    1606089600000,
    0.0023139108358160563
  ],
  [
    1606176000000,
    4.023968750043457
  ],
  [
    1606262400000,
    0.3668095888259419
  ],
  [
    1606348800000,
    0.16664328442314366
  ],
  [
    1606435200000,
    0.3681327526076384
  ],
  [
    1606521600000,
    0.43212354159413835
  ],
  [
    1606608000000,
    0.43212354159413835
  ],
  [
    1606694400000,
    28.208387313258815
  ],
  [
    1606780800000,
    1.0050574817385072
  ],
  [
    1606867200000,
    1.010056109113096
  ],
  [
    1606953600000,
    10.536721539551667
  ],
  [
    1607040000000,
    0.03015068322669192
  ],
  [
    1607299200000,
    2.030571334452959
  ],
  [
    1607385600000,
    2.030571334452959
  ],
  [
    1607472000000,
    1.8575248581201416
  ],
  [
    1607644800000,
    1.8301277428695997
  ],
  [
    1607731200000,
    1.8301277428695997
  ],
  [
    1608249600000,
    11.655859648196964
  ],
  [
    1608336000000,
    11.655859648196964
  ],
  [
    1608422400000,
    1.3059265137745
  ],
  [
    1608508800000,
    2.238871361474068
  ],
  [
    1608681600000,
    0.027329849876421432
  ],
  [
    1608768000000,
    0.027329849876421432
  ],
  [
    1608854400000,
    0.02717182473805231
  ],
  [
    1608940800000,
    3.762493870114247
  ],
  [
    1609027200000,
    0.10593643066367602
  ],
  [
    1609113600000,
    0.06155455971790884
  ],
  [
    1609200000000,
    0.29483660751001095
  ],
  [
    1609286400000,
    3.8073242412340553
  ],
  [
    1609372800000,
    3.8888136977398817
  ],
  [
    1609545600000,
    9.342307423503037
  ],
  [
    1609632000000,
    9.342307423503037
  ],
  [
    1609718400000,
    0.39301150373974925
  ],
  [
    1609804800000,
    44.313116213953236
  ],
  [
    1609891200000,
    0.337882037528166
  ],
  [
    1609977600000,
    0.12361300106398036
  ],
  [
    1610064000000,
    0.208648432448446
  ],
  [
    1610150400000,
    0.4408986062331775
  ],
  [
    1610236800000,
    0.5355428400575438
  ],
  [
    1610323200000,
    0.5355428400575438
  ],
  [
    1610409600000,
    7.734813260735863
  ],
  [
    1610496000000,
    0.10885964318866913
  ],
  [
    1610582400000,
    8.964722478908447
  ],
  [
    1610668800000,
    0.6763191568488137
  ],
  [
    1610755200000,
    0.0028490718505585675
  ],
  [
    1611014400000,
    0.02681652786322865
  ],
  [
    1611100800000,
    0.02681652786322865
  ],
  [
    1611446400000,
    3.1564369511580335
  ],
  [
    1611532800000,
    3.1564369511580335
  ],
  [
    1611705600000,
    0.8164412328841325
  ],
  [
    1611792000000,
    0.8164412328841325
  ],
  [
    1611878400000,
    0.03397709227667024
  ],
  [
    1611964800000,
    4.482082156220869
  ],
  [
    1612051200000,
    0.14471146792016007
  ],
  [
    1612224000000,
    0.03311144979385151
  ],
  [
    1612310400000,
    0.03311144979385151
  ],
  [
    1612396800000,
    5.049515562809833
  ],
  [
    1612483200000,
    0.533832275789981
  ],
  [
    1612569600000,
    1.279742226880959
  ],
  [
    1612656000000,
    0.0024014978007219764
  ],
  [
    1612742400000,
    1.910870417614222
  ],
  [
    1612828800000,
    0.0035145369196547954
  ],
  [
    1612915200000,
    0.15275420173119628
  ],
  [
    1613001600000,
    4.569127422486978
  ],
  [
    1613088000000,
    0.335774894593709
  ],
  [
    1613174400000,
    7.187812881863267
  ],
  [
    1613260800000,
    108.13527467264313
  ],
  [
    1613347200000,
    1.5692988325852657
  ],
  [
    1613433600000,
    0.02872752084521574
  ],
  [
    1613520000000,
    0.41178588402220084
  ],
  [
    1613606400000,
    0.39964269413484776
  ],
  [
    1613692800000,
    16.592560840174514
  ],
  [
    1613779200000,
    16.592560840174514
  ],
  [
    1613865600000,
    80.32945831633165
  ],
  [
    1613952000000,
    11.481934356806837
  ],
  [
    1614038400000,
    0.3437458067776549
  ],
  [
    1614124800000,
    32.790117915840014
  ],
  [
    1614211200000,
    23.205447378025074
  ],
  [
    1614297600000,
    18.762614477457387
  ],
  [
    1614384000000,
    0.8594416355833715
  ],
  [
    1614470400000,
    0.8594416355833715
  ],
  [
    1614556800000,
    0.009138334733591406
  ],
  [
    1614643200000,
    70.26076281774372
  ],
  [
    1614729600000,
    70.26076281774372
  ],
  [
    1614816000000,
    11.650674059390802
  ],
  [
    1614902400000,
    5.453300562775164
  ],
  [
    1614988800000,
    0.013659561623287698
  ],
  [
    1615420800000,
    0.40162343092165004
  ],
  [
    1615507200000,
    0.40162343092165004
  ],
  [
    1615852800000,
    0.18399689614526651
  ],
  [
    1615939200000,
    0.18399689614526651
  ],
  [
    1616025600000,
    1.406836962459097
  ],
  [
    1616112000000,
    1.406836962459097
  ],
  [
    1616198400000,
    0.20115575346324738
  ],
  [
    1616284800000,
    0.009125652667137366
  ],
  [
    1616371200000,
    0.12780126567564573
  ],
  [
    1616457600000,
    0.3486518419243255
  ],
  [
    1616544000000,
    0.003945828296368322
  ],
  [
    1616630400000,
    3.06607292838339
  ],
  [
    1616716800000,
    0.24032232196067943
  ],
  [
    1616803200000,
    0.003467147310783832
  ],
  [
    1616889600000,
    0.5902761978894965
  ],
  [
    1616976000000,
    13.739394493367074
  ],
  [
    1617062400000,
    7.3850355620962205
  ],
  [
    1617148800000,
    19.4170747747186
  ],
  [
    1617235200000,
    13.051410628386416
  ],
  [
    1617408000000,
    0.5362578061583702
  ],
  [
    1617494400000,
    0.5362578061583702
  ],
  [
    1617580800000,
    2.0172646653799338
  ],
  [
    1617667200000,
    0.5336763015471798
  ],
  [
    1617753600000,
    0.412256534148768
  ],
  [
    1617840000000,
    24.657947080357424
  ],
  [
    1617926400000,
    1.0615275898437468
  ],
  [
    1618012800000,
    1.0615275898437468
  ],
  [
    1618272000000,
    114.7026099228909
  ],
  [
    1618358400000,
    114.7026099228909
  ],
  [
    1618444800000,
    38.08498624483513
  ],
  [
    1618531200000,
    6.032835247677621
  ],
  [
    1618617600000,
    15.72706392461305
  ],
  [
    1618704000000,
    0.013654852064223922
  ],
  [
    1618790400000,
    0.10047758345794462
  ],
  [
    1618876800000,
    0.49992664848723894
  ],
  [
    1618963200000,
    42.642593174425734
  ],
  [
    1619136000000,
    0.8429655870053318
  ],
  [
    1619222400000,
    0.8429655870053318
  ],
  [
    1619395200000,
    37.95865973264695
  ],
  [
    1619481600000,
    37.95865973264695
  ],
  [
    1619568000000,
    2.8052915871563746
  ],
  [
    1619654400000,
    0.012031983882061973
  ],
  [
    1619740800000,
    3.546254119884168
  ],
  [
    1619827200000,
    1.6609648136000943
  ],
  [
    1619913600000,
    58.132642069974416
  ],
  [
    1620000000000,
    28.663100664563114
  ],
  [
    1620086400000,
    6.018557519379207
  ],
  [
    1620172800000,
    0.5291739015329965
  ],
  [
    1620259200000,
    0.12071423906047225
  ],
  [
    1620345600000,
    1.472737939844962
  ],
  [
    1620432000000,
    1.472737939844962
  ],
  [
    1620518400000,
    0.19281148884420535
  ],
  [
    1620604800000,
    22.29676586856455
  ],
  [
    1620691200000,
    2.8234968395651516
  ],
  [
    1620777600000,
    1.295867469124122
  ],
  [
    1620864000000,
    643.082908341801
  ],
  [
    1620950400000,
    49.73252263098025
  ],
  [
    1621036800000,
    4.830360670351717
  ],
  [
    1621123200000,
    3.349928402792644
  ],
  [
    1621209600000,
    0.0056450404119220655
  ],
  [
    1621296000000,
    0.11937600340902865
  ],
  [
    1621382400000,
    12.817956781136564
  ],
  [
    1621468800000,
    12.817956781136564
  ],
  [
    1621555200000,
    1.7909587120114459
  ],
  [
    1621641600000,
    2.1701987878718465
  ],
  [
    1622332800000,
    0.34271426863509336
  ],
  [
    1622419200000,
    0.34271426863509336
  ],
  [
    1622592000000,
    0.09877818820113911
  ],
  [
    1622678400000,
    0.09877818820113911
  ],
  [
    1622764800000,
    0.0042492580118489495
  ],
  [
    1622851200000,
    15.084647754971458
  ],
  [
    1622937600000,
    0.0909648890955754
  ],
  [
    1623024000000,
    0.09097707284795312
  ],
  [
    1623110400000,
    0.09412046466965344
  ],
  [
    1623542400000,
    0.08702718549704141
  ],
  [
    1623628800000,
    0.08702718549704141
  ],
  [
    1623801600000,
    0.5525793069329641
  ],
  [
    1623888000000,
    0.5525793069329641
  ],
  [
    1623974400000,
    0.003433883125939168
  ],
  [
    1624060800000,
    0.003433883125939168
  ],
  [
    1624147200000,
    0.003427185190531225
  ],
  [
    1624233600000,
    0.40720206073155185
  ],
  [
    1624320000000,
    0.40720206073155185
  ],
  [
    1624406400000,
    0.06338311106031369
  ],
  [
    1624492800000,
    2.064368324031409
  ],
  [
    1624579200000,
    0.021575450724311683
  ],
  [
    1624665600000,
    0.007285818148955758
  ],
  [
    1624752000000,
    1.104965099464018
  ],
  [
    1624838400000,
    0.37521308804059517
  ],
  [
    1624924800000,
    0.23821471598563937
  ],
  [
    1625011200000,
    0.23821471598563937
  ],
  [
    1625097600000,
    0.23757202230328142
  ],
  [
    1625184000000,
    10.470337255031197
  ],
  [
    1625270400000,
    8.530658732629322
  ],
  [
    1625356800000,
    0.10219055049193161
  ],
  [
    1625443200000,
    0.06859149843505273
  ],
  [
    1625529600000,
    0.16785690700991043
  ],
  [
    1625616000000,
    0.16785690700991043
  ],
  [
    1625702400000,
    0.0192456173508082
  ],
  [
    1625788800000,
    0.01887029789009307
  ],
  [
    1626566400000,
    0.45492738154233453
  ],
  [
    1626652800000,
    0.45492738154233453
  ],
  [
    1626825600000,
    0.005573669734071592
  ],
  [
    1626912000000,
    0.005573669734071592
  ],
  [
    1629072000000,
    1.2974164678106166
  ],
  [
    1629158400000,
    1.2974164678106166
  ],
  [
    1629763200000,
    0.44617577796402985
  ],
  [
    1629849600000,
    0.44617577796402985
  ],
  [
    1629936000000,
    0.24189939814779388
  ]
]