[
  [
    1624665600000,
    4700.761733530277
  ],
  [
    1624752000000,
    4700.761733530277
  ],
  [
    1624838400000,
    7123.071828148231
  ],
  [
    1624924800000,
    6495.8302475068895
  ],
  [
    1625011200000,
    1048.2921596448132
  ],
  [
    1625097600000,
    2965.3717013327746
  ],
  [
    1625184000000,
    8813.877512788868
  ],
  [
    1625270400000,
    18275.410320493378
  ],
  [
    1625356800000,
    15641.01428845596
  ],
  [
    1625443200000,
    5158.21864813832
  ],
  [
    1625529600000,
    343.1678719820128
  ],
  [
    1625616000000,
    17.82266435930677
  ],
  [
    1625702400000,
    4.710504968231131
  ],
  [
    1625788800000,
    19.187410339106755
  ],
  [
    1625875200000,
    0
  ],
  [
    1625961600000,
    0
  ],
  [
    1626048000000,
    0
  ],
  [
    1626134400000,
    113.05796057837293
  ],
  [
    1626220800000,
    0
  ],
  [
    1626307200000,
    0
  ],
  [
    1626393600000,
    71.10959677636895
  ],
  [
    1626480000000,
    68.51057436187034
  ],
  [
    1626566400000,
    0.2757139607153637
  ],
  [
    1626652800000,
    2.477683701624157
  ],
  [
    1626739200000,
    2.477683701624157
  ],
  [
    1626825600000,
    0.9535002218628588
  ],
  [
    1627257600000,
    35.59825225779049
  ],
  [
    1627344000000,
    35.59825225779049
  ],
  [
    1627430400000,
    701.9731250479288
  ],
  [
    1627516800000,
    6184.4835949926655
  ],
  [
    1627603200000,
    6451.571490460674
  ],
  [
    1627689600000,
    4131.83118661911
  ],
  [
    1627776000000,
    2367.4083114341956
  ],
  [
    1627862400000,
    1876.422962106874
  ],
  [
    1627948800000,
    8764.710645502872
  ],
  [
    1628035200000,
    4318.184448059943
  ],
  [
    1628121600000,
    219.14150222069813
  ],
  [
    1628208000000,
    109.41773719359556
  ],
  [
    1628294400000,
    2343.237563685625
  ],
  [
    1628380800000,
    3895.5493904019454
  ],
  [
    1628467200000,
    2229.7913246169746
  ],
  [
    1628553600000,
    3148.1186017286655
  ],
  [
    1628640000000,
    74.07377301876946
  ],
  [
    1628726400000,
    984.5045777658233
  ],
  [
    1628812800000,
    2896.6351610876422
  ],
  [
    1628899200000,
    15672.814553636921
  ],
  [
    1628985600000,
    18289.285761229465
  ],
  [
    1629072000000,
    6381.68858966703
  ],
  [
    1629158400000,
    2459.502471830581
  ],
  [
    1629244800000,
    16170.14668392627
  ],
  [
    1629331200000,
    7562.91121724057
  ],
  [
    1629417600000,
    13385.168872751114
  ],
  [
    1629504000000,
    8960.992175267715
  ],
  [
    1629590400000,
    25782.89744885659
  ],
  [
    1629676800000,
    6424.845906465562
  ],
  [
    1629763200000,
    18659.113492858272
  ],
  [
    1629849600000,
    10467.667357580367
  ],
  [
    1629936000000,
    104049.78374063576
  ],
  [
    1630022400000,
    99040.64417939965
  ],
  [
    1630108800000,
    49438.95451533629
  ],
  [
    1630195200000,
    86359.96828270913
  ],
  [
    1630281600000,
    23465.735619841947
  ],
  [
    1630368000000,
    39253.35888466266
  ],
  [
    1630454400000,
    64138.29170689502
  ],
  [
    1630540800000,
    80151.0759940124
  ],
  [
    1630627200000,
    37146.09431960264
  ]
]