[
  [
    1535155200000,
    0.011305689000905304
  ],
  [
    1535241600000,
    0.008911429194914954
  ],
  [
    1535328000000,
    0.007598191234217221
  ],
  [
    1535414400000,
    0.008669288393770383
  ],
  [
    1535500800000,
    0.008928558650191452
  ],
  [
    1535587200000,
    0.007807396141974339
  ],
  [
    1535673600000,
    0.009876491757807363
  ],
  [
    1535760000000,
    0.007808855716191576
  ],
  [
    1535846400000,
    0.008281352117158145
  ],
  [
    1535932800000,
    0.007875444611698826
  ],
  [
    1536019200000,
    0.007406496692488053
  ],
  [
    1536105600000,
    0.008170385985890016
  ],
  [
    1536192000000,
    0.006986369327593607
  ],
  [
    1536278400000,
    0.006525312592873104
  ],
  [
    1536364800000,
    0.006478101707567989
  ],
  [
    1536451200000,
    0.0066964167045858395
  ],
  [
    1536537600000,
    0.006332228242243847
  ],
  [
    1536624000000,
    0.00630388588591474
  ],
  [
    1536710400000,
    0.006033990567350105
  ],
  [
    1536796800000,
    0.005829785651188251
  ],
  [
    1536883200000,
    0.005976637046970884
  ],
  [
    1536969600000,
    0.005978839808271142
  ],
  [
    1537056000000,
    0.006005255322650531
  ],
  [
    1537142400000,
    0.00598128316477083
  ],
  [
    1537228800000,
    0.005569643931654414
  ],
  [
    1537315200000,
    0.005715970624216899
  ],
  [
    1537401600000,
    0.005807658093860461
  ],
  [
    1537488000000,
    0.005911586910427359
  ],
  [
    1537574400000,
    0.00601250745864993
  ],
  [
    1537660800000,
    0.006835777428255621
  ],
  [
    1537747200000,
    0.0061757228404454535
  ],
  [
    1537833600000,
    0.005863437351559675
  ],
  [
    1537920000000,
    0.005660239083609322
  ],
  [
    1538006400000,
    0.005757372922147587
  ],
  [
    1538092800000,
    0.0058239530441075394
  ],
  [
    1538179200000,
    0.005712381066111311
  ],
  [
    1538265600000,
    0.006279333046527798
  ],
  [
    1538352000000,
    0.005891945867150569
  ],
  [
    1538438400000,
    0.005874514381698253
  ],
  [
    1538524800000,
    0.005688413219241569
  ],
  [
    1538611200000,
    0.005078797812644845
  ],
  [
    1538697600000,
    0.005134613052222199
  ],
  [
    1538784000000,
    0.005691173965544789
  ],
  [
    1538870400000,
    0.0056020000716302506
  ],
  [
    1538956800000,
    0.005672418779258973
  ],
  [
    1539043200000,
    0.006868496636526953
  ],
  [
    1539129600000,
    0.00697035320530503
  ],
  [
    1539216000000,
    0.0038988851058001425
  ],
  [
    1539302400000,
    0.003310083982710434
  ],
  [
    1539388800000,
    0.003395249778899543
  ],
  [
    1539475200000,
    0.0012869808098261788
  ],
  [
    1539561600000,
    0.004588572025352988
  ],
  [
    1539648000000,
    0.0025434563136825716
  ],
  [
    1539734400000,
    0.0030120692245491926
  ],
  [
    1539820800000,
    0.005964628621938441
  ],
  [
    1539907200000,
    0.0052510894467887185
  ],
  [
    1539993600000,
    0.0034907451597119424
  ],
  [
    1540080000000,
    0.002962559376343501
  ],
  [
    1540166400000,
    0.005944371430934757
  ],
  [
    1540252800000,
    0.001955784718781979
  ],
  [
    1540339200000,
    0.002710233713770568
  ],
  [
    1540425600000,
    0.002113190752649818
  ],
  [
    1540512000000,
    0.0020083537800414933
  ],
  [
    1540598400000,
    0.0021575176619028254
  ],
  [
    1540684800000,
    0.0015534354828790993
  ],
  [
    1540771200000,
    0.0011683148445891807
  ],
  [
    1540857600000,
    0.0010063757061497338
  ],
  [
    1540944000000,
    0.0016097122176497757
  ],
  [
    1541030400000,
    0.001402880001950389
  ],
  [
    1541116800000,
    0.0031959454028581244
  ],
  [
    1541203200000,
    0.0017292404506803493
  ],
  [
    1541289600000,
    0.0018642018475929696
  ],
  [
    1541376000000,
    0.0016847939491322834
  ],
  [
    1541462400000,
    0.0024065880349780364
  ],
  [
    1541548800000,
    0.001899571312633817
  ],
  [
    1541635200000,
    0.0019272221037787871
  ],
  [
    1541721600000,
    0.0018123247604821145
  ],
  [
    1541808000000,
    0.0019319534969453964
  ],
  [
    1541894400000,
    0.00194295513561912
  ],
  [
    1541980800000,
    0.0021546021024476804
  ],
  [
    1542067200000,
    0.0017849138753671778
  ],
  [
    1542153600000,
    0.0017364711648914198
  ],
  [
    1542240000000,
    0.0016706938791985972
  ],
  [
    1542326400000,
    0.0017603212544846812
  ],
  [
    1542412800000,
    0.0014854250211166473
  ],
  [
    1542499200000,
    0.0014391535352279603
  ],
  [
    1542585600000,
    0.001676185017269301
  ],
  [
    1542672000000,
    0.001430313864094811
  ],
  [
    1542758400000,
    0.0012061933510883543
  ],
  [
    1542844800000,
    0.0012939340866294881
  ],
  [
    1542931200000,
    0.0013695270085452094
  ],
  [
    1543017600000,
    0.0013950653308000501
  ],
  [
    1543104000000,
    0.0011521830212137675
  ],
  [
    1543190400000,
    0.0011818627582219688
  ],
  [
    1543276800000,
    0.0010743849575286055
  ],
  [
    1543363200000,
    0.0011590622056648584
  ],
  [
    1543449600000,
    0.0013123232253470824
  ],
  [
    1543536000000,
    0.0011942459705462493
  ],
  [
    1543622400000,
    0.001317432819195424
  ],
  [
    1543708800000,
    0.001287364990632809
  ],
  [
    1543795200000,
    0.0014639860526867313
  ],
  [
    1543881600000,
    0.0012386235330142513
  ],
  [
    1543968000000,
    0.0019407229350370807
  ],
  [
    1544054400000,
    0.0017005136693777712
  ],
  [
    1544140800000,
    0.0013970386507443403
  ],
  [
    1544227200000,
    0.002165829480621436
  ],
  [
    1544313600000,
    0.001854503169034989
  ],
  [
    1544400000000,
    0.0023413190571743964
  ],
  [
    1544486400000,
    0.002251734318021455
  ],
  [
    1544572800000,
    0.0022423845160993282
  ],
  [
    1544659200000,
    0.002406149290081054
  ],
  [
    1544745600000,
    0.002252812121340419
  ],
  [
    1544832000000,
    0.002257918458966845
  ],
  [
    1544918400000,
    0.0021263783953116913
  ],
  [
    1545004800000,
    0.0022837493202557024
  ],
  [
    1545091200000,
    0.0024008746966768424
  ],
  [
    1545177600000,
    0.002311684923094754
  ],
  [
    1545264000000,
    0.002618162428947995
  ],
  [
    1545350400000,
    0.0028892876917597774
  ],
  [
    1545436800000,
    0.002672906482564798
  ],
  [
    1545523200000,
    0.0021047034993558617
  ],
  [
    1545609600000,
    0.0028114209968338015
  ],
  [
    1545696000000,
    0.0019305475225058284
  ],
  [
    1545782400000,
    0.002240779070495577
  ],
  [
    1545868800000,
    0.0031802433592722536
  ],
  [
    1545955200000,
    0.002141427714496787
  ],
  [
    1546041600000,
    0.0026691542836537146
  ],
  [
    1546128000000,
    0.002224488510955997
  ],
  [
    1546214400000,
    0.002455948477837043
  ],
  [
    1546300800000,
    0.002458523823679298
  ],
  [
    1546387200000,
    0.0025433872393115908
  ],
  [
    1546473600000,
    0.0024462879919333203
  ],
  [
    1546560000000,
    0.002557499870615107
  ],
  [
    1546646400000,
    0.0023896412704691073
  ],
  [
    1546732800000,
    0.0022976291641063403
  ],
  [
    1546819200000,
    0.001920388617328136
  ],
  [
    1546905600000,
    0.0017248915037242135
  ],
  [
    1546992000000,
    0.0017542063678686163
  ],
  [
    1547078400000,
    0.0017777289941113658
  ],
  [
    1547164800000,
    0.0014337962798773051
  ],
  [
    1547251200000,
    0.0014292639893741976
  ],
  [
    1547337600000,
    0.001436404988650948
  ],
  [
    1547424000000,
    0.0012623791710682233
  ],
  [
    1547510400000,
    0.001439887669554144
  ],
  [
    1547596800000,
    0.0013404041802515896
  ],
  [
    1547683200000,
    0.0013452730931793496
  ],
  [
    1547769600000,
    0.0014507711784081333
  ],
  [
    1547856000000,
    0.0014520110376190325
  ],
  [
    1547942400000,
    0.0013962727564041377
  ],
  [
    1548028800000,
    0.0014493834237172122
  ],
  [
    1548115200000,
    0.0013389749776390055
  ],
  [
    1548201600000,
    0.0013824844462730038
  ],
  [
    1548288000000,
    0.0013242767156873556
  ],
  [
    1548374400000,
    0.0013083356713325125
  ],
  [
    1548460800000,
    0.0013606438622338116
  ],
  [
    1548547200000,
    0.0013068158024055955
  ],
  [
    1548633600000,
    0.0012284788817372421
  ],
  [
    1548720000000,
    0.001187966230570082
  ],
  [
    1548806400000,
    0.0011714968468313053
  ],
  [
    1548892800000,
    0.0012408175920953684
  ],
  [
    1548979200000,
    0.001198524769448787
  ],
  [
    1549065600000,
    0.0011125234038438009
  ],
  [
    1549152000000,
    0.0011478418107440996
  ],
  [
    1549238400000,
    0.0011376228450232354
  ],
  [
    1549324800000,
    0.0011495535397890355
  ],
  [
    1549411200000,
    0.0011910298084185002
  ],
  [
    1549497600000,
    0.0011647157682918945
  ],
  [
    1549584000000,
    0.0011370422661939868
  ],
  [
    1549670400000,
    0.001303723830023642
  ],
  [
    1549756800000,
    0.0012995103964130318
  ],
  [
    1549843200000,
    0.0013458080936771635
  ],
  [
    1549929600000,
    0.0013772992511455497
  ],
  [
    1550016000000,
    0.00139032736816733
  ],
  [
    1550102400000,
    0.001337617118052502
  ],
  [
    1550188800000,
    0.0015713580571113277
  ],
  [
    1550275200000,
    0.0016331673432165227
  ],
  [
    1550361600000,
    0.0013273639265058304
  ],
  [
    1550448000000,
    0.0014409776896072497
  ],
  [
    1550534400000,
    0.0014742456904248634
  ],
  [
    1550620800000,
    0.001591432271565388
  ],
  [
    1550707200000,
    0.0015844527839651503
  ],
  [
    1550793600000,
    0.001653019639033332
  ],
  [
    1550880000000,
    0.0016731948115271064
  ],
  [
    1550966400000,
    0.0016023518367078917
  ],
  [
    1551052800000,
    0.0012203425916225764
  ],
  [
    1551139200000,
    0.0011846344748159005
  ],
  [
    1551225600000,
    0.0013657537499469276
  ],
  [
    1551312000000,
    0.0012076107358928348
  ],
  [
    1551398400000,
    0.001433548362925615
  ],
  [
    1551484800000,
    0.001239866434685668
  ],
  [
    1551571200000,
    0.0013153393195157702
  ],
  [
    1551657600000,
    0.0013443431368661111
  ],
  [
    1551744000000,
    0.0012042605298211494
  ],
  [
    1551830400000,
    0.0013289942763903325
  ],
  [
    1551916800000,
    0.0013363666040729476
  ],
  [
    1552003200000,
    0.0012054481138628144
  ],
  [
    1552089600000,
    0.001307158839198374
  ],
  [
    1552176000000,
    0.0010471441330501528
  ],
  [
    1552262400000,
    0.0010506627239437762
  ],
  [
    1552348800000,
    0.0010474875154165872
  ],
  [
    1552435200000,
    0.0011190225068989437
  ],
  [
    1552521600000,
    0.0011145440421225044
  ],
  [
    1552608000000,
    0.0011326631794075527
  ],
  [
    1552694400000,
    0.0011573923066904956
  ],
  [
    1552780800000,
    0.0011687226768527308
  ],
  [
    1552867200000,
    0.001157823830259002
  ],
  [
    1552953600000,
    0.0010580369084946225
  ],
  [
    1553040000000,
    0.0011099405826526779
  ],
  [
    1553126400000,
    0.0011099836058810425
  ],
  [
    1553212800000,
    0.001068508348802789
  ],
  [
    1553299200000,
    0.0010942803255337787
  ],
  [
    1553385600000,
    0.0010674802505678338
  ],
  [
    1553472000000,
    0.001064091000581121
  ],
  [
    1553558400000,
    0.0010414170309125494
  ],
  [
    1553644800000,
    0.0010330452854607464
  ],
  [
    1553731200000,
    0.0011328979999700765
  ],
  [
    1553817600000,
    0.0010712744039138714
  ],
  [
    1553904000000,
    0.001112771730274241
  ],
  [
    1553990400000,
    0.0011334503790943885
  ],
  [
    1554076800000,
    0.001097733266434053
  ],
  [
    1554163200000,
    0.0010944685170816478
  ],
  [
    1554249600000,
    0.001242936979133973
  ],
  [
    1554336000000,
    0.0012745744211887949
  ],
  [
    1554422400000,
    0.0012023487719095287
  ],
  [
    1554508800000,
    0.0012671921052491283
  ],
  [
    1554595200000,
    0.001337675891344727
  ],
  [
    1554681600000,
    0.0013713397808480991
  ],
  [
    1554768000000,
    0.0013591817716845254
  ],
  [
    1554854400000,
    0.0013465591819867824
  ],
  [
    1554940800000,
    0.0013294002966331242
  ],
  [
    1555027200000,
    0.0012814570502943422
  ],
  [
    1555113600000,
    0.0012539344716345823
  ],
  [
    1555200000000,
    0.0012801584867808587
  ],
  [
    1555286400000,
    0.001305581792492983
  ],
  [
    1555372800000,
    0.0012780544236044992
  ],
  [
    1555459200000,
    0.0012788737006511177
  ],
  [
    1555545600000,
    0.0013106485728816655
  ],
  [
    1555632000000,
    0.0013094827355658871
  ],
  [
    1555718400000,
    0.0013404050862368486
  ],
  [
    1555804800000,
    0.0013796540711243951
  ],
  [
    1555891200000,
    0.0013384412215377236
  ],
  [
    1555977600000,
    0.0013554092323670322
  ],
  [
    1556064000000,
    0.0013494871686581058
  ],
  [
    1556150400000,
    0.0013031345576567733
  ],
  [
    1556236800000,
    0.0012259351274826076
  ],
  [
    1556323200000,
    0.0012385545735652526
  ],
  [
    1556409600000,
    0.0012583042805144745
  ],
  [
    1556496000000,
    0.0012518911651738442
  ],
  [
    1556582400000,
    0.0012195407901363102
  ],
  [
    1556668800000,
    0.001274478290609639
  ],
  [
    1556755200000,
    0.0012623720726187256
  ],
  [
    1556841600000,
    0.0012953155278358512
  ],
  [
    1556928000000,
    0.0013366166350981456
  ],
  [
    1557014400000,
    0.0013009122348896119
  ],
  [
    1557100800000,
    0.0013387936958621709
  ],
  [
    1557187200000,
    0.0013986072487986287
  ],
  [
    1557273600000,
    0.0014128176373931311
  ],
  [
    1557360000000,
    0.0013847492119222439
  ],
  [
    1557446400000,
    0.001363523715793333
  ],
  [
    1557532800000,
    0.0013698086353640968
  ],
  [
    1557619200000,
    0.00150603078309755
  ],
  [
    1557705600000,
    0.001533774354261074
  ],
  [
    1557792000000,
    0.0015366900184369606
  ],
  [
    1557878400000,
    0.0013199912621988396
  ],
  [
    1557964800000,
    0.0017847632744764593
  ],
  [
    1558051200000,
    0.0016212455306720463
  ],
  [
    1558137600000,
    0.0014425274139613462
  ],
  [
    1558224000000,
    0.0014976188024226143
  ],
  [
    1558310400000,
    0.0013054513688232868
  ],
  [
    1558396800000,
    0.0012394774314365912
  ],
  [
    1558483200000,
    0.0015107862625452035
  ],
  [
    1558569600000,
    0.001490525913623808
  ],
  [
    1558656000000,
    0.0014015089154814902
  ],
  [
    1558742400000,
    0.0014056978947654137
  ],
  [
    1558828800000,
    0.0013897678710656596
  ],
  [
    1558915200000,
    0.001459269538814821
  ],
  [
    1559001600000,
    0.0014726838184267073
  ],
  [
    1559088000000,
    0.00124683961149773
  ],
  [
    1559174400000,
    0.0011673923844547863
  ],
  [
    1559260800000,
    0.0011627603800245811
  ],
  [
    1559347200000,
    0.001224683976046714
  ],
  [
    1559433600000,
    0.0011588506466078724
  ],
  [
    1559520000000,
    0.0016545186588583026
  ],
  [
    1559606400000,
    0.0015230213532843844
  ],
  [
    1559692800000,
    0.0012638349819437335
  ],
  [
    1559779200000,
    0.0013810581147691576
  ],
  [
    1559865600000,
    0.0011864653304808279
  ],
  [
    1559952000000,
    0.0012857061843881286
  ],
  [
    1560038400000,
    0.0015295941251623599
  ],
  [
    1560124800000,
    0.0013865351295337459
  ],
  [
    1560211200000,
    0.0013258677442325216
  ],
  [
    1560297600000,
    0.0012497747995857055
  ],
  [
    1560384000000,
    0.001143249402689653
  ],
  [
    1560470400000,
    0.0013349346686454926
  ],
  [
    1560556800000,
    0.0013328815041979093
  ],
  [
    1560643200000,
    0.0012101952721358061
  ],
  [
    1560729600000,
    0.0009756509242119948
  ],
  [
    1560816000000,
    0.001317009966881295
  ],
  [
    1560902400000,
    0.0008629358158085902
  ],
  [
    1560988800000,
    0.0008875948160532017
  ],
  [
    1561075200000,
    0.0009870616787253292
  ],
  [
    1561161600000,
    0.0011406017818933391
  ],
  [
    1561248000000,
    0.0009298019519098475
  ],
  [
    1561334400000,
    0.0009510466524925696
  ],
  [
    1561420800000,
    0.0009224464973641929
  ],
  [
    1561507200000,
    0.0009806668523625907
  ],
  [
    1561593600000,
    0.0010472578102818278
  ],
  [
    1561680000000,
    0.0009369205583499589
  ],
  [
    1561766400000,
    0.0008760123883810771
  ],
  [
    1561852800000,
    0.0008603965023352573
  ],
  [
    1561939200000,
    0.0008860700127529281
  ],
  [
    1562025600000,
    0.0009298129743103526
  ],
  [
    1562112000000,
    0.0008867923007597585
  ],
  [
    1562198400000,
    0.0008819878266067304
  ],
  [
    1562284800000,
    0.0007640932640635405
  ],
  [
    1562371200000,
    0.000788528362371319
  ],
  [
    1562457600000,
    0.000771083617630058
  ],
  [
    1562544000000,
    0.0009232734680668462
  ],
  [
    1562630400000,
    0.0009655233206207445
  ],
  [
    1562716800000,
    0.0008059921784590422
  ],
  [
    1562803200000,
    0.0007566107038699246
  ],
  [
    1562889600000,
    0.0006861611889982205
  ],
  [
    1562976000000,
    0.0006751282140267903
  ],
  [
    1563062400000,
    0.0006750808339152246
  ],
  [
    1563148800000,
    0.0005799776210967802
  ],
  [
    1563235200000,
    0.0005815149777414541
  ],
  [
    1563321600000,
    0.000493223617526926
  ],
  [
    1563408000000,
    0.0005269862329617119
  ],
  [
    1563494400000,
    0.0005741933955242478
  ],
  [
    1563580800000,
    0.000557060291683375
  ],
  [
    1563667200000,
    0.000560109052186176
  ],
  [
    1563753600000,
    0.000549308144879875
  ],
  [
    1563840000000,
    0.0005211163092318174
  ],
  [
    1563926400000,
    0.000531515359982929
  ],
  [
    1564012800000,
    0.0005430846720136581
  ],
  [
    1564099200000,
    0.0005467007963094769
  ],
  [
    1564185600000,
    0.0005464479602244026
  ],
  [
    1564272000000,
    0.000437357713343848
  ],
  [
    1564358400000,
    0.00047101236324464946
  ],
  [
    1564444800000,
    0.0005187303134900616
  ],
  [
    1564531200000,
    0.0005087624502053245
  ],
  [
    1564617600000,
    0.00045922698303342996
  ],
  [
    1564704000000,
    0.0004550768776872473
  ],
  [
    1564790400000,
    0.00040171837987860277
  ],
  [
    1564876800000,
    0.0004430816004090468
  ],
  [
    1564963200000,
    0.0004279127180426545
  ],
  [
    1565049600000,
    0.0005541493784432488
  ],
  [
    1565136000000,
    0.0004462208057173485
  ],
  [
    1565222400000,
    0.0004945513980120093
  ],
  [
    1565308800000,
    0.0004403409471395187
  ],
  [
    1565395200000,
    0.0003852971459148078
  ],
  [
    1565481600000,
    0.0003704303878698834
  ],
  [
    1565568000000,
    0.0003969384583433165
  ],
  [
    1565654400000,
    0.0003774793207671146
  ],
  [
    1565740800000,
    0.00037285110808362766
  ],
  [
    1565827200000,
    0.0003044308865605839
  ],
  [
    1565913600000,
    0.00030286766778817487
  ],
  [
    1566000000000,
    0.0002959757726981422
  ],
  [
    1566086400000,
    0.00031305162529069965
  ],
  [
    1566172800000,
    0.0004912880650423135
  ],
  [
    1566259200000,
    0.0005028721172259646
  ],
  [
    1566345600000,
    0.0003082965025720698
  ],
  [
    1566432000000,
    0.0002524593733122279
  ],
  [
    1566518400000,
    0.0002770884254748938
  ],
  [
    1566604800000,
    0.00030932083660580603
  ],
  [
    1566691200000,
    0.0002998002745573162
  ],
  [
    1566777600000,
    0.0003010898548697776
  ],
  [
    1566864000000,
    0.00032792689417759317
  ],
  [
    1566950400000,
    0.0003438689244294391
  ],
  [
    1567036800000,
    0.00028655625068637106
  ],
  [
    1567123200000,
    0.00028421804595686866
  ],
  [
    1567209600000,
    0.00027185691081117085
  ],
  [
    1567296000000,
    0.0003043244397692726
  ],
  [
    1567382400000,
    0.0002645629895829033
  ],
  [
    1567468800000,
    0.0005231333604999613
  ],
  [
    1567555200000,
    0.0004809944211956244
  ],
  [
    1567641600000,
    0.0005114362183747576
  ],
  [
    1567728000000,
    0.00087093049098028
  ],
  [
    1567814400000,
    0.0006452607282734139
  ],
  [
    1567900800000,
    0.0006210937539543737
  ],
  [
    1567987200000,
    0.000654548972575253
  ],
  [
    1568073600000,
    0.0007902069882296437
  ],
  [
    1568160000000,
    0.0007703839652005775
  ],
  [
    1568246400000,
    0.0009601264642568513
  ],
  [
    1568332800000,
    0.0012685599309661332
  ],
  [
    1568419200000,
    0.0012732813915733727
  ],
  [
    1568505600000,
    0.001058544438664833
  ],
  [
    1568592000000,
    0.001086918487495002
  ],
  [
    1568678400000,
    0.0010804137589162804
  ],
  [
    1568764800000,
    0.0007430757942790309
  ],
  [
    1568851200000,
    0.000952381211463289
  ],
  [
    1568937600000,
    0.0006560069381909298
  ],
  [
    1569024000000,
    0.0007484446902264242
  ],
  [
    1569110400000,
    0.000505504019977164
  ],
  [
    1569196800000,
    0.00044141417267577884
  ],
  [
    1569283200000,
    0.00043804697839149617
  ],
  [
    1569369600000,
    0.00031611024380963376
  ],
  [
    1569456000000,
    0.00030335042567155473
  ],
  [
    1569542400000,
    0.00030930899005528163
  ],
  [
    1569628800000,
    0.00045557520876625743
  ],
  [
    1569715200000,
    0.0004003047800886349
  ],
  [
    1569801600000,
    0.000495420473078026
  ],
  [
    1569888000000,
    0.0004132014442778721
  ],
  [
    1569974400000,
    0.00036981041475274114
  ],
  [
    1570060800000,
    0.00036981041475274114
  ],
  [
    1570147200000,
    0.00033552010224256404
  ],
  [
    1570233600000,
    0.0003482226587519587
  ],
  [
    1570320000000,
    0.00030066373938406537
  ],
  [
    1570406400000,
    0.000303239548888924
  ],
  [
    1570492800000,
    0.000340691977285253
  ],
  [
    1570579200000,
    0.0005215600666514636
  ],
  [
    1570665600000,
    0.0005115575216022834
  ],
  [
    1570752000000,
    0.0005155985451661138
  ],
  [
    1570838400000,
    0.0004726471573602005
  ],
  [
    1570924800000,
    0.0004905794606448403
  ],
  [
    1571011200000,
    0.000488477034296486
  ],
  [
    1571097600000,
    0.0004840169106093518
  ],
  [
    1571184000000,
    0.00048309028510465385
  ],
  [
    1571270400000,
    0.00045508017698827767
  ],
  [
    1571356800000,
    0.00045153765066601663
  ],
  [
    1571443200000,
    0.0004607075163780365
  ],
  [
    1571529600000,
    0.00044280126859256555
  ],
  [
    1571616000000,
    0.00045126753616065487
  ],
  [
    1571702400000,
    0.00042977042932324227
  ],
  [
    1571788800000,
    0.0004315549061179119
  ],
  [
    1571875200000,
    0.00040856327115582574
  ],
  [
    1571961600000,
    0.00042768235382741277
  ],
  [
    1572048000000,
    0.0004420890832145933
  ],
  [
    1572134400000,
    0.0004868624671839121
  ],
  [
    1572220800000,
    0.00040203473342993664
  ],
  [
    1572307200000,
    0.0004778495713061863
  ],
  [
    1572393600000,
    0.0004863283420173837
  ],
  [
    1572480000000,
    0.00041889451120728674
  ],
  [
    1572566400000,
    0.0004405316057827244
  ],
  [
    1572652800000,
    0.0004831830564548959
  ],
  [
    1572739200000,
    0.00047205304362691697
  ],
  [
    1572825600000,
    0.0004822978437324253
  ],
  [
    1572912000000,
    0.00048103229924251727
  ],
  [
    1572998400000,
    0.0004937977513861512
  ],
  [
    1573084800000,
    0.0004424120337917298
  ],
  [
    1573171200000,
    0.00048774820241868135
  ],
  [
    1573257600000,
    0.0004010510942666005
  ],
  [
    1573344000000,
    0.00039418573545246116
  ],
  [
    1573430400000,
    0.00043390904621895657
  ],
  [
    1573516800000,
    0.00042873533850540596
  ],
  [
    1573603200000,
    0.00043348054333572556
  ],
  [
    1573689600000,
    0.00042873529871630963
  ],
  [
    1573776000000,
    0.0004246241123258724
  ],
  [
    1573862400000,
    0.00041176435207967467
  ],
  [
    1573948800000,
    0.000416292125786922
  ],
  [
    1574035200000,
    0.0004178775211347068
  ],
  [
    1574121600000,
    0.00040840113266718444
  ],
  [
    1574208000000,
    0.0003976627920315313
  ],
  [
    1574294400000,
    0.000400265145292338
  ],
  [
    1574380800000,
    0.00040110994941542814
  ],
  [
    1574467200000,
    0.0003966698834777385
  ],
  [
    1574553600000,
    0.000379959770905672
  ],
  [
    1574640000000,
    0.00038403104744082575
  ],
  [
    1574726400000,
    0.0003930776443358429
  ],
  [
    1574812800000,
    0.0003656923959155718
  ],
  [
    1574899200000,
    0.0003781063247148102
  ],
  [
    1574985600000,
    0.00038166867127155526
  ],
  [
    1575072000000,
    0.00039459636652745643
  ],
  [
    1575158400000,
    0.0003718570641645652
  ],
  [
    1575244800000,
    0.0003867560069549037
  ],
  [
    1575331200000,
    0.0003811349948121077
  ],
  [
    1575417600000,
    0.0003816873304288189
  ],
  [
    1575504000000,
    0.0003901902801358196
  ],
  [
    1575590400000,
    0.0003927162131009471
  ],
  [
    1575676800000,
    0.0003958521798458087
  ],
  [
    1575763200000,
    0.0003874221675662939
  ],
  [
    1575849600000,
    0.00038814382115076726
  ],
  [
    1575936000000,
    0.00038890755715358767
  ],
  [
    1576022400000,
    0.0003901421679403508
  ],
  [
    1576108800000,
    0.0003777806241770526
  ],
  [
    1576195200000,
    0.0003794234575090205
  ],
  [
    1576281600000,
    0.00038601747651183206
  ],
  [
    1576368000000,
    0.0003736805655643624
  ],
  [
    1576454400000,
    0.0003767735138593901
  ],
  [
    1576540800000,
    0.0003517474027209557
  ],
  [
    1576627200000,
    0.00032819661557441447
  ],
  [
    1576713600000,
    0.0003774480302650885
  ],
  [
    1576800000000,
    0.0005268669212281894
  ],
  [
    1576886400000,
    0.0006641914363200523
  ],
  [
    1576972800000,
    0.0004715576211070844
  ],
  [
    1577059200000,
    0.000567490306383064
  ],
  [
    1577145600000,
    0.0007132173600680786
  ],
  [
    1577232000000,
    0.0005534516949272477
  ],
  [
    1577318400000,
    0.0005349438794327526
  ],
  [
    1577404800000,
    0.000620149319177894
  ],
  [
    1577491200000,
    0.0005927696753308926
  ],
  [
    1577577600000,
    0.000765144690108463
  ],
  [
    1577664000000,
    0.000753216983628856
  ],
  [
    1577750400000,
    0.0007844280757672309
  ],
  [
    1577836800000,
    0.0006631463010283325
  ],
  [
    1577923200000,
    0.0006954443908274591
  ],
  [
    1578009600000,
    0.0007158352804736836
  ],
  [
    1578096000000,
    0.00076017626464453
  ],
  [
    1578182400000,
    0.0007728621994599335
  ],
  [
    1578268800000,
    0.0006966318962027784
  ],
  [
    1578355200000,
    0.0006752829544026436
  ],
  [
    1578441600000,
    0.0006769538462995843
  ],
  [
    1578528000000,
    0.000678934406721553
  ],
  [
    1578614400000,
    0.0006542799453056579
  ],
  [
    1578700800000,
    0.0005345792114570739
  ],
  [
    1578787200000,
    0.00030822214666028556
  ],
  [
    1578873600000,
    0.00020808700869868983
  ],
  [
    1578960000000,
    0.0002801457230557396
  ],
  [
    1579046400000,
    0.00038186006621806514
  ],
  [
    1579132800000,
    0.0005027662158030832
  ],
  [
    1579219200000,
    0.0005596397091874782
  ],
  [
    1579305600000,
    0.00039436575922802673
  ],
  [
    1579392000000,
    0.000427582091376982
  ],
  [
    1579478400000,
    0.0005373798789750095
  ],
  [
    1579564800000,
    0.0006220298917179338
  ],
  [
    1579651200000,
    0.0005697045017567467
  ],
  [
    1579737600000,
    0.00048332306509376075
  ],
  [
    1579824000000,
    0.0005996053914436194
  ],
  [
    1579910400000,
    0.0005168964217461146
  ],
  [
    1579996800000,
    0.0005315313216251305
  ],
  [
    1580083200000,
    0.0006236544036084623
  ],
  [
    1580169600000,
    0.0005412966953145723
  ],
  [
    1580256000000,
    0.0006716094598890417
  ],
  [
    1580342400000,
    0.0006228880583544678
  ],
  [
    1580428800000,
    0.0005964661582626005
  ],
  [
    1580515200000,
    0.0006480480824071235
  ],
  [
    1580601600000,
    0.0005849677803626695
  ],
  [
    1580688000000,
    0.0006556786445764671
  ],
  [
    1580774400000,
    0.0005654686254898403
  ],
  [
    1580860800000,
    0.0006009142490155753
  ],
  [
    1580947200000,
    0.0007368801368783776
  ],
  [
    1581033600000,
    0.0006380036268330174
  ],
  [
    1581120000000,
    0.0007404129933108777
  ],
  [
    1581206400000,
    0.0006791449722095623
  ],
  [
    1581292800000,
    0.0005239467346837317
  ],
  [
    1581379200000,
    0.0004967132271400739
  ],
  [
    1581465600000,
    0.0006953685446266062
  ],
  [
    1581552000000,
    0.00047551613125101087
  ],
  [
    1581638400000,
    0.0005342966308463837
  ],
  [
    1581724800000,
    0.0004645167696720835
  ],
  [
    1581811200000,
    0.0007113964479918713
  ],
  [
    1581897600000,
    0.0003838381803943928
  ],
  [
    1581984000000,
    0.0007702917475767668
  ],
  [
    1582070400000,
    0.0005122789392528188
  ],
  [
    1582156800000,
    0.00043055985458013074
  ],
  [
    1582243200000,
    0.0004377408791729636
  ],
  [
    1582329600000,
    0.0004748656600728856
  ],
  [
    1582416000000,
    0.00045349012176369176
  ],
  [
    1582502400000,
    0.00047778960562914536
  ],
  [
    1582588800000,
    0.0002803053844451712
  ],
  [
    1582675200000,
    0.00038975557980443063
  ],
  [
    1582761600000,
    0.00044111781810807877
  ],
  [
    1582848000000,
    0.0003314801278079207
  ],
  [
    1582934400000,
    0.00032902910926281407
  ],
  [
    1583020800000,
    0.00031225104364192904
  ],
  [
    1583107200000,
    0.0002995912313995141
  ],
  [
    1583193600000,
    0.000299874149497788
  ],
  [
    1583280000000,
    0.00042291695494528877
  ],
  [
    1583366400000,
    0.00040962733437318813
  ],
  [
    1583452800000,
    0.00028651819373027654
  ],
  [
    1583539200000,
    0.0003033022847238761
  ],
  [
    1583625600000,
    0.00029633097855857855
  ],
  [
    1583712000000,
    0.00024661549421707644
  ],
  [
    1583798400000,
    0.00024954509388959336
  ],
  [
    1583884800000,
    0.00025624442704920127
  ],
  [
    1583971200000,
    0.0002356156184315506
  ],
  [
    1584057600000,
    0.00013897806556346755
  ],
  [
    1584144000000,
    0.00015883966033371948
  ],
  [
    1584230400000,
    0.0001555632446494413
  ],
  [
    1584316800000,
    0.00018485682454123507
  ],
  [
    1584403200000,
    0.0001957766876747095
  ],
  [
    1584489600000,
    0.00022793382001975936
  ],
  [
    1584576000000,
    0.00028045751994444136
  ],
  [
    1584662400000,
    0.00024874069822391077
  ],
  [
    1584748800000,
    0.00028028581195673196
  ],
  [
    1584835200000,
    0.00022345840372429564
  ],
  [
    1584921600000,
    0.00025371018409718187
  ],
  [
    1585008000000,
    0.00028343217994251425
  ],
  [
    1585094400000,
    0.0002431821833355639
  ],
  [
    1585180800000,
    0.0002850368149193004
  ],
  [
    1585267200000,
    0.00030321454258791877
  ],
  [
    1585353600000,
    0.0002337348187684722
  ],
  [
    1585440000000,
    0.00022878749994918878
  ],
  [
    1585526400000,
    0.00025591137200876494
  ],
  [
    1585612800000,
    0.0002881822298594434
  ],
  [
    1585699200000,
    0.00028049850986825516
  ],
  [
    1585785600000,
    0.00025516954978468384
  ],
  [
    1585872000000,
    0.0002722719701066974
  ],
  [
    1585958400000,
    0.0002584860308486546
  ],
  [
    1586044800000,
    0.00025250792213539
  ],
  [
    1586131200000,
    0.00026620332886332043
  ],
  [
    1586217600000,
    0.0003104577154828235
  ],
  [
    1586304000000,
    0.0003013118531620401
  ],
  [
    1586390400000,
    0.0001937375566380807
  ],
  [
    1586476800000,
    0.00036629376799583263
  ],
  [
    1586563200000,
    0.0003309772662905698
  ],
  [
    1586649600000,
    0.0002963725639160044
  ],
  [
    1586736000000,
    0.0003082441038285171
  ],
  [
    1586822400000,
    0.0003147072760671462
  ],
  [
    1586908800000,
    0.0003102215629370328
  ],
  [
    1586995200000,
    0.00030178765778905475
  ],
  [
    1587081600000,
    0.00035481248142505496
  ],
  [
    1587168000000,
    0.00036259223617974033
  ],
  [
    1587254400000,
    0.00037970658931533064
  ],
  [
    1587340800000,
    0.00038934104802535114
  ],
  [
    1587427200000,
    0.00037524465519353674
  ],
  [
    1587513600000,
    0.00036066876832995367
  ],
  [
    1587600000000,
    0.00038800970433053756
  ],
  [
    1587686400000,
    0.00039556525170473763
  ],
  [
    1587772800000,
    0.0003956914758991532
  ],
  [
    1587859200000,
    0.00039040504118048163
  ],
  [
    1587945600000,
    0.0004207107567245292
  ],
  [
    1588032000000,
    0.0004150073642924973
  ],
  [
    1588118400000,
    0.0004213403612102833
  ],
  [
    1588204800000,
    0.00045611956509564443
  ],
  [
    1588291200000,
    0.00039397478149775004
  ],
  [
    1588377600000,
    0.00036935943129162507
  ],
  [
    1588464000000,
    0.00022280524274649531
  ],
  [
    1588550400000,
    0.00031673212295322113
  ],
  [
    1588636800000,
    0.00022960474196891386
  ],
  [
    1588723200000,
    0.0002207693229125268
  ],
  [
    1588809600000,
    0.00026819485415182476
  ],
  [
    1588896000000,
    0.0002737207816678461
  ],
  [
    1588982400000,
    0.00023865986618357144
  ],
  [
    1589068800000,
    0.0002650876541806912
  ],
  [
    1589155200000,
    0.00023043185553777763
  ],
  [
    1589241600000,
    0.00022863594190006276
  ],
  [
    1589328000000,
    0.0003093391375710104
  ],
  [
    1589414400000,
    0.00030244094936503825
  ],
  [
    1589500800000,
    0.000496936107103345
  ],
  [
    1589587200000,
    0.0004068703174408545
  ],
  [
    1589673600000,
    0.0002674694722423001
  ],
  [
    1589760000000,
    0.00023817220469162927
  ],
  [
    1589846400000,
    0.0002143588324136639
  ],
  [
    1589932800000,
    0.00020439409286546222
  ],
  [
    1590019200000,
    0.00023714462439466112
  ],
  [
    1590105600000,
    0.00022315618174301673
  ],
  [
    1590192000000,
    0.00023499044495246658
  ],
  [
    1590278400000,
    0.00023910522355121815
  ],
  [
    1590364800000,
    0.00022718144446557865
  ],
  [
    1590451200000,
    0.00023245688474172847
  ],
  [
    1590537600000,
    0.00022732191230649115
  ],
  [
    1590624000000,
    0.00021382209966874617
  ],
  [
    1590710400000,
    0.0002386844496540595
  ],
  [
    1590796800000,
    0.00023191871115630416
  ],
  [
    1590883200000,
    0.00026513517373560403
  ],
  [
    1590969600000,
    0.0003028268126648904
  ],
  [
    1591056000000,
    0.0003020129680322985
  ],
  [
    1591142400000,
    0.00031785579498431007
  ],
  [
    1591228800000,
    0.0002927817923829504
  ],
  [
    1591315200000,
    0.00030961602949021
  ],
  [
    1591401600000,
    0.0003201854418331403
  ],
  [
    1591488000000,
    0.0003020289810891244
  ],
  [
    1591574400000,
    0.0003342147352773547
  ],
  [
    1591660800000,
    0.00031961441054598644
  ],
  [
    1591747200000,
    0.0002905331881633298
  ],
  [
    1591833600000,
    0.0003066765837761141
  ],
  [
    1591920000000,
    0.0003010676119240458
  ],
  [
    1592006400000,
    0.00032312443264627904
  ],
  [
    1592092800000,
    0.00031675149807430846
  ],
  [
    1592179200000,
    0.00032955211470855314
  ],
  [
    1592265600000,
    0.000353686530049262
  ],
  [
    1592352000000,
    0.00035048788184416114
  ],
  [
    1592438400000,
    0.0003933972814047086
  ],
  [
    1592524800000,
    0.0004057270096038365
  ],
  [
    1592611200000,
    0.0003731886142315304
  ],
  [
    1592697600000,
    0.00035930194717864316
  ],
  [
    1592784000000,
    0.0003666040725293734
  ],
  [
    1592870400000,
    0.0003545523363834857
  ],
  [
    1592956800000,
    0.00034245121404539167
  ],
  [
    1593043200000,
    0.00039945831364402964
  ],
  [
    1593129600000,
    0.0004818136463973069
  ],
  [
    1593216000000,
    0.0005660830706187901
  ],
  [
    1593302400000,
    0.0004430147522846414
  ],
  [
    1593388800000,
    0.00037991878304033253
  ],
  [
    1593475200000,
    0.00045888021948181906
  ],
  [
    1593561600000,
    0.00036549204582862565
  ],
  [
    1593648000000,
    0.0005234546900777466
  ],
  [
    1593734400000,
    0.0004597530825822718
  ],
  [
    1593820800000,
    0.0004345539347672181
  ],
  [
    1593907200000,
    0.00046017162215318145
  ],
  [
    1593993600000,
    0.0004439169626246806
  ],
  [
    1594080000000,
    0.0005410451191666911
  ],
  [
    1594166400000,
    0.0004270636973954037
  ],
  [
    1594252800000,
    0.0004319775636005877
  ],
  [
    1594339200000,
    0.0005176053627788882
  ],
  [
    1594425600000,
    0.00043674497517492706
  ],
  [
    1594512000000,
    0.00040908722251917776
  ],
  [
    1594598400000,
    0.0004161498141101081
  ],
  [
    1594684800000,
    0.0004188409837533418
  ],
  [
    1594771200000,
    0.0004254227534755874
  ],
  [
    1594857600000,
    0.00045579959471921675
  ],
  [
    1594944000000,
    0.00043291309430807507
  ],
  [
    1595030400000,
    0.0003983135170936999
  ],
  [
    1595116800000,
    0.0004583347697335383
  ],
  [
    1595203200000,
    0.0004400432638280551
  ],
  [
    1595289600000,
    0.000403705783314723
  ],
  [
    1595376000000,
    0.000353361722029872
  ],
  [
    1595462400000,
    0.0003376163679348694
  ],
  [
    1595548800000,
    0.00035609797306456815
  ],
  [
    1595635200000,
    0.0003381381476967532
  ],
  [
    1595721600000,
    0.0003630513776215017
  ],
  [
    1595808000000,
    0.00036381895986389444
  ],
  [
    1595894400000,
    0.00039295109179494567
  ],
  [
    1595980800000,
    0.00038275645938198936
  ],
  [
    1596067200000,
    0.000383993050187632
  ],
  [
    1596153600000,
    0.0004060016663171258
  ],
  [
    1596240000000,
    0.0004825380336741282
  ],
  [
    1596326400000,
    0.0005967058286201987
  ],
  [
    1596412800000,
    0.0005521171375708289
  ],
  [
    1596499200000,
    0.0005736276270032592
  ],
  [
    1596585600000,
    0.0005599363850766456
  ],
  [
    1596672000000,
    0.0004600235226244663
  ],
  [
    1596758400000,
    0.00047575666867734985
  ],
  [
    1596844800000,
    0.0004335403550205927
  ],
  [
    1596931200000,
    0.0004502517481682032
  ],
  [
    1597017600000,
    0.00041656762705786067
  ],
  [
    1597104000000,
    0.0004311352938245715
  ],
  [
    1597190400000,
    0.0004108278204508481
  ],
  [
    1597276800000,
    0.00041772027381214066
  ],
  [
    1597363200000,
    0.0003906995291346714
  ],
  [
    1597449600000,
    0.00039690963338150423
  ],
  [
    1597536000000,
    0.0003935951938345027
  ],
  [
    1597622400000,
    0.0004100826684624496
  ],
  [
    1597708800000,
    0.00038679341049094144
  ],
  [
    1597795200000,
    0.00036277799751594175
  ],
  [
    1597881600000,
    0.00032615721371809014
  ],
  [
    1597968000000,
    0.0003206233216504442
  ],
  [
    1598054400000,
    0.00026511919603524367
  ],
  [
    1598140800000,
    0.00025767381323231204
  ],
  [
    1598227200000,
    0.00020784302106910418
  ],
  [
    1598313600000,
    0.00026966859205571433
  ],
  [
    1598400000000,
    0.00026400315747047786
  ],
  [
    1598486400000,
    0.0002664149371835795
  ],
  [
    1598572800000,
    0.0002562496508838416
  ],
  [
    1598659200000,
    0.0002687244377038648
  ],
  [
    1598745600000,
    0.00027574139341173594
  ],
  [
    1598832000000,
    0.00026583185239397226
  ],
  [
    1598918400000,
    0.00027512715323526986
  ],
  [
    1599004800000,
    0.0003116191918727729
  ],
  [
    1599091200000,
    0.0002734320951705036
  ],
  [
    1599177600000,
    0.00023840080572681496
  ],
  [
    1599264000000,
    0.000264296012851213
  ],
  [
    1599350400000,
    0.00021754138608434776
  ],
  [
    1599436800000,
    0.00025155537889933594
  ],
  [
    1599523200000,
    0.0002642689492048662
  ],
  [
    1599609600000,
    0.0002454684214430179
  ],
  [
    1599696000000,
    0.00019368210067508034
  ],
  [
    1599782400000,
    0.00019501186255307693
  ],
  [
    1599868800000,
    0.00043771142846280503
  ],
  [
    1599955200000,
    0.0003739387865567209
  ],
  [
    1600041600000,
    0.0003286261913810955
  ],
  [
    1600128000000,
    0.0003272750075012417
  ],
  [
    1600214400000,
    0.0001933607189867759
  ],
  [
    1600300800000,
    0.0002237523919291609
  ],
  [
    1600387200000,
    0.0002450541605973428
  ],
  [
    1600473600000,
    0.0002067543050389195
  ],
  [
    1600560000000,
    0.000211967019525892
  ],
  [
    1600646400000,
    0.00019711173776853952
  ],
  [
    1600732800000,
    0.00018528859398494479
  ],
  [
    1600819200000,
    0.00017879790169893637
  ],
  [
    1600905600000,
    0.00016927349395228335
  ],
  [
    1600992000000,
    0.0001814882184476709
  ],
  [
    1601078400000,
    0.00016211196296807184
  ],
  [
    1601164800000,
    0.00020894298386945386
  ],
  [
    1601251200000,
    0.00021773280440145058
  ],
  [
    1601337600000,
    0.00030489723087358933
  ],
  [
    1601424000000,
    0.00022649138407571998
  ],
  [
    1601510400000,
    0.00020846449453678948
  ],
  [
    1601596800000,
    0.00021504906853083222
  ],
  [
    1601683200000,
    0.00019716915558735913
  ],
  [
    1601769600000,
    0.00018047847115829532
  ],
  [
    1601856000000,
    0.0001901618166648166
  ],
  [
    1601942400000,
    0.00017678019730561716
  ],
  [
    1602028800000,
    0.000173170070877238
  ],
  [
    1602115200000,
    0.00018726253414571594
  ],
  [
    1602201600000,
    0.00019665593695678506
  ],
  [
    1602288000000,
    0.0002118375702695101
  ],
  [
    1602374400000,
    0.00014603441573821799
  ],
  [
    1602460800000,
    0.00016042943612821022
  ],
  [
    1602547200000,
    0.00015555081864783308
  ],
  [
    1602633600000,
    0.00014863967787979898
  ],
  [
    1602720000000,
    0.00015489897413110173
  ],
  [
    1602806400000,
    0.00015451628064825626
  ],
  [
    1602892800000,
    0.00014623599872222754
  ],
  [
    1602979200000,
    0.0001471517936520324
  ],
  [
    1603065600000,
    0.00015802046236634235
  ],
  [
    1603152000000,
    0.0001289766362546799
  ],
  [
    1603238400000,
    0.00015841381338557316
  ],
  [
    1603324800000,
    0.00016495118774061997
  ],
  [
    1603411200000,
    0.0001738579675052629
  ],
  [
    1603497600000,
    0.0001432540717067754
  ],
  [
    1603584000000,
    0.0001562689548157556
  ],
  [
    1603670400000,
    0.0001585141863000433
  ],
  [
    1603756800000,
    0.0001496216798112651
  ],
  [
    1603843200000,
    0.00014963828265664368
  ],
  [
    1603929600000,
    0.00014336335253674624
  ],
  [
    1604016000000,
    0.00014255459529955737
  ],
  [
    1604102400000,
    0.00013795789206137412
  ],
  [
    1604188800000,
    0.00012334574902779643
  ],
  [
    1604275200000,
    0.00013795974640356168
  ],
  [
    1604361600000,
    0.0001338150547339563
  ],
  [
    1604448000000,
    0.00013599870494485845
  ],
  [
    1604534400000,
    0.00015273014563783047
  ],
  [
    1604620800000,
    0.000153886010665286
  ],
  [
    1604707200000,
    0.00020920170623541914
  ],
  [
    1604793600000,
    0.00019662881283969878
  ],
  [
    1604880000000,
    0.0002041882857443536
  ],
  [
    1604966400000,
    0.00023989812971474098
  ],
  [
    1605052800000,
    0.00023477062417662147
  ],
  [
    1605139200000,
    0.00023671089141216677
  ],
  [
    1605225600000,
    0.00024080902209362964
  ],
  [
    1605312000000,
    0.00025681566092171495
  ],
  [
    1605398400000,
    0.0003052390010955835
  ],
  [
    1605484800000,
    0.00030954692347533733
  ],
  [
    1605571200000,
    0.00033212963443953223
  ],
  [
    1605657600000,
    0.0004260037940874336
  ],
  [
    1605744000000,
    0.00038380860803900946
  ],
  [
    1605830400000,
    0.00044238967389974645
  ],
  [
    1605916800000,
    0.0005798152134032864
  ],
  [
    1606003200000,
    0.0005834320589308954
  ],
  [
    1606089600000,
    0.0006144417731814977
  ],
  [
    1606176000000,
    0.0008858308501193159
  ],
  [
    1606262400000,
    0.0006620000396363215
  ],
  [
    1606348800000,
    0.000551308438298469
  ],
  [
    1606435200000,
    0.0005381655395513837
  ],
  [
    1606521600000,
    0.0006049985050461324
  ],
  [
    1606608000000,
    0.0005918390283609632
  ],
  [
    1606694400000,
    0.0006080318493065897
  ],
  [
    1606780800000,
    0.0006490882917646761
  ],
  [
    1606867200000,
    0.0006188843095686509
  ],
  [
    1606953600000,
    0.0005385784520649462
  ],
  [
    1607040000000,
    0.0005303809138232662
  ],
  [
    1607126400000,
    0.0005057589586085784
  ],
  [
    1607212800000,
    0.0006179918541551021
  ],
  [
    1607299200000,
    0.0005596073652527124
  ],
  [
    1607385600000,
    0.0005863902500567908
  ],
  [
    1607472000000,
    0.0005341431617946617
  ],
  [
    1607558400000,
    0.0005818170512934484
  ],
  [
    1607644800000,
    0.0005772694878193147
  ],
  [
    1607731200000,
    0.0005072454272102162
  ],
  [
    1607817600000,
    0.0005010982584701951
  ],
  [
    1607904000000,
    0.0005077474941627073
  ],
  [
    1607990400000,
    0.0005271163980791922
  ],
  [
    1608076800000,
    0.0005239122269471464
  ],
  [
    1608163200000,
    0.0005685437795814361
  ],
  [
    1608249600000,
    0.0005562477020974368
  ],
  [
    1608336000000,
    0.0004696357351348556
  ],
  [
    1608422400000,
    0.0004225761993175446
  ],
  [
    1608508800000,
    0.00034560197525729567
  ],
  [
    1608595200000,
    0.0003375746649541165
  ],
  [
    1608681600000,
    0.00037458763970290454
  ],
  [
    1608768000000,
    0.00033763331852172635
  ],
  [
    1608854400000,
    0.00040516899613451127
  ],
  [
    1608940800000,
    0.00043739398866889513
  ],
  [
    1609027200000,
    0.000407454377932229
  ],
  [
    1609113600000,
    0.00035928077202537556
  ],
  [
    1609200000000,
    0.00040215808845059164
  ],
  [
    1609286400000,
    0.0002909276007259224
  ],
  [
    1609372800000,
    0.0003074494288758516
  ],
  [
    1609459200000,
    0.0002663255792992988
  ],
  [
    1609545600000,
    0.0002849225741953496
  ],
  [
    1609632000000,
    0.0003236262125287113
  ],
  [
    1609718400000,
    0.000360008682690784
  ],
  [
    1609804800000,
    0.000377838319925393
  ],
  [
    1609891200000,
    0.000374509858429693
  ],
  [
    1609977600000,
    0.0003573626946319007
  ],
  [
    1610064000000,
    0.000388054507336298
  ],
  [
    1610150400000,
    0.00031746436300791344
  ],
  [
    1610236800000,
    0.0003841939729612775
  ],
  [
    1610323200000,
    0.00040876451650644844
  ],
  [
    1610409600000,
    0.0003802760616246866
  ],
  [
    1610496000000,
    0.00035599422366766777
  ],
  [
    1610582400000,
    0.0003808472779350828
  ],
  [
    1610668800000,
    0.00042714497681242973
  ],
  [
    1610755200000,
    0.00040631808589863675
  ],
  [
    1610841600000,
    0.00035824771766585845
  ],
  [
    1610928000000,
    0.00039890784281928625
  ],
  [
    1611014400000,
    0.00036406302736593897
  ],
  [
    1611100800000,
    0.0005399732500240378
  ],
  [
    1611187200000,
    0.00046520412290686577
  ],
  [
    1611273600000,
    0.00038194302021001426
  ],
  [
    1611360000000,
    0.00043150397506926
  ],
  [
    1611446400000,
    0.0004337836695554656
  ],
  [
    1611532800000,
    0.00041418560010429164
  ],
  [
    1611619200000,
    0.0003978187947751428
  ],
  [
    1611705600000,
    0.0003539097070005147
  ],
  [
    1611792000000,
    0.00034682287803269304
  ],
  [
    1611878400000,
    0.0003639737438949159
  ],
  [
    1611964800000,
    0.0003720207462218181
  ],
  [
    1612051200000,
    0.00032967996782952284
  ],
  [
    1612137600000,
    0.00026236658736603573
  ],
  [
    1612224000000,
    0.00036565393237120896
  ],
  [
    1612310400000,
    0.0004091844793046331
  ],
  [
    1612396800000,
    0.0003774902873385802
  ],
  [
    1612483200000,
    0.0003729607188406245
  ],
  [
    1612569600000,
    0.00037766569622661906
  ],
  [
    1612656000000,
    0.0004059294385572713
  ],
  [
    1612742400000,
    0.0003695622233306778
  ],
  [
    1612828800000,
    0.0004008267478640336
  ],
  [
    1612915200000,
    0.00044330608084815583
  ],
  [
    1613001600000,
    0.0005081405685571752
  ],
  [
    1613088000000,
    0.000479971739798114
  ],
  [
    1613174400000,
    0.000512971394818595
  ],
  [
    1613260800000,
    0.0005074370923029557
  ],
  [
    1613347200000,
    0.00043788326183238056
  ],
  [
    1613433600000,
    0.00041441291752958054
  ],
  [
    1613520000000,
    0.0003556532113289493
  ],
  [
    1613606400000,
    0.0004061301488435311
  ],
  [
    1613692800000,
    0.0004261946302437961
  ],
  [
    1613779200000,
    0.00045163031896066665
  ],
  [
    1613865600000,
    0.00046018738580699115
  ],
  [
    1613952000000,
    0.0004459181489645662
  ],
  [
    1614038400000,
    0.0003926318907595698
  ],
  [
    1614124800000,
    0.00034580998666106707
  ],
  [
    1614211200000,
    0.0003502745904024326
  ],
  [
    1614297600000,
    0.00031901295427726547
  ],
  [
    1614384000000,
    0.0003744007379647162
  ],
  [
    1614470400000,
    0.0003607895110939531
  ],
  [
    1614556800000,
    0.00036833125196013424
  ],
  [
    1614643200000,
    0.0004089511605652301
  ],
  [
    1614729600000,
    0.00046435718037079137
  ],
  [
    1614816000000,
    0.00030240446954498394
  ],
  [
    1614902400000,
    0.00033878014743216636
  ],
  [
    1614988800000,
    0.0003536679811999296
  ],
  [
    1615075200000,
    0.00041506850184463637
  ],
  [
    1615161600000,
    0.0004910600797881519
  ],
  [
    1615248000000,
    0.00048963491359639
  ],
  [
    1615334400000,
    0.0005782941069499021
  ],
  [
    1615420800000,
    0.0005263847097422841
  ],
  [
    1615507200000,
    0.0005501080113367199
  ],
  [
    1615593600000,
    0.0005148275688459325
  ],
  [
    1615680000000,
    0.0005811130234145111
  ],
  [
    1615766400000,
    0.0006044290281339858
  ],
  [
    1615852800000,
    0.0005788814210638247
  ],
  [
    1615939200000,
    0.0005222007497344526
  ],
  [
    1616025600000,
    0.000565721486981902
  ],
  [
    1616112000000,
    0.0005175303420855549
  ],
  [
    1616198400000,
    0.0005480246875099618
  ],
  [
    1616284800000,
    0.00053264401553327
  ],
  [
    1616371200000,
    0.0005945988665642594
  ],
  [
    1616457600000,
    0.0004922584615825788
  ],
  [
    1616544000000,
    0.0006011186372025288
  ],
  [
    1616630400000,
    0.0012535629101980215
  ],
  [
    1616716800000,
    0.0010966822675472535
  ],
  [
    1616803200000,
    0.0012481151114958882
  ],
  [
    1616889600000,
    0.000962909438622032
  ],
  [
    1616976000000,
    0.0010555099438726903
  ],
  [
    1617062400000,
    0.0013170813725731504
  ],
  [
    1617148800000,
    0.001311110413138857
  ],
  [
    1617235200000,
    0.001188643318064709
  ],
  [
    1617321600000,
    0.0012029362323871845
  ],
  [
    1617408000000,
    0.0008754130656096627
  ],
  [
    1617494400000,
    0.0010139720708461626
  ],
  [
    1617580800000,
    0.0009970178414644329
  ],
  [
    1617667200000,
    0.0010480098407896266
  ],
  [
    1617753600000,
    0.0010824269630999367
  ],
  [
    1617840000000,
    0.0009666034699200097
  ],
  [
    1617926400000,
    0.0009141746446203957
  ],
  [
    1618012800000,
    0.000806442799970413
  ],
  [
    1618099200000,
    0.0007199969787637061
  ],
  [
    1618185600000,
    0.0006876002005955693
  ],
  [
    1618272000000,
    0.0006447122581330186
  ],
  [
    1618358400000,
    0.0012858820139471055
  ],
  [
    1618444800000,
    0.001441556259509666
  ],
  [
    1618531200000,
    0.0012550518290782395
  ],
  [
    1618617600000,
    0.0012150801088390418
  ],
  [
    1618704000000,
    0.0012095864488766877
  ],
  [
    1618790400000,
    0.0012116663527549688
  ],
  [
    1618876800000,
    0.0011428948240311337
  ],
  [
    1618963200000,
    0.0011868519938673797
  ],
  [
    1619049600000,
    0.0011868610882592712
  ],
  [
    1619136000000,
    0.0008286629521121932
  ],
  [
    1619222400000,
    0.0008517659079943025
  ],
  [
    1619308800000,
    0.0007420824107223019
  ],
  [
    1619395200000,
    0.0008723967007679952
  ],
  [
    1619481600000,
    0.0008579071257828547
  ],
  [
    1619568000000,
    0.00091931371361697
  ],
  [
    1619654400000,
    0.0009271725132439321
  ],
  [
    1619740800000,
    0.0008553419094576123
  ],
  [
    1619827200000,
    0.0009113262461396118
  ],
  [
    1619913600000,
    0.0006487522887391082
  ],
  [
    1620000000000,
    0.000737465626821734
  ],
  [
    1620086400000,
    0.0009222890758617481
  ],
  [
    1620172800000,
    0.0006845218493468359
  ],
  [
    1620259200000,
    0.0007744187335559877
  ],
  [
    1620345600000,
    0.0008400611105432184
  ],
  [
    1620432000000,
    0.00087122832218323
  ],
  [
    1620518400000,
    0.0007395999668164759
  ],
  [
    1620604800000,
    0.0008958895606817949
  ],
  [
    1620691200000,
    0.0008382148886070335
  ],
  [
    1620777600000,
    0.0007459948679472406
  ],
  [
    1620864000000,
    0.0007678516202262047
  ],
  [
    1620950400000,
    0.0006255467892214568
  ],
  [
    1621036800000,
    0.0007366376991456644
  ],
  [
    1621123200000,
    0.0006654059504085985
  ],
  [
    1621209600000,
    0.0006094723098652117
  ],
  [
    1621296000000,
    0.0005826098515120256
  ],
  [
    1621382400000,
    0.0005675088186916844
  ],
  [
    1621468800000,
    0.00042560916325910634
  ],
  [
    1621555200000,
    0.0003991143673787288
  ],
  [
    1621641600000,
    0.00034978866258850914
  ],
  [
    1621728000000,
    0.0003234295562788362
  ],
  [
    1621814400000,
    0.00031056230639959104
  ],
  [
    1621900800000,
    0.00039505745444053466
  ],
  [
    1621987200000,
    0.0003760558638913336
  ],
  [
    1622073600000,
    0.00046010236722828846
  ],
  [
    1622160000000,
    0.00046666974677983883
  ],
  [
    1622246400000,
    0.0004607615695801119
  ],
  [
    1622332800000,
    0.0004310081616270784
  ],
  [
    1622419200000,
    0.0004787659745581641
  ],
  [
    1622505600000,
    0.0006365149612071272
  ],
  [
    1622592000000,
    0.0006074333440871608
  ],
  [
    1622678400000,
    0.00015522202685728498
  ],
  [
    1622764800000,
    0.0004857139193726408
  ],
  [
    1622851200000,
    0.000456870140146731
  ],
  [
    1622937600000,
    0.00044150736384818736
  ],
  [
    1623024000000,
    0.0004325259022685276
  ],
  [
    1623110400000,
    0.0004199671022615119
  ],
  [
    1623196800000,
    0.00040415750689761317
  ],
  [
    1623283200000,
    0.0004162348930970538
  ],
  [
    1623369600000,
    0.00042147552457004526
  ],
  [
    1623456000000,
    0.0003507501700792221
  ],
  [
    1623542400000,
    0.0003354415599205865
  ],
  [
    1623628800000,
    0.00037639885315384055
  ],
  [
    1623715200000,
    0.00043933549483756004
  ],
  [
    1623801600000,
    0.00040945170550173285
  ],
  [
    1623888000000,
    0.00040372974087008503
  ],
  [
    1623974400000,
    0.0003803207937717112
  ],
  [
    1624060800000,
    0.0003534923750874018
  ],
  [
    1624147200000,
    0.0003496304271327637
  ],
  [
    1624233600000,
    0.0002942590959557221
  ],
  [
    1624320000000,
    0.00024776461607256317
  ],
  [
    1624406400000,
    0.00024310250817831993
  ],
  [
    1624492800000,
    0.0002734706647769283
  ],
  [
    1624579200000,
    0.0002806065798564307
  ],
  [
    1624665600000,
    0.00033136785570680706
  ],
  [
    1624752000000,
    0.0002908070056936896
  ],
  [
    1624838400000,
    0.0003119469813766541
  ],
  [
    1624924800000,
    0.00033313328866974495
  ],
  [
    1625011200000,
    0.0003556422376086378
  ],
  [
    1625097600000,
    0.00040862592165678754
  ],
  [
    1625184000000,
    0.00044757320113955216
  ],
  [
    1625270400000,
    0.00034471567892292504
  ],
  [
    1625356800000,
    0.00039577782130226414
  ],
  [
    1625443200000,
    0.00040298374277038344
  ],
  [
    1625529600000,
    0.00035918740495854783
  ],
  [
    1625616000000,
    0.00037175281732636147
  ],
  [
    1625702400000,
    0.0003258453422594332
  ],
  [
    1625788800000,
    0.00035968211043322127
  ],
  [
    1625875200000,
    0.0003251564913678644
  ],
  [
    1625961600000,
    0.000360628668707772
  ],
  [
    1626048000000,
    0.0003466410350431412
  ],
  [
    1626134400000,
    0.0003265203042710681
  ],
  [
    1626220800000,
    0.0003108879025752301
  ],
  [
    1626307200000,
    0.00032105113765912595
  ],
  [
    1626393600000,
    0.00034727008160538044
  ],
  [
    1626480000000,
    0.0003249553041129037
  ],
  [
    1626652800000,
    0.00032842059619505855
  ],
  [
    1626739200000,
    0.00032842059619505855
  ],
  [
    1626825600000,
    0.00032163102730090395
  ],
  [
    1626912000000,
    0.00035714249643660945
  ],
  [
    1626998400000,
    0.0003808330095952011
  ],
  [
    1627084800000,
    0.00039778982982879586
  ],
  [
    1627171200000,
    0.00041373495671682563
  ],
  [
    1627257600000,
    0.00041493645432353607
  ],
  [
    1627344000000,
    0.00042633419802862047
  ],
  [
    1627430400000,
    0.00043399378447388215
  ],
  [
    1627516800000,
    0.0004364062369949302
  ],
  [
    1627603200000,
    0.00045268403591894416
  ],
  [
    1627689600000,
    0.0004877978609302134
  ],
  [
    1627776000000,
    0.0004843987383080145
  ],
  [
    1627862400000,
    0.0004956827625463439
  ],
  [
    1627948800000,
    0.00044740432149382526
  ],
  [
    1628035200000,
    0.00030201387067122426
  ],
  [
    1628121600000,
    0.0004938693887036086
  ],
  [
    1628208000000,
    0.0005083420968333516
  ],
  [
    1628294400000,
    0.0004616002298157073
  ],
  [
    1628380800000,
    0.0005582188724416138
  ],
  [
    1628467200000,
    0.00045706054046593683
  ],
  [
    1628553600000,
    0.000470504656823197
  ],
  [
    1628640000000,
    0.000441765845020258
  ],
  [
    1628726400000,
    0.00041343436848178584
  ],
  [
    1628812800000,
    0.00042214209174102913
  ],
  [
    1628899200000,
    0.0004646623677889642
  ],
  [
    1628985600000,
    0.0004580090236516133
  ],
  [
    1629072000000,
    0.0004304397102421673
  ],
  [
    1629158400000,
    0.00047445167595676504
  ],
  [
    1629244800000,
    0.00048609160298976675
  ],
  [
    1629331200000,
    0.00048764412253090846
  ],
  [
    1629417600000,
    0.0005282501367827288
  ],
  [
    1629504000000,
    0.0005566152096757908
  ],
  [
    1629590400000,
    0.0005508437519517267
  ],
  [
    1629676800000,
    0.0005838426723333587
  ],
  [
    1629763200000,
    0.0007319660235085146
  ],
  [
    1629849600000,
    0.0006100527237587215
  ],
  [
    1629936000000,
    0.0006106441927853729
  ],
  [
    1630022400000,
    0.0005632788575925723
  ],
  [
    1630108800000,
    0.0005885170841980871
  ],
  [
    1630195200000,
    0.0005832063534027212
  ],
  [
    1630281600000,
    0.0005824972493186962
  ],
  [
    1630368000000,
    0.0005768138619370683
  ],
  [
    1630454400000,
    0.0005456336685791052
  ],
  [
    1630540800000,
    0.0005281620862422609
  ],
  [
    1630627200000,
    0.0005701646668132682
  ]
]