[
  [
    1504483200000,
    0.077979
  ],
  [
    1504569600000,
    0.083405
  ],
  [
    1504656000000,
    0.07551
  ],
  [
    1504742400000,
    0.080065
  ],
  [
    1504828800000,
    0.078339
  ],
  [
    1504915200000,
    0.074316
  ],
  [
    1505001600000,
    0.078182
  ],
  [
    1505088000000,
    0.076107
  ],
  [
    1505174400000,
    0.083401
  ],
  [
    1505260800000,
    0.091313
  ],
  [
    1505347200000,
    0.069
  ],
  [
    1505433600000,
    0.088611
  ],
  [
    1505520000000,
    0.0786309
  ],
  [
    1505606400000,
    0.0793315
  ],
  [
    1505692800000,
    0.0822588
  ],
  [
    1505779200000,
    0.0684981
  ],
  [
    1505865600000,
    0.0656615
  ],
  [
    1505952000000,
    0.0653236
  ],
  [
    1506038400000,
    0.0653427
  ],
  [
    1506124800000,
    0.0641489
  ],
  [
    1506211200000,
    0.0649004
  ],
  [
    1506297600000,
    0.0671871
  ],
  [
    1506384000000,
    0.0697336
  ],
  [
    1506470400000,
    0.0726252
  ],
  [
    1506556800000,
    0.0702114
  ],
  [
    1506643200000,
    0.062834
  ],
  [
    1506729600000,
    0.0667245
  ],
  [
    1506816000000,
    0.0568773
  ],
  [
    1506902400000,
    0.0581747
  ],
  [
    1506988800000,
    0.0582677
  ],
  [
    1507075200000,
    0.0545855
  ],
  [
    1507161600000,
    0.0514201
  ],
  [
    1507248000000,
    0.0506026
  ],
  [
    1507334400000,
    0.0557676
  ],
  [
    1507420800000,
    0.0521361
  ],
  [
    1507507200000,
    0.0508637
  ],
  [
    1507593600000,
    0.0421162
  ],
  [
    1507680000000,
    0.0512989
  ],
  [
    1507766400000,
    0.0526716
  ],
  [
    1507852800000,
    0.0483068
  ],
  [
    1507939200000,
    0.0491671
  ],
  [
    1508025600000,
    0.0489475
  ],
  [
    1508112000000,
    0.0522053
  ],
  [
    1508198400000,
    0.0588711
  ],
  [
    1508284800000,
    0.0521097
  ],
  [
    1508371200000,
    0.0556733
  ],
  [
    1508457600000,
    0.0593187
  ],
  [
    1508544000000,
    0.0495648
  ],
  [
    1508630400000,
    0.048558
  ],
  [
    1508716800000,
    0.04811
  ],
  [
    1508803200000,
    0.0495228
  ],
  [
    1508889600000,
    0.0494407
  ],
  [
    1508976000000,
    0.0494261
  ],
  [
    1509062400000,
    0.0495344
  ],
  [
    1509148800000,
    0.0533262
  ],
  [
    1509235200000,
    0.0552666
  ],
  [
    1509321600000,
    0.0507506
  ],
  [
    1509408000000,
    0.0525867
  ],
  [
    1509494400000,
    0.0481987
  ],
  [
    1509580800000,
    0.0498088
  ],
  [
    1509667200000,
    0.0512123
  ],
  [
    1509753600000,
    0.0475202
  ],
  [
    1509840000000,
    0.0484815
  ],
  [
    1509926400000,
    0.0456739
  ],
  [
    1510012800000,
    0.044839
  ],
  [
    1510099200000,
    0.0494456
  ],
  [
    1510185600000,
    0.0501846
  ],
  [
    1510272000000,
    0.0488797
  ],
  [
    1510358400000,
    0.0489546
  ],
  [
    1510444800000,
    0.0420272
  ],
  [
    1510531200000,
    0.0476881
  ],
  [
    1510617600000,
    0.0503962
  ],
  [
    1510704000000,
    0.0494643
  ],
  [
    1510790400000,
    0.0525342
  ],
  [
    1510876800000,
    0.0543758
  ],
  [
    1510963200000,
    0.0595103
  ],
  [
    1511049600000,
    0.0568829
  ],
  [
    1511136000000,
    0.0592694
  ],
  [
    1511222400000,
    0.0619992
  ],
  [
    1511308800000,
    0.0649164
  ],
  [
    1511395200000,
    0.0712506
  ],
  [
    1511481600000,
    0.0642963
  ],
  [
    1511568000000,
    0.0691525
  ],
  [
    1511654400000,
    0.0731396
  ],
  [
    1511740800000,
    0.0702899
  ],
  [
    1511827200000,
    0.0692919
  ],
  [
    1511913600000,
    0.0622396
  ],
  [
    1512000000000,
    0.0881196
  ],
  [
    1512086400000,
    0.0973036
  ],
  [
    1512172800000,
    0.10635
  ],
  [
    1512259200000,
    0.101862
  ],
  [
    1512345600000,
    0.108316
  ],
  [
    1512432000000,
    0.117199
  ],
  [
    1512518400000,
    0.117239
  ],
  [
    1512604800000,
    0.13749
  ],
  [
    1512691200000,
    0.156387
  ],
  [
    1512777600000,
    0.16913
  ],
  [
    1512864000000,
    0.201408
  ],
  [
    1512950400000,
    0.180337
  ],
  [
    1513036800000,
    0.211186
  ],
  [
    1513123200000,
    0.207023
  ],
  [
    1513209600000,
    0.216446
  ],
  [
    1513296000000,
    0.213553
  ],
  [
    1513382400000,
    0.209337
  ],
  [
    1513468800000,
    0.239087
  ],
  [
    1513555200000,
    0.267009
  ],
  [
    1513641600000,
    0.334803
  ],
  [
    1513728000000,
    0.331494
  ],
  [
    1513814400000,
    0.338535
  ],
  [
    1513900800000,
    0.292778
  ],
  [
    1513987200000,
    0.386088
  ],
  [
    1514073600000,
    0.375639
  ],
  [
    1514160000000,
    0.533971
  ],
  [
    1514246400000,
    0.563819
  ],
  [
    1514332800000,
    0.586014
  ],
  [
    1514419200000,
    0.544787
  ],
  [
    1514505600000,
    0.563325
  ],
  [
    1514592000000,
    0.492514
  ],
  [
    1514678400000,
    0.539072
  ],
  [
    1514764800000,
    0.5252
  ],
  [
    1514851200000,
    0.588491
  ],
  [
    1514937600000,
    0.615234
  ],
  [
    1515024000000,
    0.588182
  ],
  [
    1515110400000,
    0.611098
  ],
  [
    1515196800000,
    0.642112
  ],
  [
    1515283200000,
    0.712338
  ],
  [
    1515369600000,
    0.662384
  ],
  [
    1515456000000,
    0.71636
  ],
  [
    1515542400000,
    0.931901
  ],
  [
    1515628800000,
    0.809834
  ],
  [
    1515715200000,
    0.91468
  ],
  [
    1515801600000,
    0.934216
  ],
  [
    1515888000000,
    0.899071
  ],
  [
    1515974400000,
    0.793168
  ],
  [
    1516060800000,
    0.481159
  ],
  [
    1516147200000,
    0.576328
  ],
  [
    1516233600000,
    0.585449
  ],
  [
    1516320000000,
    0.596395
  ],
  [
    1516406400000,
    0.60808
  ],
  [
    1516492800000,
    0.500895
  ],
  [
    1516579200000,
    0.468959
  ],
  [
    1516665600000,
    0.463328
  ],
  [
    1516752000000,
    0.521216
  ],
  [
    1516838400000,
    0.481047
  ],
  [
    1516924800000,
    0.445756
  ],
  [
    1517011200000,
    0.478025
  ],
  [
    1517097600000,
    0.411957
  ],
  [
    1517184000000,
    0.371967
  ],
  [
    1517270724453,
    0.371238
  ],
  [
    1517356800000,
    0.340349
  ],
  [
    1517443200000,
    0.286962
  ],
  [
    1517529600000,
    0.310153
  ],
  [
    1517616000000,
    0.316142
  ],
  [
    1517702400000,
    0.327152
  ],
  [
    1517788800000,
    0.293274
  ],
  [
    1517875200000,
    0.219907
  ],
  [
    1517961600000,
    0.304417
  ],
  [
    1518048322004,
    0.319583
  ],
  [
    1518134400000,
    0.343317
  ],
  [
    1518220800000,
    0.307515
  ],
  [
    1518307200000,
    0.314689
  ],
  [
    1518393600000,
    0.32476
  ],
  [
    1518480000000,
    0.410183
  ],
  [
    1518566400000,
    0.406172
  ],
  [
    1518652800000,
    0.396298
  ],
  [
    1518739200000,
    0.385988
  ],
  [
    1518825600000,
    0.396828
  ],
  [
    1518912000000,
    0.528475
  ],
  [
    1518998400000,
    0.548531
  ],
  [
    1519084800000,
    0.545853
  ],
  [
    1519171200000,
    0.455149
  ],
  [
    1519257600000,
    0.433404
  ],
  [
    1519344000000,
    0.44507
  ],
  [
    1519430400000,
    0.446115
  ],
  [
    1519516800000,
    0.420855
  ],
  [
    1519603200000,
    0.401201
  ],
  [
    1519689600000,
    0.425891
  ],
  [
    1519776000000,
    0.396684
  ],
  [
    1519862400000,
    0.375768
  ],
  [
    1519948800000,
    0.410289
  ],
  [
    1520035200000,
    0.379473
  ],
  [
    1520121600000,
    0.378675
  ],
  [
    1520208000000,
    0.362291
  ],
  [
    1520294400000,
    0.362787
  ],
  [
    1520380800000,
    0.344275
  ],
  [
    1520467200000,
    0.323531
  ],
  [
    1520553600000,
    0.272974
  ],
  [
    1520640000000,
    0.30309
  ],
  [
    1520726400000,
    0.275386
  ],
  [
    1520812800000,
    0.292129
  ],
  [
    1520899200000,
    0.27235
  ],
  [
    1520985600000,
    0.267092
  ],
  [
    1521072000000,
    0.244774
  ],
  [
    1521158400000,
    0.245907
  ],
  [
    1521244800000,
    0.255116
  ],
  [
    1521331200000,
    0.242708
  ],
  [
    1521417600000,
    0.23979
  ],
  [
    1521504000000,
    0.249871
  ],
  [
    1521590400000,
    0.256219
  ],
  [
    1521676800000,
    0.251386
  ],
  [
    1521763200000,
    0.225947
  ],
  [
    1521849600000,
    0.223961
  ],
  [
    1521936000000,
    0.168844
  ],
  [
    1522022400000,
    0.174262
  ],
  [
    1522108800000,
    0.173036
  ],
  [
    1522195200000,
    0.179464
  ],
  [
    1522281600000,
    0.183025
  ],
  [
    1522368000000,
    0.153904
  ],
  [
    1522454400000,
    0.154312
  ],
  [
    1522540800000,
    0.155841
  ],
  [
    1522627200000,
    0.143662
  ],
  [
    1522713600000,
    0.151743
  ],
  [
    1522800000000,
    0.165253
  ],
  [
    1522886400000,
    0.138124
  ],
  [
    1522972800000,
    0.148128
  ],
  [
    1523059200000,
    0.140089
  ],
  [
    1523145600000,
    0.144321
  ],
  [
    1523232000000,
    0.145727
  ],
  [
    1523318400000,
    0.14795375280497305
  ],
  [
    1523404800000,
    0.13964022772534757
  ],
  [
    1523491200000,
    0.14073173051978735
  ],
  [
    1523577600000,
    0.16463162393777792
  ],
  [
    1523664000000,
    0.1778378178662886
  ],
  [
    1523750400000,
    0.17727850689195693
  ],
  [
    1523836800000,
    0.18130759949833086
  ],
  [
    1523923200000,
    0.1759238347300598
  ],
  [
    1524009600000,
    0.1620487047385543
  ],
  [
    1524096000000,
    0.163379624166958
  ],
  [
    1524182400000,
    0.15186073867470734
  ],
  [
    1524268800000,
    0.1701527194343159
  ],
  [
    1524355200000,
    0.18153136427613403
  ],
  [
    1524441600000,
    0.2069804867775895
  ],
  [
    1524528000000,
    0.2689598458278684
  ],
  [
    1524614400000,
    0.28179422205635174
  ],
  [
    1524700800000,
    0.2671333833075561
  ],
  [
    1524787200000,
    0.27227702240318374
  ],
  [
    1524873600000,
    0.25959928585779707
  ],
  [
    1524960000000,
    0.24004221056833971
  ],
  [
    1525046400000,
    0.24897182742171362
  ],
  [
    1525132800000,
    0.24985265803972911
  ],
  [
    1525219200000,
    0.2459714443066067
  ],
  [
    1525305600000,
    0.22969313770633237
  ],
  [
    1525392000000,
    0.25937968690262153
  ],
  [
    1525478400000,
    0.22269965794164026
  ],
  [
    1525564800000,
    0.2519306703422838
  ],
  [
    1525651200000,
    0.2386376303396569
  ],
  [
    1525737600000,
    0.23644939152919223
  ],
  [
    1525824000000,
    0.23562667408338453
  ],
  [
    1525910400000,
    0.2370461057521959
  ],
  [
    1525996800000,
    0.21979038992180847
  ],
  [
    1526083200000,
    0.19808332842047194
  ],
  [
    1526169600000,
    0.208095490911804
  ],
  [
    1526256000000,
    0.2066338241566661
  ],
  [
    1526342400000,
    0.214904476543945
  ],
  [
    1526428800000,
    0.197300953661375
  ],
  [
    1526515200000,
    0.20388138452910318
  ],
  [
    1526601600000,
    0.19119402813859335
  ],
  [
    1526688000000,
    0.20038639529340568
  ],
  [
    1526774400000,
    0.21240314721362732
  ],
  [
    1526860800000,
    0.1937280860170831
  ],
  [
    1526947200000,
    0.1699022739126066
  ],
  [
    1527033600000,
    0.17469813203579324
  ],
  [
    1527120000000,
    0.1673313642498873
  ],
  [
    1527206400000,
    0.1879784896969586
  ],
  [
    1527292800000,
    0.18653376984355788
  ],
  [
    1527379200000,
    0.16956979197271502
  ],
  [
    1527465600000,
    0.16683081950729586
  ],
  [
    1527552000000,
    0.1718980177751912
  ],
  [
    1527638400000,
    0.18319210589350493
  ],
  [
    1527724800000,
    0.18924238558227652
  ],
  [
    1527811200000,
    0.19778891878888205
  ],
  [
    1527897600000,
    0.18896260132347267
  ],
  [
    1527984000000,
    0.19207017868996445
  ],
  [
    1528070400000,
    0.1966838127520527
  ],
  [
    1528156800000,
    0.184401008172942
  ],
  [
    1528243200000,
    0.1963745108813281
  ],
  [
    1528329600000,
    0.20181782620134334
  ],
  [
    1528416000000,
    0.22189576796538496
  ],
  [
    1528502400000,
    0.23124929668251934
  ],
  [
    1528588800000,
    0.21637960720520288
  ],
  [
    1528675200000,
    0.19579609342557447
  ],
  [
    1528761600000,
    0.21249100599125328
  ],
  [
    1528848000000,
    0.1785317766209054
  ],
  [
    1528934400000,
    0.1806485786709925
  ],
  [
    1529020800000,
    0.18511181777228516
  ],
  [
    1529107200000,
    0.1754909136941003
  ],
  [
    1529193600000,
    0.1811756333068772
  ],
  [
    1529280000000,
    0.17188180852261375
  ],
  [
    1529366400000,
    0.17655791996278977
  ],
  [
    1529452800000,
    0.17266552020774417
  ],
  [
    1529539200000,
    0.17187994108107996
  ],
  [
    1529625600000,
    0.17760975286512545
  ],
  [
    1529712000000,
    0.14651681936040753
  ],
  [
    1529798400000,
    0.15344398624064193
  ],
  [
    1529884800000,
    0.15870039487402435
  ],
  [
    1529971200000,
    0.14248438272764605
  ],
  [
    1530057600000,
    0.14341838452315736
  ],
  [
    1530144000000,
    0.13645431396272664
  ],
  [
    1530230400000,
    0.13576866438973625
  ],
  [
    1530316800000,
    0.12704155463255695
  ],
  [
    1530403200000,
    0.13961310398920299
  ],
  [
    1530489600000,
    0.13967787429422973
  ],
  [
    1530576000000,
    0.1341249044822084
  ],
  [
    1530662400000,
    0.13953381507179266
  ],
  [
    1530748800000,
    0.13251380546569985
  ],
  [
    1530835200000,
    0.125764868469636
  ],
  [
    1530921600000,
    0.1251911716789065
  ],
  [
    1531008000000,
    0.1296952037106412
  ],
  [
    1531094400000,
    0.13810974172527057
  ],
  [
    1531180800000,
    0.1328436426790551
  ],
  [
    1531267200000,
    0.1332104667822079
  ],
  [
    1531353600000,
    0.13605662182130354
  ],
  [
    1531440000000,
    0.11839665945468594
  ],
  [
    1531526400000,
    0.12068600598282878
  ],
  [
    1531612800000,
    0.12757498891754893
  ],
  [
    1531699200000,
    0.11541120310132269
  ],
  [
    1531785600000,
    0.12021241798299166
  ],
  [
    1531872000000,
    0.1361689252918471
  ],
  [
    1531958400000,
    0.12303443195140824
  ],
  [
    1532044800000,
    0.13478383124306256
  ],
  [
    1532131200000,
    0.13046795009855494
  ],
  [
    1532217600000,
    0.1306178814583281
  ],
  [
    1532304000000,
    0.12150663741438923
  ],
  [
    1532390400000,
    0.12240025846367425
  ],
  [
    1532476800000,
    0.12896205529280524
  ],
  [
    1532563200000,
    0.1330355680716006
  ],
  [
    1532649600000,
    0.12031697021624457
  ],
  [
    1532736000000,
    0.1283895828562495
  ],
  [
    1532822400000,
    0.1266509058588063
  ],
  [
    1532908800000,
    0.12568036260981327
  ],
  [
    1532995200000,
    0.11838889776019826
  ],
  [
    1533081600000,
    0.11980512021615326
  ],
  [
    1533168000000,
    0.10956608695737773
  ],
  [
    1533254400000,
    0.10258640096078903
  ],
  [
    1533340800000,
    0.10439090458473801
  ],
  [
    1533427200000,
    0.09319176000037652
  ],
  [
    1533513600000,
    0.09565716995651279
  ],
  [
    1533600000000,
    0.09710804524956165
  ],
  [
    1533686400000,
    0.08769115368551827
  ],
  [
    1533772800000,
    0.07880261281681498
  ],
  [
    1533859200000,
    0.09020714972563441
  ],
  [
    1533945600000,
    0.09672609824264007
  ],
  [
    1534032000000,
    0.09229431948716925
  ],
  [
    1534118400000,
    0.09312152912116976
  ],
  [
    1534204800000,
    0.09284126441354744
  ],
  [
    1534291200000,
    0.08626940196972094
  ],
  [
    1534377600000,
    0.10003972176754147
  ],
  [
    1534464000000,
    0.11154456450655977
  ],
  [
    1534550400000,
    0.1211083920311861
  ],
  [
    1534636800000,
    0.1119648872061377
  ],
  [
    1534723200000,
    0.1176495083048758
  ],
  [
    1534809600000,
    0.11607839930959356
  ],
  [
    1534896000000,
    0.11621487638917385
  ],
  [
    1534982400000,
    0.11091580928699557
  ],
  [
    1535068800000,
    0.10786209257987259
  ],
  [
    1535155200000,
    0.10946641492217273
  ],
  [
    1535241600000,
    0.11352616174668738
  ],
  [
    1535328000000,
    0.11698100352612159
  ],
  [
    1535414400000,
    0.11987469416525835
  ],
  [
    1535500800000,
    0.12239856268212167
  ],
  [
    1535587200000,
    0.11359496824696186
  ],
  [
    1535673600000,
    0.11838835113975656
  ],
  [
    1535760000000,
    0.11615174436640809
  ],
  [
    1535846400000,
    0.12179777898483433
  ],
  [
    1535932800000,
    0.11385559732406528
  ],
  [
    1536019200000,
    0.1115408167644125
  ],
  [
    1536105600000,
    0.11212597208413519
  ],
  [
    1536192000000,
    0.11107834574811762
  ],
  [
    1536278400000,
    0.10296794241416467
  ],
  [
    1536364800000,
    0.10452490293244898
  ],
  [
    1536451200000,
    0.1010869389695896
  ],
  [
    1536537600000,
    0.14052360512657636
  ],
  [
    1536624000000,
    0.16473871925072486
  ],
  [
    1536710400000,
    0.1690469613041825
  ],
  [
    1536796800000,
    0.15811209241297813
  ],
  [
    1536883200000,
    0.18657017372861634
  ],
  [
    1536969600000,
    0.1686584081052559
  ],
  [
    1537056000000,
    0.17641513334005235
  ],
  [
    1537142400000,
    0.167783798566464
  ],
  [
    1537228800000,
    0.16492594720777706
  ],
  [
    1537315200000,
    0.17210153560654484
  ],
  [
    1537401600000,
    0.1645648470272689
  ],
  [
    1537488000000,
    0.17302760241278864
  ],
  [
    1537574400000,
    0.1662547901580899
  ],
  [
    1537660800000,
    0.17095188255241373
  ],
  [
    1537747200000,
    0.17866570165407047
  ],
  [
    1537833600000,
    0.1749329140955747
  ],
  [
    1537920000000,
    0.16459148180817243
  ],
  [
    1538006400000,
    0.16105755907860483
  ],
  [
    1538092800000,
    0.18765561755933136
  ],
  [
    1538179200000,
    0.17948867153187134
  ],
  [
    1538265600000,
    0.1719951196913986
  ],
  [
    1538352000000,
    0.17601198055943643
  ],
  [
    1538438400000,
    0.18918487255471458
  ],
  [
    1538524800000,
    0.18116326119583293
  ],
  [
    1538611200000,
    0.1787025224581243
  ],
  [
    1538697600000,
    0.18841100143840855
  ],
  [
    1538784000000,
    0.20697782370074722
  ],
  [
    1538870400000,
    0.20823846591473907
  ],
  [
    1538956800000,
    0.21011011535105306
  ],
  [
    1539043200000,
    0.2180406032188477
  ],
  [
    1539129600000,
    0.21216259182649885
  ],
  [
    1539216000000,
    0.1996726836549682
  ],
  [
    1539302400000,
    0.18899761304337684
  ],
  [
    1539388800000,
    0.18947570721048168
  ],
  [
    1539475200000,
    0.18708297239231106
  ],
  [
    1539561600000,
    0.1983881873705538
  ],
  [
    1539648000000,
    0.1992151683918477
  ],
  [
    1539734400000,
    0.19802733196354744
  ],
  [
    1539820800000,
    0.18846138608958535
  ],
  [
    1539907200000,
    0.17040097701972057
  ],
  [
    1539993600000,
    0.16922106952962204
  ],
  [
    1540080000000,
    0.1594159598336321
  ],
  [
    1540166400000,
    0.14593910084340406
  ],
  [
    1540252800000,
    0.16228752893720444
  ],
  [
    1540339200000,
    0.15304071790270662
  ],
  [
    1540425600000,
    0.1527375826637342
  ],
  [
    1540512000000,
    0.1518772462283097
  ],
  [
    1540598400000,
    0.1642034786668833
  ],
  [
    1540684800000,
    0.14816910957308735
  ],
  [
    1540771200000,
    0.1463159248758592
  ],
  [
    1540857600000,
    0.138209196010665
  ],
  [
    1540944000000,
    0.14009923672407804
  ],
  [
    1541030400000,
    0.14817993789570233
  ],
  [
    1541116800000,
    0.1498986715575646
  ],
  [
    1541203200000,
    0.14629774850544894
  ],
  [
    1541289600000,
    0.1468396539123672
  ],
  [
    1541376000000,
    0.14063245525977297
  ],
  [
    1541462400000,
    0.11875136881123055
  ],
  [
    1541548800000,
    0.12300247692297778
  ],
  [
    1541635200000,
    0.13129089270953812
  ],
  [
    1541721600000,
    0.12205296338641825
  ],
  [
    1541808000000,
    0.12444679227739089
  ],
  [
    1541894400000,
    0.12478331622115733
  ],
  [
    1541980800000,
    0.12044427918776694
  ],
  [
    1542067200000,
    0.1256240708409568
  ],
  [
    1542153600000,
    0.11691979955423167
  ],
  [
    1542240000000,
    0.11373234571582597
  ],
  [
    1542326400000,
    0.1029831094656177
  ],
  [
    1542412800000,
    0.09727778535697762
  ],
  [
    1542499200000,
    0.10292809569005026
  ],
  [
    1542585600000,
    0.09872765958160445
  ],
  [
    1542672000000,
    0.09017284977591329
  ],
  [
    1542758400000,
    0.07171747454529898
  ],
  [
    1542844800000,
    0.07982674622282802
  ],
  [
    1542931200000,
    0.08239156815495309
  ],
  [
    1543017600000,
    0.07610424533638234
  ],
  [
    1543104000000,
    0.06858452362433255
  ],
  [
    1543190400000,
    0.07179085490100416
  ],
  [
    1543276800000,
    0.06805343534445742
  ],
  [
    1543363200000,
    0.06934515528910656
  ],
  [
    1543449600000,
    0.07871826022830211
  ],
  [
    1543536000000,
    0.07882692411301977
  ],
  [
    1543622400000,
    0.07096733855118027
  ],
  [
    1543708800000,
    0.10160952827836511
  ],
  [
    1543795200000,
    0.052284632851748974
  ],
  [
    1543881600000,
    0.05023648671316226
  ],
  [
    1543968000000,
    0.07860772435351736
  ],
  [
    1544054400000,
    0.08462172330845316
  ],
  [
    1544140800000,
    0.08579910815756078
  ],
  [
    1544227200000,
    0.06410775871948263
  ],
  [
    1544313600000,
    0.06599383879001904
  ],
  [
    1544400000000,
    0.06848409838680322
  ],
  [
    1544486400000,
    0.06672708168921035
  ],
  [
    1544572800000,
    0.06289227935244643
  ],
  [
    1544659200000,
    0.04183262408612347
  ],
  [
    1544745600000,
    0.06574134049517259
  ],
  [
    1544832000000,
    0.042305144841899504
  ],
  [
    1544918400000,
    0.05482002804884923
  ],
  [
    1545004800000,
    0.05576328217163173
  ],
  [
    1545091200000,
    0.0627533455305333
  ],
  [
    1545177600000,
    0.06451089598126866
  ],
  [
    1545264000000,
    0.0717217520579166
  ],
  [
    1545350400000,
    0.07633897896048114
  ],
  [
    1545436800000,
    0.06692119271867222
  ],
  [
    1545523200000,
    0.075346766788913
  ],
  [
    1545609600000,
    0.06981041656674421
  ],
  [
    1545696000000,
    0.07067658235919215
  ],
  [
    1545782400000,
    0.06743037489995794
  ],
  [
    1545868800000,
    0.06342741974416867
  ],
  [
    1545955200000,
    0.06412049771635063
  ],
  [
    1546041600000,
    0.066346330480905
  ],
  [
    1546128000000,
    0.0641113282710482
  ],
  [
    1546214400000,
    0.06472433284687207
  ],
  [
    1546300800000,
    0.06558743440905387
  ],
  [
    1546387200000,
    0.06403212196287768
  ],
  [
    1546473600000,
    0.0690534225268871
  ],
  [
    1546560000000,
    0.06425897111990624
  ],
  [
    1546646400000,
    0.06909630504353925
  ],
  [
    1546732800000,
    0.07296838054553759
  ],
  [
    1546819200000,
    0.07173062305349948
  ],
  [
    1546905600000,
    0.07189305250051162
  ],
  [
    1546992000000,
    0.0664068040956925
  ],
  [
    1547078400000,
    0.06980376501477951
  ],
  [
    1547164800000,
    0.06332482697988245
  ],
  [
    1547251200000,
    0.061439563148319755
  ],
  [
    1547337600000,
    0.06468706401597944
  ],
  [
    1547424000000,
    0.05889298155811087
  ],
  [
    1547510400000,
    0.06169844843183818
  ],
  [
    1547596800000,
    0.06093573981350093
  ],
  [
    1547683200000,
    0.06236506773595377
  ],
  [
    1547769600000,
    0.05727244979013443
  ],
  [
    1547856000000,
    0.06169388364481696
  ],
  [
    1547942400000,
    0.06242119832231557
  ],
  [
    1548028800000,
    0.06091617397490593
  ],
  [
    1548115200000,
    0.060425547419750175
  ],
  [
    1548201600000,
    0.06468584291181056
  ],
  [
    1548288000000,
    0.06001345957095441
  ],
  [
    1548374400000,
    0.060741937650541596
  ],
  [
    1548460800000,
    0.060633235075255504
  ],
  [
    1548547200000,
    0.06230149734689347
  ],
  [
    1548633600000,
    0.06201307429077337
  ],
  [
    1548720000000,
    0.06099173125355025
  ],
  [
    1548806400000,
    0.06304634368483121
  ],
  [
    1548892800000,
    0.06171539248501511
  ],
  [
    1548979200000,
    0.06262910299182539
  ],
  [
    1549065600000,
    0.06742329862294044
  ],
  [
    1549152000000,
    0.07051637032245273
  ],
  [
    1549238400000,
    0.06350718572660963
  ],
  [
    1549324800000,
    0.06721048786085952
  ],
  [
    1549411200000,
    0.06916441394707816
  ],
  [
    1549497600000,
    0.06822379809508278
  ],
  [
    1549584000000,
    0.06612047117199303
  ],
  [
    1549670400000,
    0.06840935698904786
  ],
  [
    1549756800000,
    0.07133052806421242
  ],
  [
    1549843200000,
    0.0805015306611594
  ],
  [
    1549929600000,
    0.07602719534591026
  ],
  [
    1550016000000,
    0.07707430870331045
  ],
  [
    1550102400000,
    0.07438760101691738
  ],
  [
    1550188800000,
    0.07821235324715657
  ],
  [
    1550275200000,
    0.07686987910410432
  ],
  [
    1550361600000,
    0.053772893003939906
  ],
  [
    1550448000000,
    0.07575478443736075
  ],
  [
    1550534400000,
    0.06264512796131179
  ],
  [
    1550620800000,
    0.08141257355803976
  ],
  [
    1550707200000,
    0.01505586621576362
  ],
  [
    1550793600000,
    0.009699688626946458
  ],
  [
    1550880000000,
    0.008903480168001066
  ],
  [
    1550966400000,
    0.009001184530511406
  ],
  [
    1551052800000,
    0.0073868893043424555
  ],
  [
    1551139200000,
    0.006822290856607878
  ],
  [
    1551225600000,
    0.07904352754494548
  ],
  [
    1551312000000,
    0.006612077722433038
  ],
  [
    1551398400000,
    0.006854951179681846
  ],
  [
    1551484800000,
    0.006210275526263796
  ],
  [
    1551571200000,
    0.08337857405043865
  ],
  [
    1551657600000,
    0.08211173275561735
  ],
  [
    1551744000000,
    0.08619405677133542
  ],
  [
    1551830400000,
    0.08460869967580355
  ],
  [
    1551916800000,
    0.08641458327829006
  ],
  [
    1552003200000,
    0.08401076370553555
  ],
  [
    1552089600000,
    0.08340757990451225
  ],
  [
    1552176000000,
    0.08411343661913197
  ],
  [
    1552262400000,
    0.08212798894728637
  ],
  [
    1552348800000,
    0.07960069574772452
  ],
  [
    1552435200000,
    0.08042733364497867
  ],
  [
    1552521600000,
    0.0755118719973431
  ],
  [
    1552608000000,
    0.07340558941875126
  ],
  [
    1552694400000,
    0.08020806443165993
  ],
  [
    1552780800000,
    0.0835798050416103
  ],
  [
    1552867200000,
    0.08255670504237315
  ],
  [
    1552953600000,
    0.08214079922687885
  ],
  [
    1553040000000,
    0.08255963449198826
  ],
  [
    1553126400000,
    0.08124327903566145
  ],
  [
    1553212800000,
    0.08053829872230485
  ],
  [
    1553299200000,
    0.0810348221697978
  ],
  [
    1553385600000,
    0.08258105816568138
  ],
  [
    1553472000000,
    0.08075906002716263
  ],
  [
    1553558400000,
    0.08035195625916729
  ],
  [
    1553644800000,
    0.08116132513737431
  ],
  [
    1553731200000,
    0.08108340134870332
  ],
  [
    1553817600000,
    0.08194843710840016
  ],
  [
    1553904000000,
    0.08855137323731022
  ],
  [
    1553990400000,
    0.09523876062306623
  ],
  [
    1554076800000,
    0.08627591793704466
  ],
  [
    1554163200000,
    0.0890438835445768
  ],
  [
    1554249600000,
    0.09565272531299118
  ],
  [
    1554336000000,
    0.10187031174485423
  ],
  [
    1554422400000,
    0.10208930827766863
  ],
  [
    1554508800000,
    0.10151894766162033
  ],
  [
    1554595200000,
    0.10685622131592928
  ],
  [
    1554681600000,
    0.10330564203439493
  ],
  [
    1554768000000,
    0.10934341679838369
  ],
  [
    1554854400000,
    0.10814022511295543
  ],
  [
    1554940800000,
    0.10658648614240397
  ],
  [
    1555027200000,
    0.10345120136422958
  ],
  [
    1555113600000,
    0.10404040510610901
  ],
  [
    1555200000000,
    0.10247071991640477
  ],
  [
    1555286400000,
    0.10788506877914804
  ],
  [
    1555372800000,
    0.09957408122213565
  ],
  [
    1555459200000,
    0.1019677630286996
  ],
  [
    1555545600000,
    0.1053934529746838
  ],
  [
    1555632000000,
    0.1030090599150865
  ],
  [
    1555718400000,
    0.10554264529720263
  ],
  [
    1555804800000,
    0.10357211965273586
  ],
  [
    1555891200000,
    0.10340862924643276
  ],
  [
    1555977600000,
    0.10042466865125961
  ],
  [
    1556064000000,
    0.10637478342499002
  ],
  [
    1556150400000,
    0.09396267851602588
  ],
  [
    1556236800000,
    0.09359550454325932
  ],
  [
    1556323200000,
    0.09099204668744736
  ],
  [
    1556409600000,
    0.0946932598991021
  ],
  [
    1556496000000,
    0.09584176160963816
  ],
  [
    1556582400000,
    0.08831738966397475
  ],
  [
    1556668800000,
    0.09248699528642663
  ],
  [
    1556755200000,
    0.09166434781462961
  ],
  [
    1556841600000,
    0.09637882742169802
  ],
  [
    1556928000000,
    0.10022171414765002
  ],
  [
    1557014400000,
    0.09985300522290154
  ],
  [
    1557100800000,
    0.09524244682553035
  ],
  [
    1557187200000,
    0.09619088979312912
  ],
  [
    1557273600000,
    0.09942690568016799
  ],
  [
    1557360000000,
    0.10272351361654614
  ],
  [
    1557446400000,
    0.10472992574913575
  ],
  [
    1557532800000,
    0.10406214116888152
  ],
  [
    1557619200000,
    0.10522024952545965
  ],
  [
    1557705600000,
    0.1136782935780283
  ],
  [
    1557792000000,
    0.1177228635953089
  ],
  [
    1557878400000,
    0.10543836900449513
  ],
  [
    1557964800000,
    0.10139533210730176
  ],
  [
    1558051200000,
    0.09514366668325537
  ],
  [
    1558137600000,
    0.06630337833231076
  ],
  [
    1558224000000,
    0.07283789505344719
  ],
  [
    1558310400000,
    0.07339830054535468
  ],
  [
    1558396800000,
    0.06732728640062914
  ],
  [
    1558483200000,
    0.070840880003665
  ],
  [
    1558569600000,
    0.07506040809453073
  ],
  [
    1558656000000,
    0.07950495136427187
  ],
  [
    1558742400000,
    0.09631706837658173
  ],
  [
    1558828800000,
    0.1012445207955635
  ],
  [
    1558915200000,
    0.09608344547535264
  ],
  [
    1559001600000,
    0.0988950138813314
  ],
  [
    1559088000000,
    0.09935934126994533
  ],
  [
    1559174400000,
    0.09172651127816961
  ],
  [
    1559260800000,
    0.08909224555104564
  ],
  [
    1559347200000,
    0.10543022503323339
  ],
  [
    1559433600000,
    0.09655654771817014
  ],
  [
    1559520000000,
    0.08740141596665923
  ],
  [
    1559606400000,
    0.07463721529203132
  ],
  [
    1559692800000,
    0.07457504164569502
  ],
  [
    1559779200000,
    0.07907338929467746
  ],
  [
    1559865600000,
    0.07577298501196776
  ],
  [
    1559952000000,
    0.07084173558733547
  ],
  [
    1560038400000,
    0.0694111063862328
  ],
  [
    1560124800000,
    0.06943951358924662
  ],
  [
    1560211200000,
    0.07363048579126448
  ],
  [
    1560297600000,
    0.07092388169057927
  ],
  [
    1560384000000,
    0.07225877273383588
  ],
  [
    1560470400000,
    0.06709135983901404
  ],
  [
    1560556800000,
    0.07117137079868852
  ],
  [
    1560643200000,
    0.06950745764262009
  ],
  [
    1560729600000,
    0.07174207988811333
  ],
  [
    1560816000000,
    0.07420529164081745
  ],
  [
    1560902400000,
    0.06355156838489735
  ],
  [
    1560988800000,
    0.07187966590669007
  ],
  [
    1561075200000,
    0.07230062516083594
  ],
  [
    1561161600000,
    0.07276487408115677
  ],
  [
    1561248000000,
    0.07526435638676263
  ],
  [
    1561334400000,
    0.07665506964555348
  ],
  [
    1561420800000,
    0.06681310492385104
  ],
  [
    1561507200000,
    0.07284119560263175
  ],
  [
    1561593600000,
    0.07574461281531131
  ],
  [
    1561680000000,
    0.06453277519935875
  ],
  [
    1561766400000,
    0.07647200211399546
  ],
  [
    1561852800000,
    0.07342095565866268
  ],
  [
    1561939200000,
    0.06110390634871966
  ],
  [
    1562025600000,
    0.07128086522173407
  ],
  [
    1562112000000,
    0.0648554491457422
  ],
  [
    1562198400000,
    0.07264103917736903
  ],
  [
    1562284800000,
    0.07294699017362669
  ],
  [
    1562371200000,
    0.06169665641081035
  ],
  [
    1562457600000,
    0.06638326874402387
  ],
  [
    1562544000000,
    0.06962264161424286
  ],
  [
    1562630400000,
    0.07288537393839165
  ],
  [
    1562716800000,
    0.06316847538220435
  ],
  [
    1562803200000,
    0.06635503550665198
  ],
  [
    1562889600000,
    0.05635317174371878
  ],
  [
    1562976000000,
    0.07371169623885124
  ],
  [
    1563062400000,
    0.05811400634383526
  ],
  [
    1563148800000,
    0.06024290571518507
  ],
  [
    1563235200000,
    0.06030710163812969
  ],
  [
    1563321600000,
    0.046542067125140495
  ],
  [
    1563408000000,
    0.053105746481849264
  ],
  [
    1563494400000,
    0.05780492451658972
  ],
  [
    1563580800000,
    0.060462786734080044
  ],
  [
    1563667200000,
    0.06332759255044393
  ],
  [
    1563753600000,
    0.06116120922474687
  ],
  [
    1563840000000,
    0.06336827219970304
  ],
  [
    1563926400000,
    0.07025510485292201
  ],
  [
    1564012800000,
    0.07538968323391312
  ],
  [
    1564099200000,
    0.07982226877072157
  ],
  [
    1564185600000,
    0.08007019180047416
  ],
  [
    1564272000000,
    0.07596120943196692
  ],
  [
    1564358400000,
    0.06246585523772136
  ],
  [
    1564444800000,
    0.06155968873939078
  ],
  [
    1564531200000,
    0.05823043146130449
  ],
  [
    1564617600000,
    0.06981506387856007
  ],
  [
    1564704000000,
    0.05867211767493817
  ],
  [
    1564790400000,
    0.06166919669579086
  ],
  [
    1564876800000,
    0.06114330721230097
  ],
  [
    1564963200000,
    0.05785372733495904
  ],
  [
    1565049600000,
    0.07108117285071931
  ],
  [
    1565136000000,
    0.07174532229134688
  ],
  [
    1565222400000,
    0.06337060302454689
  ],
  [
    1565308800000,
    0.06937487123772337
  ],
  [
    1565395200000,
    0.05995142995961604
  ],
  [
    1565481600000,
    0.055550213328650254
  ],
  [
    1565568000000,
    0.05356361486897755
  ],
  [
    1565654400000,
    0.05048838978667965
  ],
  [
    1565740800000,
    0.04911884278785364
  ],
  [
    1565827200000,
    0.04775471858045806
  ],
  [
    1565913600000,
    0.049236175823737946
  ],
  [
    1566000000000,
    0.05027027041473411
  ],
  [
    1566086400000,
    0.04827778843421174
  ],
  [
    1566172800000,
    0.04752561598969837
  ],
  [
    1566259200000,
    0.053859688572911346
  ],
  [
    1566345600000,
    0.05224688169952111
  ],
  [
    1566432000000,
    0.04787547091032873
  ],
  [
    1566518400000,
    0.05272545463949448
  ],
  [
    1566604800000,
    0.05404128464487516
  ],
  [
    1566691200000,
    0.04938669445229659
  ],
  [
    1566777600000,
    0.05010225858599987
  ],
  [
    1566864000000,
    0.05176394154198625
  ],
  [
    1566950400000,
    0.0477651231215049
  ],
  [
    1567036800000,
    0.0460405041340948
  ],
  [
    1567123200000,
    0.04204393374762533
  ],
  [
    1567209600000,
    0.04575842953463421
  ],
  [
    1567296000000,
    0.04725806158289899
  ],
  [
    1567382400000,
    0.047595516517624774
  ],
  [
    1567468800000,
    0.05181929465261622
  ],
  [
    1567555200000,
    0.05369970001666593
  ],
  [
    1567641600000,
    0.05147400795611833
  ],
  [
    1567728000000,
    0.051016353345496826
  ],
  [
    1567814400000,
    0.04759705704603868
  ],
  [
    1567900800000,
    0.05064109170163528
  ],
  [
    1567987200000,
    0.050371014852961186
  ],
  [
    1568073600000,
    0.048286704190133214
  ],
  [
    1568160000000,
    0.04638373573478085
  ],
  [
    1568246400000,
    0.04569322642017013
  ],
  [
    1568332800000,
    0.04430208995567034
  ],
  [
    1568419200000,
    0.0441710496079796
  ],
  [
    1568505600000,
    0.039367003791053644
  ],
  [
    1568592000000,
    0.04204344590991588
  ],
  [
    1568678400000,
    0.03912289153234059
  ],
  [
    1568764800000,
    0.04247521412344494
  ],
  [
    1568851200000,
    0.0444053381902133
  ],
  [
    1568937600000,
    0.04097889307645477
  ],
  [
    1569024000000,
    0.039832387587930375
  ],
  [
    1569110400000,
    0.04115144272206256
  ],
  [
    1569196800000,
    0.042168135223779
  ],
  [
    1569283200000,
    0.039882855973420464
  ],
  [
    1569369600000,
    0.03437875318792952
  ],
  [
    1569456000000,
    0.03392619510990501
  ],
  [
    1569542400000,
    0.0311944027210679
  ],
  [
    1569628800000,
    0.032361976836904456
  ],
  [
    1569715200000,
    0.030519020167531077
  ],
  [
    1569801600000,
    0.03133884777113877
  ],
  [
    1569888000000,
    0.032642411098926544
  ],
  [
    1569974400000,
    0.03295424052580518
  ],
  [
    1570060800000,
    0.03295424052580518
  ],
  [
    1570147200000,
    0.03114773716297256
  ],
  [
    1570233600000,
    0.0306410349167933
  ],
  [
    1570320000000,
    0.032656569667653124
  ],
  [
    1570406400000,
    0.030546532318769505
  ],
  [
    1570492800000,
    0.032521779328129115
  ],
  [
    1570579200000,
    0.03187347110306796
  ],
  [
    1570665600000,
    0.03220115360979295
  ],
  [
    1570752000000,
    0.03128750175943004
  ],
  [
    1570838400000,
    0.029417488272190293
  ],
  [
    1570924800000,
    0.030396921454780547
  ],
  [
    1571011200000,
    0.030046990863079773
  ],
  [
    1571097600000,
    0.03174961775827087
  ],
  [
    1571184000000,
    0.03187932958436142
  ],
  [
    1571270400000,
    0.04650687470996676
  ],
  [
    1571356800000,
    0.04781379025664032
  ],
  [
    1571443200000,
    0.05634746963199688
  ],
  [
    1571529600000,
    0.06389907964664801
  ],
  [
    1571616000000,
    0.06765653287911606
  ],
  [
    1571702400000,
    0.07159287432178031
  ],
  [
    1571788800000,
    0.061100701811537046
  ],
  [
    1571875200000,
    0.05819325366851371
  ],
  [
    1571961600000,
    0.06517665006392716
  ],
  [
    1572048000000,
    0.07145209011446818
  ],
  [
    1572134400000,
    0.07566342874238563
  ],
  [
    1572220800000,
    0.07912652527055772
  ],
  [
    1572307200000,
    0.07565243541151968
  ],
  [
    1572393600000,
    0.08251479368767269
  ],
  [
    1572480000000,
    0.08402846402971742
  ],
  [
    1572566400000,
    0.08223015297552246
  ],
  [
    1572652800000,
    0.08208770453028681
  ],
  [
    1572739200000,
    0.08411961550042557
  ],
  [
    1572825600000,
    0.08294652465418247
  ],
  [
    1572912000000,
    0.08035081364419698
  ],
  [
    1572998400000,
    0.08053801894960236
  ],
  [
    1573084800000,
    0.07961373857238542
  ],
  [
    1573171200000,
    0.07597429820548852
  ],
  [
    1573257600000,
    0.07266124850796955
  ],
  [
    1573344000000,
    0.07019983673207845
  ],
  [
    1573430400000,
    0.07115894549431401
  ],
  [
    1573516800000,
    0.06969726903968583
  ],
  [
    1573603200000,
    0.06797299194437517
  ],
  [
    1573689600000,
    0.05985747653270047
  ],
  [
    1573776000000,
    0.060521145774677314
  ],
  [
    1573862400000,
    0.05947628817573056
  ],
  [
    1573948800000,
    0.06000261507934888
  ],
  [
    1574035200000,
    0.058411211018366466
  ],
  [
    1574121600000,
    0.05979862088274121
  ],
  [
    1574208000000,
    0.05720110305879651
  ],
  [
    1574294400000,
    0.05985049714774946
  ],
  [
    1574380800000,
    0.052504291915615287
  ],
  [
    1574467200000,
    0.047039829475354275
  ],
  [
    1574553600000,
    0.049088247926148965
  ],
  [
    1574640000000,
    0.0466783814385264
  ],
  [
    1574726400000,
    0.04604830284811944
  ],
  [
    1574812800000,
    0.04716599626685657
  ],
  [
    1574899200000,
    0.04493914335183709
  ],
  [
    1574985600000,
    0.04254342859164703
  ],
  [
    1575072000000,
    0.04523435825411254
  ],
  [
    1575158400000,
    0.040110623910272224
  ],
  [
    1575244800000,
    0.03883760318878337
  ],
  [
    1575331200000,
    0.03740597289332748
  ],
  [
    1575417600000,
    0.04102869781910856
  ],
  [
    1575504000000,
    0.040364369266242005
  ],
  [
    1575590400000,
    0.04326958287822649
  ],
  [
    1575676800000,
    0.038078598310877704
  ],
  [
    1575763200000,
    0.0405719251864976
  ],
  [
    1575849600000,
    0.03904418931464721
  ],
  [
    1575936000000,
    0.03678821569236773
  ],
  [
    1576022400000,
    0.03738236955150932
  ],
  [
    1576108800000,
    0.033963467684456176
  ],
  [
    1576195200000,
    0.035070700891400436
  ],
  [
    1576281600000,
    0.034358091607942134
  ],
  [
    1576368000000,
    0.03136041304431975
  ],
  [
    1576454400000,
    0.03304809701829417
  ],
  [
    1576540800000,
    0.0338702736294901
  ],
  [
    1576627200000,
    0.030983752761309477
  ],
  [
    1576713600000,
    0.03211805028019161
  ],
  [
    1576800000000,
    0.0305631313395372
  ],
  [
    1576886400000,
    0.02999884068282233
  ],
  [
    1576972800000,
    0.03165779626825419
  ],
  [
    1577059200000,
    0.03131596770425653
  ],
  [
    1577145600000,
    0.030418966646492705
  ],
  [
    1577232000000,
    0.030649816847537162
  ],
  [
    1577318400000,
    0.031021572355430932
  ],
  [
    1577404800000,
    0.031389315959066744
  ],
  [
    1577491200000,
    0.03092636151240848
  ],
  [
    1577577600000,
    0.032389576196874256
  ],
  [
    1577664000000,
    0.0310129579174238
  ],
  [
    1577750400000,
    0.029200878606108933
  ],
  [
    1577836800000,
    0.030575300088034045
  ],
  [
    1577923200000,
    0.030052286031340556
  ],
  [
    1578009600000,
    0.03020468539356817
  ],
  [
    1578096000000,
    0.030016700530350576
  ],
  [
    1578182400000,
    0.031610568005670955
  ],
  [
    1578268800000,
    0.031514298631505976
  ],
  [
    1578355200000,
    0.032776567101241764
  ],
  [
    1578441600000,
    0.03602522455074172
  ],
  [
    1578528000000,
    0.032833478851723566
  ],
  [
    1578614400000,
    0.03272728622938701
  ],
  [
    1578700800000,
    0.03508775659963772
  ],
  [
    1578787200000,
    0.03505571022660109
  ],
  [
    1578873600000,
    0.036948994027144
  ],
  [
    1578960000000,
    0.03558140384552208
  ],
  [
    1579046400000,
    0.04066839974555099
  ],
  [
    1579132800000,
    0.04059565460099112
  ],
  [
    1579219200000,
    0.04572838654725124
  ],
  [
    1579305600000,
    0.04875141176489023
  ],
  [
    1579392000000,
    0.053042310514198984
  ],
  [
    1579478400000,
    0.05102114811874755
  ],
  [
    1579564800000,
    0.047820722644547106
  ],
  [
    1579651200000,
    0.05095716531943188
  ],
  [
    1579737600000,
    0.0517900783138884
  ],
  [
    1579824000000,
    0.04944305912332659
  ],
  [
    1579910400000,
    0.0488945546841638
  ],
  [
    1579996800000,
    0.04844789850444113
  ],
  [
    1580083200000,
    0.05066352891399712
  ],
  [
    1580169600000,
    0.05170572354741398
  ],
  [
    1580256000000,
    0.05120818566465414
  ],
  [
    1580342400000,
    0.05109737885693633
  ],
  [
    1580428800000,
    0.051258429605308235
  ],
  [
    1580515200000,
    0.04567285890487339
  ],
  [
    1580601600000,
    0.04010297175093688
  ],
  [
    1580688000000,
    0.03690880851996016
  ],
  [
    1580774400000,
    0.03544420632345981
  ],
  [
    1580860800000,
    0.03900338273403622
  ],
  [
    1580947200000,
    0.038987971050564944
  ],
  [
    1581033600000,
    0.04088584437939964
  ],
  [
    1581120000000,
    0.040980238377345504
  ],
  [
    1581206400000,
    0.03885412823165218
  ],
  [
    1581292800000,
    0.04063969548152534
  ],
  [
    1581379200000,
    0.03910592511473779
  ],
  [
    1581465600000,
    0.03942452628351034
  ],
  [
    1581552000000,
    0.03827657688616311
  ],
  [
    1581638400000,
    0.037988640443976096
  ],
  [
    1581724800000,
    0.03779374647218766
  ],
  [
    1581811200000,
    0.036807578800421674
  ],
  [
    1581897600000,
    0.03657133053221452
  ],
  [
    1581984000000,
    0.035741674035412646
  ],
  [
    1582070400000,
    0.03907196679431162
  ],
  [
    1582156800000,
    0.03620944306521803
  ],
  [
    1582243200000,
    0.03555634409459568
  ],
  [
    1582329600000,
    0.03520979930985717
  ],
  [
    1582416000000,
    0.03476611495104772
  ],
  [
    1582502400000,
    0.036560885089342
  ],
  [
    1582588800000,
    0.033414034724916844
  ],
  [
    1582675200000,
    0.03156551081331489
  ],
  [
    1582761600000,
    0.027189532544040388
  ],
  [
    1582848000000,
    0.0254423413678214
  ],
  [
    1582934400000,
    0.02582327988017242
  ],
  [
    1583020800000,
    0.02620462600929345
  ],
  [
    1583107200000,
    0.0265075311800507
  ],
  [
    1583193600000,
    0.027285593462850595
  ],
  [
    1583280000000,
    0.026535511116999158
  ],
  [
    1583366400000,
    0.026793567571156324
  ],
  [
    1583452800000,
    0.028219240418670775
  ],
  [
    1583539200000,
    0.02904621423800571
  ],
  [
    1583625600000,
    0.03038088222275177
  ],
  [
    1583712000000,
    0.026034362753464508
  ],
  [
    1583798400000,
    0.028571217040588556
  ],
  [
    1583884800000,
    0.026617314846204835
  ],
  [
    1583971200000,
    0.027765847040397355
  ],
  [
    1584057600000,
    0.01579674508193301
  ],
  [
    1584144000000,
    0.01812356058271349
  ],
  [
    1584230400000,
    0.016536488805436223
  ],
  [
    1584316800000,
    0.017286752538762173
  ],
  [
    1584403200000,
    0.015824321075826053
  ],
  [
    1584489600000,
    0.022238261006716293
  ],
  [
    1584576000000,
    0.019228899985218657
  ],
  [
    1584662400000,
    0.02150163197364888
  ],
  [
    1584748800000,
    0.019850815521866096
  ],
  [
    1584835200000,
    0.019534022055258882
  ],
  [
    1584921600000,
    0.017965598179353195
  ],
  [
    1585008000000,
    0.01913924906386589
  ],
  [
    1585094400000,
    0.020129264490739044
  ],
  [
    1585180800000,
    0.019624920988721106
  ],
  [
    1585267200000,
    0.01993620449680334
  ],
  [
    1585353600000,
    0.018045517827566356
  ],
  [
    1585440000000,
    0.01950084482742284
  ],
  [
    1585526400000,
    0.01787425636283628
  ],
  [
    1585612800000,
    0.01937662195994312
  ],
  [
    1585699200000,
    0.019234681514594794
  ],
  [
    1585785600000,
    0.021368088451425068
  ],
  [
    1585872000000,
    0.020244139176952506
  ],
  [
    1585958400000,
    0.020348707230910347
  ],
  [
    1586044800000,
    0.020960384225498434
  ],
  [
    1586131200000,
    0.019722187986790183
  ],
  [
    1586217600000,
    0.02099971665730081
  ],
  [
    1586304000000,
    0.02039927993763854
  ],
  [
    1586390400000,
    0.020603057859097943
  ],
  [
    1586476800000,
    0.019351809980464936
  ],
  [
    1586563200000,
    0.019921217295897322
  ],
  [
    1586649600000,
    0.019420276502077623
  ],
  [
    1586736000000,
    0.020615180599228834
  ],
  [
    1586822400000,
    0.021281113431392974
  ],
  [
    1586908800000,
    0.021080441833197697
  ],
  [
    1586995200000,
    0.02058891486077734
  ],
  [
    1587081600000,
    0.022771964202155742
  ],
  [
    1587168000000,
    0.02376103401889024
  ],
  [
    1587254400000,
    0.024017732548223668
  ],
  [
    1587340800000,
    0.023617146336807053
  ],
  [
    1587427200000,
    0.021617683499375272
  ],
  [
    1587513600000,
    0.02238641818011346
  ],
  [
    1587600000000,
    0.023980155192226044
  ],
  [
    1587686400000,
    0.026987978106588477
  ],
  [
    1587772800000,
    0.028230737454517933
  ],
  [
    1587859200000,
    0.028763008842823328
  ],
  [
    1587945600000,
    0.02781271114385153
  ],
  [
    1588032000000,
    0.02360621454208352
  ],
  [
    1588118400000,
    0.02390917048140926
  ],
  [
    1588204800000,
    0.02349797791899036
  ],
  [
    1588291200000,
    0.020127907726471668
  ],
  [
    1588377600000,
    0.01967887057340094
  ],
  [
    1588464000000,
    0.020477416716057895
  ],
  [
    1588550400000,
    0.01938422940789833
  ],
  [
    1588636800000,
    0.019534638904476435
  ],
  [
    1588723200000,
    0.019953676405667857
  ],
  [
    1588809600000,
    0.02012495534077539
  ],
  [
    1588896000000,
    0.027976308947706124
  ],
  [
    1588982400000,
    0.02460580213862328
  ],
  [
    1589068800000,
    0.024776249138973087
  ],
  [
    1589155200000,
    0.02518718543031624
  ],
  [
    1589241600000,
    0.02598892994331707
  ],
  [
    1589328000000,
    0.022670706866238455
  ],
  [
    1589414400000,
    0.024602135407071263
  ],
  [
    1589500800000,
    0.025672820192179868
  ],
  [
    1589587200000,
    0.027472713338397618
  ],
  [
    1589673600000,
    0.028857133628305186
  ],
  [
    1589760000000,
    0.028539879579827336
  ],
  [
    1589846400000,
    0.026039227881041165
  ],
  [
    1589932800000,
    0.02684301556236688
  ],
  [
    1590019200000,
    0.023149554052316782
  ],
  [
    1590105600000,
    0.024541105482325392
  ],
  [
    1590192000000,
    0.02546741585858637
  ],
  [
    1590278400000,
    0.02725817915199764
  ],
  [
    1590364800000,
    0.025603978857968474
  ],
  [
    1590451200000,
    0.026235023579369188
  ],
  [
    1590537600000,
    0.026515785786894255
  ],
  [
    1590624000000,
    0.026904259674671527
  ],
  [
    1590710400000,
    0.029200600233823273
  ],
  [
    1590796800000,
    0.028746477288468273
  ],
  [
    1590883200000,
    0.029984184781253136
  ],
  [
    1590969600000,
    0.028834111264577657
  ],
  [
    1591056000000,
    0.02997266785150692
  ],
  [
    1591142400000,
    0.02849837340082409
  ],
  [
    1591228800000,
    0.030118888508642236
  ],
  [
    1591315200000,
    0.03017607730652948
  ],
  [
    1591401600000,
    0.029404148613543655
  ],
  [
    1591488000000,
    0.02947046869186431
  ],
  [
    1591574400000,
    0.029537929546927296
  ],
  [
    1591660800000,
    0.029594275419115378
  ],
  [
    1591747200000,
    0.029741870268700524
  ],
  [
    1591833600000,
    0.028927283488132265
  ],
  [
    1591920000000,
    0.02692049189471758
  ],
  [
    1592006400000,
    0.028222544220984414
  ],
  [
    1592092800000,
    0.027935511926254347
  ],
  [
    1592179200000,
    0.027724177004038585
  ],
  [
    1592265600000,
    0.027360771093923236
  ],
  [
    1592352000000,
    0.02645159548744975
  ],
  [
    1592438400000,
    0.02698018521750527
  ],
  [
    1592524800000,
    0.02748706980239779
  ],
  [
    1592611200000,
    0.026933994662568447
  ],
  [
    1592697600000,
    0.027428622988736693
  ],
  [
    1592784000000,
    0.026741456044343442
  ],
  [
    1592870400000,
    0.027962292509593978
  ],
  [
    1592956800000,
    0.027820021653231906
  ],
  [
    1593043200000,
    0.027167184949615456
  ],
  [
    1593129600000,
    0.026948749320629656
  ],
  [
    1593216000000,
    0.026184766916629333
  ],
  [
    1593302400000,
    0.02599870818950265
  ],
  [
    1593388800000,
    0.02611177496284206
  ],
  [
    1593475200000,
    0.02557313932895855
  ],
  [
    1593561600000,
    0.025501604986826472
  ],
  [
    1593648000000,
    0.02488849404304801
  ],
  [
    1593734400000,
    0.026420345392017805
  ],
  [
    1593820800000,
    0.026689640464455096
  ],
  [
    1593907200000,
    0.027835010050321678
  ],
  [
    1593993600000,
    0.026776809304765628
  ],
  [
    1594080000000,
    0.028338543176973697
  ],
  [
    1594166400000,
    0.026931648053995165
  ],
  [
    1594252800000,
    0.0276862401379312
  ],
  [
    1594339200000,
    0.026810218262467163
  ],
  [
    1594425600000,
    0.027237931043367768
  ],
  [
    1594512000000,
    0.028199274341843657
  ],
  [
    1594598400000,
    0.02775744258565166
  ],
  [
    1594684800000,
    0.02775549525261985
  ],
  [
    1594771200000,
    0.02816341883239505
  ],
  [
    1594857600000,
    0.029785785343979656
  ],
  [
    1594944000000,
    0.029327528648830294
  ],
  [
    1595030400000,
    0.028106095283432254
  ],
  [
    1595116800000,
    0.029486860814350004
  ],
  [
    1595203200000,
    0.029576545449984403
  ],
  [
    1595289600000,
    0.0294217815132206
  ],
  [
    1595376000000,
    0.02963502850559526
  ],
  [
    1595462400000,
    0.030490887047829908
  ],
  [
    1595548800000,
    0.03174779024431498
  ],
  [
    1595635200000,
    0.029451173989394758
  ],
  [
    1595721600000,
    0.029300447582467557
  ],
  [
    1595808000000,
    0.029470028984188233
  ],
  [
    1595894400000,
    0.033720691176138226
  ],
  [
    1595980800000,
    0.03290348449190865
  ],
  [
    1596067200000,
    0.030273554941237787
  ],
  [
    1596153600000,
    0.029830965091654126
  ],
  [
    1596240000000,
    0.031019381022490064
  ],
  [
    1596326400000,
    0.03233967916882238
  ],
  [
    1596412800000,
    0.02944576289151316
  ],
  [
    1596499200000,
    0.029859785400192865
  ],
  [
    1596585600000,
    0.030562794824055464
  ],
  [
    1596672000000,
    0.030225106688503377
  ],
  [
    1596758400000,
    0.031134637224082093
  ],
  [
    1596844800000,
    0.029840500676436746
  ],
  [
    1596931200000,
    0.03064941831943634
  ],
  [
    1597017600000,
    0.030225586804099615
  ],
  [
    1597104000000,
    0.03029098917674514
  ],
  [
    1597190400000,
    0.029555586593488812
  ],
  [
    1597276800000,
    0.031036490277447083
  ],
  [
    1597363200000,
    0.032350098316307016
  ],
  [
    1597449600000,
    0.031948950001451905
  ],
  [
    1597536000000,
    0.03307158279329085
  ],
  [
    1597622400000,
    0.0338095564558623
  ],
  [
    1597708800000,
    0.03286296278860934
  ],
  [
    1597795200000,
    0.036529795434520264
  ],
  [
    1597881600000,
    0.040096849386096665
  ],
  [
    1597968000000,
    0.04080278200852804
  ],
  [
    1598054400000,
    0.03979335273046914
  ],
  [
    1598140800000,
    0.04026679988888301
  ],
  [
    1598227200000,
    0.04056833761660713
  ],
  [
    1598313600000,
    0.039452981673458704
  ],
  [
    1598400000000,
    0.04018110567807712
  ],
  [
    1598486400000,
    0.0454202163320993
  ],
  [
    1598572800000,
    0.04037659761249658
  ],
  [
    1598659200000,
    0.04205398778804121
  ],
  [
    1598745600000,
    0.04530207320052369
  ],
  [
    1598832000000,
    0.04782848187963907
  ],
  [
    1598918400000,
    0.051757084927582624
  ],
  [
    1599004800000,
    0.04913940732980159
  ],
  [
    1599091200000,
    0.04857339260014704
  ],
  [
    1599177600000,
    0.0466448022484389
  ],
  [
    1599264000000,
    0.04882621465087463
  ],
  [
    1599350400000,
    0.05051086323826383
  ],
  [
    1599436800000,
    0.05209970269327274
  ],
  [
    1599523200000,
    0.052213236080138496
  ],
  [
    1599609600000,
    0.04970699956040146
  ],
  [
    1599696000000,
    0.052711449364029106
  ],
  [
    1599782400000,
    0.04648764061122702
  ],
  [
    1599868800000,
    0.04694144959792327
  ],
  [
    1599955200000,
    0.04621916727607204
  ],
  [
    1600041600000,
    0.04496962302555311
  ],
  [
    1600128000000,
    0.048210119308665145
  ],
  [
    1600214400000,
    0.04816692574510352
  ],
  [
    1600300800000,
    0.04722688843729872
  ],
  [
    1600387200000,
    0.04803260887292056
  ],
  [
    1600473600000,
    0.04301397400236049
  ],
  [
    1600560000000,
    0.04149549663975744
  ],
  [
    1600646400000,
    0.0416179880059269
  ],
  [
    1600732800000,
    0.0361521215613519
  ],
  [
    1600819200000,
    0.03689701397819683
  ],
  [
    1600905600000,
    0.040734776459093354
  ],
  [
    1600992000000,
    0.039507752676142156
  ],
  [
    1601078400000,
    0.04023888908879436
  ],
  [
    1601164800000,
    0.04163994627959185
  ],
  [
    1601251200000,
    0.04064520144312196
  ],
  [
    1601337600000,
    0.03629743811005847
  ],
  [
    1601424000000,
    0.03673017697954123
  ],
  [
    1601510400000,
    0.037574238608507705
  ],
  [
    1601596800000,
    0.03733262620463722
  ],
  [
    1601683200000,
    0.03737101241510199
  ],
  [
    1601769600000,
    0.037659320069974925
  ],
  [
    1601856000000,
    0.03913154584024943
  ],
  [
    1601942400000,
    0.035600186775849724
  ],
  [
    1602028800000,
    0.033685773713475316
  ],
  [
    1602115200000,
    0.03264222635035972
  ],
  [
    1602201600000,
    0.03311276037458391
  ],
  [
    1602288000000,
    0.03324092593470867
  ],
  [
    1602374400000,
    0.03287294339456342
  ],
  [
    1602460800000,
    0.03125136900700734
  ],
  [
    1602547200000,
    0.03487335595257455
  ],
  [
    1602633600000,
    0.03289577309114117
  ],
  [
    1602720000000,
    0.03404639265205279
  ],
  [
    1602806400000,
    0.03407119034946208
  ],
  [
    1602892800000,
    0.03979669622676707
  ],
  [
    1602979200000,
    0.03585204516056481
  ],
  [
    1603065600000,
    0.035986308526765445
  ],
  [
    1603152000000,
    0.03824420657693496
  ],
  [
    1603238400000,
    0.03846312756163691
  ],
  [
    1603324800000,
    0.035044990299083624
  ],
  [
    1603411200000,
    0.03832561782742943
  ],
  [
    1603497600000,
    0.0337354537029575
  ],
  [
    1603584000000,
    0.033285010540013794
  ],
  [
    1603670400000,
    0.0347282853635606
  ],
  [
    1603756800000,
    0.03287875262764967
  ],
  [
    1603843200000,
    0.03295109072450302
  ],
  [
    1603929600000,
    0.03116773554420892
  ],
  [
    1604016000000,
    0.030005918817415482
  ],
  [
    1604102400000,
    0.030319698484672867
  ],
  [
    1604188800000,
    0.0291503086603596
  ],
  [
    1604275200000,
    0.029260503484011737
  ],
  [
    1604361600000,
    0.02906805778695622
  ],
  [
    1604448000000,
    0.02792471379648986
  ],
  [
    1604534400000,
    0.027304409245936235
  ],
  [
    1604620800000,
    0.030608064013860754
  ],
  [
    1604707200000,
    0.030488064836273435
  ],
  [
    1604793600000,
    0.028850580837141846
  ],
  [
    1604880000000,
    0.03544288198583114
  ],
  [
    1604966400000,
    0.032345914350457555
  ],
  [
    1605052800000,
    0.03285526527929266
  ],
  [
    1605139200000,
    0.03128036691770232
  ],
  [
    1605225600000,
    0.02823714902603237
  ],
  [
    1605312000000,
    0.02997742320839272
  ],
  [
    1605398400000,
    0.023610963991392012
  ],
  [
    1605484800000,
    0.02808717039384155
  ],
  [
    1605571200000,
    0.027615482428741914
  ],
  [
    1605657600000,
    0.030681779555702466
  ],
  [
    1605744000000,
    0.031989544132395235
  ],
  [
    1605830400000,
    0.036123801354943495
  ],
  [
    1605916800000,
    0.029371724600713883
  ],
  [
    1606003200000,
    0.030904280342491455
  ],
  [
    1606089600000,
    0.03343235577199952
  ],
  [
    1606176000000,
    0.03362561149380593
  ],
  [
    1606262400000,
    0.031972384026817964
  ],
  [
    1606348800000,
    0.03180853761132604
  ],
  [
    1606435200000,
    0.03372379240429296
  ],
  [
    1606521600000,
    0.030797288664640547
  ],
  [
    1606608000000,
    0.03113491531821464
  ],
  [
    1606694400000,
    0.028480572512053656
  ],
  [
    1606780800000,
    0.033052074745277854
  ],
  [
    1606867200000,
    0.032890704021817666
  ],
  [
    1606953600000,
    0.031833145851538985
  ],
  [
    1607040000000,
    0.032743675773718395
  ],
  [
    1607126400000,
    0.03035559667009296
  ],
  [
    1607212800000,
    0.03185189172395731
  ],
  [
    1607299200000,
    0.03417426756778444
  ],
  [
    1607385600000,
    0.03210022020343213
  ],
  [
    1607472000000,
    0.02992999805530652
  ],
  [
    1607558400000,
    0.03078320549403659
  ],
  [
    1607644800000,
    0.03062557088966331
  ],
  [
    1607731200000,
    0.02872080520536888
  ],
  [
    1607817600000,
    0.029707407795356636
  ],
  [
    1607904000000,
    0.029852605338733476
  ],
  [
    1607990400000,
    0.02911666872769397
  ],
  [
    1608076800000,
    0.03014334102655896
  ],
  [
    1608163200000,
    0.033592831760015374
  ],
  [
    1608249600000,
    0.0318341695612852
  ],
  [
    1608336000000,
    0.027250574554567752
  ],
  [
    1608422400000,
    0.02812990823323943
  ],
  [
    1608508800000,
    0.027858952268922235
  ],
  [
    1608595200000,
    0.022702840552674165
  ],
  [
    1608681600000,
    0.02394253592865293
  ],
  [
    1608768000000,
    0.02414035010871265
  ],
  [
    1608854400000,
    0.02396601131600553
  ],
  [
    1608940800000,
    0.022203169001532505
  ],
  [
    1609027200000,
    0.02230456526638475
  ],
  [
    1609113600000,
    0.02288416337776617
  ],
  [
    1609200000000,
    0.022995430571212856
  ],
  [
    1609286400000,
    0.02483141443678191
  ],
  [
    1609372800000,
    0.03238477277053554
  ],
  [
    1609459200000,
    0.03439157803780606
  ],
  [
    1609545600000,
    0.03431424016804692
  ],
  [
    1609632000000,
    0.038639818610534636
  ],
  [
    1609718400000,
    0.04346141852024544
  ],
  [
    1609804800000,
    0.03844982714835516
  ],
  [
    1609891200000,
    0.04093747636789974
  ],
  [
    1609977600000,
    0.040387033869850764
  ],
  [
    1610064000000,
    0.03880228681482115
  ],
  [
    1610150400000,
    0.04479940139381953
  ],
  [
    1610236800000,
    0.043294292103323695
  ],
  [
    1610323200000,
    0.03976093498021135
  ],
  [
    1610409600000,
    0.037732586151849115
  ],
  [
    1610496000000,
    0.03430606333481976
  ],
  [
    1610582400000,
    0.03849132273385474
  ],
  [
    1610668800000,
    0.03846254573095508
  ],
  [
    1610755200000,
    0.035956131882309776
  ],
  [
    1610841600000,
    0.04157640222654463
  ],
  [
    1610928000000,
    0.04063635532856086
  ],
  [
    1611014400000,
    0.042282973587516745
  ],
  [
    1611100800000,
    0.03999849246272517
  ],
  [
    1611187200000,
    0.03641468382940513
  ],
  [
    1611273600000,
    0.03550345839175251
  ],
  [
    1611360000000,
    0.03433576314106376
  ],
  [
    1611446400000,
    0.03850751991249647
  ],
  [
    1611532800000,
    0.038951107266372735
  ],
  [
    1611619200000,
    0.03794783465711548
  ],
  [
    1611705600000,
    0.03446434088180303
  ],
  [
    1611792000000,
    0.03557179577834333
  ],
  [
    1611878400000,
    0.03869919653172215
  ],
  [
    1611964800000,
    0.04433740485537723
  ],
  [
    1612051200000,
    0.0403736698409457
  ],
  [
    1612137600000,
    0.03772889432989447
  ],
  [
    1612224000000,
    0.03622100138929359
  ],
  [
    1612310400000,
    0.037459502564228954
  ],
  [
    1612396800000,
    0.03779179915600972
  ],
  [
    1612483200000,
    0.03728815867964124
  ],
  [
    1612569600000,
    0.03881605702457899
  ],
  [
    1612656000000,
    0.04038268447603367
  ],
  [
    1612742400000,
    0.04087355227868543
  ],
  [
    1612828800000,
    0.032711207126133963
  ],
  [
    1612915200000,
    0.0321261243477275
  ],
  [
    1613001600000,
    0.03521785731652766
  ],
  [
    1613088000000,
    0.035198765349018654
  ],
  [
    1613174400000,
    0.03726098807381303
  ],
  [
    1613260800000,
    0.03831448105148513
  ],
  [
    1613347200000,
    0.04034634425283471
  ],
  [
    1613433600000,
    0.038872419909027935
  ],
  [
    1613520000000,
    0.03979927585728152
  ],
  [
    1613606400000,
    0.04552539443958842
  ],
  [
    1613692800000,
    0.04324094289560331
  ],
  [
    1613779200000,
    0.04189529871892267
  ],
  [
    1613865600000,
    0.03471337767778508
  ],
  [
    1613952000000,
    0.0415341126508776
  ],
  [
    1614038400000,
    0.03494211718715609
  ],
  [
    1614124800000,
    0.033619882320797816
  ],
  [
    1614211200000,
    0.03853998112329645
  ],
  [
    1614297600000,
    0.03723557617707343
  ],
  [
    1614384000000,
    0.03584697163427431
  ],
  [
    1614470400000,
    0.03656582282852184
  ],
  [
    1614556800000,
    0.03560172794127495
  ],
  [
    1614643200000,
    0.03419909884454026
  ],
  [
    1614729600000,
    0.035314668149602935
  ],
  [
    1614816000000,
    0.03828261727435209
  ],
  [
    1614902400000,
    0.034912392981430625
  ],
  [
    1614988800000,
    0.034722273282334945
  ],
  [
    1615075200000,
    0.03831600881230969
  ],
  [
    1615161600000,
    0.038436015072449835
  ],
  [
    1615248000000,
    0.0382074109454011
  ],
  [
    1615334400000,
    0.03872641607989357
  ],
  [
    1615420800000,
    0.0394364586917703
  ],
  [
    1615507200000,
    0.03898519235408951
  ],
  [
    1615593600000,
    0.037363854647572185
  ],
  [
    1615680000000,
    0.03694793985621472
  ],
  [
    1615766400000,
    0.046351966787051606
  ],
  [
    1615852800000,
    0.05414910655574547
  ],
  [
    1615939200000,
    0.05479152519473556
  ],
  [
    1616025600000,
    0.13619663182366848
  ],
  [
    1616112000000,
    0.10117343728975935
  ],
  [
    1616198400000,
    0.11294537094262544
  ],
  [
    1616284800000,
    0.12858799189277695
  ],
  [
    1616371200000,
    0.12216043627097568
  ],
  [
    1616457600000,
    0.10627788209258333
  ],
  [
    1616544000000,
    0.08605867831906436
  ],
  [
    1616630400000,
    0.08996738251012457
  ],
  [
    1616716800000,
    0.086693124071608
  ],
  [
    1616803200000,
    0.08333954150772094
  ],
  [
    1616889600000,
    0.0813493587056349
  ],
  [
    1616976000000,
    0.08572673286945534
  ],
  [
    1617062400000,
    0.09207352307526602
  ],
  [
    1617148800000,
    0.11043193628639322
  ],
  [
    1617235200000,
    0.12002161733320578
  ],
  [
    1617321600000,
    0.11348233949317127
  ],
  [
    1617408000000,
    0.11933675144275493
  ],
  [
    1617494400000,
    0.10087279615938709
  ],
  [
    1617580800000,
    0.11348722143047431
  ],
  [
    1617667200000,
    0.11289967776797678
  ],
  [
    1617753600000,
    0.11189309753597679
  ],
  [
    1617840000000,
    0.10383306633173196
  ],
  [
    1617926400000,
    0.1091495199735397
  ],
  [
    1618012800000,
    0.10489330867055321
  ],
  [
    1618099200000,
    0.1129960827053741
  ],
  [
    1618185600000,
    0.11508958300699425
  ],
  [
    1618272000000,
    0.10712377597929469
  ],
  [
    1618358400000,
    0.10885880626210662
  ],
  [
    1618444800000,
    0.11020070448653373
  ],
  [
    1618531200000,
    0.11601647884279921
  ],
  [
    1618617600000,
    0.10790479845771107
  ],
  [
    1618704000000,
    0.10207812374156147
  ],
  [
    1618790400000,
    0.09126937994815382
  ],
  [
    1618876800000,
    0.09529986394102803
  ],
  [
    1618963200000,
    0.1006650770140321
  ],
  [
    1619049600000,
    0.11078898051521639
  ],
  [
    1619136000000,
    0.10921375625963353
  ],
  [
    1619222400000,
    0.10793841393081556
  ],
  [
    1619308800000,
    0.1043355369982914
  ],
  [
    1619395200000,
    0.10755040604171383
  ],
  [
    1619481600000,
    0.11537695237053427
  ],
  [
    1619568000000,
    0.12496587980464396
  ],
  [
    1619654400000,
    0.1325949362458388
  ],
  [
    1619740800000,
    0.13088812748351264
  ],
  [
    1619827200000,
    0.12494519852186262
  ],
  [
    1619913600000,
    0.13396643684980603
  ],
  [
    1620000000000,
    0.12855402728274237
  ],
  [
    1620086400000,
    0.144323901052608
  ],
  [
    1620172800000,
    0.12825523117003004
  ],
  [
    1620259200000,
    0.14305105766541373
  ],
  [
    1620345600000,
    0.13484766970855647
  ],
  [
    1620432000000,
    0.13229552366576566
  ],
  [
    1620518400000,
    0.14801898739417688
  ],
  [
    1620604800000,
    0.1417340233870069
  ],
  [
    1620691200000,
    0.13703180402945617
  ],
  [
    1620777600000,
    0.12784665917341104
  ],
  [
    1620864000000,
    0.12527686272634878
  ],
  [
    1620950400000,
    0.12365319575283786
  ],
  [
    1621036800000,
    0.11715863940673352
  ],
  [
    1621123200000,
    0.11590823712516267
  ],
  [
    1621209600000,
    0.10972946916664202
  ],
  [
    1621296000000,
    0.09588664455912828
  ],
  [
    1621382400000,
    0.08344690065222939
  ],
  [
    1621468800000,
    0.06311770985056975
  ],
  [
    1621555200000,
    0.06474681522292801
  ],
  [
    1621641600000,
    0.052449162205607934
  ],
  [
    1621728000000,
    0.05147982002538061
  ],
  [
    1621814400000,
    0.04606201195973595
  ],
  [
    1621900800000,
    0.05770069307054856
  ],
  [
    1621987200000,
    0.05673671337875361
  ],
  [
    1622073600000,
    0.06028775006190897
  ],
  [
    1622160000000,
    0.05404067885672541
  ],
  [
    1622246400000,
    0.05229813555613635
  ],
  [
    1622332800000,
    0.05079287900279318
  ],
  [
    1622419200000,
    0.050906061284006064
  ],
  [
    1622505600000,
    0.05380519101859139
  ],
  [
    1622592000000,
    0.05449358467208876
  ],
  [
    1622678400000,
    0.05826819221432486
  ],
  [
    1622764800000,
    0.05693489433143216
  ],
  [
    1622851200000,
    0.05008925365383504
  ],
  [
    1622937600000,
    0.050629195201920135
  ],
  [
    1623024000000,
    0.04397567766499346
  ],
  [
    1623110400000,
    0.05072695338790673
  ],
  [
    1623196800000,
    0.049620211930933335
  ],
  [
    1623283200000,
    0.054641140925349004
  ],
  [
    1623369600000,
    0.048351394231312225
  ],
  [
    1623456000000,
    0.04264412645124532
  ],
  [
    1623542400000,
    0.04588108733224704
  ],
  [
    1623628800000,
    0.0415099217587897
  ],
  [
    1623715200000,
    0.040621315122860324
  ],
  [
    1623801600000,
    0.04448391418396498
  ],
  [
    1623888000000,
    0.03709796248941865
  ],
  [
    1623974400000,
    0.03533528309558755
  ],
  [
    1624060800000,
    0.0349083940632782
  ],
  [
    1624147200000,
    0.035452334337390215
  ],
  [
    1624233600000,
    0.03735401368929654
  ],
  [
    1624320000000,
    0.03142135061842981
  ],
  [
    1624406400000,
    0.0301647485829899
  ],
  [
    1624492800000,
    0.03179697918102907
  ],
  [
    1624579200000,
    0.03294580458501916
  ],
  [
    1624665600000,
    0.029586492510424344
  ],
  [
    1624752000000,
    0.028186132885752925
  ],
  [
    1624838400000,
    0.02885615914803454
  ],
  [
    1624924800000,
    0.02978712032650673
  ],
  [
    1625011200000,
    0.030891475508164797
  ],
  [
    1625097600000,
    0.031478115236171944
  ],
  [
    1625184000000,
    0.03029243870746859
  ],
  [
    1625270400000,
    0.03403676691819235
  ],
  [
    1625356800000,
    0.03278090217977045
  ],
  [
    1625443200000,
    0.03415612256281843
  ],
  [
    1625529600000,
    0.033123628435664174
  ],
  [
    1625616000000,
    0.03471215062330224
  ],
  [
    1625702400000,
    0.0349924449774526
  ],
  [
    1625788800000,
    0.03236839210026157
  ],
  [
    1625875200000,
    0.03238174843863107
  ],
  [
    1625961600000,
    0.032517523147823295
  ],
  [
    1626048000000,
    0.033556140860957664
  ],
  [
    1626134400000,
    0.033239933476831775
  ],
  [
    1626220800000,
    0.032184821908749474
  ],
  [
    1626307200000,
    0.033438553405975145
  ],
  [
    1626393600000,
    0.029713879357572807
  ],
  [
    1626480000000,
    0.03211213140932778
  ],
  [
    1626566400000,
    0.03247717148534618
  ],
  [
    1626652800000,
    0.03367072624748591
  ],
  [
    1626739200000,
    0.03176578247609225
  ],
  [
    1626825600000,
    0.02734909862116364
  ],
  [
    1626912000000,
    0.03042772059099045
  ],
  [
    1626998400000,
    0.030516358153859422
  ],
  [
    1627084800000,
    0.03093059844657099
  ],
  [
    1627171200000,
    0.03219628619542171
  ],
  [
    1627257600000,
    0.032166403163205744
  ],
  [
    1627344000000,
    0.03305778572181958
  ],
  [
    1627430400000,
    0.033938188633110086
  ],
  [
    1627516800000,
    0.033463567347882105
  ],
  [
    1627603200000,
    0.03436056309416008
  ],
  [
    1627689600000,
    0.03438691082170098
  ],
  [
    1627776000000,
    0.03540131784237099
  ],
  [
    1627862400000,
    0.03396028379272432
  ],
  [
    1627948800000,
    0.03365624112482477
  ],
  [
    1628035200000,
    0.03504639099399158
  ],
  [
    1628121600000,
    0.039095427649327844
  ],
  [
    1628208000000,
    0.037843434619619365
  ],
  [
    1628294400000,
    0.03906110084484564
  ],
  [
    1628380800000,
    0.04095948645465429
  ],
  [
    1628467200000,
    0.03755875826929421
  ],
  [
    1628553600000,
    0.040118205925927346
  ],
  [
    1628640000000,
    0.03975938416361836
  ],
  [
    1628726400000,
    0.04022854936997265
  ],
  [
    1628812800000,
    0.03951775195362259
  ],
  [
    1628899200000,
    0.04085950002775083
  ],
  [
    1628985600000,
    0.04043771669917996
  ],
  [
    1629072000000,
    0.03875983181422157
  ],
  [
    1629158400000,
    0.03969614231701824
  ],
  [
    1629244800000,
    0.037795524189446254
  ],
  [
    1629331200000,
    0.0394595790738367
  ],
  [
    1629417600000,
    0.041718956560737194
  ],
  [
    1629504000000,
    0.04360271353584427
  ],
  [
    1629590400000,
    0.03961759677660766
  ],
  [
    1629676800000,
    0.03802231398172439
  ],
  [
    1629763200000,
    0.0376349909066724
  ],
  [
    1629849600000,
    0.037088975297536735
  ],
  [
    1629936000000,
    0.038328092919490554
  ],
  [
    1630022400000,
    0.03839999761634459
  ],
  [
    1630108800000,
    0.041979138797399194
  ],
  [
    1630195200000,
    0.04045051435504879
  ],
  [
    1630281600000,
    0.040655262576925866
  ],
  [
    1630368000000,
    0.03642114826798523
  ],
  [
    1630454400000,
    0.037494162172616224
  ],
  [
    1630540800000,
    0.039256444625081835
  ],
  [
    1630627200000,
    0.03899423845747792
  ]
]