[
  [
    1539561600000,
    216241.6398054799
  ],
  [
    1539648000000,
    121705.24867926634
  ],
  [
    1539734400000,
    40312.13385534311
  ],
  [
    1539820800000,
    164159.79343626834
  ],
  [
    1539907200000,
    25953.126384833275
  ],
  [
    1539993600000,
    269152.5200128792
  ],
  [
    1540080000000,
    26747.479689883705
  ],
  [
    1540166400000,
    18126.17825647187
  ],
  [
    1540252800000,
    55087.18778859718
  ],
  [
    1540339200000,
    42613.81964436172
  ],
  [
    1540425600000,
    43231.50376636906
  ],
  [
    1540512000000,
    43916.517656971504
  ],
  [
    1540598400000,
    54610.770858799995
  ],
  [
    1540684800000,
    63024.177547858686
  ],
  [
    1540771200000,
    19739.634285523458
  ],
  [
    1540857600000,
    52066.42832534181
  ],
  [
    1540944000000,
    98144.26314762271
  ],
  [
    1541030400000,
    36076.90976084708
  ],
  [
    1541116800000,
    43420.33005029357
  ],
  [
    1541203200000,
    48525.547141771945
  ],
  [
    1541289600000,
    62075.79083304609
  ],
  [
    1541376000000,
    25749.850143221593
  ],
  [
    1541462400000,
    50800.065606376906
  ],
  [
    1541548800000,
    73903.24744426734
  ],
  [
    1541635200000,
    45126.452012742426
  ],
  [
    1541721600000,
    43701.10254401356
  ],
  [
    1541808000000,
    47585.86912450857
  ],
  [
    1541894400000,
    136251.89416204512
  ],
  [
    1541980800000,
    23471.769282645386
  ],
  [
    1542067200000,
    856.4908635506846
  ],
  [
    1542153600000,
    3799.9930158673355
  ],
  [
    1542240000000,
    183.29455101217468
  ],
  [
    1542326400000,
    107.91319508787466
  ],
  [
    1542412800000,
    1233.6717294103782
  ],
  [
    1542499200000,
    7.054283132456459
  ],
  [
    1542585600000,
    30.40495140624653
  ],
  [
    1542672000000,
    1115.2810574904051
  ],
  [
    1542758400000,
    871.4534288852196
  ],
  [
    1542844800000,
    471.4251707303075
  ],
  [
    1542931200000,
    54831.64013943461
  ],
  [
    1543017600000,
    37944.119845285786
  ],
  [
    1543104000000,
    38176.10329478334
  ],
  [
    1543190400000,
    13162.429149850312
  ],
  [
    1543276800000,
    40978.807758506206
  ],
  [
    1543363200000,
    36232.78923616926
  ],
  [
    1543449600000,
    616.4498163156823
  ],
  [
    1543536000000,
    39.261170900622254
  ],
  [
    1543622400000,
    75199.23977889537
  ],
  [
    1543708800000,
    94313.62167672429
  ],
  [
    1543795200000,
    1.0052185666645734
  ],
  [
    1543881600000,
    663.5854422425218
  ],
  [
    1543968000000,
    3817.7598373048404
  ],
  [
    1544054400000,
    409.26713682044254
  ],
  [
    1544140800000,
    136334.72849489356
  ],
  [
    1544227200000,
    86009.11789529638
  ],
  [
    1544313600000,
    8.690636631864423
  ],
  [
    1544400000000,
    30.84001169968201
  ],
  [
    1544486400000,
    404.27473024041916
  ],
  [
    1544572800000,
    491.3632796345374
  ],
  [
    1544659200000,
    451.7558445514174
  ],
  [
    1544745600000,
    137757.6810469462
  ],
  [
    1544832000000,
    129736.49484391429
  ],
  [
    1544918400000,
    90911.38009546134
  ],
  [
    1545004800000,
    261310.56174858304
  ],
  [
    1545091200000,
    381800.6968573293
  ],
  [
    1545177600000,
    38.12787860447347
  ],
  [
    1545264000000,
    491.593343169576
  ],
  [
    1545350400000,
    388.29306861546866
  ],
  [
    1545436800000,
    356815.5909390579
  ],
  [
    1545523200000,
    428247.2171330955
  ],
  [
    1545609600000,
    65892.24757417843
  ],
  [
    1545696000000,
    89277.51749352734
  ],
  [
    1545782400000,
    95208.26866321935
  ],
  [
    1545868800000,
    195595.3340179168
  ],
  [
    1545955200000,
    608.7625742014719
  ],
  [
    1546041600000,
    80730.70157851696
  ],
  [
    1546128000000,
    14295.021851632975
  ],
  [
    1546214400000,
    15287.118173012232
  ],
  [
    1546300800000,
    25.626005343812942
  ],
  [
    1546387200000,
    24944.156226173698
  ],
  [
    1546473600000,
    19797.58705485635
  ],
  [
    1546560000000,
    2897.6295483995236
  ],
  [
    1546646400000,
    71789.34830530164
  ],
  [
    1546732800000,
    126581.47813339226
  ],
  [
    1546819200000,
    72185.58860952723
  ],
  [
    1546905600000,
    243137.3324591457
  ],
  [
    1546992000000,
    81919.02523642896
  ],
  [
    1547078400000,
    90834.25792493383
  ],
  [
    1547164800000,
    11100.908753591091
  ],
  [
    1547251200000,
    301534.14554229734
  ],
  [
    1547337600000,
    281250.12409379135
  ],
  [
    1547424000000,
    603.7507328221134
  ],
  [
    1547510400000,
    9921.601165542366
  ],
  [
    1547596800000,
    108081.30472009377
  ],
  [
    1547683200000,
    163515.0515799518
  ],
  [
    1547769600000,
    13124.885843048529
  ],
  [
    1547856000000,
    102517.151720193
  ],
  [
    1547942400000,
    210.7394950065815
  ],
  [
    1548028800000,
    104.05912649012498
  ],
  [
    1548115200000,
    148.97993895328165
  ],
  [
    1548201600000,
    312.0702621858743
  ],
  [
    1548288000000,
    99.43351453067528
  ],
  [
    1548374400000,
    518.6279669426214
  ],
  [
    1548460800000,
    218.44198005571064
  ],
  [
    1548547200000,
    116.29148445692816
  ],
  [
    1548633600000,
    107.14359313518469
  ],
  [
    1548720000000,
    25.206709054827414
  ],
  [
    1548806400000,
    91.56377089930132
  ],
  [
    1548892800000,
    424.64843110711695
  ],
  [
    1548979200000,
    75.86070438803878
  ],
  [
    1549065600000,
    43.02068321707789
  ],
  [
    1549152000000,
    20.399149910117035
  ],
  [
    1549238400000,
    5.2665817327624715
  ],
  [
    1549324800000,
    158.6457974654319
  ],
  [
    1549411200000,
    116.44825597832248
  ],
  [
    1549497600000,
    24.278871728137712
  ],
  [
    1549584000000,
    32.97723331683691
  ],
  [
    1549670400000,
    40.472031948125995
  ],
  [
    1549756800000,
    6.666267299126647
  ],
  [
    1549843200000,
    37.47685369912535
  ],
  [
    1549929600000,
    3.1386909155106935
  ],
  [
    1550016000000,
    47.65563575023958
  ],
  [
    1550102400000,
    92.67389571391936
  ],
  [
    1550188800000,
    40.01248350211356
  ],
  [
    1550275200000,
    197.69026258293366
  ],
  [
    1550361600000,
    83.8407705442338
  ],
  [
    1550448000000,
    38.60630824915828
  ],
  [
    1550534400000,
    153.13255557317996
  ],
  [
    1550620800000,
    40.26912758966802
  ],
  [
    1550707200000,
    101.92913179380876
  ],
  [
    1550793600000,
    791.3004752049045
  ],
  [
    1550880000000,
    29.063220668712248
  ],
  [
    1550966400000,
    90.24124115304551
  ],
  [
    1551052800000,
    5766.704837337056
  ],
  [
    1551139200000,
    24.76615353279453
  ],
  [
    1551225600000,
    32.773652523206316
  ],
  [
    1551312000000,
    16.113241947055265
  ],
  [
    1551398400000,
    40.764758193191696
  ],
  [
    1551484800000,
    92.57505818385553
  ],
  [
    1551571200000,
    49.6727976936332
  ],
  [
    1551657600000,
    1701.0217556661473
  ],
  [
    1551744000000,
    12357.08803467575
  ],
  [
    1551830400000,
    11359.461813658132
  ],
  [
    1551916800000,
    4798.0537928132035
  ],
  [
    1552003200000,
    3054.7531762407975
  ],
  [
    1552089600000,
    2718.049619669026
  ],
  [
    1552176000000,
    4200.45823193848
  ],
  [
    1552262400000,
    4.3205693401915894
  ],
  [
    1552348800000,
    281.7522317180765
  ],
  [
    1552435200000,
    11.910844898919317
  ],
  [
    1552521600000,
    2.884293540459104
  ],
  [
    1552608000000,
    0.04211043282073699
  ],
  [
    1552694400000,
    4.487101661108569
  ],
  [
    1552780800000,
    12.937046753351089
  ],
  [
    1552867200000,
    13318.616654499796
  ],
  [
    1552953600000,
    9723.178923651803
  ],
  [
    1553040000000,
    14813.148226854368
  ],
  [
    1553126400000,
    11.909238604684209
  ],
  [
    1553212800000,
    46.182539788543
  ],
  [
    1553299200000,
    1.0308864105343947
  ],
  [
    1553385600000,
    1.5912524477016197
  ],
  [
    1553472000000,
    0.04248808074690027
  ],
  [
    1553558400000,
    1.1574116771242742
  ],
  [
    1553644800000,
    2.7102106703464584
  ],
  [
    1553731200000,
    50.51887158334327
  ],
  [
    1553817600000,
    40.50015620330965
  ],
  [
    1553904000000,
    15388.278626627187
  ],
  [
    1553990400000,
    12400.94287351397
  ],
  [
    1554076800000,
    7.8333020677882015
  ],
  [
    1554163200000,
    3.027787914652636
  ],
  [
    1554249600000,
    12.960057790367513
  ],
  [
    1554336000000,
    17682.81928286301
  ],
  [
    1554422400000,
    12786.716581835017
  ],
  [
    1554508800000,
    1.5270381903446026
  ],
  [
    1554595200000,
    1.2450889724722694
  ],
  [
    1554681600000,
    4.709864493008004
  ],
  [
    1554768000000,
    8.147898902967212
  ],
  [
    1554854400000,
    19.650295043195186
  ],
  [
    1554940800000,
    1.1780343908011401
  ],
  [
    1555027200000,
    1.0616564832862716
  ],
  [
    1555113600000,
    2.4239906169834247
  ],
  [
    1555200000000,
    2095.017228995048
  ],
  [
    1555286400000,
    19056.867100657615
  ],
  [
    1555372800000,
    29584.44122686352
  ],
  [
    1555459200000,
    30.464681720896913
  ],
  [
    1555545600000,
    67639.61672093222
  ],
  [
    1555632000000,
    47996.65027479975
  ],
  [
    1555718400000,
    5.231363715241225
  ],
  [
    1555804800000,
    100432.28755758969
  ],
  [
    1555891200000,
    65336.88996765888
  ],
  [
    1555977600000,
    17749.099324657735
  ],
  [
    1556064000000,
    28431.588568845935
  ],
  [
    1556150400000,
    1.2792245383988288
  ],
  [
    1556236800000,
    13.803040200114243
  ],
  [
    1556323200000,
    0.7351995707939528
  ],
  [
    1556409600000,
    5.927439457871749
  ],
  [
    1556496000000,
    5538.895634112392
  ],
  [
    1556582400000,
    19237.729715975074
  ],
  [
    1556668800000,
    4.206318703826224
  ],
  [
    1556755200000,
    31911.348448824858
  ],
  [
    1556841600000,
    0
  ],
  [
    1556928000000,
    35845.508441324644
  ],
  [
    1557014400000,
    5157.055300591432
  ],
  [
    1557100800000,
    20534.938827447564
  ],
  [
    1557187200000,
    19496.347755166178
  ],
  [
    1557273600000,
    20458.85818557153
  ],
  [
    1557360000000,
    22086.74260830561
  ],
  [
    1557446400000,
    19045.016757447986
  ],
  [
    1557532800000,
    25772.666888357136
  ],
  [
    1557619200000,
    28811.119837069997
  ],
  [
    1557705600000,
    21546.39893184151
  ],
  [
    1557792000000,
    32420.584934724167
  ],
  [
    1557878400000,
    30070.65303256933
  ],
  [
    1557964800000,
    39677.507680047536
  ],
  [
    1558051200000,
    20952.661070015998
  ],
  [
    1558137600000,
    28598.73763301407
  ],
  [
    1558224000000,
    28557.48616094714
  ],
  [
    1558310400000,
    41171.27627898741
  ],
  [
    1558396800000,
    37949.92675752741
  ],
  [
    1558483200000,
    35527.76115468744
  ],
  [
    1558569600000,
    34787.12723047518
  ],
  [
    1558656000000,
    26481.384006729917
  ],
  [
    1558742400000,
    27230.97842688982
  ],
  [
    1558828800000,
    56235.74800401448
  ],
  [
    1558915200000,
    22164.011900286827
  ],
  [
    1559001600000,
    63426.55575351363
  ],
  [
    1559088000000,
    30290.847073187622
  ],
  [
    1559174400000,
    41968.09055039168
  ],
  [
    1559260800000,
    45647.51090357094
  ],
  [
    1559347200000,
    28572.17212935307
  ],
  [
    1559433600000,
    34796.319163335625
  ],
  [
    1559520000000,
    27455.679803048035
  ],
  [
    1559606400000,
    28709.04233333287
  ],
  [
    1559692800000,
    2485.4318612705624
  ],
  [
    1559779200000,
    41753.272223174434
  ],
  [
    1559865600000,
    39628.33920175289
  ],
  [
    1559952000000,
    38748.14440869008
  ],
  [
    1560038400000,
    30060.907502882917
  ],
  [
    1560124800000,
    36911.08425969844
  ],
  [
    1560211200000,
    32692.192566000846
  ],
  [
    1560297600000,
    31776.780982122906
  ],
  [
    1560384000000,
    41623.46224537165
  ],
  [
    1560470400000,
    38940.3924772536
  ],
  [
    1560556800000,
    40747.44315225341
  ],
  [
    1560643200000,
    65681.08872802884
  ],
  [
    1560729600000,
    7284.238865580662
  ],
  [
    1560816000000,
    8071.92772471871
  ],
  [
    1560902400000,
    39993.001799812446
  ],
  [
    1560988800000,
    31344.95266693588
  ],
  [
    1561075200000,
    39865.3723273565
  ],
  [
    1561161600000,
    34401.95531661987
  ],
  [
    1561248000000,
    47351.49472205337
  ],
  [
    1561334400000,
    42972.94480167721
  ],
  [
    1561420800000,
    32830.06386044112
  ],
  [
    1561507200000,
    48886.12334155164
  ],
  [
    1561593600000,
    42898.5320876129
  ],
  [
    1561680000000,
    19484.08663287276
  ],
  [
    1561766400000,
    31761.574868399774
  ],
  [
    1561852800000,
    38985.17621701588
  ],
  [
    1561939200000,
    30637.75511188153
  ],
  [
    1562025600000,
    35071.29834773309
  ],
  [
    1562112000000,
    33777.782726598605
  ],
  [
    1562198400000,
    29783.78823973876
  ],
  [
    1562284800000,
    34729.60353590875
  ],
  [
    1562371200000,
    0.001721307754105902
  ],
  [
    1562457600000,
    214.41411267893966
  ],
  [
    1562544000000,
    1.3119570591724479
  ],
  [
    1562630400000,
    41006.746740054165
  ],
  [
    1562716800000,
    1360.287034898544
  ],
  [
    1562803200000,
    1107.9925926344679
  ],
  [
    1562889600000,
    1171.6724831423328
  ],
  [
    1562976000000,
    1191.0787992648854
  ],
  [
    1563062400000,
    36332.282362144884
  ],
  [
    1563148800000,
    33589.72598853469
  ],
  [
    1563235200000,
    1267.5311117238605
  ],
  [
    1563321600000,
    929.1070528934592
  ],
  [
    1563408000000,
    819.1126742051364
  ],
  [
    1563494400000,
    1059.3393266233543
  ],
  [
    1563580800000,
    900.0043216676868
  ],
  [
    1563667200000,
    1064.4569048537683
  ],
  [
    1563753600000,
    29374.07995358358
  ],
  [
    1563840000000,
    23714.959395251535
  ],
  [
    1563926400000,
    30175.690027441266
  ],
  [
    1564012800000,
    1025.7928562635877
  ],
  [
    1564099200000,
    1259.5988801751496
  ],
  [
    1564185600000,
    0.006086129496448302
  ],
  [
    1564272000000,
    58203.481599683124
  ],
  [
    1564358400000,
    420.90039355071707
  ],
  [
    1564444800000,
    448.56454737526707
  ],
  [
    1564531200000,
    26556.45814937596
  ],
  [
    1564617600000,
    463.9161101995671
  ],
  [
    1564704000000,
    591.3639715951829
  ],
  [
    1564790400000,
    734.2367102995802
  ],
  [
    1564876800000,
    302.6705275514594
  ],
  [
    1564963200000,
    214.542949046956
  ],
  [
    1565049600000,
    13710.52389115787
  ],
  [
    1565136000000,
    25417.977412396827
  ],
  [
    1565222400000,
    0.02470698940378829
  ],
  [
    1565308800000,
    0.13303249514582288
  ],
  [
    1565395200000,
    0.0014086862033118694
  ],
  [
    1565481600000,
    44392.15392439348
  ],
  [
    1565568000000,
    244.5462008029351
  ],
  [
    1565654400000,
    287.0684459074705
  ],
  [
    1565740800000,
    0.0030063083798514607
  ],
  [
    1565827200000,
    0
  ],
  [
    1565913600000,
    24180.21431178344
  ],
  [
    1566000000000,
    21102.250956971122
  ],
  [
    1566086400000,
    17768.519067369987
  ],
  [
    1566172800000,
    605.2070982259556
  ],
  [
    1566259200000,
    22801.112315888295
  ],
  [
    1566345600000,
    480.0784678044984
  ],
  [
    1566432000000,
    20589.560098005608
  ],
  [
    1566518400000,
    25485.360680081838
  ],
  [
    1566604800000,
    571.9892348977045
  ],
  [
    1566691200000,
    25200.47032497253
  ],
  [
    1566777600000,
    24760.331003529463
  ],
  [
    1566864000000,
    299.09137951958684
  ],
  [
    1566950400000,
    23441.74960059125
  ],
  [
    1567036800000,
    500.3388724916495
  ],
  [
    1567123200000,
    220.60497319525027
  ],
  [
    1567209600000,
    17520.67979875771
  ],
  [
    1567296000000,
    17465.73543229828
  ],
  [
    1567382400000,
    137.53270767360112
  ],
  [
    1567468800000,
    22822.183671616087
  ],
  [
    1567555200000,
    20821.636363547448
  ],
  [
    1567641600000,
    16720.7251276497
  ],
  [
    1567728000000,
    20304.85297428965
  ],
  [
    1567814400000,
    44080.961700707136
  ],
  [
    1567900800000,
    327.8055940504425
  ],
  [
    1567987200000,
    383.81400724444603
  ],
  [
    1568073600000,
    16642.17247118227
  ],
  [
    1568160000000,
    17440.455473570597
  ],
  [
    1568246400000,
    0.4234578922956317
  ],
  [
    1568332800000,
    451.4314229624258
  ],
  [
    1568419200000,
    17781.620789171193
  ],
  [
    1568505600000,
    362.04116521836585
  ],
  [
    1568592000000,
    25888.712561591423
  ],
  [
    1568678400000,
    280.9722742127764
  ],
  [
    1568764800000,
    461.2410229795551
  ],
  [
    1568851200000,
    440.1373841767391
  ],
  [
    1568937600000,
    601.0693432634803
  ],
  [
    1569024000000,
    0.50840636316879
  ],
  [
    1569110400000,
    2.1892299034195473
  ],
  [
    1569196800000,
    286.1627722550571
  ],
  [
    1569283200000,
    17493.55848775511
  ],
  [
    1569369600000,
    2.0121901377978952
  ],
  [
    1569456000000,
    710.5558314227526
  ],
  [
    1569542400000,
    392.8672044408631
  ],
  [
    1569628800000,
    379.1212161969084
  ],
  [
    1569715200000,
    252.04943861555847
  ],
  [
    1569801600000,
    676.7013886675269
  ],
  [
    1569888000000,
    4.294019939777272
  ],
  [
    1569974400000,
    15803.257665073734
  ],
  [
    1570060800000,
    15803.257665073734
  ],
  [
    1570147200000,
    27227.296255759404
  ],
  [
    1570233600000,
    27523.682729439264
  ],
  [
    1570320000000,
    20360.144092041926
  ],
  [
    1570406400000,
    19798.160704748716
  ],
  [
    1570492800000,
    22616.83891603322
  ],
  [
    1570579200000,
    982.4235527977629
  ],
  [
    1570665600000,
    1.1676827175864475
  ],
  [
    1570752000000,
    207.50020039035644
  ],
  [
    1570838400000,
    36115.92535857681
  ],
  [
    1570924800000,
    23888.461754536704
  ],
  [
    1571011200000,
    223.94277510641302
  ],
  [
    1571097600000,
    266.7431978612097
  ],
  [
    1571184000000,
    408.70964966272044
  ],
  [
    1571270400000,
    0.05596358113498483
  ],
  [
    1571356800000,
    365.42904812165625
  ],
  [
    1571443200000,
    11718.776363657218
  ],
  [
    1571529600000,
    29.757027211855224
  ],
  [
    1571616000000,
    0
  ],
  [
    1571702400000,
    399.9460385335759
  ],
  [
    1571788800000,
    174.7922836531581
  ],
  [
    1571875200000,
    305.08066171760316
  ],
  [
    1571961600000,
    365.9104242186724
  ],
  [
    1572048000000,
    23553.00945406657
  ],
  [
    1572134400000,
    0
  ],
  [
    1572220800000,
    27718.31301784908
  ],
  [
    1572307200000,
    228.02662748268094
  ],
  [
    1572393600000,
    202.9110947092151
  ],
  [
    1572480000000,
    280.26473141953625
  ],
  [
    1572566400000,
    614.1739325191406
  ],
  [
    1572652800000,
    48891.99292282788
  ],
  [
    1572739200000,
    29516.488494180372
  ],
  [
    1572825600000,
    27872.820115899583
  ],
  [
    1572912000000,
    202.6957578501043
  ],
  [
    1572998400000,
    427.8439063204085
  ],
  [
    1573084800000,
    13497.236383321098
  ],
  [
    1573171200000,
    259.6625545566022
  ],
  [
    1573257600000,
    0.06747460285110286
  ],
  [
    1573344000000,
    652.0726898212886
  ],
  [
    1573430400000,
    54847.53565502583
  ],
  [
    1573516800000,
    44667.12926768339
  ],
  [
    1573603200000,
    0.19933479901455092
  ],
  [
    1573689600000,
    48096.387954802274
  ],
  [
    1573776000000,
    63912.24298988879
  ],
  [
    1573862400000,
    56865.00812046407
  ],
  [
    1573948800000,
    414.1506389718044
  ],
  [
    1574035200000,
    45944.79521476908
  ],
  [
    1574121600000,
    51112.159893960954
  ],
  [
    1574208000000,
    440.6912112575154
  ],
  [
    1574294400000,
    0.0695794222032447
  ],
  [
    1574380800000,
    41576.09321825183
  ],
  [
    1574467200000,
    46107.04189748689
  ],
  [
    1574553600000,
    5.502243788119164
  ],
  [
    1574640000000,
    40117.24108630045
  ],
  [
    1574726400000,
    374.9228101731641
  ],
  [
    1574812800000,
    42942.24704556628
  ],
  [
    1574899200000,
    40588.50389197862
  ],
  [
    1574985600000,
    390.3003229662982
  ],
  [
    1575072000000,
    212.79359174804637
  ],
  [
    1575158400000,
    363.92008851321555
  ],
  [
    1575244800000,
    261.9270813751992
  ],
  [
    1575331200000,
    0
  ],
  [
    1575417600000,
    227.85818259661534
  ],
  [
    1575504000000,
    281.48187165226625
  ],
  [
    1575590400000,
    243.60366225704982
  ],
  [
    1575676800000,
    1.250821925266507
  ],
  [
    1575763200000,
    236.2789895360012
  ],
  [
    1575849600000,
    2.3227895155499705
  ],
  [
    1575936000000,
    0
  ],
  [
    1576022400000,
    309.5812448845248
  ],
  [
    1576108800000,
    0.7758613312782616
  ],
  [
    1576195200000,
    326.62847861129796
  ],
  [
    1576281600000,
    321.936647973729
  ],
  [
    1576368000000,
    183.20480055881447
  ],
  [
    1576454400000,
    0.012578540208216997
  ],
  [
    1576540800000,
    274.4820402753947
  ],
  [
    1576627200000,
    0.7251583236247969
  ],
  [
    1576713600000,
    274.5337478851937
  ],
  [
    1576800000000,
    0
  ],
  [
    1576886400000,
    332.7187923945284
  ],
  [
    1576972800000,
    314.44136152723144
  ],
  [
    1577059200000,
    154.37464287739715
  ],
  [
    1577145600000,
    332.06013629963206
  ],
  [
    1577232000000,
    0.5574607177017283
  ],
  [
    1577318400000,
    228.76038789340248
  ],
  [
    1577404800000,
    0
  ],
  [
    1577491200000,
    530.5238009342148
  ],
  [
    1577577600000,
    0
  ],
  [
    1577664000000,
    0.031942190784417915
  ],
  [
    1577750400000,
    0
  ],
  [
    1577836800000,
    240.56227677521966
  ],
  [
    1577923200000,
    0.016156182460140896
  ],
  [
    1578009600000,
    0
  ],
  [
    1578096000000,
    361.04187243963077
  ],
  [
    1578182400000,
    1.5848664439797249
  ],
  [
    1578268800000,
    304.7135179939611
  ],
  [
    1578355200000,
    0
  ],
  [
    1578441600000,
    155.01964680547397
  ],
  [
    1578528000000,
    146.86958651843761
  ],
  [
    1578614400000,
    296.84889938512015
  ],
  [
    1578700800000,
    0
  ],
  [
    1578787200000,
    0.6462204583148811
  ],
  [
    1578873600000,
    262.2623988217013
  ],
  [
    1578960000000,
    0
  ],
  [
    1579046400000,
    422.403608852745
  ],
  [
    1579132800000,
    1.2989674019820185
  ],
  [
    1579219200000,
    622.4059084315231
  ],
  [
    1579305600000,
    741.2566256424956
  ],
  [
    1579392000000,
    453.7847006458466
  ],
  [
    1579478400000,
    255.24674219815984
  ],
  [
    1579564800000,
    2.2620749074566184
  ],
  [
    1579651200000,
    149.91176358238351
  ],
  [
    1579737600000,
    273.95081340272185
  ],
  [
    1579824000000,
    349.39052055961116
  ],
  [
    1579910400000,
    0.003120848979289199
  ],
  [
    1579996800000,
    188.58573128922816
  ],
  [
    1580083200000,
    127.32687812039505
  ],
  [
    1580169600000,
    355.963486442856
  ],
  [
    1580256000000,
    748.386932041332
  ],
  [
    1580342400000,
    143.4166377739807
  ],
  [
    1580428800000,
    355.9886791816505
  ],
  [
    1580515200000,
    232.92236878738268
  ],
  [
    1580601600000,
    222.2715298531872
  ],
  [
    1580688000000,
    535.4340457257854
  ],
  [
    1580774400000,
    391.4713898301958
  ],
  [
    1580860800000,
    0.04858734307295739
  ],
  [
    1580947200000,
    534.3873956224494
  ],
  [
    1581033600000,
    271.229647051174
  ],
  [
    1581120000000,
    0.535667448970537
  ],
  [
    1581206400000,
    0.005150505827420426
  ],
  [
    1581292800000,
    757.4713558946993
  ],
  [
    1581379200000,
    650.7251317457456
  ],
  [
    1581465600000,
    0.14040307106356237
  ],
  [
    1581552000000,
    356.11330487875665
  ],
  [
    1581638400000,
    869.3026906827216
  ],
  [
    1581724800000,
    518.0620441314206
  ],
  [
    1581811200000,
    0.010839511054401108
  ],
  [
    1581897600000,
    1011.7324520076886
  ],
  [
    1581984000000,
    21.406661288666808
  ],
  [
    1582070400000,
    0.034169487938007316
  ],
  [
    1582156800000,
    0.009315098680948698
  ],
  [
    1582243200000,
    488.33004271576453
  ],
  [
    1582329600000,
    436.26759931953495
  ],
  [
    1582416000000,
    433.2016612156978
  ],
  [
    1582502400000,
    0.10964640220059238
  ],
  [
    1582588800000,
    0.009587229583813717
  ],
  [
    1582675200000,
    1.6063426992798193
  ],
  [
    1582761600000,
    0.008703041082749455
  ],
  [
    1582848000000,
    341.0345785484838
  ],
  [
    1582934400000,
    1.8535621104773383
  ],
  [
    1583020800000,
    0.008375420277171428
  ],
  [
    1583107200000,
    178.05666143236712
  ],
  [
    1583193600000,
    38.29920530777526
  ],
  [
    1583280000000,
    368.04345413854867
  ],
  [
    1583366400000,
    0.023945364190491203
  ],
  [
    1583452800000,
    268.2000059912071
  ],
  [
    1583539200000,
    364.366045805761
  ],
  [
    1583625600000,
    338.0190067908727
  ],
  [
    1583712000000,
    1.3857703429152641
  ],
  [
    1583798400000,
    0.8689950492054402
  ],
  [
    1583884800000,
    0.09112920851742401
  ],
  [
    1584057600000,
    8.692744939225863
  ],
  [
    1584144000000,
    1.6285930552447672
  ],
  [
    1584230400000,
    0.018145379950168985
  ],
  [
    1584316800000,
    0.050271938322422896
  ],
  [
    1584403200000,
    0.047058083045738226
  ],
  [
    1584489600000,
    19.809862279227982
  ],
  [
    1584576000000,
    2.2767668355780706
  ],
  [
    1584662400000,
    2.004031418802565
  ],
  [
    1584748800000,
    2.005882619212602
  ],
  [
    1585094400000,
    3.707264186976807
  ],
  [
    1585267200000,
    0.07479429926818927
  ],
  [
    1585526400000,
    0.5012418191756377
  ],
  [
    1585612800000,
    0.500428831688942
  ],
  [
    1586044800000,
    0.2303938033621648
  ],
  [
    1586304000000,
    0.007761040360669301
  ],
  [
    1586476800000,
    0.0013614348513226295
  ],
  [
    1586563200000,
    0.001356219857410694
  ],
  [
    1586736000000,
    0.6009589878051628
  ],
  [
    1586908800000,
    0.037971625815625625
  ],
  [
    1586995200000,
    0.9527574192811643
  ],
  [
    1587081600000,
    0.06558675182598196
  ],
  [
    1587168000000,
    0.8909691980489131
  ],
  [
    1587254400000,
    0.06513800027519565
  ],
  [
    1587427200000,
    0.026851444293276357
  ],
  [
    1587513600000,
    0.41085748390765453
  ],
  [
    1587772800000,
    0.23144598843760558
  ],
  [
    1587859200000,
    0.2303439659033465
  ],
  [
    1588291200000,
    1.0578036323323217
  ],
  [
    1588464000000,
    0.13062485018233977
  ],
  [
    1588550400000,
    0.027436934897304723
  ],
  [
    1588809600000,
    2.2900389517011837
  ],
  [
    1588896000000,
    44.06997288026082
  ],
  [
    1588982400000,
    25.53220455782143
  ],
  [
    1589500800000,
    0.023844347376163425
  ],
  [
    1590019200000,
    0.08293442544830383
  ],
  [
    1590192000000,
    0.06191467491164714
  ],
  [
    1590451200000,
    0.049022764158264356
  ],
  [
    1590537600000,
    0.04881437664023826
  ],
  [
    1590624000000,
    28.900360732426453
  ],
  [
    1590710400000,
    31.8347437051198
  ],
  [
    1590796800000,
    6.7878430387687105
  ],
  [
    1590883200000,
    0.11526893195664131
  ],
  [
    1590969600000,
    0.27063330036356836
  ],
  [
    1591056000000,
    0.5878608153970827
  ],
  [
    1591142400000,
    0.7892976687623245
  ],
  [
    1591574400000,
    0.2153685055060918
  ],
  [
    1591660800000,
    0.2153685055060918
  ],
  [
    1592524800000,
    0.0012914238423265695
  ],
  [
    1592611200000,
    0.0012914238423265695
  ],
  [
    1592784000000,
    2.4062687102368394
  ],
  [
    1592870400000,
    2.4062687102368394
  ],
  [
    1592956800000,
    6.485570576780899
  ],
  [
    1593129600000,
    0.00011604174547761354
  ],
  [
    1593216000000,
    0.00011604174547761354
  ],
  [
    1593302400000,
    0.431806450441512
  ],
  [
    1593388800000,
    9.25254904765787
  ],
  [
    1593561600000,
    0.4833222561322505
  ],
  [
    1593648000000,
    0.4833222561322505
  ],
  [
    1593734400000,
    0.07602725694424124
  ],
  [
    1593820800000,
    0.02850959195011964
  ],
  [
    1593907200000,
    8.76794458489668
  ],
  [
    1593993600000,
    8.76794458489668
  ],
  [
    1594080000000,
    0.04290130025976117
  ],
  [
    1594166400000,
    0.9468354291503281
  ],
  [
    1594252800000,
    0.9468354291503281
  ],
  [
    1594339200000,
    0.08179384577274387
  ],
  [
    1594425600000,
    0.005436085709478005
  ],
  [
    1594944000000,
    2.0335289716037663
  ],
  [
    1595030400000,
    2.0335289716037663
  ],
  [
    1595116800000,
    0.037840098676230303
  ],
  [
    1595203200000,
    2.952071833542873
  ],
  [
    1595289600000,
    0.03666949202164334
  ],
  [
    1595376000000,
    216.16299207117018
  ],
  [
    1595462400000,
    89.20536101980798
  ],
  [
    1595548800000,
    4.121601737434833
  ],
  [
    1595635200000,
    1.1580649777360643
  ],
  [
    1595721600000,
    1.4050884792728835
  ],
  [
    1595808000000,
    2.977742267975348
  ],
  [
    1595894400000,
    2.414257323400945
  ],
  [
    1596067200000,
    0.013747717458838914
  ],
  [
    1596153600000,
    0.013747717458838914
  ],
  [
    1596240000000,
    1.1607762601213576
  ],
  [
    1596326400000,
    1.1607762601213576
  ],
  [
    1596412800000,
    0.0014702366649402623
  ],
  [
    1596499200000,
    0.0014702366649402623
  ],
  [
    1596585600000,
    0.09921709545386959
  ],
  [
    1596844800000,
    0.25035502196889964
  ],
  [
    1596931200000,
    0.25035502196889964
  ],
  [
    1597104000000,
    2.1971852036737034
  ],
  [
    1597190400000,
    2.1971852036737034
  ],
  [
    1597276800000,
    2.392935286005996
  ],
  [
    1597363200000,
    1.2644907267120769
  ],
  [
    1597449600000,
    0.8927238445755695
  ],
  [
    1597536000000,
    2.5545689314634967
  ],
  [
    1597622400000,
    4.312173964838359
  ],
  [
    1597708800000,
    0.0033892788121532556
  ],
  [
    1597795200000,
    0.0012974300612628893
  ],
  [
    1597881600000,
    0.0012974300612628893
  ],
  [
    1597968000000,
    0.0014903514438874756
  ],
  [
    1598054400000,
    0.7168416788398109
  ],
  [
    1598140800000,
    0.004426173175276947
  ],
  [
    1598227200000,
    0.004426173175276947
  ],
  [
    1598313600000,
    0.008560540550979273
  ],
  [
    1598400000000,
    0.008560540550979273
  ],
  [
    1598486400000,
    5.573946934427387
  ],
  [
    1598572800000,
    0.23024543141384382
  ],
  [
    1598659200000,
    102.47752263970743
  ],
  [
    1598745600000,
    102.47752263970743
  ],
  [
    1598832000000,
    9.107814886790658
  ],
  [
    1598918400000,
    0.363055705521423
  ],
  [
    1599004800000,
    6.1781020365372346
  ],
  [
    1599091200000,
    0.013454818373885062
  ],
  [
    1599177600000,
    3.626697258590826
  ],
  [
    1599264000000,
    3.626697258590826
  ],
  [
    1599350400000,
    1.3774496765878566
  ],
  [
    1599436800000,
    2.6078419616434982
  ],
  [
    1599523200000,
    0.005348899160462086
  ],
  [
    1599609600000,
    0.005474033765606048
  ],
  [
    1599696000000,
    0.005474033765606048
  ],
  [
    1599955200000,
    0.27582748743864904
  ],
  [
    1600041600000,
    0.27582748743864904
  ],
  [
    1600128000000,
    0.066197625139047
  ],
  [
    1600214400000,
    0.066197625139047
  ],
  [
    1600387200000,
    0.018036998259140232
  ],
  [
    1600473600000,
    0.018036998259140232
  ],
  [
    1600560000000,
    2.3045362320929126
  ],
  [
    1600646400000,
    2.3045362320929126
  ],
  [
    1600732800000,
    2.3077421410598857
  ],
  [
    1601337600000,
    43.11628428568
  ],
  [
    1601424000000,
    43.11628428568
  ],
  [
    1601510400000,
    24.231399719869803
  ],
  [
    1601596800000,
    24.231399719869803
  ],
  [
    1601683200000,
    0.06912820812553662
  ],
  [
    1601942400000,
    0.006977901980806065
  ],
  [
    1602028800000,
    0.006977901980806065
  ],
  [
    1602115200000,
    0.07983167075231724
  ],
  [
    1602201600000,
    0.07983167075231724
  ],
  [
    1602288000000,
    0.03286845503858564
  ],
  [
    1602374400000,
    1043.3314971585085
  ],
  [
    1602460800000,
    3.295570928636892
  ],
  [
    1602547200000,
    0.2246582145373659
  ],
  [
    1602633600000,
    22.765776057970722
  ],
  [
    1602720000000,
    0.29078456475364817
  ],
  [
    1602806400000,
    0.39502616675335395
  ],
  [
    1602892800000,
    0.0397323729683313
  ],
  [
    1603324800000,
    18.51539003743952
  ],
  [
    1603411200000,
    18.51539003743952
  ],
  [
    1603497600000,
    0.40738334843156543
  ],
  [
    1603584000000,
    0.20694242634558738
  ],
  [
    1603670400000,
    0.006072661090317457
  ],
  [
    1603756800000,
    22.7286577882599
  ],
  [
    1603929600000,
    0.8836772177950316
  ],
  [
    1604016000000,
    0.8836772177950316
  ],
  [
    1604102400000,
    0.7540564398213899
  ],
  [
    1604188800000,
    0.0462214807513397
  ],
  [
    1604275200000,
    0.0462455816743767
  ],
  [
    1604361600000,
    0.35693679214453206
  ],
  [
    1604448000000,
    0.35693679214453206
  ],
  [
    1604534400000,
    0.18021617283589966
  ],
  [
    1604620800000,
    0.49799422242392594
  ],
  [
    1604707200000,
    0.06994270297226796
  ],
  [
    1604793600000,
    0.0016826477890384828
  ],
  [
    1604966400000,
    0.0015898852244923406
  ],
  [
    1605052800000,
    0.0015898852244923406
  ],
  [
    1605398400000,
    0.008013073713034223
  ],
  [
    1605484800000,
    0.008013073713034223
  ],
  [
    1605744000000,
    5.246808182738271
  ],
  [
    1605830400000,
    5.246808182738271
  ],
  [
    1605916800000,
    0.7981362786909936
  ],
  [
    1606003200000,
    2.0288895731360186
  ],
  [
    1606089600000,
    2.0288895731360186
  ],
  [
    1606176000000,
    1.313018143788717
  ],
  [
    1606262400000,
    0.39709934868339236
  ],
  [
    1606348800000,
    0.09333422750312885
  ],
  [
    1606694400000,
    0.9000816416409294
  ],
  [
    1606780800000,
    0.9000816416409294
  ],
  [
    1606867200000,
    529.2369714919174
  ],
  [
    1606953600000,
    529.2369714919174
  ],
  [
    1607040000000,
    3.764584621442116
  ],
  [
    1607126400000,
    1.9648732434923297
  ],
  [
    1607212800000,
    4.611319838514944
  ],
  [
    1607299200000,
    2.4189680725355767
  ],
  [
    1607385600000,
    0.27887781686376895
  ],
  [
    1607472000000,
    0.08029154508240208
  ],
  [
    1607558400000,
    0.38033821887980646
  ],
  [
    1607644800000,
    0.38033821887980646
  ],
  [
    1607904000000,
    0.06309415086717383
  ],
  [
    1607990400000,
    0.06309415086717383
  ],
  [
    1608076800000,
    0.2010253321810874
  ],
  [
    1608249600000,
    0.36660945855937366
  ],
  [
    1608336000000,
    0.36660945855937366
  ],
  [
    1608422400000,
    0.23489341117796783
  ],
  [
    1609027200000,
    0.16721356204747467
  ],
  [
    1609113600000,
    0.16721356204747467
  ],
  [
    1609545600000,
    15.275264042811216
  ],
  [
    1609632000000,
    15.275264042811216
  ],
  [
    1609718400000,
    7.358500481940324
  ],
  [
    1609804800000,
    5.630620408959277
  ],
  [
    1609977600000,
    0.6278984468373637
  ],
  [
    1610064000000,
    0.6278984468373637
  ],
  [
    1610150400000,
    0.0021264442474509654
  ],
  [
    1610236800000,
    0.14249870086639746
  ],
  [
    1610323200000,
    825.1165740444818
  ],
  [
    1610409600000,
    0.0005557131652004773
  ],
  [
    1610496000000,
    3.580066767811387
  ],
  [
    1610582400000,
    0.016054143757573486
  ],
  [
    1610668800000,
    0.49349938449938413
  ],
  [
    1610928000000,
    0.020615848758064534
  ],
  [
    1611014400000,
    0.020615848758064534
  ],
  [
    1611100800000,
    0.20511142363510598
  ],
  [
    1611187200000,
    1.4318524658230347
  ],
  [
    1611273600000,
    0.3904349665368117
  ],
  [
    1611360000000,
    2.474562777670503
  ],
  [
    1611619200000,
    0.27570520375846064
  ],
  [
    1611705600000,
    0.27570520375846064
  ],
  [
    1611792000000,
    1.2817756635795454
  ],
  [
    1611878400000,
    12.74450693799114
  ],
  [
    1611964800000,
    17.269189920800773
  ],
  [
    1612051200000,
    0.01140320083495606
  ],
  [
    1612137600000,
    0.011261686021983745
  ],
  [
    1612224000000,
    0.01557332921561189
  ],
  [
    1612310400000,
    0.17077208172687172
  ],
  [
    1612396800000,
    0.17077208172687172
  ],
  [
    1612483200000,
    519.2785384894934
  ],
  [
    1612569600000,
    0.8721957187848559
  ],
  [
    1612656000000,
    0.8721957187848559
  ],
  [
    1612742400000,
    3.2021810292984387
  ],
  [
    1612828800000,
    1.2328193941012309
  ],
  [
    1612915200000,
    0.5985323192060605
  ],
  [
    1613001600000,
    0.02922477417556413
  ],
  [
    1613088000000,
    0.12092472145119283
  ],
  [
    1613174400000,
    2.1383465689762
  ],
  [
    1613260800000,
    2.1383465689762
  ],
  [
    1613347200000,
    0.16724112922839277
  ],
  [
    1613433600000,
    0.8707471288250366
  ],
  [
    1613606400000,
    3.2238158327580395
  ],
  [
    1613692800000,
    3.2238158327580395
  ],
  [
    1613779200000,
    1.92242282695766
  ],
  [
    1613865600000,
    0.011734350327607147
  ],
  [
    1613952000000,
    0.09204707969378906
  ],
  [
    1614038400000,
    0.13101144846696483
  ],
  [
    1614124800000,
    0.12964551490757525
  ],
  [
    1614211200000,
    0.0014803819582047066
  ],
  [
    1614384000000,
    0.002645192812476941
  ],
  [
    1614470400000,
    0.002645192812476941
  ],
  [
    1614556800000,
    3.5374260122324994
  ],
  [
    1614643200000,
    0.3633925928356389
  ],
  [
    1614729600000,
    0.057908917679350864
  ],
  [
    1614816000000,
    1.1119970797209857
  ],
  [
    1614902400000,
    16.29372139205091
  ],
  [
    1614988800000,
    7.41938912402252
  ],
  [
    1615075200000,
    0.5375114822840904
  ],
  [
    1615161600000,
    2.1094085769386695
  ],
  [
    1615248000000,
    3.618377330883151
  ],
  [
    1615334400000,
    0.6884386945556261
  ],
  [
    1615420800000,
    0.7326120944758809
  ],
  [
    1615507200000,
    0.35735018292899506
  ],
  [
    1615593600000,
    0.7276294215990041
  ],
  [
    1615680000000,
    1.9586552527194083
  ],
  [
    1615852800000,
    14.883762717257596
  ],
  [
    1615939200000,
    14.883762717257596
  ],
  [
    1616025600000,
    9.148894941378959
  ],
  [
    1616112000000,
    11.594878254538653
  ],
  [
    1616198400000,
    0.3442798003820567
  ],
  [
    1616284800000,
    0.06029750170889316
  ],
  [
    1616371200000,
    0.05869630496359044
  ],
  [
    1616457600000,
    0.06689893409235385
  ],
  [
    1616544000000,
    0.05372817197080728
  ],
  [
    1616630400000,
    0.48520761918750643
  ],
  [
    1616716800000,
    0.03508709576454575
  ],
  [
    1616803200000,
    0.03508709576454575
  ],
  [
    1616889600000,
    5.588106431687172
  ],
  [
    1616976000000,
    0.24432832855560255
  ],
  [
    1617062400000,
    0.19239589853963332
  ],
  [
    1617148800000,
    22.39957299188679
  ],
  [
    1617235200000,
    1800.3484386849634
  ],
  [
    1617321600000,
    350.77613791070866
  ],
  [
    1617408000000,
    2.903054798843651
  ],
  [
    1617494400000,
    1.5069812455752327
  ],
  [
    1617580800000,
    1.5013156089478885
  ],
  [
    1617667200000,
    0.007174116643733627
  ],
  [
    1617753600000,
    1.1573819892658002
  ],
  [
    1617840000000,
    1.7885423327651382
  ],
  [
    1617926400000,
    4.19454052239444
  ],
  [
    1618012800000,
    3.130105041119753
  ],
  [
    1618099200000,
    0.036281316947871046
  ],
  [
    1618185600000,
    0.036281316947871046
  ],
  [
    1618272000000,
    0.012431195040983629
  ],
  [
    1618358400000,
    7.647023192542226
  ],
  [
    1618444800000,
    0.18485919998241288
  ],
  [
    1618531200000,
    1.1756394799387575
  ],
  [
    1618617600000,
    72.01644176947694
  ],
  [
    1618704000000,
    9.05823200541315
  ],
  [
    1618790400000,
    0.26890333525581206
  ],
  [
    1618876800000,
    0.0036897067810518747
  ],
  [
    1618963200000,
    1.2398232655889534
  ],
  [
    1619049600000,
    1.2398232655889534
  ],
  [
    1619222400000,
    3.5775931347853214
  ],
  [
    1619308800000,
    3.5775931347853214
  ],
  [
    1619395200000,
    0.21526728994647315
  ],
  [
    1619481600000,
    0.1215635492202972
  ],
  [
    1619568000000,
    1.8139854425037318
  ],
  [
    1619654400000,
    133.4384381175084
  ],
  [
    1619740800000,
    1.7828627181474035
  ],
  [
    1619827200000,
    0.7518718291363388
  ],
  [
    1619913600000,
    2.5345336192205967
  ],
  [
    1620000000000,
    0.8445580244273737
  ],
  [
    1620086400000,
    0.10790725697156135
  ],
  [
    1620172800000,
    1.296643459112891
  ],
  [
    1620259200000,
    1.3644593271372618
  ],
  [
    1620345600000,
    2.8599120627899928
  ],
  [
    1620432000000,
    0.01889634423825153
  ],
  [
    1620518400000,
    0.17559540776868374
  ],
  [
    1620604800000,
    0.1499204687306391
  ],
  [
    1620691200000,
    0.003234329425706173
  ],
  [
    1620777600000,
    0.02032516064140197
  ],
  [
    1620864000000,
    0.8108378676427097
  ],
  [
    1620950400000,
    0.05855970023354542
  ],
  [
    1621036800000,
    0.0018949314420541395
  ],
  [
    1621123200000,
    0.10670387208484276
  ],
  [
    1621209600000,
    4.079579954212742
  ],
  [
    1621296000000,
    4.079579954212742
  ],
  [
    1621382400000,
    1.6339396647031736
  ],
  [
    1621468800000,
    0.34822646141783037
  ],
  [
    1621555200000,
    0.03292293505928229
  ],
  [
    1621641600000,
    8.282675281465204
  ],
  [
    1621728000000,
    31.68576768247643
  ],
  [
    1621814400000,
    84.5657740829187
  ],
  [
    1621900800000,
    1.5472583635451944
  ],
  [
    1621987200000,
    0.032835643697951646
  ],
  [
    1622073600000,
    0.0013815474337581703
  ],
  [
    1622160000000,
    0.001326823890990378
  ],
  [
    1622332800000,
    5.824486164104056
  ],
  [
    1622419200000,
    5.824486164104056
  ],
  [
    1622505600000,
    2.6339396692877965
  ],
  [
    1622592000000,
    0.001512523987664682
  ],
  [
    1622678400000,
    0.001512523987664682
  ],
  [
    1622764800000,
    0.04528659868229246
  ],
  [
    1622851200000,
    0.05080472515413987
  ],
  [
    1622937600000,
    0.07235282032331386
  ],
  [
    1623024000000,
    0.15053362645218496
  ],
  [
    1623110400000,
    0.060332110880675464
  ],
  [
    1623196800000,
    0.7058023184784872
  ],
  [
    1623283200000,
    0.03933926823924952
  ],
  [
    1623369600000,
    0.3845149188120817
  ],
  [
    1623456000000,
    0.3845149188120817
  ],
  [
    1623542400000,
    0.1650973034922228
  ],
  [
    1623628800000,
    0.1650973034922228
  ],
  [
    1623715200000,
    0.11761669549819223
  ],
  [
    1623801600000,
    0.035907099923085724
  ],
  [
    1623888000000,
    0.03289962116807072
  ],
  [
    1623974400000,
    0.03323317225307773
  ],
  [
    1624060800000,
    0.08155773783822055
  ],
  [
    1624147200000,
    0.0686167742394497
  ],
  [
    1624233600000,
    0.029394759548881617
  ],
  [
    1624320000000,
    0.0022990023752545705
  ],
  [
    1624579200000,
    0.03178816445051631
  ],
  [
    1624665600000,
    0.03178816445051631
  ],
  [
    1624752000000,
    0.7164828733107408
  ],
  [
    1624838400000,
    11.765971786862377
  ],
  [
    1624924800000,
    1.0961764946598116
  ],
  [
    1625011200000,
    0.5930272231881171
  ],
  [
    1626134400000,
    0.26425838692260384
  ],
  [
    1626220800000,
    0.26425838692260384
  ],
  [
    1626566400000,
    0.08233284172536051
  ],
  [
    1626652800000,
    0.08233284172536051
  ],
  [
    1626739200000,
    0.08202711683894022
  ],
  [
    1626825600000,
    0.08478459471905202
  ],
  [
    1626912000000,
    0.08749281411658737
  ],
  [
    1627171200000,
    0.0036924611097419453
  ],
  [
    1627257600000,
    0.0036924611097419453
  ],
  [
    1627344000000,
    0.45439238381671976
  ],
  [
    1627430400000,
    0.028158738137628012
  ],
  [
    1627516800000,
    0.028158738137628012
  ],
  [
    1627603200000,
    0.02470561805301677
  ],
  [
    1627689600000,
    0.9183802233838303
  ],
  [
    1627776000000,
    0.9183802233838303
  ],
  [
    1627862400000,
    0.15620284180192287
  ],
  [
    1627948800000,
    0.11112812436405033
  ],
  [
    1628035200000,
    0.0014540602707236573
  ],
  [
    1628121600000,
    1.0508616495481353
  ],
  [
    1628208000000,
    7.204798719920582
  ],
  [
    1628294400000,
    7.204798719920582
  ],
  [
    1628380800000,
    0.06624307453885288
  ],
  [
    1628467200000,
    0.06764654234461163
  ],
  [
    1628553600000,
    0.31574041532905306
  ],
  [
    1628640000000,
    0.31574041532905306
  ],
  [
    1628726400000,
    0.30914521844977816
  ],
  [
    1628812800000,
    0.3292445644985733
  ],
  [
    1628899200000,
    0.06717761361663371
  ],
  [
    1628985600000,
    0.013160999829823775
  ],
  [
    1629417600000,
    31.35066738780701
  ],
  [
    1629504000000,
    31.35066738780701
  ],
  [
    1629590400000,
    0.5944144850728862
  ],
  [
    1629676800000,
    0.2778524108259332
  ],
  [
    1629763200000,
    0.007971527256584858
  ],
  [
    1629849600000,
    0.004069507539902987
  ],
  [
    1629936000000,
    0.004069507539902987
  ],
  [
    1630022400000,
    1.2329404653768516
  ],
  [
    1630368000000,
    0.21949003059121297
  ],
  [
    1630454400000,
    0.21949003059121297
  ],
  [
    1630540800000,
    0.0013763712295396782
  ],
  [
    1630627200000,
    0.0014074660429571038
  ]
]