[
  [
    1622419200000,
    2.1335297866710254
  ],
  [
    1622505600000,
    2.1335297866710254
  ],
  [
    1622592000000,
    1.9796324927144928
  ],
  [
    1622678400000,
    2.0215596532812627
  ],
  [
    1622764800000,
    1.9012287441207023
  ],
  [
    1622851200000,
    1.781922019352974
  ],
  [
    1622937600000,
    1.6378648739824417
  ],
  [
    1623024000000,
    1.6691261792264795
  ],
  [
    1623110400000,
    1.7960865318337136
  ],
  [
    1623196800000,
    1.6554731047442075
  ],
  [
    1623283200000,
    1.6904085526208483
  ],
  [
    1623369600000,
    1.5961002491272385
  ],
  [
    1623456000000,
    1.4167436752620168
  ],
  [
    1623542400000,
    1.5039982415596935
  ],
  [
    1623628800000,
    1.6456695127953362
  ],
  [
    1623715200000,
    1.6847582414850004
  ],
  [
    1623801600000,
    1.5810258581018768
  ],
  [
    1623888000000,
    1.5318773735088005
  ],
  [
    1623974400000,
    1.4329111638552416
  ],
  [
    1624060800000,
    1.5287415567205367
  ],
  [
    1624147200000,
    1.7990681019158552
  ],
  [
    1624233600000,
    1.816548903415469
  ],
  [
    1624320000000,
    1.440742435058359
  ],
  [
    1624406400000,
    1.2797565491137095
  ],
  [
    1624492800000,
    1.2325069339763448
  ],
  [
    1624579200000,
    1.1670520013527428
  ],
  [
    1624665600000,
    0.9896195325600885
  ],
  [
    1624752000000,
    0.9156124804598156
  ],
  [
    1624838400000,
    1.0246081266066451
  ],
  [
    1624924800000,
    1.028708225764815
  ],
  [
    1625011200000,
    1.0803215355889846
  ],
  [
    1625097600000,
    1.0367008369994817
  ],
  [
    1625184000000,
    1.1533790515738924
  ],
  [
    1625270400000,
    1.1700565013964463
  ],
  [
    1625356800000,
    1.2578756533641575
  ],
  [
    1625443200000,
    1.3141370514337996
  ],
  [
    1625529600000,
    1.1894940308528348
  ],
  [
    1625616000000,
    1.1802493546418102
  ],
  [
    1625702400000,
    1.2143725606821236
  ],
  [
    1625788800000,
    1.1103502261458327
  ],
  [
    1625875200000,
    1.112015800013989
  ],
  [
    1625961600000,
    1.0631375428678798
  ],
  [
    1626048000000,
    1.0751688308739682
  ],
  [
    1626134400000,
    1.0330602984240964
  ],
  [
    1626220800000,
    0.9738217074561388
  ],
  [
    1626307200000,
    0.9704384215853952
  ],
  [
    1626393600000,
    0.877845928778039
  ],
  [
    1626480000000,
    0.8430509487427008
  ],
  [
    1626566400000,
    0.8129542677630349
  ],
  [
    1626652800000,
    0.820466045522546
  ],
  [
    1626739200000,
    0.7787264154172496
  ],
  [
    1626825600000,
    0.6081816424614938
  ],
  [
    1626912000000,
    0.5482794393293381
  ],
  [
    1626998400000,
    0.5255873497667788
  ],
  [
    1627084800000,
    0.5421943278204648
  ],
  [
    1627171200000,
    0.6761430486848887
  ],
  [
    1627257600000,
    0.7534982329382401
  ],
  [
    1627344000000,
    0.7554011641685459
  ],
  [
    1627430400000,
    0.7301903618162663
  ],
  [
    1627516800000,
    0.6996614661721887
  ],
  [
    1627603200000,
    0.706558743082775
  ],
  [
    1627689600000,
    0.7257590369860243
  ],
  [
    1627776000000,
    0.8055869660030717
  ],
  [
    1627862400000,
    0.8017862213522821
  ],
  [
    1627948800000,
    0.8920968529815484
  ],
  [
    1628035200000,
    0.8815531741354994
  ],
  [
    1628121600000,
    0.8725826575111703
  ],
  [
    1628208000000,
    0.7780947355692621
  ],
  [
    1628294400000,
    0.8077868975233611
  ],
  [
    1628380800000,
    0.7921993339934854
  ],
  [
    1628467200000,
    0.7715957694850182
  ],
  [
    1628553600000,
    0.8007727387279141
  ],
  [
    1628640000000,
    0.7696597005891098
  ],
  [
    1628726400000,
    0.7685503235094766
  ],
  [
    1628812800000,
    0.7533987265438025
  ],
  [
    1628899200000,
    0.8049256327233293
  ],
  [
    1628985600000,
    0.8158417110994521
  ],
  [
    1629072000000,
    0.8199430607199225
  ],
  [
    1629158400000,
    0.8621714968987296
  ],
  [
    1629244800000,
    1.1118731925930438
  ],
  [
    1629331200000,
    1.30304224274046
  ],
  [
    1629417600000,
    1.3131404271807088
  ],
  [
    1629504000000,
    1.3429964008626645
  ],
  [
    1629590400000,
    1.4200757651332108
  ],
  [
    1629676800000,
    1.5949543579449372
  ],
  [
    1629763200000,
    1.3174758479006177
  ],
  [
    1629849600000,
    1.413056507748734
  ],
  [
    1629936000000,
    1.3225670985017515
  ],
  [
    1630022400000,
    1.163297290908104
  ],
  [
    1630108800000,
    1.3974650240493107
  ],
  [
    1630195200000,
    1.2932704851029229
  ],
  [
    1630281600000,
    1.3196572604828687
  ],
  [
    1630368000000,
    1.3352053935285662
  ],
  [
    1630454400000,
    1.353593809728613
  ],
  [
    1630540800000,
    1.4729366435137141
  ],
  [
    1630627200000,
    1.9900556971650247
  ]
]