[
  [
    1560902400000,
    0.0198607921384486
  ],
  [
    1560988800000,
    0.02016126561159062
  ],
  [
    1561075200000,
    0.014981792956941995
  ],
  [
    1561161600000,
    0.015682172205619984
  ],
  [
    1561248000000,
    0.005488428134273736
  ],
  [
    1561334400000,
    0.007356239173078909
  ],
  [
    1561420800000,
    0.014792448431888627
  ],
  [
    1561507200000,
    0.006317813667926355
  ],
  [
    1561593600000,
    0.006258378019253302
  ],
  [
    1561680000000,
    0.004846829761498275
  ],
  [
    1561766400000,
    0.0049406748987833385
  ],
  [
    1561852800000,
    0.010501107323647221
  ],
  [
    1561939200000,
    0.005281136600812289
  ],
  [
    1562025600000,
    0.005281136600812289
  ],
  [
    1562284800000,
    0.0044109280781378666
  ],
  [
    1562371200000,
    0.009246614149960588
  ],
  [
    1562457600000,
    0.009337099823344176
  ],
  [
    1562544000000,
    0.009337099823344176
  ],
  [
    1562716800000,
    0.0047271755576163985
  ],
  [
    1562803200000,
    0.0047271755576163985
  ],
  [
    1562889600000,
    0.004072986173436875
  ],
  [
    1562976000000,
    0.004115448501559197
  ],
  [
    1563062400000,
    0.004115448501559197
  ],
  [
    1563321600000,
    0.0032404632203785785
  ],
  [
    1563408000000,
    0.006151649474472753
  ],
  [
    1563494400000,
    0.006151649474472753
  ],
  [
    1563580800000,
    0.006619985037357625
  ],
  [
    1563667200000,
    0.006619985037357625
  ],
  [
    1563753600000,
    0.003391403081176068
  ],
  [
    1563840000000,
    0.0032431171540897464
  ],
  [
    1563926400000,
    0.003183798280227457
  ],
  [
    1564012800000,
    0.003183798280227457
  ],
  [
    1564272000000,
    0.0033003308716179403
  ],
  [
    1564358400000,
    0.0033003308716179403
  ],
  [
    1564444800000,
    0.002511327532863737
  ],
  [
    1564531200000,
    0.002511327532863737
  ],
  [
    1564963200000,
    0.0066408155738736
  ],
  [
    1565049600000,
    0.0066408155738736
  ],
  [
    1565222400000,
    0.005820032198099995
  ],
  [
    1565308800000,
    0.005820032198099995
  ],
  [
    1565654400000,
    0.005820032198099995
  ],
  [
    1565913600000,
    0.002193393201355131
  ],
  [
    1566000000000,
    0.004742939862317724
  ],
  [
    1566086400000,
    0.006367913090550695
  ],
  [
    1566172800000,
    0.003882939896097961
  ],
  [
    1566259200000,
    0.004035686231321842
  ],
  [
    1566345600000,
    0.004622781593902028
  ],
  [
    1566432000000,
    0.001715908981931809
  ],
  [
    1566518400000,
    0.003336134865158172
  ],
  [
    1566604800000,
    0.003427973926205961
  ],
  [
    1566691200000,
    0.00152122151937786
  ],
  [
    1566777600000,
    0.001304272818254796
  ],
  [
    1566864000000,
    0.001741851348236385
  ],
  [
    1566950400000,
    0.001321160298472911
  ],
  [
    1567036800000,
    0.001936620912134924
  ],
  [
    1567123200000,
    0.001892399244553502
  ],
  [
    1567209600000,
    0.0021142482468708944
  ],
  [
    1567296000000,
    0.001921783005936216
  ],
  [
    1567382400000,
    0.005589913890070942
  ],
  [
    1567468800000,
    0.006024631361175104
  ],
  [
    1567555200000,
    0.00935189586503788
  ],
  [
    1567641600000,
    0.005381768447081451
  ],
  [
    1567728000000,
    0.003805007361424524
  ],
  [
    1567814400000,
    0.003208062567263887
  ],
  [
    1567900800000,
    0.00336034079928576
  ],
  [
    1567987200000,
    0.002704255592107212
  ],
  [
    1568073600000,
    0.004854015321138732
  ],
  [
    1568160000000,
    0.00342920105332759
  ],
  [
    1568246400000,
    0.0020287608450358
  ],
  [
    1568332800000,
    0.002184190354811892
  ],
  [
    1568419200000,
    0.002363483423330925
  ],
  [
    1568505600000,
    0.00310553739333633
  ],
  [
    1568592000000,
    0.003192693185507672
  ],
  [
    1568678400000,
    0.002568367693051825
  ],
  [
    1568764800000,
    0.002762016433717662
  ],
  [
    1568851200000,
    0.002235439219591116
  ],
  [
    1568937600000,
    0.0026677806519947995
  ],
  [
    1569024000000,
    0.002731970341936152
  ],
  [
    1569110400000,
    0.0027936310031712965
  ],
  [
    1569196800000,
    0.002803827511844016
  ],
  [
    1569283200000,
    0.00271421079078212
  ],
  [
    1569369600000,
    0.0024102310386109396
  ],
  [
    1569456000000,
    0.002391532962237174
  ],
  [
    1569542400000,
    0.002370223500034398
  ],
  [
    1569628800000,
    0.002324249692657753
  ],
  [
    1569715200000,
    0.002272371436960668
  ],
  [
    1569801600000,
    0.0020151627853611576
  ],
  [
    1569888000000,
    0.0018216304399409293
  ],
  [
    1569974400000,
    0.0019176162460271572
  ],
  [
    1570060800000,
    0.0019176162460271572
  ],
  [
    1570147200000,
    0.0018798711381967641
  ],
  [
    1570233600000,
    0.0020396573251006923
  ],
  [
    1570320000000,
    0.001787977778655891
  ],
  [
    1570406400000,
    0.001572747379618374
  ],
  [
    1570492800000,
    0.0015578801375081355
  ],
  [
    1570579200000,
    0.002047134719466145
  ],
  [
    1570665600000,
    0.002404185685169615
  ],
  [
    1570752000000,
    0.001453677587328606
  ],
  [
    1570838400000,
    0.001910641829270811
  ],
  [
    1570924800000,
    0.002081980626194605
  ],
  [
    1571011200000,
    0.001657030522023976
  ],
  [
    1571097600000,
    0.0019679623928618
  ],
  [
    1571184000000,
    0.002364722858713299
  ],
  [
    1571270400000,
    0.002722187857958133
  ],
  [
    1571356800000,
    0.002504176821593303
  ],
  [
    1571443200000,
    0.003981700317917665
  ],
  [
    1571529600000,
    0.004051441609932963
  ],
  [
    1571616000000,
    0.004429422337269397
  ],
  [
    1571702400000,
    0.004192236389079472
  ],
  [
    1571788800000,
    0.004132106602509986
  ],
  [
    1571875200000,
    0.004110487381016676
  ],
  [
    1571961600000,
    0.0037959659784453374
  ],
  [
    1572048000000,
    0.005095953388325621
  ],
  [
    1572134400000,
    0.005444637029695959
  ],
  [
    1572220800000,
    0.005553510993737049
  ],
  [
    1572307200000,
    0.005380405545207184
  ],
  [
    1572393600000,
    0.00536757284140884
  ],
  [
    1572480000000,
    0.005292536393383041
  ],
  [
    1572566400000,
    0.005944043877214852
  ],
  [
    1572652800000,
    0.005623684366752822
  ],
  [
    1572739200000,
    0.006044311715550836
  ],
  [
    1572825600000,
    0.00552158790307728
  ],
  [
    1572912000000,
    0.005500150044395045
  ],
  [
    1572998400000,
    0.005333340129216952
  ],
  [
    1573084800000,
    0.0049237691664157784
  ],
  [
    1573171200000,
    0.004890025639095421
  ],
  [
    1573257600000,
    0.004875271912051837
  ],
  [
    1573344000000,
    0.00526370744698044
  ],
  [
    1573430400000,
    0.004606858861417737
  ],
  [
    1573516800000,
    0.0043646942281191
  ],
  [
    1573603200000,
    0.004376123583370675
  ],
  [
    1573776000000,
    0.0044073045877325795
  ],
  [
    1573862400000,
    0.004325024292702564
  ],
  [
    1573948800000,
    0.004325812506408524
  ],
  [
    1574035200000,
    0.004325796341461269
  ],
  [
    1574121600000,
    0.004261073357323577
  ],
  [
    1574208000000,
    0.004037361435902735
  ],
  [
    1574294400000,
    0.004912456890579749
  ],
  [
    1574380800000,
    0.004113524147763148
  ],
  [
    1574467200000,
    0.003912711652937889
  ],
  [
    1574553600000,
    0.004512161784954029
  ],
  [
    1574640000000,
    0.004021963305629405
  ],
  [
    1574726400000,
    0.004178210773343466
  ],
  [
    1574812800000,
    0.004446568314715669
  ],
  [
    1574899200000,
    0.004655396117064878
  ],
  [
    1574985600000,
    0.004695084031535669
  ],
  [
    1575072000000,
    0.0047865545876241864
  ],
  [
    1575158400000,
    0.003922293471745469
  ],
  [
    1575244800000,
    0.0038485424541029804
  ],
  [
    1575331200000,
    0.0038521840990599905
  ],
  [
    1575417600000,
    0.004401701695124964
  ],
  [
    1575504000000,
    0.003588764285398595
  ],
  [
    1575590400000,
    0.003681331091640235
  ],
  [
    1575676800000,
    0.003783560702132812
  ],
  [
    1575763200000,
    0.003831436029154534
  ],
  [
    1575849600000,
    0.0018518680427602806
  ],
  [
    1575936000000,
    0.0036755674521396
  ],
  [
    1576022400000,
    0.0036697153054315655
  ],
  [
    1576108800000,
    0.00360102686098028
  ],
  [
    1576195200000,
    0.00357805011752888
  ],
  [
    1576281600000,
    0.0036838813079304203
  ],
  [
    1576368000000,
    0.003540501250485295
  ],
  [
    1576454400000,
    0.003551785780094195
  ],
  [
    1576540800000,
    0.003516288969281685
  ],
  [
    1576627200000,
    0.003378190175984296
  ],
  [
    1576713600000,
    0.003388463450324071
  ],
  [
    1576800000000,
    0.003388463450324071
  ],
  [
    1577059200000,
    0.004451208261683646
  ],
  [
    1577145600000,
    0.0037075151871137
  ],
  [
    1577232000000,
    0.00364046377940941
  ],
  [
    1577318400000,
    0.003575008114466645
  ],
  [
    1577404800000,
    0.003678315513275161
  ],
  [
    1577491200000,
    0.00359893906627695
  ],
  [
    1577577600000,
    0.003743694440614492
  ],
  [
    1577664000000,
    0.003802471036654869
  ],
  [
    1577750400000,
    0.0037190510622434917
  ],
  [
    1577836800000,
    0.003611878138531835
  ],
  [
    1577923200000,
    0.0036875656911173416
  ],
  [
    1578009600000,
    0.003639064252270007
  ],
  [
    1578096000000,
    0.003731528971711083
  ],
  [
    1578182400000,
    0.003819381013168011
  ],
  [
    1578268800000,
    0.0037593247984522085
  ],
  [
    1578355200000,
    0.0037718502331722
  ],
  [
    1578441600000,
    0.003930090064835015
  ],
  [
    1578614400000,
    0.00390291511715736
  ],
  [
    1578700800000,
    0.00405243277893229
  ],
  [
    1578787200000,
    0.004104149039738992
  ],
  [
    1578873600000,
    0.0041382235548218455
  ],
  [
    1579132800000,
    0.00438285903706137
  ],
  [
    1579219200000,
    0.004692764178486587
  ],
  [
    1579305600000,
    0.004984357130587979
  ],
  [
    1579392000000,
    0.004632812550546383
  ],
  [
    1579478400000,
    0.0048327988300225985
  ],
  [
    1579564800000,
    0.005113026320355542
  ],
  [
    1579651200000,
    0.005138160537540802
  ],
  [
    1579737600000,
    0.005097825478159958
  ],
  [
    1579824000000,
    0.005041602086961774
  ],
  [
    1579910400000,
    0.004986499790261846
  ],
  [
    1579996800000,
    0.005177418519458061
  ],
  [
    1580083200000,
    0.005242172862470012
  ],
  [
    1580169600000,
    0.0047412143152924715
  ],
  [
    1580256000000,
    0.004757410667948428
  ],
  [
    1580342400000,
    0.005207546671163659
  ],
  [
    1580688000000,
    0.005317175579092288
  ],
  [
    1580774400000,
    0.005385891244271332
  ],
  [
    1580860800000,
    0.006525602574472299
  ],
  [
    1580947200000,
    0.005846802092915487
  ],
  [
    1581033600000,
    0.005926850122018607
  ],
  [
    1581120000000,
    0.002548942835174172
  ],
  [
    1581206400000,
    0.0017796263211631998
  ],
  [
    1581292800000,
    0.001820804931714258
  ],
  [
    1581379200000,
    0.002166229370191887
  ],
  [
    1581465600000,
    0.004173774269057558
  ],
  [
    1581552000000,
    0.005471991420938128
  ],
  [
    1581638400000,
    0.00551970295206354
  ],
  [
    1581724800000,
    0.00983773522749129
  ],
  [
    1581811200000,
    0.006957113349654086
  ],
  [
    1581897600000,
    0.00596906176905261
  ],
  [
    1581984000000,
    0.00580626736616043
  ],
  [
    1582070400000,
    0.006292936156339542
  ],
  [
    1582156800000,
    0.006143382505329529
  ],
  [
    1582243200000,
    0.005995108003929402
  ],
  [
    1582329600000,
    0.005804494072520298
  ],
  [
    1582416000000,
    0.00579170015023872
  ],
  [
    1582502400000,
    0.005953745814852378
  ],
  [
    1582588800000,
    0.009162114274059418
  ],
  [
    1582675200000,
    0.008065538285992295
  ],
  [
    1582761600000,
    0.005277635211110952
  ],
  [
    1582848000000,
    0.0032674696140398284
  ],
  [
    1583020800000,
    0.005153445239955731
  ],
  [
    1583107200000,
    0.004450486748364462
  ],
  [
    1583193600000,
    0.004096394858500407
  ],
  [
    1583280000000,
    0.004722154063353036
  ],
  [
    1583366400000,
    0.005541445476116697
  ],
  [
    1583452800000,
    0.006370688240269542
  ],
  [
    1583539200000,
    0.006299725666314468
  ],
  [
    1583625600000,
    0.006230302306451762
  ],
  [
    1583712000000,
    0.005585989950671108
  ],
  [
    1583798400000,
    0.005205199319207613
  ],
  [
    1583884800000,
    0.0048733212502666086
  ],
  [
    1583971200000,
    0.005715492423536585
  ],
  [
    1584057600000,
    0.0036411923447202373
  ],
  [
    1584144000000,
    0.004061033225339876
  ],
  [
    1584230400000,
    0.0034222227237492822
  ],
  [
    1584316800000,
    0.00352875700373988
  ],
  [
    1584403200000,
    0.004110439469230422
  ],
  [
    1584489600000,
    0.002700403115766344
  ],
  [
    1584576000000,
    0.004418078904351454
  ],
  [
    1584662400000,
    0.004074194705713421
  ],
  [
    1584748800000,
    0.004023199858931357
  ],
  [
    1584835200000,
    0.004434046805028024
  ],
  [
    1584921600000,
    0.004139931850250719
  ],
  [
    1585008000000,
    0.003887910321419172
  ],
  [
    1585094400000,
    0.0048652225621259836
  ],
  [
    1585180800000,
    0.004220013901984235
  ],
  [
    1585267200000,
    0.004789718192181284
  ],
  [
    1585353600000,
    0.0048414288104807425
  ],
  [
    1585440000000,
    0.004036982972838075
  ],
  [
    1585526400000,
    0.004034689984678158
  ],
  [
    1585612800000,
    0.0043299839711710975
  ],
  [
    1585699200000,
    0.004439746046136109
  ],
  [
    1585785600000,
    0.004714639118830556
  ],
  [
    1585872000000,
    0.004635632084816732
  ],
  [
    1585958400000,
    0.00337015831611658
  ],
  [
    1586044800000,
    0.0031400052669333144
  ],
  [
    1586131200000,
    0.003114914387775624
  ],
  [
    1586217600000,
    0.00356215137394625
  ],
  [
    1586304000000,
    0.0037399081043329773
  ],
  [
    1586390400000,
    0.0037502562400275005
  ],
  [
    1586476800000,
    0.003921957512532823
  ],
  [
    1586563200000,
    0.0043895420252371324
  ],
  [
    1586649600000,
    0.004143847754409011
  ],
  [
    1586736000000,
    0.004542672421399222
  ],
  [
    1586822400000,
    0.004450820919139361
  ],
  [
    1586908800000,
    0.004393529603478816
  ],
  [
    1586995200000,
    0.004393201185114695
  ],
  [
    1587081600000,
    0.00460776236075064
  ],
  [
    1587168000000,
    0.005293361287602848
  ],
  [
    1587254400000,
    0.00463579756817545
  ],
  [
    1587340800000,
    0.004578086776366662
  ],
  [
    1587427200000,
    0.005066540088926085
  ],
  [
    1587513600000,
    0.004518002744175169
  ],
  [
    1587600000000,
    0.004847124935160735
  ],
  [
    1587686400000,
    0.004811754365503008
  ],
  [
    1587772800000,
    0.004744546414298907
  ],
  [
    1587859200000,
    0.0047542409628565695
  ],
  [
    1587945600000,
    0.00481839985025716
  ],
  [
    1588032000000,
    0.005177749444275644
  ],
  [
    1588118400000,
    0.004814390451101893
  ],
  [
    1588204800000,
    0.0050664527921451576
  ],
  [
    1588291200000,
    0.005039439222336479
  ],
  [
    1588377600000,
    0.005141313672857009
  ],
  [
    1588464000000,
    0.005166126087145697
  ],
  [
    1588636800000,
    0.005069605639585251
  ],
  [
    1588723200000,
    0.005148147774195003
  ],
  [
    1588809600000,
    0.005224303402604134
  ],
  [
    1588896000000,
    0.004881943755124072
  ],
  [
    1588982400000,
    0.00443446123718862
  ],
  [
    1589068800000,
    0.004169506837553252
  ],
  [
    1589241600000,
    0.0040298652284724125
  ],
  [
    1589328000000,
    0.0040923297538576564
  ],
  [
    1589414400000,
    0.004559434336303564
  ],
  [
    1589500800000,
    0.004190279329293157
  ],
  [
    1589587200000,
    0.0040739232866608055
  ],
  [
    1589673600000,
    0.00412190982953105
  ],
  [
    1589760000000,
    0.0041737922741924005
  ],
  [
    1589846400000,
    0.004144499570920516
  ],
  [
    1589932800000,
    0.004190055066649178
  ],
  [
    1590019200000,
    0.004006766895995846
  ],
  [
    1590105600000,
    0.0038874514404916892
  ],
  [
    1590278400000,
    0.0016824627485780609
  ],
  [
    1590537600000,
    0.003936316736503788
  ],
  [
    1590796800000,
    0.004186974781844892
  ],
  [
    1590883200000,
    0.0041109400800649985
  ],
  [
    1590969600000,
    0.0040724511453659904
  ],
  [
    1591056000000,
    0.004438139624097828
  ],
  [
    1591142400000,
    0.004177117409856811
  ],
  [
    1591228800000,
    0.004343636677723812
  ],
  [
    1591315200000,
    0.004301060420812421
  ],
  [
    1591488000000,
    0.004287381968457377
  ],
  [
    1591574400000,
    0.004287381968457377
  ],
  [
    1591660800000,
    0.004287174804064909
  ],
  [
    1591833600000,
    0.006097270555353153
  ],
  [
    1591920000000,
    0.006097270555353153
  ],
  [
    1592006400000,
    0.008043296919508437
  ],
  [
    1592092800000,
    0.00555934475513423
  ],
  [
    1592179200000,
    0.007325230725731638
  ],
  [
    1592265600000,
    0.007196294677829781
  ],
  [
    1592352000000,
    0.0068572355792692035
  ],
  [
    1592438400000,
    0.007907985207952462
  ],
  [
    1592524800000,
    0.009534229577780575
  ],
  [
    1592611200000,
    0.008262638475838968
  ],
  [
    1592697600000,
    0.010062068117815926
  ],
  [
    1592784000000,
    0.01008925626879829
  ],
  [
    1592870400000,
    0.007884576830133135
  ],
  [
    1592956800000,
    0.007788834007474855
  ],
  [
    1593043200000,
    0.009133198950323895
  ],
  [
    1593129600000,
    0.008414284167524887
  ],
  [
    1593216000000,
    0.009437698211508451
  ],
  [
    1593302400000,
    0.009272398479968438
  ],
  [
    1593388800000,
    0.011732193082287084
  ],
  [
    1593475200000,
    0.011944147688363306
  ],
  [
    1593561600000,
    0.011882298854834304
  ],
  [
    1593648000000,
    0.011060183132874575
  ],
  [
    1593734400000,
    0.011060183132874575
  ],
  [
    1593820800000,
    0.008358118479428148
  ],
  [
    1593907200000,
    0.008309249574526755
  ],
  [
    1593993600000,
    0.00826388721447127
  ],
  [
    1594080000000,
    0.0101748690086367
  ],
  [
    1594166400000,
    0.00841185874504218
  ],
  [
    1594252800000,
    0.010011700161982955
  ],
  [
    1594339200000,
    0.0122565776155558
  ],
  [
    1594425600000,
    0.012249381407774021
  ],
  [
    1594512000000,
    0.009974377718425246
  ],
  [
    1594598400000,
    0.010002333233777182
  ],
  [
    1594684800000,
    0.008536115695156759
  ],
  [
    1594771200000,
    0.008742510635721961
  ],
  [
    1594857600000,
    0.008742510635721961
  ],
  [
    1594944000000,
    0.009227064037278071
  ],
  [
    1595030400000,
    0.00915135682992673
  ],
  [
    1595116800000,
    0.009619861597826393
  ],
  [
    1595203200000,
    0.009091536077495233
  ],
  [
    1595289600000,
    0.009091536077495233
  ],
  [
    1595376000000,
    0.011002457993477122
  ],
  [
    1595462400000,
    0.010862211100264082
  ],
  [
    1595548800000,
    0.010548856056145627
  ],
  [
    1595635200000,
    0.010265794942246938
  ],
  [
    1595721600000,
    0.010105420948272683
  ],
  [
    1595808000000,
    0.01017579095350843
  ],
  [
    1595894400000,
    0.010394768850522077
  ],
  [
    1595980800000,
    0.010863539183643476
  ],
  [
    1596067200000,
    0.011163593510572094
  ],
  [
    1596153600000,
    0.011170078510235437
  ],
  [
    1596240000000,
    0.010918517276737127
  ],
  [
    1596326400000,
    0.010496431807883682
  ],
  [
    1596412800000,
    0.010127614893840295
  ],
  [
    1596499200000,
    0.010005692672598845
  ],
  [
    1596585600000,
    0.011264171055694652
  ],
  [
    1596672000000,
    0.00999248488581541
  ],
  [
    1596758400000,
    0.010002208710414457
  ],
  [
    1596844800000,
    0.012209811963429525
  ],
  [
    1596931200000,
    0.012195763118457048
  ],
  [
    1597017600000,
    0.011892475348097398
  ],
  [
    1597104000000,
    0.011747342043623274
  ],
  [
    1597190400000,
    0.01158783118373542
  ],
  [
    1597276800000,
    0.011474317651813804
  ],
  [
    1597363200000,
    0.011890393711150431
  ],
  [
    1597449600000,
    0.011985500514160882
  ],
  [
    1597536000000,
    0.011643075713890177
  ],
  [
    1597622400000,
    0.011182693032025758
  ],
  [
    1597708800000,
    0.011112426250548422
  ],
  [
    1597795200000,
    0.011174681122133824
  ],
  [
    1597881600000,
    0.010677299561606214
  ],
  [
    1597968000000,
    0.010796151041779905
  ],
  [
    1598054400000,
    0.0107730001860179
  ],
  [
    1598140800000,
    0.010365224051436398
  ],
  [
    1598227200000,
    0.010392066436719902
  ],
  [
    1598313600000,
    0.010634382016216453
  ],
  [
    1598400000000,
    0.010113488555274453
  ],
  [
    1598486400000,
    0.010629789073474845
  ],
  [
    1598572800000,
    0.010935593790881068
  ],
  [
    1598659200000,
    0.0108426669559143
  ],
  [
    1598745600000,
    0.010832063535925274
  ],
  [
    1598832000000,
    0.010899945777410523
  ],
  [
    1598918400000,
    0.010788480800912088
  ],
  [
    1599004800000,
    0.012265024405734416
  ],
  [
    1599091200000,
    0.013389770263160877
  ],
  [
    1599177600000,
    0.012331462724513142
  ],
  [
    1599264000000,
    0.01258283929529544
  ],
  [
    1599609600000,
    0.009008798794638803
  ],
  [
    1599696000000,
    0.009008798794638803
  ],
  [
    1599782400000,
    0.022607194790507195
  ],
  [
    1599868800000,
    0.022420699089787156
  ],
  [
    1599955200000,
    0.022751473265064485
  ],
  [
    1600041600000,
    0.013500043198856853
  ],
  [
    1600128000000,
    0.015015370304064605
  ],
  [
    1600214400000,
    0.014759578695977544
  ],
  [
    1600300800000,
    0.014317745065126312
  ],
  [
    1600387200000,
    0.013150384733627363
  ],
  [
    1600473600000,
    0.012405849370363492
  ],
  [
    1600560000000,
    0.012262344972291086
  ],
  [
    1600646400000,
    0.00815901606389982
  ],
  [
    1600732800000,
    0.00791258897674295
  ],
  [
    1600819200000,
    0.009701868318310552
  ],
  [
    1600905600000,
    0.008403077765847462
  ],
  [
    1600992000000,
    0.005031341855922946
  ],
  [
    1601078400000,
    0.0076956677775778925
  ],
  [
    1601164800000,
    0.006631373892963863
  ],
  [
    1601251200000,
    0.005445699865985743
  ],
  [
    1601337600000,
    0.005207811000908065
  ],
  [
    1601424000000,
    0.00516376422544181
  ],
  [
    1601510400000,
    0.005433836569220931
  ],
  [
    1601596800000,
    0.0032902577860530534
  ],
  [
    1601683200000,
    0.004829500865801875
  ],
  [
    1601769600000,
    0.0031859427526158765
  ],
  [
    1601856000000,
    0.0031249050852686635
  ],
  [
    1601942400000,
    0.003130400300780569
  ],
  [
    1602028800000,
    0.002733192333964896
  ],
  [
    1602115200000,
    0.0040008342164460226
  ],
  [
    1602201600000,
    0.0025003145421397446
  ],
  [
    1602288000000,
    0.0025911038300105585
  ],
  [
    1602374400000,
    0.0024401719217349593
  ],
  [
    1602460800000,
    0.0026334819210148833
  ],
  [
    1602547200000,
    0.0023695445424562612
  ],
  [
    1602633600000,
    0.0023969749619391374
  ],
  [
    1602720000000,
    0.002316209355877664
  ],
  [
    1602806400000,
    0.0023018064803166554
  ],
  [
    1602892800000,
    0.0023035271586290124
  ],
  [
    1602979200000,
    0.002333083336052378
  ],
  [
    1603065600000,
    0.0022732845617388494
  ],
  [
    1603152000000,
    0.0022920379759132125
  ],
  [
    1603238400000,
    0.0023794798644144067
  ],
  [
    1603324800000,
    0.0022284123470695397
  ],
  [
    1603411200000,
    0.0022792551318654435
  ],
  [
    1603497600000,
    0.0022090158866221185
  ],
  [
    1603584000000,
    0.002201061285708389
  ],
  [
    1603670400000,
    0.002201168297971276
  ],
  [
    1603756800000,
    0.0022007855696969197
  ],
  [
    1603843200000,
    0.0022070520035252293
  ],
  [
    1603929600000,
    0.0024656058449136066
  ],
  [
    1604016000000,
    0.002355277682306088
  ],
  [
    1604102400000,
    0.0022648312430288103
  ],
  [
    1604188800000,
    0.0022419534242991606
  ],
  [
    1604275200000,
    0.002415492476959123
  ],
  [
    1604361600000,
    0.002444202429645499
  ],
  [
    1604448000000,
    0.002416801751509213
  ],
  [
    1604534400000,
    0.0025189313958846674
  ],
  [
    1604620800000,
    0.0028271116836560486
  ],
  [
    1604707200000,
    0.0021776525303453024
  ],
  [
    1604793600000,
    0.00296078406853526
  ],
  [
    1604966400000,
    0.0034703824797729333
  ],
  [
    1605052800000,
    0.0034703824797729333
  ],
  [
    1605139200000,
    0.0025821354222813645
  ],
  [
    1605225600000,
    0.0026558527217062093
  ],
  [
    1605312000000,
    0.002670595766296692
  ],
  [
    1605398400000,
    0.002544031305679604
  ],
  [
    1605484800000,
    0.0027003508442899234
  ],
  [
    1605571200000,
    0.0026537252919893828
  ],
  [
    1605657600000,
    0.002482557963027966
  ],
  [
    1605744000000,
    0.0026900038698348533
  ],
  [
    1605830400000,
    0.0024799866026512804
  ],
  [
    1605916800000,
    0.002410077039948194
  ],
  [
    1606003200000,
    0.0021382260999475524
  ],
  [
    1606089600000,
    0.002797422270860156
  ],
  [
    1606176000000,
    0.002553575686293358
  ],
  [
    1606262400000,
    0.0022466715132297356
  ],
  [
    1606348800000,
    0.002156464365763892
  ],
  [
    1606435200000,
    0.0026351082403828596
  ],
  [
    1606521600000,
    0.002456597468941264
  ],
  [
    1606608000000,
    0.007724959356656646
  ],
  [
    1606694400000,
    0.0045926842914934965
  ],
  [
    1606780800000,
    0.004373530530379902
  ],
  [
    1606867200000,
    0.005630698719726661
  ],
  [
    1606953600000,
    0.00474977973130217
  ],
  [
    1607040000000,
    0.004264983601930501
  ],
  [
    1607126400000,
    0.004469205634997404
  ],
  [
    1607212800000,
    0.0042312051327144055
  ],
  [
    1607299200000,
    0.00436784960326826
  ],
  [
    1607385600000,
    0.003342689381670805
  ],
  [
    1607472000000,
    0.003956024069841998
  ],
  [
    1607558400000,
    0.004218890483569205
  ],
  [
    1607644800000,
    0.004183098938761159
  ],
  [
    1607731200000,
    0.003048224726682297
  ],
  [
    1607817600000,
    0.0034691612619248114
  ],
  [
    1607904000000,
    0.0028148789339136004
  ],
  [
    1607990400000,
    0.0026775041141477948
  ],
  [
    1608076800000,
    0.003069908228851706
  ],
  [
    1608163200000,
    0.0030595533083806977
  ],
  [
    1608249600000,
    0.0034027645867292485
  ],
  [
    1608336000000,
    0.0034060509428374616
  ],
  [
    1608422400000,
    0.00303191013689056
  ],
  [
    1608508800000,
    0.003440745725845643
  ],
  [
    1608595200000,
    0.003551687475283798
  ],
  [
    1608681600000,
    0.0029796486643335206
  ],
  [
    1608768000000,
    0.0026717793640033383
  ],
  [
    1608854400000,
    0.0027102165365570476
  ],
  [
    1608940800000,
    0.0024113926172643777
  ],
  [
    1609027200000,
    0.002329750689417647
  ],
  [
    1609113600000,
    0.0028390909235344658
  ],
  [
    1609200000000,
    0.0031201391935905954
  ],
  [
    1609286400000,
    0.0030504389696966753
  ],
  [
    1609372800000,
    0.0030688660791252202
  ],
  [
    1609459200000,
    0.0030200826804008623
  ],
  [
    1609545600000,
    0.002984783443705658
  ],
  [
    1609632000000,
    0.002760917183128597
  ],
  [
    1609718400000,
    0.0029729249091590294
  ],
  [
    1609804800000,
    0.0035834730083347073
  ],
  [
    1609891200000,
    0.003820599551257824
  ],
  [
    1609977600000,
    0.0026992707787779915
  ],
  [
    1610064000000,
    0.0039967743023329
  ],
  [
    1610150400000,
    0.0040454494644271925
  ],
  [
    1610236800000,
    0.004041512525517269
  ],
  [
    1610323200000,
    0.0040537761139118255
  ],
  [
    1610409600000,
    0.00407539511464759
  ],
  [
    1610496000000,
    0.004038776333659749
  ],
  [
    1610582400000,
    0.003770497422865379
  ],
  [
    1610668800000,
    0.0039910449659299385
  ],
  [
    1610755200000,
    0.0048608161403829305
  ],
  [
    1610841600000,
    0.003826698552668501
  ],
  [
    1610928000000,
    0.003986097747795339
  ],
  [
    1611014400000,
    0.0055150352213332145
  ],
  [
    1611100800000,
    0.006627086321755649
  ],
  [
    1611187200000,
    0.006314920978564689
  ],
  [
    1611273600000,
    0.017754496719308708
  ],
  [
    1611360000000,
    0.0047539130183851435
  ],
  [
    1611446400000,
    0.005685169605495908
  ],
  [
    1611532800000,
    0.0036833093682206853
  ],
  [
    1611619200000,
    0.0040038045345306035
  ],
  [
    1611705600000,
    0.015508630305663218
  ],
  [
    1611792000000,
    0.005597280574489586
  ],
  [
    1611878400000,
    0.004316779587711997
  ],
  [
    1611964800000,
    0.006249783761231083
  ],
  [
    1612051200000,
    0.005026866720141246
  ],
  [
    1612137600000,
    0.005046922660885932
  ],
  [
    1612224000000,
    0.006577329113788209
  ],
  [
    1612310400000,
    0.008402775489783909
  ],
  [
    1612396800000,
    0.00828429864896624
  ],
  [
    1612483200000,
    0.008154948893447677
  ],
  [
    1612569600000,
    0.008992451402168769
  ],
  [
    1612656000000,
    0.00888931424870037
  ],
  [
    1612742400000,
    0.005288869985309722
  ],
  [
    1612828800000,
    0.00603498948322312
  ],
  [
    1612915200000,
    0.008030206919160243
  ],
  [
    1613001600000,
    0.009934083613916582
  ],
  [
    1613088000000,
    0.009914094392631889
  ],
  [
    1613174400000,
    0.010109079964870196
  ],
  [
    1613260800000,
    0.015656367459590325
  ],
  [
    1613347200000,
    0.01031381829249646
  ],
  [
    1613433600000,
    0.016414575755376075
  ],
  [
    1613520000000,
    0.010274403989468852
  ],
  [
    1613606400000,
    0.021512006053968274
  ],
  [
    1613692800000,
    0.012498333808497221
  ],
  [
    1613779200000,
    0.01374340899112071
  ],
  [
    1613865600000,
    0.015002587722421483
  ],
  [
    1613952000000,
    0.013303936289214254
  ],
  [
    1614038400000,
    0.008259375939879889
  ],
  [
    1614124800000,
    0.019232537195842735
  ],
  [
    1614211200000,
    0.01903125757606152
  ],
  [
    1614297600000,
    0.010686618738084512
  ],
  [
    1614384000000,
    0.01078501574916187
  ],
  [
    1614470400000,
    0.010771464881261135
  ],
  [
    1614556800000,
    0.00456427981720332
  ],
  [
    1614816000000,
    0.00969968540829158
  ],
  [
    1614902400000,
    0.00969968540829158
  ],
  [
    1614988800000,
    0.00972951268547826
  ],
  [
    1615075200000,
    0.009456170972695984
  ],
  [
    1615161600000,
    0.010752858195918903
  ],
  [
    1615248000000,
    0.010752858195918903
  ],
  [
    1615334400000,
    0.010723143543196862
  ],
  [
    1615593600000,
    0.01175938841387521
  ],
  [
    1615680000000,
    0.01175938841387521
  ],
  [
    1615766400000,
    0.010625286399925302
  ],
  [
    1615852800000,
    0.011039330354560685
  ],
  [
    1615939200000,
    0.011155163540081515
  ],
  [
    1616025600000,
    0.011549116129296
  ],
  [
    1616112000000,
    0.011688589985299579
  ],
  [
    1616198400000,
    0.011621575584900795
  ],
  [
    1616284800000,
    0.011510565135835834
  ],
  [
    1616371200000,
    0.011156174683501384
  ],
  [
    1616457600000,
    0.011342039688800286
  ],
  [
    1616544000000,
    0.011562307538613927
  ],
  [
    1616630400000,
    0.011641006287800296
  ],
  [
    1616716800000,
    0.011891350250994522
  ],
  [
    1616803200000,
    0.01211815329246696
  ],
  [
    1616889600000,
    0.01218170862620606
  ],
  [
    1616976000000,
    0.012470593766762737
  ],
  [
    1617062400000,
    0.012302455809565394
  ],
  [
    1617148800000,
    0.01157135494280797
  ],
  [
    1617235200000,
    0.011031883698471733
  ],
  [
    1617321600000,
    0.011784412769062757
  ],
  [
    1617408000000,
    0.012289985975945524
  ],
  [
    1617494400000,
    0.012693216524073117
  ],
  [
    1617580800000,
    0.011542800130856904
  ],
  [
    1617667200000,
    0.011031874168587755
  ],
  [
    1617753600000,
    0.011299278350967579
  ],
  [
    1617840000000,
    0.011066862785701735
  ],
  [
    1617926400000,
    0.011061409191090957
  ],
  [
    1618012800000,
    0.011051522849709457
  ],
  [
    1618099200000,
    0.01088603556653401
  ],
  [
    1618185600000,
    0.010941876423496515
  ],
  [
    1618272000000,
    0.012267632740579194
  ],
  [
    1618358400000,
    0.012293120009238772
  ],
  [
    1618444800000,
    0.010144080290672066
  ],
  [
    1618531200000,
    0.010562961301197531
  ],
  [
    1618617600000,
    0.016008678179920792
  ],
  [
    1618704000000,
    0.012001052782624642
  ],
  [
    1618790400000,
    0.01542599826044939
  ],
  [
    1618876800000,
    0.01582039682156604
  ],
  [
    1618963200000,
    0.0159182669034895
  ],
  [
    1619049600000,
    0.016443376001469147
  ],
  [
    1619136000000,
    0.016843968176940574
  ],
  [
    1619222400000,
    0.016863857671192112
  ],
  [
    1619308800000,
    0.016618513028599832
  ],
  [
    1619395200000,
    0.016962887413228333
  ],
  [
    1619481600000,
    0.015906537226513105
  ],
  [
    1619568000000,
    0.01582899446957937
  ],
  [
    1619654400000,
    0.01572792134106523
  ],
  [
    1619740800000,
    0.015929616122589113
  ],
  [
    1619827200000,
    0.016191585361363024
  ],
  [
    1619913600000,
    0.0165329861437434
  ],
  [
    1620000000000,
    0.016149516886642498
  ],
  [
    1620086400000,
    0.015898208633889913
  ],
  [
    1620172800000,
    0.01658782162715935
  ],
  [
    1620259200000,
    0.016697460743179626
  ],
  [
    1620345600000,
    0.016115028269694655
  ],
  [
    1620432000000,
    0.016480397685441323
  ],
  [
    1620518400000,
    0.014082810910426092
  ],
  [
    1620604800000,
    0.023199883650825738
  ],
  [
    1620691200000,
    0.014282428291336637
  ],
  [
    1620777600000,
    0.014159197635518879
  ],
  [
    1620864000000,
    0.01413927222232589
  ],
  [
    1620950400000,
    0.014190788959207591
  ],
  [
    1621036800000,
    0.013101012559658775
  ],
  [
    1621123200000,
    0.011111314418053854
  ],
  [
    1621209600000,
    0.01551093188103211
  ],
  [
    1621296000000,
    0.013496364630060173
  ],
  [
    1621382400000,
    0.013431007278695064
  ],
  [
    1621468800000,
    0.014577008301384146
  ],
  [
    1621555200000,
    0.012243076642282306
  ],
  [
    1621641600000,
    0.014208683894937965
  ],
  [
    1621728000000,
    0.015187628198156878
  ],
  [
    1621814400000,
    0.017833687053850494
  ],
  [
    1621900800000,
    0.01411402531938807
  ],
  [
    1621987200000,
    0.015968915279971324
  ],
  [
    1622073600000,
    0.01693720342115642
  ],
  [
    1622160000000,
    0.0163228417360159
  ],
  [
    1622246400000,
    0.015464754276800283
  ],
  [
    1622332800000,
    0.013803100345695998
  ],
  [
    1622419200000,
    0.014751418328410166
  ],
  [
    1622505600000,
    0.017074602605983362
  ],
  [
    1622592000000,
    0.017358417487901862
  ],
  [
    1622678400000,
    0.017369901396668844
  ],
  [
    1622764800000,
    0.017459881506699367
  ],
  [
    1622851200000,
    0.01169198978763276
  ],
  [
    1622937600000,
    0.011857575269418415
  ],
  [
    1623024000000,
    0.016064761649972562
  ],
  [
    1623110400000,
    0.014082139809652986
  ],
  [
    1623196800000,
    0.016076225257322163
  ],
  [
    1623283200000,
    0.016666570501079458
  ],
  [
    1623369600000,
    0.016039196198036336
  ],
  [
    1623456000000,
    0.00679793030823654
  ],
  [
    1623542400000,
    0.00679793030823654
  ],
  [
    1623628800000,
    0.007410828703277164
  ],
  [
    1623715200000,
    0.015435858444958471
  ],
  [
    1623801600000,
    0.015435858444958471
  ],
  [
    1623888000000,
    0.015081563599111378
  ],
  [
    1623974400000,
    0.01572450083309703
  ],
  [
    1624060800000,
    0.0159407921964925
  ],
  [
    1624147200000,
    0.01005868666402385
  ],
  [
    1624233600000,
    0.010074971821299164
  ],
  [
    1624320000000,
    0.011540441835894968
  ],
  [
    1624406400000,
    0.00648316056591628
  ],
  [
    1624492800000,
    0.005678952602783875
  ],
  [
    1624579200000,
    0.00522007960373079
  ],
  [
    1624665600000,
    0.011476567667180302
  ],
  [
    1624752000000,
    0.011018508641027528
  ],
  [
    1624838400000,
    0.010730605841831315
  ],
  [
    1624924800000,
    0.01254914835992444
  ],
  [
    1625011200000,
    0.006121447805341071
  ],
  [
    1625270400000,
    0.00661540608322713
  ],
  [
    1625356800000,
    0.00661540608322713
  ],
  [
    1625443200000,
    0.013491748707323744
  ],
  [
    1625529600000,
    0.013860511828830427
  ],
  [
    1625616000000,
    0.013860511828830427
  ],
  [
    1625702400000,
    0.013784100084350439
  ],
  [
    1626048000000,
    0.012117093362338098
  ],
  [
    1626134400000,
    0.012117093362338098
  ],
  [
    1626220800000,
    0.011600857574216118
  ],
  [
    1626307200000,
    0.011626277201586124
  ],
  [
    1626393600000,
    0.01110852001602593
  ],
  [
    1626480000000,
    0.01110852001602593
  ],
  [
    1626652800000,
    0.014903632056543008
  ],
  [
    1626739200000,
    0.014903632056543008
  ],
  [
    1626825600000,
    0.010474020895870085
  ],
  [
    1626912000000,
    0.010474020895870085
  ],
  [
    1626998400000,
    0.011975341691161115
  ],
  [
    1627084800000,
    0.01259388853768745
  ],
  [
    1627171200000,
    0.01259388853768745
  ],
  [
    1627430400000,
    0.013513232314540505
  ],
  [
    1627516800000,
    0.013513232314540505
  ],
  [
    1627603200000,
    0.005179805540829283
  ],
  [
    1627689600000,
    0.005179805540829283
  ],
  [
    1627776000000,
    0.005417027941401947
  ],
  [
    1627862400000,
    0.015159903029385163
  ],
  [
    1627948800000,
    0.00387288129145185
  ],
  [
    1628035200000,
    0.00387288129145185
  ],
  [
    1628121600000,
    0.015457616884511135
  ],
  [
    1628208000000,
    0.015227465569377131
  ],
  [
    1628294400000,
    0.017224639008505887
  ],
  [
    1628380800000,
    0.018089287768270918
  ],
  [
    1628467200000,
    0.018765784923622856
  ],
  [
    1628553600000,
    0.01874543488289205
  ],
  [
    1628640000000,
    0.01598281418969827
  ],
  [
    1628899200000,
    0.019629473292437184
  ],
  [
    1628985600000,
    0.019629473292437184
  ],
  [
    1629072000000,
    0.009487672285004101
  ],
  [
    1629158400000,
    0.009487672285004101
  ],
  [
    1629244800000,
    0.00910910969213135
  ],
  [
    1629331200000,
    0.004934873508304751
  ],
  [
    1629417600000,
    0.00444106338415721
  ],
  [
    1629504000000,
    0.01975387623493026
  ],
  [
    1629590400000,
    0.018634199083772163
  ],
  [
    1629676800000,
    0.019574310919287147
  ],
  [
    1629763200000,
    0.014894967876102562
  ],
  [
    1629849600000,
    0.017308786632617913
  ],
  [
    1629936000000,
    0.017765565509108152
  ],
  [
    1630022400000,
    0.009997279082530572
  ],
  [
    1630108800000,
    0.010026648652122019
  ],
  [
    1630195200000,
    0.010048991821833754
  ],
  [
    1630540800000,
    0.010048991821833754
  ],
  [
    1630627200000,
    0.010048991821833754
  ]
]