[
  [
    1597881600000,
    3071494.5411617146
  ],
  [
    1597968000000,
    3071494.5411617146
  ],
  [
    1598054400000,
    3492193.4674944426
  ],
  [
    1598140800000,
    2951434.9985970655
  ],
  [
    1598227200000,
    4170374.966522649
  ],
  [
    1598313600000,
    5401153.866774841
  ],
  [
    1598400000000,
    5917661.575716905
  ],
  [
    1598486400000,
    4609994.251940394
  ],
  [
    1598572800000,
    2784148.0396834286
  ],
  [
    1598659200000,
    2545134.641284343
  ],
  [
    1598745600000,
    6383999.984203731
  ],
  [
    1598832000000,
    25650373.490360774
  ],
  [
    1598918400000,
    20712883.998208106
  ],
  [
    1599004800000,
    47831368.03574172
  ],
  [
    1599091200000,
    19836774.90394424
  ],
  [
    1599177600000,
    116526939.67403679
  ],
  [
    1599264000000,
    17287592.027123563
  ],
  [
    1599350400000,
    110231447.03744024
  ],
  [
    1599436800000,
    88123511.25654641
  ],
  [
    1599523200000,
    49352399.53873728
  ],
  [
    1599609600000,
    27969735.690308303
  ],
  [
    1599696000000,
    19325788.817043867
  ],
  [
    1599782400000,
    24510932.259664916
  ],
  [
    1599868800000,
    38736997.39119885
  ],
  [
    1599955200000,
    41625369.19597056
  ],
  [
    1600041600000,
    34074600.58524439
  ],
  [
    1600128000000,
    77772842.34541196
  ],
  [
    1600214400000,
    60406549.96831412
  ],
  [
    1600300800000,
    49423509.45196654
  ],
  [
    1600387200000,
    54430324.694932476
  ],
  [
    1600473600000,
    29991415.29409218
  ],
  [
    1600560000000,
    34806076.99783395
  ],
  [
    1600646400000,
    11725622.33206272
  ],
  [
    1600732800000,
    19909626.46061642
  ],
  [
    1600819200000,
    14290441.04674809
  ],
  [
    1600905600000,
    10182768.847031377
  ],
  [
    1600992000000,
    8242811.602812779
  ],
  [
    1601078400000,
    10157430.114948617
  ],
  [
    1601164800000,
    9084508.694090525
  ],
  [
    1601251200000,
    10056920.128149398
  ],
  [
    1601337600000,
    9214124.469665213
  ],
  [
    1601424000000,
    12310944.016555479
  ],
  [
    1601510400000,
    10010613.730224423
  ],
  [
    1601596800000,
    9874121.40628116
  ],
  [
    1601683200000,
    9961816.09051001
  ],
  [
    1601769600000,
    8802962.85825691
  ],
  [
    1601856000000,
    5991075.364293919
  ],
  [
    1601942400000,
    4916672.654542216
  ],
  [
    1602028800000,
    4390278.058506759
  ],
  [
    1602115200000,
    6616452.0938600125
  ],
  [
    1602201600000,
    4324921.261426943
  ],
  [
    1602288000000,
    9102803.063028866
  ],
  [
    1602374400000,
    15635288.815462295
  ],
  [
    1602460800000,
    13259545.935588485
  ],
  [
    1602547200000,
    10517638.059993012
  ],
  [
    1602633600000,
    8196288.19605975
  ],
  [
    1602720000000,
    7832829.669161141
  ],
  [
    1602806400000,
    6845103.891527701
  ],
  [
    1602892800000,
    5878872.972810262
  ],
  [
    1602979200000,
    5490178.457033354
  ],
  [
    1603065600000,
    5731121.368568694
  ],
  [
    1603152000000,
    7106701.86656639
  ],
  [
    1603238400000,
    8476824.599461403
  ],
  [
    1603324800000,
    6618582.064030236
  ],
  [
    1603411200000,
    7600932.74024799
  ],
  [
    1603497600000,
    7042627.519970395
  ],
  [
    1603584000000,
    6287582.878000711
  ],
  [
    1603670400000,
    6158127.117897964
  ],
  [
    1603756800000,
    6136173.904074537
  ],
  [
    1603843200000,
    5462348.3048268305
  ],
  [
    1603929600000,
    2960456.8079775246
  ],
  [
    1604016000000,
    5141061.276018948
  ],
  [
    1604102400000,
    3086164.419509613
  ],
  [
    1604188800000,
    3590251.0271402956
  ],
  [
    1604275200000,
    4289257.365445887
  ],
  [
    1604361600000,
    2234984.7057767557
  ],
  [
    1604448000000,
    2427808.545089414
  ],
  [
    1604534400000,
    3658485.9689845867
  ],
  [
    1604620800000,
    2441206.329034095
  ],
  [
    1604707200000,
    4126982.4884538334
  ],
  [
    1604793600000,
    3681076.0262368377
  ],
  [
    1604880000000,
    3867460.532347852
  ],
  [
    1604966400000,
    2962059.8878044565
  ],
  [
    1605052800000,
    1414072.3478078474
  ],
  [
    1605139200000,
    2964235.017721621
  ],
  [
    1605225600000,
    1966764.1343544868
  ],
  [
    1605312000000,
    2217151.765898052
  ],
  [
    1605398400000,
    3366016.6365411114
  ],
  [
    1605484800000,
    3287088.2435591137
  ],
  [
    1605571200000,
    3337029.4180089203
  ],
  [
    1605657600000,
    2377060.2774638776
  ],
  [
    1605744000000,
    3361894.2130365293
  ],
  [
    1605830400000,
    2532411.5316835707
  ],
  [
    1605916800000,
    2991728.965583755
  ],
  [
    1606003200000,
    1924706.6349381392
  ],
  [
    1606089600000,
    1749405.2039410125
  ],
  [
    1606176000000,
    2461280.4521959582
  ],
  [
    1606262400000,
    3786705.440672452
  ],
  [
    1606348800000,
    1547914.037682706
  ],
  [
    1606435200000,
    2268476.6882647104
  ],
  [
    1606521600000,
    1815466.353407028
  ],
  [
    1606608000000,
    2142886.649510564
  ],
  [
    1606694400000,
    1946347.0402890514
  ],
  [
    1606780800000,
    1993750.4079364548
  ],
  [
    1606867200000,
    3319432.8887108187
  ],
  [
    1606953600000,
    4411977.498796859
  ],
  [
    1607040000000,
    1662148.733606258
  ],
  [
    1607126400000,
    2785205.3811595044
  ],
  [
    1607212800000,
    2359064.6757915523
  ],
  [
    1607299200000,
    2484391.279534424
  ],
  [
    1607385600000,
    1955461.833973992
  ],
  [
    1607472000000,
    1465937.2646356844
  ],
  [
    1607558400000,
    2457476.809978838
  ],
  [
    1607644800000,
    1838754.0265549158
  ],
  [
    1607731200000,
    1221382.7672313096
  ],
  [
    1607817600000,
    1111032.3211263858
  ],
  [
    1607904000000,
    1528535.0206917375
  ],
  [
    1607990400000,
    1671548.7664601405
  ],
  [
    1608076800000,
    964242.7544445471
  ],
  [
    1608163200000,
    1819470.8756203237
  ],
  [
    1608249600000,
    1567732.5311626005
  ],
  [
    1608336000000,
    622754.6326033168
  ],
  [
    1608422400000,
    1384289.8799843772
  ],
  [
    1608508800000,
    2691672.8083512452
  ],
  [
    1608595200000,
    1155142.315052448
  ],
  [
    1608681600000,
    385296.36555226624
  ],
  [
    1608768000000,
    924747.0876550879
  ],
  [
    1608854400000,
    1086851.6322119106
  ],
  [
    1608940800000,
    1228651.8991795585
  ],
  [
    1609027200000,
    1067369.0624933278
  ],
  [
    1609113600000,
    1393058.991330666
  ],
  [
    1609200000000,
    597839.5190054597
  ],
  [
    1609286400000,
    344130.2415289713
  ],
  [
    1609372800000,
    619359.7112794181
  ],
  [
    1609459200000,
    1000363.1336317104
  ],
  [
    1609545600000,
    755250.6501646747
  ],
  [
    1609632000000,
    771233.1934191539
  ],
  [
    1609718400000,
    690121.8684555988
  ],
  [
    1609804800000,
    883329.0527915958
  ],
  [
    1609891200000,
    1348726.0508984
  ],
  [
    1609977600000,
    1436710.1058586964
  ],
  [
    1610064000000,
    905630.7383749825
  ],
  [
    1610150400000,
    1288017.8754365982
  ],
  [
    1610236800000,
    1271437.2551293736
  ],
  [
    1610323200000,
    404840.01672704925
  ],
  [
    1610409600000,
    835853.4985015215
  ],
  [
    1610496000000,
    863545.5928880394
  ],
  [
    1610582400000,
    749391.1139241048
  ],
  [
    1610668800000,
    1110527.492137849
  ],
  [
    1610755200000,
    1181488.7479275535
  ],
  [
    1610841600000,
    4703262.813800404
  ],
  [
    1610928000000,
    1038622.8089705255
  ],
  [
    1611014400000,
    94533514.54883943
  ],
  [
    1611100800000,
    55177733.91351668
  ],
  [
    1611187200000,
    36079440.7889917
  ],
  [
    1611273600000,
    31571339.270960607
  ],
  [
    1611360000000,
    42799959.28543155
  ],
  [
    1611446400000,
    66340054.59691656
  ],
  [
    1611532800000,
    68405142.83922386
  ],
  [
    1611619200000,
    47133782.04261331
  ],
  [
    1611705600000,
    43288590.97174379
  ],
  [
    1611792000000,
    38830493.612615615
  ],
  [
    1611878400000,
    41748114.0702657
  ],
  [
    1611964800000,
    7986544.043117488
  ],
  [
    1612051200000,
    1478048.527364872
  ],
  [
    1612137600000,
    1501636.5606687113
  ],
  [
    1612224000000,
    1671354.4301880084
  ],
  [
    1612310400000,
    3114961.573727773
  ],
  [
    1612396800000,
    2340489.721131629
  ],
  [
    1612483200000,
    267845.8508096186
  ],
  [
    1612569600000,
    185892.51615486434
  ],
  [
    1612656000000,
    206454.88182576207
  ],
  [
    1612742400000,
    166447.4491841001
  ],
  [
    1612828800000,
    181039.50846076003
  ],
  [
    1612915200000,
    117747.12094719063
  ],
  [
    1613001600000,
    128325.88434959923
  ],
  [
    1613088000000,
    121079.74658519536
  ],
  [
    1613174400000,
    106359.81604746956
  ],
  [
    1613260800000,
    107249.35191246284
  ],
  [
    1613347200000,
    100831.74870756853
  ],
  [
    1613433600000,
    132960.9813115199
  ],
  [
    1613520000000,
    110780.76672580012
  ],
  [
    1613606400000,
    101947.28621838891
  ],
  [
    1613692800000,
    116118.04693635464
  ],
  [
    1613779200000,
    38549.098744243274
  ],
  [
    1613865600000,
    55861.17151578697
  ],
  [
    1613952000000,
    36479.830255228255
  ],
  [
    1614038400000,
    118480.00080495643
  ],
  [
    1614124800000,
    97541.73335362095
  ],
  [
    1614211200000,
    4.0098517427816125
  ],
  [
    1614297600000,
    51.50283205612065
  ],
  [
    1614384000000,
    11.897652210517467
  ],
  [
    1614470400000,
    40.29942249641043
  ],
  [
    1614556800000,
    25.02237421758796
  ],
  [
    1614643200000,
    2.454747311803207
  ],
  [
    1614729600000,
    1148.5695892064903
  ],
  [
    1614816000000,
    490.0714031351471
  ],
  [
    1614902400000,
    33.451777340870905
  ],
  [
    1614988800000,
    1244.6750823833522
  ],
  [
    1615075200000,
    190.37240183315953
  ],
  [
    1615161600000,
    2076.091104150036
  ],
  [
    1615248000000,
    247.98194669894318
  ],
  [
    1615334400000,
    216.1616093751386
  ],
  [
    1615420800000,
    37.04573522940497
  ],
  [
    1615507200000,
    84.93285920093675
  ],
  [
    1615593600000,
    14.109552838775333
  ],
  [
    1615680000000,
    5874.295161553176
  ],
  [
    1615766400000,
    262.09918333419864
  ],
  [
    1615852800000,
    30.901516819627666
  ],
  [
    1616112000000,
    1328.5075856935857
  ],
  [
    1616198400000,
    1328.5075856935857
  ],
  [
    1616284800000,
    913.6438704917379
  ],
  [
    1616371200000,
    27.670414108197107
  ],
  [
    1616457600000,
    34.56387274557358
  ],
  [
    1616544000000,
    3.7529010401970315
  ],
  [
    1616630400000,
    4.745949000498203
  ],
  [
    1616716800000,
    4.745949000498203
  ],
  [
    1616803200000,
    1427.861202514816
  ],
  [
    1616889600000,
    95.16181710305088
  ],
  [
    1616976000000,
    54.00756364227232
  ],
  [
    1617062400000,
    825.7733256448068
  ],
  [
    1617148800000,
    40.201755886339164
  ],
  [
    1617235200000,
    529.7715159745763
  ],
  [
    1617321600000,
    437.3273809052119
  ],
  [
    1617408000000,
    88.1507438313225
  ],
  [
    1617494400000,
    22.220151331208136
  ],
  [
    1617580800000,
    7.18321614401158
  ],
  [
    1617667200000,
    686.5441613453288
  ],
  [
    1617753600000,
    3741.1968187199955
  ],
  [
    1617840000000,
    529.2005106263352
  ],
  [
    1617926400000,
    741.7411365499825
  ],
  [
    1618012800000,
    187.85693816903662
  ],
  [
    1618099200000,
    52.76684375238516
  ],
  [
    1618185600000,
    245.38443264160063
  ],
  [
    1618272000000,
    0
  ],
  [
    1618358400000,
    119.7255695247027
  ],
  [
    1618444800000,
    504.4700569629725
  ],
  [
    1618531200000,
    1752.0948341026967
  ],
  [
    1618617600000,
    399.751836309625
  ],
  [
    1618704000000,
    897.9735296071075
  ],
  [
    1618790400000,
    44.45624347044181
  ],
  [
    1618876800000,
    645.7866097105755
  ],
  [
    1618963200000,
    175.49677067248382
  ],
  [
    1619049600000,
    175.49677067248382
  ],
  [
    1619136000000,
    12.138425922949976
  ],
  [
    1619222400000,
    1117.0856073191676
  ],
  [
    1619308800000,
    155.85758536661527
  ],
  [
    1619395200000,
    1419.9134867719972
  ],
  [
    1619481600000,
    459.8853508028374
  ],
  [
    1619568000000,
    1330.3959564349936
  ],
  [
    1619654400000,
    4633.483197440563
  ],
  [
    1619740800000,
    3819.641667385246
  ],
  [
    1619827200000,
    28.68064236788441
  ],
  [
    1619913600000,
    739.9401980830702
  ],
  [
    1620000000000,
    668.2680313217054
  ],
  [
    1620086400000,
    109.5382064437003
  ],
  [
    1620172800000,
    0
  ],
  [
    1620259200000,
    2976.043408773295
  ],
  [
    1620345600000,
    1446.4801609394558
  ],
  [
    1620432000000,
    737.807061895176
  ],
  [
    1620518400000,
    140.6165048482689
  ],
  [
    1620604800000,
    101.1310902011709
  ],
  [
    1620691200000,
    8.984545452075377
  ],
  [
    1620777600000,
    8.984545452075377
  ],
  [
    1620864000000,
    0
  ],
  [
    1620950400000,
    0
  ],
  [
    1621036800000,
    0
  ],
  [
    1621123200000,
    0
  ],
  [
    1621209600000,
    0.8861565575430731
  ],
  [
    1621296000000,
    0
  ],
  [
    1621382400000,
    254.30951647496417
  ],
  [
    1621468800000,
    254.30951647496417
  ],
  [
    1621641600000,
    0
  ],
  [
    1621728000000,
    0
  ],
  [
    1621814400000,
    0
  ],
  [
    1621900800000,
    0
  ],
  [
    1621987200000,
    150.19462003343259
  ],
  [
    1622073600000,
    736.7152293312625
  ],
  [
    1622160000000,
    0
  ],
  [
    1622332800000,
    0
  ],
  [
    1622419200000,
    87.66077083701613
  ],
  [
    1622505600000,
    2305.747109174046
  ],
  [
    1622592000000,
    820.5700046706742
  ],
  [
    1622678400000,
    1438.8207733223664
  ],
  [
    1622764800000,
    333.6165384596437
  ],
  [
    1622851200000,
    125.24302361546101
  ],
  [
    1622937600000,
    121.28019312551747
  ],
  [
    1623024000000,
    1688.9683637131548
  ],
  [
    1623110400000,
    260.57385924330936
  ],
  [
    1623196800000,
    55.30604257639661
  ],
  [
    1623283200000,
    62.86969415647957
  ],
  [
    1623369600000,
    1404.455022813762
  ],
  [
    1623456000000,
    500.4175591042845
  ],
  [
    1623542400000,
    20.987322623583207
  ],
  [
    1623628800000,
    429.5849304210106
  ],
  [
    1623715200000,
    271.19398574796276
  ],
  [
    1623801600000,
    156.39273098708972
  ],
  [
    1623888000000,
    20.800416726810848
  ],
  [
    1623974400000,
    52.23086720492606
  ],
  [
    1624060800000,
    175.8857690301249
  ],
  [
    1624147200000,
    572.8967456763066
  ],
  [
    1624233600000,
    376.08455716975135
  ],
  [
    1624320000000,
    50.31636739680335
  ],
  [
    1624406400000,
    0
  ],
  [
    1624492800000,
    0
  ],
  [
    1624579200000,
    0
  ],
  [
    1624665600000,
    83.10556935329662
  ],
  [
    1624752000000,
    83.10556935329662
  ],
  [
    1624838400000,
    0
  ],
  [
    1624924800000,
    49.066331947331946
  ],
  [
    1625011200000,
    25.016169569857695
  ],
  [
    1625097600000,
    15.49825206631674
  ],
  [
    1625184000000,
    15.49825206631674
  ],
  [
    1625270400000,
    22.221417840145236
  ],
  [
    1625356800000,
    38.27686254214272
  ],
  [
    1625443200000,
    0
  ],
  [
    1625529600000,
    0
  ],
  [
    1625616000000,
    38.507355647354764
  ],
  [
    1625702400000,
    38.507355647354764
  ],
  [
    1625961600000,
    36.231898903189474
  ],
  [
    1626048000000,
    36.231898903189474
  ],
  [
    1626134400000,
    24.783856469133948
  ],
  [
    1626220800000,
    5.230526250249478
  ],
  [
    1626307200000,
    132.9627365055339
  ],
  [
    1626480000000,
    0
  ],
  [
    1626566400000,
    0
  ],
  [
    1626652800000,
    10.036960546024387
  ],
  [
    1626998400000,
    3.8368743794661784
  ],
  [
    1627084800000,
    3.8368743794661784
  ],
  [
    1627171200000,
    0
  ],
  [
    1627257600000,
    402.80493703403084
  ],
  [
    1627344000000,
    0
  ],
  [
    1627430400000,
    29.01074648489085
  ],
  [
    1627516800000,
    55.289452098188
  ],
  [
    1627603200000,
    2.1935288548656957
  ],
  [
    1627689600000,
    7.127671401528868
  ],
  [
    1627776000000,
    0
  ],
  [
    1627862400000,
    0
  ],
  [
    1627948800000,
    0
  ],
  [
    1628035200000,
    6.748807007459439
  ],
  [
    1628121600000,
    6.748807007459439
  ],
  [
    1628208000000,
    17.276999901388663
  ],
  [
    1628294400000,
    42.45724138165321
  ],
  [
    1628380800000,
    26.751494403018874
  ],
  [
    1628467200000,
    16.616887756886644
  ],
  [
    1628553600000,
    1.8866901109238636
  ],
  [
    1628640000000,
    1.8866901109238636
  ],
  [
    1628726400000,
    13.122647870828382
  ],
  [
    1628812800000,
    0
  ],
  [
    1628899200000,
    3.2094612493355275
  ],
  [
    1628985600000,
    27.092533672143354
  ],
  [
    1629072000000,
    15.619880652658326
  ],
  [
    1629244800000,
    2.6867573901521227
  ],
  [
    1629331200000,
    2.6867573901521227
  ],
  [
    1629417600000,
    10.787936143184979
  ],
  [
    1629504000000,
    0
  ],
  [
    1629763200000,
    4.368475518701261
  ],
  [
    1629849600000,
    4.368475518701261
  ],
  [
    1630108800000,
    17.191607742387855
  ],
  [
    1630195200000,
    17.191607742387855
  ],
  [
    1630281600000,
    3.624453027849279
  ],
  [
    1630368000000,
    3.624453027849279
  ],
  [
    1630454400000,
    1410.907396411502
  ],
  [
    1630540800000,
    191.5694848892879
  ],
  [
    1630627200000,
    49.347003280396414
  ]
]