[
  [
    1605744000000,
    49754.99519272118
  ],
  [
    1605830400000,
    49754.99519272118
  ],
  [
    1605916800000,
    77860.1543200703
  ],
  [
    1606003200000,
    83594.33584706832
  ],
  [
    1606089600000,
    76601.23085659192
  ],
  [
    1606176000000,
    127010.81364759212
  ],
  [
    1606262400000,
    43676.29392209063
  ],
  [
    1606348800000,
    2179.386752486013
  ],
  [
    1606435200000,
    1677.2516811409625
  ],
  [
    1606521600000,
    1292.2936494895207
  ],
  [
    1606608000000,
    2130.8977307664663
  ],
  [
    1606694400000,
    1198.5421331330874
  ],
  [
    1606780800000,
    1133.7915352659838
  ],
  [
    1606867200000,
    2320.8104771705725
  ],
  [
    1606953600000,
    1504.615026575721
  ],
  [
    1607040000000,
    1396.4644599468618
  ],
  [
    1607126400000,
    192.114639313248
  ],
  [
    1607212800000,
    748.5361222410185
  ],
  [
    1607299200000,
    193.19540150394536
  ],
  [
    1607385600000,
    1216.2395799546855
  ],
  [
    1607472000000,
    898.6408865957693
  ],
  [
    1607558400000,
    384.8372375446682
  ],
  [
    1607644800000,
    213.7615438782555
  ],
  [
    1607731200000,
    654.6390486724855
  ],
  [
    1607817600000,
    183.980262326598
  ],
  [
    1607904000000,
    316.05331328881675
  ],
  [
    1607990400000,
    96.33899018933005
  ],
  [
    1608076800000,
    221.8615812451646
  ],
  [
    1608163200000,
    293.05531541260126
  ],
  [
    1608249600000,
    312.6979331305889
  ],
  [
    1608336000000,
    177.91033205521902
  ],
  [
    1608422400000,
    172.67777978292085
  ],
  [
    1608508800000,
    256.7776582352058
  ],
  [
    1608595200000,
    1212.3004109793278
  ],
  [
    1608681600000,
    4028.2964085408985
  ],
  [
    1608768000000,
    3950.2013154916517
  ],
  [
    1608854400000,
    4157.265371082921
  ],
  [
    1608940800000,
    4522.1482220045955
  ],
  [
    1609027200000,
    4924.301950584174
  ],
  [
    1609113600000,
    2280.66373426508
  ],
  [
    1609200000000,
    102.37052651654658
  ],
  [
    1609286400000,
    36.9099336833498
  ],
  [
    1609372800000,
    123.58039249797707
  ],
  [
    1609459200000,
    97.06082720090961
  ],
  [
    1609545600000,
    62.6635828367659
  ],
  [
    1609632000000,
    56.92747315834082
  ],
  [
    1609718400000,
    23.258003582871527
  ],
  [
    1609804800000,
    109.51243768044974
  ],
  [
    1609891200000,
    135.5776192388933
  ],
  [
    1609977600000,
    124.64695576245693
  ],
  [
    1610064000000,
    1252.7596873807904
  ],
  [
    1610150400000,
    247.31015585192725
  ],
  [
    1610236800000,
    209.03045287633356
  ],
  [
    1610323200000,
    68.88368128214158
  ],
  [
    1610409600000,
    81.47636298368364
  ],
  [
    1610496000000,
    574.548462735433
  ],
  [
    1610582400000,
    251.19453483937124
  ],
  [
    1610668800000,
    31.59186206821862
  ],
  [
    1610755200000,
    17.480477751206184
  ],
  [
    1610841600000,
    443.31275393788513
  ],
  [
    1610928000000,
    52.9017385755368
  ],
  [
    1611014400000,
    80.92239004064248
  ],
  [
    1611100800000,
    1121.0193793825886
  ],
  [
    1611187200000,
    831.5011190827026
  ],
  [
    1611273600000,
    146.4920659044191
  ],
  [
    1611360000000,
    819.04250547783
  ],
  [
    1611446400000,
    37.831927850391295
  ],
  [
    1611532800000,
    359.62977931979384
  ],
  [
    1611619200000,
    65.90072347287835
  ],
  [
    1611705600000,
    2.5653313793833368
  ],
  [
    1611792000000,
    3.982641288756856
  ],
  [
    1611878400000,
    68.09273841167696
  ],
  [
    1611964800000,
    79.62719781364811
  ],
  [
    1612051200000,
    5.254510260296133
  ],
  [
    1612137600000,
    60.007948831114575
  ],
  [
    1612224000000,
    26.770450293678767
  ],
  [
    1612310400000,
    11.10611705162779
  ],
  [
    1612396800000,
    39.12883016358627
  ],
  [
    1612483200000,
    129.44721809089384
  ],
  [
    1612569600000,
    338.6082325332668
  ],
  [
    1612656000000,
    102.61698274234507
  ],
  [
    1612742400000,
    284.2898466658456
  ],
  [
    1612828800000,
    153.99525379514765
  ],
  [
    1612915200000,
    545.898805136505
  ],
  [
    1613001600000,
    12102.661460478284
  ],
  [
    1613088000000,
    550.0050668369026
  ],
  [
    1613174400000,
    38.24534255369883
  ],
  [
    1613260800000,
    1630.4131359961887
  ],
  [
    1613347200000,
    462.6183513197958
  ],
  [
    1613433600000,
    18.482736768751028
  ],
  [
    1613520000000,
    95.2010168790424
  ],
  [
    1613606400000,
    129.70530586835758
  ],
  [
    1613692800000,
    466.36142301957597
  ],
  [
    1613779200000,
    97.35195864274286
  ],
  [
    1613865600000,
    217.18217407223452
  ],
  [
    1613952000000,
    259.5375264031933
  ],
  [
    1614038400000,
    5.1301040366975865
  ],
  [
    1614124800000,
    1472.0328293004977
  ],
  [
    1614211200000,
    105.23609114069217
  ],
  [
    1614297600000,
    162.33270863230163
  ],
  [
    1614384000000,
    46.52969584241589
  ],
  [
    1614470400000,
    135.52279126953763
  ],
  [
    1614556800000,
    246.82688409489597
  ],
  [
    1614643200000,
    108.0667222542026
  ],
  [
    1614729600000,
    15.43591522016588
  ],
  [
    1614816000000,
    11.096320786078957
  ],
  [
    1614902400000,
    10.60692216842458
  ],
  [
    1614988800000,
    137.14144150914348
  ],
  [
    1615075200000,
    185.93570834018675
  ],
  [
    1615161600000,
    15.02194713681041
  ],
  [
    1615248000000,
    184.7290597413666
  ],
  [
    1615334400000,
    80.58397789216426
  ],
  [
    1615420800000,
    93.3786361136439
  ],
  [
    1615507200000,
    413.6039591001654
  ],
  [
    1615593600000,
    90.4045367945869
  ],
  [
    1615680000000,
    67.7450684227565
  ],
  [
    1615766400000,
    80.66347990678395
  ],
  [
    1615852800000,
    200.27000344515042
  ],
  [
    1615939200000,
    72.88820000655902
  ],
  [
    1616025600000,
    22.50987957714425
  ],
  [
    1616112000000,
    537.2827215644883
  ],
  [
    1616198400000,
    195.4170998556436
  ],
  [
    1616284800000,
    74.55830078638081
  ],
  [
    1616371200000,
    191.5133453316115
  ],
  [
    1616457600000,
    139.0509996366147
  ],
  [
    1616544000000,
    144.8711701999835
  ],
  [
    1616630400000,
    19.894184035972263
  ],
  [
    1616716800000,
    40.746161619549746
  ],
  [
    1616803200000,
    36.14966146650384
  ],
  [
    1616889600000,
    156.8738719978014
  ],
  [
    1616976000000,
    152.3726832378101
  ],
  [
    1617062400000,
    224.8928877460278
  ],
  [
    1617148800000,
    778.2947954744739
  ],
  [
    1617235200000,
    8.207744727775767
  ],
  [
    1617321600000,
    723.6445264540602
  ],
  [
    1617408000000,
    10.82857228141606
  ],
  [
    1617494400000,
    178.86605761107666
  ],
  [
    1617580800000,
    96.06855502427109
  ],
  [
    1617667200000,
    164.94447402844747
  ],
  [
    1617753600000,
    64.43287964784182
  ],
  [
    1617840000000,
    2332.022140982939
  ],
  [
    1617926400000,
    330.26522893610735
  ],
  [
    1618012800000,
    100.48063576934945
  ],
  [
    1618099200000,
    203.42852737061958
  ],
  [
    1618185600000,
    217.29062053538632
  ],
  [
    1618272000000,
    910.657633560716
  ],
  [
    1618358400000,
    724.1707590163857
  ],
  [
    1618444800000,
    316.243383373838
  ],
  [
    1618531200000,
    1504.157775124911
  ],
  [
    1618617600000,
    777.478491414327
  ],
  [
    1618704000000,
    1194.4826101748113
  ],
  [
    1618790400000,
    1150.5364239595026
  ],
  [
    1618876800000,
    1371.4506786609606
  ],
  [
    1618963200000,
    475.5076816619719
  ],
  [
    1619049600000,
    307.96627069994133
  ],
  [
    1619136000000,
    77.14477814000523
  ],
  [
    1619222400000,
    152.06624945982625
  ],
  [
    1619308800000,
    72.3106866549843
  ],
  [
    1619395200000,
    343.7959575742592
  ],
  [
    1619481600000,
    301.5996911975653
  ],
  [
    1619568000000,
    217.74964470626233
  ],
  [
    1619654400000,
    156.89706846997746
  ],
  [
    1619740800000,
    55.50629975631232
  ],
  [
    1619827200000,
    29.119970279635698
  ],
  [
    1619913600000,
    70.7611616985498
  ],
  [
    1620000000000,
    82.14488620562018
  ],
  [
    1620086400000,
    126.20761221212386
  ],
  [
    1620172800000,
    127.59173120169531
  ],
  [
    1620259200000,
    138.01206805365206
  ],
  [
    1620345600000,
    3.5021912745673895
  ],
  [
    1620432000000,
    27.623279789307638
  ],
  [
    1620518400000,
    21.5452525379139
  ],
  [
    1620604800000,
    48.42728672945104
  ],
  [
    1620691200000,
    149.83500484708208
  ],
  [
    1620777600000,
    203.32160613899435
  ],
  [
    1620864000000,
    525.2996383680271
  ],
  [
    1620950400000,
    45.25366022074355
  ],
  [
    1621036800000,
    70.82787621237459
  ],
  [
    1621123200000,
    24.752328082072673
  ],
  [
    1621209600000,
    86.15990454921068
  ],
  [
    1621296000000,
    287.60268649209144
  ],
  [
    1621382400000,
    148.8733534492607
  ],
  [
    1621468800000,
    103.59246594818684
  ],
  [
    1621555200000,
    332.2221237329677
  ],
  [
    1621641600000,
    23.230486299960532
  ],
  [
    1621728000000,
    31.572504341490014
  ],
  [
    1621814400000,
    20.401820358581553
  ],
  [
    1621900800000,
    11.898491963855145
  ],
  [
    1621987200000,
    41.79502917435551
  ],
  [
    1622073600000,
    40.903954677193084
  ],
  [
    1622160000000,
    18.36402101873527
  ],
  [
    1622246400000,
    247.15204229172022
  ],
  [
    1622332800000,
    67.85700727828372
  ],
  [
    1622419200000,
    120.09521455757525
  ],
  [
    1622505600000,
    65.13919322840727
  ],
  [
    1622592000000,
    53.82308907896491
  ],
  [
    1622678400000,
    234.48819196838133
  ],
  [
    1622764800000,
    56.44219835462535
  ],
  [
    1622851200000,
    21.375068754404836
  ],
  [
    1622937600000,
    50.89152630122318
  ],
  [
    1623024000000,
    123.1720505466989
  ],
  [
    1623110400000,
    41.617367588082494
  ],
  [
    1623196800000,
    30.813217100553484
  ],
  [
    1623283200000,
    136.41712030632388
  ],
  [
    1623369600000,
    48.60739761508751
  ],
  [
    1623456000000,
    13.017096504973962
  ],
  [
    1623542400000,
    16.065526920274394
  ],
  [
    1623628800000,
    63.53998796309099
  ],
  [
    1623715200000,
    38.30888626014004
  ],
  [
    1623801600000,
    52.605834585037286
  ],
  [
    1623888000000,
    92.6900544684769
  ],
  [
    1623974400000,
    58.42233211889207
  ],
  [
    1624060800000,
    122.56436809293477
  ],
  [
    1624147200000,
    35.54426557974062
  ],
  [
    1624233600000,
    27.054550263594148
  ],
  [
    1624320000000,
    20.44162060372936
  ],
  [
    1624406400000,
    5.804571124569764
  ],
  [
    1624492800000,
    35.553379712867276
  ],
  [
    1624579200000,
    57.728744376458515
  ],
  [
    1624665600000,
    43.96420207109713
  ],
  [
    1624752000000,
    9.42284142350456
  ],
  [
    1624838400000,
    35.82026434270283
  ],
  [
    1624924800000,
    14.207260359618088
  ],
  [
    1625011200000,
    7.62389905884347
  ],
  [
    1625097600000,
    0.5914938565630907
  ],
  [
    1625184000000,
    11.418399274941665
  ],
  [
    1625270400000,
    12.58661584456595
  ],
  [
    1625356800000,
    5.9638794385438345
  ],
  [
    1625443200000,
    131.66122909117817
  ],
  [
    1625529600000,
    17.618140194073785
  ],
  [
    1625616000000,
    12.264961858861453
  ],
  [
    1625702400000,
    2.553568040206237
  ],
  [
    1625788800000,
    22.91574977086945
  ],
  [
    1625875200000,
    37.586609831276874
  ],
  [
    1625961600000,
    24.292013271641178
  ],
  [
    1626048000000,
    35.024290996062064
  ],
  [
    1626134400000,
    72.8114762653328
  ],
  [
    1626220800000,
    55.86752843024777
  ],
  [
    1626307200000,
    49.8396020610855
  ],
  [
    1626393600000,
    9.64633875445686
  ],
  [
    1626480000000,
    72.64375354917416
  ],
  [
    1626566400000,
    24.144565590557114
  ],
  [
    1626652800000,
    20.688539724590946
  ],
  [
    1626739200000,
    3.342837231537951
  ],
  [
    1626825600000,
    220.10360129212728
  ],
  [
    1626912000000,
    43.299813980150326
  ],
  [
    1626998400000,
    111.64550537450465
  ],
  [
    1627084800000,
    31.321072846672177
  ],
  [
    1627171200000,
    65.54028804493376
  ],
  [
    1627257600000,
    33.78671046219887
  ],
  [
    1627344000000,
    89.09573603722149
  ],
  [
    1627430400000,
    151.5332142334648
  ],
  [
    1627516800000,
    309.7522626119602
  ],
  [
    1627603200000,
    44.32173700774634
  ],
  [
    1627689600000,
    10.838163696570593
  ],
  [
    1627776000000,
    4.198945422783115
  ],
  [
    1627862400000,
    66.51587584209314
  ],
  [
    1627948800000,
    60.40177999233029
  ],
  [
    1628035200000,
    170.3794238264219
  ],
  [
    1628121600000,
    265.72645039275875
  ],
  [
    1628208000000,
    85.16869421465823
  ],
  [
    1628294400000,
    129.4930315195444
  ],
  [
    1628380800000,
    182.6339006565861
  ],
  [
    1628467200000,
    152.66616379291077
  ],
  [
    1628553600000,
    3.1048310628995823
  ],
  [
    1628640000000,
    0.2100925612867546
  ],
  [
    1628726400000,
    2.2634399049087843
  ],
  [
    1628812800000,
    8.119198421930713
  ],
  [
    1628899200000,
    71.58289318593097
  ],
  [
    1628985600000,
    368.6826696922623
  ],
  [
    1629072000000,
    55.136108162696544
  ],
  [
    1629158400000,
    28.553813912014718
  ],
  [
    1629244800000,
    50.964605304219646
  ],
  [
    1629331200000,
    778.8604986228503
  ],
  [
    1629417600000,
    28.608299846982494
  ],
  [
    1629504000000,
    70.58137079673709
  ],
  [
    1629590400000,
    38.75718198849065
  ],
  [
    1629676800000,
    92.29508557652441
  ],
  [
    1629763200000,
    34.52129056879204
  ],
  [
    1629849600000,
    136.62874483130744
  ],
  [
    1629936000000,
    42.621290118788046
  ],
  [
    1630022400000,
    56.432629890282584
  ],
  [
    1630108800000,
    405.2616708952545
  ],
  [
    1630195200000,
    287.0377845492681
  ],
  [
    1630281600000,
    488.21055161407463
  ],
  [
    1630368000000,
    136.76355821425537
  ],
  [
    1630454400000,
    105.5857237177335
  ],
  [
    1630540800000,
    134.66234391488328
  ],
  [
    1630627200000,
    142.65083462874003
  ]
]