[
  [
    1601424000000,
    0
  ],
  [
    1601510400000,
    0
  ],
  [
    1601596800000,
    0
  ],
  [
    1601683200000,
    0
  ],
  [
    1601769600000,
    0
  ],
  [
    1601856000000,
    0
  ],
  [
    1601942400000,
    0
  ],
  [
    1602028800000,
    0
  ],
  [
    1602115200000,
    0
  ],
  [
    1602201600000,
    0
  ],
  [
    1602288000000,
    0
  ],
  [
    1602374400000,
    0
  ],
  [
    1602460800000,
    0
  ],
  [
    1602547200000,
    0
  ],
  [
    1602633600000,
    0
  ],
  [
    1602720000000,
    0
  ],
  [
    1602806400000,
    0
  ],
  [
    1602892800000,
    0
  ],
  [
    1602979200000,
    0
  ],
  [
    1603065600000,
    0
  ],
  [
    1603152000000,
    0
  ],
  [
    1603238400000,
    0
  ],
  [
    1603324800000,
    0
  ],
  [
    1603411200000,
    0
  ],
  [
    1603497600000,
    0
  ],
  [
    1603584000000,
    0
  ],
  [
    1603670400000,
    0
  ],
  [
    1603756800000,
    0
  ],
  [
    1603843200000,
    0
  ],
  [
    1603929600000,
    0
  ],
  [
    1604016000000,
    0
  ],
  [
    1604102400000,
    0
  ],
  [
    1604188800000,
    0
  ],
  [
    1604275200000,
    0
  ],
  [
    1604361600000,
    0
  ],
  [
    1604448000000,
    0
  ],
  [
    1604534400000,
    0
  ],
  [
    1604620800000,
    0
  ],
  [
    1604707200000,
    0
  ],
  [
    1604793600000,
    0
  ],
  [
    1604880000000,
    0
  ],
  [
    1604966400000,
    0
  ],
  [
    1605052800000,
    0
  ],
  [
    1605139200000,
    0
  ],
  [
    1605225600000,
    0
  ],
  [
    1605312000000,
    0
  ],
  [
    1605398400000,
    0
  ],
  [
    1605484800000,
    0
  ],
  [
    1605571200000,
    0
  ],
  [
    1605657600000,
    0
  ],
  [
    1605744000000,
    0
  ],
  [
    1605830400000,
    0
  ],
  [
    1605916800000,
    0
  ],
  [
    1606003200000,
    0
  ],
  [
    1606089600000,
    0
  ],
  [
    1606176000000,
    0
  ],
  [
    1606262400000,
    0
  ],
  [
    1606348800000,
    0
  ],
  [
    1606435200000,
    0
  ],
  [
    1606521600000,
    0
  ],
  [
    1606608000000,
    0
  ],
  [
    1606694400000,
    0
  ],
  [
    1606867200000,
    0
  ],
  [
    1606953600000,
    0
  ],
  [
    1607040000000,
    0
  ],
  [
    1607126400000,
    0
  ],
  [
    1607472000000,
    0
  ],
  [
    1607558400000,
    0
  ],
  [
    1607644800000,
    0
  ],
  [
    1607731200000,
    0
  ],
  [
    1607817600000,
    0
  ],
  [
    1607904000000,
    0
  ],
  [
    1607990400000,
    0
  ],
  [
    1608163200000,
    0
  ],
  [
    1608249600000,
    0
  ],
  [
    1608336000000,
    0
  ],
  [
    1608422400000,
    0
  ],
  [
    1608508800000,
    0
  ],
  [
    1608595200000,
    0
  ],
  [
    1608681600000,
    0
  ],
  [
    1608768000000,
    0
  ],
  [
    1608854400000,
    0
  ],
  [
    1609459200000,
    0
  ],
  [
    1609545600000,
    0
  ],
  [
    1609891200000,
    0
  ],
  [
    1609977600000,
    0
  ],
  [
    1610064000000,
    0
  ],
  [
    1610150400000,
    0
  ],
  [
    1610236800000,
    0
  ],
  [
    1610323200000,
    0
  ],
  [
    1610409600000,
    0
  ],
  [
    1610496000000,
    0
  ],
  [
    1610582400000,
    0
  ],
  [
    1610668800000,
    0
  ],
  [
    1610755200000,
    0
  ],
  [
    1611187200000,
    0
  ],
  [
    1611273600000,
    0
  ],
  [
    1611360000000,
    0
  ],
  [
    1611446400000,
    0
  ],
  [
    1612137600000,
    0
  ],
  [
    1612224000000,
    0
  ],
  [
    1612483200000,
    0
  ],
  [
    1612569600000,
    0
  ],
  [
    1613433600000,
    0
  ],
  [
    1613520000000,
    0
  ],
  [
    1613606400000,
    0
  ],
  [
    1613692800000,
    0
  ],
  [
    1613865600000,
    0
  ],
  [
    1613952000000,
    0
  ],
  [
    1617494400000,
    0
  ],
  [
    1617580800000,
    0
  ],
  [
    1617667200000,
    0
  ],
  [
    1617840000000,
    0
  ],
  [
    1617926400000,
    0
  ],
  [
    1619827200000,
    0
  ],
  [
    1619913600000,
    0
  ],
  [
    1621555200000,
    0
  ],
  [
    1621641600000,
    0
  ],
  [
    1622246400000,
    0
  ],
  [
    1622332800000,
    0
  ],
  [
    1622419200000,
    0
  ],
  [
    1622937600000,
    0
  ],
  [
    1623024000000,
    0
  ],
  [
    1623110400000,
    0
  ],
  [
    1623196800000,
    0
  ],
  [
    1623715200000,
    0
  ],
  [
    1623801600000,
    0
  ],
  [
    1627776000000,
    0
  ],
  [
    1627862400000,
    0
  ],
  [
    1629504000000,
    0
  ],
  [
    1629590400000,
    0
  ],
  [
    1630540800000,
    0
  ],
  [
    1630627200000,
    0
  ]
]