[
  [
    1602979200000,
    36.677694885346064
  ],
  [
    1603065600000,
    36.677694885346064
  ],
  [
    1603152000000,
    30.48412335799147
  ],
  [
    1603238400000,
    22.64820440062702
  ],
  [
    1603324800000,
    21.208635120980755
  ],
  [
    1603411200000,
    19.564829570252318
  ],
  [
    1603497600000,
    23.680429418342896
  ],
  [
    1603584000000,
    18.613673382063006
  ],
  [
    1603670400000,
    19.70778364628272
  ],
  [
    1603756800000,
    27.75911519829661
  ],
  [
    1603843200000,
    20.282854375752734
  ],
  [
    1603929600000,
    19.248942886276684
  ],
  [
    1604016000000,
    17.02902959957766
  ],
  [
    1604102400000,
    17.278226278013076
  ],
  [
    1604188800000,
    17.83552541879177
  ],
  [
    1604275200000,
    13.764683475342407
  ],
  [
    1604361600000,
    15.319138814686921
  ],
  [
    1604448000000,
    16.012000944247905
  ],
  [
    1604534400000,
    16.294749477809905
  ],
  [
    1604620800000,
    3.5406385019581057
  ],
  [
    1604707200000,
    7.389588419118448
  ],
  [
    1604793600000,
    5.5943116553236205
  ],
  [
    1604880000000,
    2.759811099634077
  ],
  [
    1604966400000,
    2.2482994785667385
  ],
  [
    1605052800000,
    2.366719468184961
  ],
  [
    1605139200000,
    2.3522533012419076
  ],
  [
    1605225600000,
    2.6294200787782014
  ],
  [
    1605312000000,
    2.47806809374553
  ],
  [
    1605398400000,
    2.2329313275961336
  ],
  [
    1605484800000,
    2.000610138248304
  ],
  [
    1605571200000,
    2.0306906490694425
  ],
  [
    1605657600000,
    1.906844236079892
  ],
  [
    1605744000000,
    1.7851160136580302
  ],
  [
    1605830400000,
    1.7851160136580302
  ],
  [
    1605916800000,
    1.9360008094585162
  ],
  [
    1606003200000,
    2.174494637541739
  ],
  [
    1606089600000,
    2.321449583231624
  ],
  [
    1606176000000,
    2.3433543975481648
  ],
  [
    1606262400000,
    2.4582324340376878
  ],
  [
    1606348800000,
    2.4638118138431615
  ],
  [
    1606435200000,
    1.5490322919850215
  ],
  [
    1606521600000,
    2.2014861295299326
  ],
  [
    1606608000000,
    2.2014861295299326
  ],
  [
    1606694400000,
    2.372954229444733
  ],
  [
    1606780800000,
    2.558866060894717
  ],
  [
    1606867200000,
    2.492476227635485
  ],
  [
    1606953600000,
    2.3378165382750073
  ],
  [
    1607126400000,
    2.4858963177515916
  ],
  [
    1607212800000,
    2.4858963177515916
  ],
  [
    1607472000000,
    9.068414489831184
  ],
  [
    1607558400000,
    9.068414489831184
  ],
  [
    1607644800000,
    2.543855862083224
  ],
  [
    1607731200000,
    2.643582053410516
  ],
  [
    1607817600000,
    2.643582053410516
  ],
  [
    1607904000000,
    2.78247967033802
  ],
  [
    1607990400000,
    2.7488036156169224
  ],
  [
    1608336000000,
    3.2348453620337225
  ],
  [
    1608422400000,
    3.2348453620337225
  ],
  [
    1608508800000,
    2.97096877448459
  ],
  [
    1608595200000,
    2.9925581968099886
  ],
  [
    1608681600000,
    2.838688595377716
  ],
  [
    1608854400000,
    2.621981373995262
  ],
  [
    1608940800000,
    2.621981373995262
  ],
  [
    1609027200000,
    2.6534334404212756
  ],
  [
    1609113600000,
    2.6534334404212756
  ],
  [
    1609200000000,
    3.1290716914911187
  ],
  [
    1609286400000,
    2.9893416714404264
  ],
  [
    1609372800000,
    2.71210300300216
  ],
  [
    1609718400000,
    3.567554807723965
  ],
  [
    1609804800000,
    3.567554807723965
  ],
  [
    1610064000000,
    3.9118795470977066
  ],
  [
    1610150400000,
    3.9118795470977066
  ],
  [
    1610236800000,
    4.065937698317198
  ],
  [
    1610323200000,
    4.170629959571118
  ],
  [
    1610409600000,
    3.5390722552750433
  ],
  [
    1610496000000,
    3.5390722552750433
  ],
  [
    1610668800000,
    3.7568784198592144
  ],
  [
    1610755200000,
    3.7568784198592144
  ],
  [
    1610928000000,
    3.9204466309706554
  ],
  [
    1611014400000,
    3.9204466309706554
  ],
  [
    1611100800000,
    4.273980454979727
  ],
  [
    1611360000000,
    4.429503435496289
  ],
  [
    1611446400000,
    4.429503435496289
  ],
  [
    1611532800000,
    4.781875537646398
  ],
  [
    1612569600000,
    5.7652880944646085
  ],
  [
    1612656000000,
    5.7652880944646085
  ],
  [
    1616284800000,
    6.005685390195615
  ],
  [
    1616371200000,
    6.005685390195615
  ],
  [
    1616457600000,
    5.929239410489649
  ],
  [
    1617148800000,
    11.642953383227535
  ],
  [
    1617235200000,
    11.642953383227535
  ],
  [
    1617321600000,
    11.604357288857543
  ],
  [
    1617408000000,
    6.899091868871208
  ],
  [
    1617494400000,
    6.899091868871208
  ],
  [
    1617580800000,
    4.008756732811596
  ],
  [
    1617667200000,
    4.008756732811596
  ],
  [
    1617753600000,
    6.158804815971428
  ],
  [
    1617840000000,
    5.011087922280402
  ],
  [
    1617926400000,
    3.6885317275582836
  ],
  [
    1618012800000,
    3.674433624822407
  ],
  [
    1618099200000,
    6.639564197404058
  ],
  [
    1618272000000,
    6.793917098975844
  ],
  [
    1618358400000,
    6.793917098975844
  ],
  [
    1618444800000,
    3.8467961677328435
  ],
  [
    1618531200000,
    3.58922277692082
  ],
  [
    1618617600000,
    8.903261043415762
  ],
  [
    1618704000000,
    8.809967526082534
  ],
  [
    1618876800000,
    2.8775610739480992
  ],
  [
    1618963200000,
    2.8775610739480992
  ],
  [
    1619049600000,
    2.6475737715808063
  ],
  [
    1619136000000,
    3.0552484812180403
  ],
  [
    1619222400000,
    2.333623673855423
  ],
  [
    1619308800000,
    2.3043059178861705
  ],
  [
    1619395200000,
    4.610231816649886
  ],
  [
    1619481600000,
    3.3798893287154494
  ],
  [
    1619568000000,
    2.680844388950264
  ],
  [
    1619654400000,
    3.3977188296179794
  ],
  [
    1619740800000,
    3.3459675821056223
  ],
  [
    1619827200000,
    3.4152645947400715
  ],
  [
    1619913600000,
    5.468199879900137
  ],
  [
    1620000000000,
    3.7439445955519104
  ],
  [
    1620086400000,
    3.7013971615973467
  ],
  [
    1620172800000,
    3.882936568362899
  ],
  [
    1620259200000,
    3.0346913298978624
  ],
  [
    1620345600000,
    3.50874339653864
  ],
  [
    1620432000000,
    3.337448208228463
  ],
  [
    1620518400000,
    3.185569976731652
  ],
  [
    1620604800000,
    4.253258774852615
  ],
  [
    1620691200000,
    2.845195808648157
  ],
  [
    1620777600000,
    2.8782506905255723
  ],
  [
    1620864000000,
    2.866636786946804
  ],
  [
    1621123200000,
    11.664271352178798
  ],
  [
    1621209600000,
    11.664271352178798
  ],
  [
    1621296000000,
    2.8944154382064093
  ],
  [
    1621382400000,
    2.8944154382064093
  ],
  [
    1621468800000,
    2.794012180909123
  ],
  [
    1621555200000,
    2.912709984178909
  ],
  [
    1621900800000,
    3.1357669997800346
  ],
  [
    1621987200000,
    3.1357669997800346
  ],
  [
    1622073600000,
    3.8319997877467733
  ],
  [
    1622160000000,
    4.489271696457695
  ],
  [
    1622246400000,
    4.5893995295830345
  ],
  [
    1622332800000,
    3.6959597668846595
  ],
  [
    1622419200000,
    2.712446198848862
  ],
  [
    1622505600000,
    4.400390550995366
  ],
  [
    1622592000000,
    3.72256436003489
  ],
  [
    1622678400000,
    4.794449002823319
  ],
  [
    1622764800000,
    4.9130406587501385
  ],
  [
    1622851200000,
    3.430832185929945
  ],
  [
    1622937600000,
    6.793824080270416
  ],
  [
    1623024000000,
    16.131520239633755
  ],
  [
    1623110400000,
    13.270566999428437
  ],
  [
    1623196800000,
    13.35185082305173
  ],
  [
    1623283200000,
    7.220797693899982
  ],
  [
    1623369600000,
    17.176250254672688
  ],
  [
    1623456000000,
    5.157011748422548
  ],
  [
    1623542400000,
    5.230113314124006
  ],
  [
    1624060800000,
    6.552055355062805
  ],
  [
    1624147200000,
    6.552055355062805
  ],
  [
    1624924800000,
    6.202281106085228
  ],
  [
    1625011200000,
    6.202281106085228
  ],
  [
    1625702400000,
    5.082830117057033
  ],
  [
    1625788800000,
    5.082830117057033
  ],
  [
    1626566400000,
    2.675693463356256
  ],
  [
    1626652800000,
    2.675693463356256
  ],
  [
    1626739200000,
    2.651327929850834
  ],
  [
    1626825600000,
    2.563276814336931
  ],
  [
    1626912000000,
    6.718849163965573
  ],
  [
    1626998400000,
    6.718849163965573
  ],
  [
    1627084800000,
    2.282379353878281
  ],
  [
    1627171200000,
    2.313686458338999
  ],
  [
    1627257600000,
    2.352055485497798
  ],
  [
    1627344000000,
    2.383914590386392
  ],
  [
    1627948800000,
    6.5850458513215715
  ],
  [
    1628035200000,
    6.5850458513215715
  ],
  [
    1628121600000,
    7.133775851220384
  ],
  [
    1630281600000,
    2.2283792991586964
  ],
  [
    1630368000000,
    2.2283792991586964
  ],
  [
    1630454400000,
    2.268011074310006
  ],
  [
    1630540800000,
    2.268011074310006
  ],
  [
    1630627200000,
    2.268011074310006
  ]
]