[
  [
    1625097600000,
    21177.283403249614
  ],
  [
    1625184000000,
    21177.283403249614
  ],
  [
    1625270400000,
    122801.06750734376
  ],
  [
    1625356800000,
    14224.719957107473
  ],
  [
    1625443200000,
    7533.651774778013
  ],
  [
    1625529600000,
    9277.741033927588
  ],
  [
    1625616000000,
    1667.4826033829258
  ],
  [
    1625702400000,
    19921.159890824652
  ],
  [
    1625788800000,
    46530.61053991276
  ],
  [
    1625875200000,
    23220.419370503645
  ],
  [
    1625961600000,
    10364.167358866644
  ],
  [
    1626048000000,
    27690.656033752002
  ],
  [
    1626134400000,
    86427.92838877096
  ],
  [
    1626220800000,
    52156.65280412114
  ],
  [
    1626307200000,
    62265.79637722761
  ],
  [
    1626393600000,
    11268.049673642478
  ],
  [
    1626480000000,
    2711.8793733007487
  ],
  [
    1626566400000,
    143.23458377419095
  ],
  [
    1626652800000,
    1418.4384205267072
  ],
  [
    1626739200000,
    1074.531351855471
  ],
  [
    1626825600000,
    225.62210803083207
  ],
  [
    1626912000000,
    327.63931863242095
  ],
  [
    1626998400000,
    692.6464879573709
  ],
  [
    1627084800000,
    206.23667298084752
  ],
  [
    1627171200000,
    596.0250342357431
  ],
  [
    1627257600000,
    223.38361104711433
  ],
  [
    1627344000000,
    184.04186616790076
  ],
  [
    1627430400000,
    594.2114785638732
  ],
  [
    1627516800000,
    975.0479250875223
  ],
  [
    1627603200000,
    1025.7961928939162
  ],
  [
    1627689600000,
    595.6254637797382
  ],
  [
    1627776000000,
    1003.4869633762338
  ],
  [
    1627862400000,
    717.7335938956836
  ],
  [
    1627948800000,
    8660.157478386911
  ],
  [
    1628035200000,
    9628.186558505218
  ],
  [
    1628121600000,
    5135.286849282252
  ],
  [
    1628208000000,
    477.09653539957867
  ],
  [
    1628294400000,
    19257.154916178326
  ],
  [
    1628380800000,
    585.3110551151915
  ],
  [
    1628467200000,
    65.55401130126887
  ],
  [
    1628553600000,
    13.43363724208158
  ],
  [
    1628640000000,
    279.52195127120757
  ],
  [
    1628726400000,
    46.192840843088064
  ],
  [
    1628812800000,
    5.724904592694453
  ],
  [
    1628899200000,
    124.47139402901026
  ],
  [
    1628985600000,
    104.48822143856279
  ],
  [
    1629072000000,
    152.31907686284822
  ],
  [
    1629158400000,
    57.897787339793105
  ],
  [
    1629244800000,
    104.64988656597059
  ],
  [
    1629331200000,
    7.304231400230313
  ],
  [
    1629417600000,
    33.926768081027625
  ],
  [
    1629504000000,
    74.33391266860268
  ],
  [
    1629590400000,
    176.39160974597377
  ],
  [
    1629676800000,
    139.690145128295
  ],
  [
    1629763200000,
    6906.441668216986
  ],
  [
    1629849600000,
    3746.5170501728617
  ],
  [
    1629936000000,
    53.672679390705234
  ],
  [
    1630022400000,
    93.46751430010163
  ],
  [
    1630108800000,
    218.13301210361976
  ],
  [
    1630195200000,
    3855.8663538934265
  ],
  [
    1630281600000,
    1008.8662454981179
  ],
  [
    1630368000000,
    684.0001273441031
  ],
  [
    1630454400000,
    1859.527529809438
  ],
  [
    1630540800000,
    4101.338616606879
  ],
  [
    1630627200000,
    2188.383495651648
  ]
]