[
  [
    1622160000000,
    1.174633276257936e-9
  ],
  [
    1622246400000,
    1.174633276257936e-9
  ],
  [
    1622332800000,
    1.2475230012294094e-9
  ],
  [
    1622419200000,
    9.884142400431288e-10
  ],
  [
    1622505600000,
    7.640596752611027e-10
  ],
  [
    1622592000000,
    5.484861164133307e-10
  ],
  [
    1622678400000,
    6.371239441107865e-10
  ],
  [
    1622764800000,
    5.703732150149253e-10
  ],
  [
    1622851200000,
    5.24659018289814e-10
  ],
  [
    1622937600000,
    5.023927937128606e-10
  ],
  [
    1623024000000,
    5.493349712027137e-10
  ],
  [
    1623110400000,
    4.4074291294575085e-10
  ],
  [
    1623196800000,
    8.518219427978262e-10
  ],
  [
    1623283200000,
    2.1786931337585074e-9
  ],
  [
    1623369600000,
    1.0891188028193613e-9
  ],
  [
    1623456000000,
    9.051622737671588e-10
  ],
  [
    1623542400000,
    9.451960096942341e-10
  ],
  [
    1623628800000,
    1.1013156998622181e-9
  ],
  [
    1623715200000,
    8.611541543632423e-10
  ],
  [
    1623801600000,
    8.836805010254119e-10
  ],
  [
    1623888000000,
    7.480073440250343e-10
  ],
  [
    1623974400000,
    7.912161230171376e-10
  ],
  [
    1624060800000,
    7.269593454278203e-10
  ],
  [
    1624147200000,
    6.605068936789142e-10
  ],
  [
    1624233600000,
    6.990976473248481e-10
  ],
  [
    1624320000000,
    5.169209888825746e-10
  ],
  [
    1624406400000,
    5.61197409661441e-10
  ],
  [
    1624492800000,
    6.811626314584581e-10
  ],
  [
    1624579200000,
    7.540405432820382e-10
  ],
  [
    1624665600000,
    6.921967686625767e-10
  ],
  [
    1624752000000,
    6.12607951192238e-10
  ],
  [
    1624838400000,
    6.605569604432402e-10
  ],
  [
    1624924800000,
    6.010520600068662e-10
  ],
  [
    1625011200000,
    6.305878964046455e-10
  ],
  [
    1625097600000,
    2.711554482480089e-10
  ],
  [
    1625184000000,
    2.0980988182363917e-10
  ],
  [
    1625270400000,
    2.2513578902108559e-10
  ],
  [
    1625356800000,
    2.515537466978085e-10
  ],
  [
    1625443200000,
    2.6848314252896696e-10
  ],
  [
    1625529600000,
    2.2087772603783636e-10
  ],
  [
    1625616000000,
    1.624864748698911e-10
  ],
  [
    1625702400000,
    1.6029705143993972e-10
  ],
  [
    1625788800000,
    1.802082485011864e-10
  ],
  [
    1625875200000,
    1.863783159468066e-10
  ],
  [
    1625961600000,
    1.579603570155743e-10
  ],
  [
    1626048000000,
    1.2928246989386087e-10
  ],
  [
    1626134400000,
    1.4240159943312355e-10
  ],
  [
    1626220800000,
    1.4369726854715364e-10
  ],
  [
    1626307200000,
    1.5860981283836635e-10
  ],
  [
    1626393600000,
    1.2083308701371462e-10
  ],
  [
    1626480000000,
    1.3952570258730795e-10
  ],
  [
    1626566400000,
    1.34412257085533e-10
  ],
  [
    1626652800000,
    1.3965831394307041e-10
  ],
  [
    1626739200000,
    1.0094089924107389e-10
  ],
  [
    1626825600000,
    1.0364253937711039e-10
  ],
  [
    1626912000000,
    9.146057832551913e-11
  ],
  [
    1626998400000,
    1.0290465605214203e-10
  ],
  [
    1627084800000,
    1.0576898805545999e-10
  ],
  [
    1627171200000,
    1.1457223864157603e-10
  ],
  [
    1627257600000,
    1.4674510379756913e-10
  ],
  [
    1627344000000,
    8.883571192271125e-11
  ],
  [
    1627430400000,
    9.045298485028329e-11
  ],
  [
    1627516800000,
    1.2141079011267322e-10
  ],
  [
    1627603200000,
    1.2942932327917125e-10
  ],
  [
    1627689600000,
    1.1373478439219129e-10
  ],
  [
    1627776000000,
    1.6835068823549897e-10
  ],
  [
    1627862400000,
    1.842717652873615e-10
  ],
  [
    1627948800000,
    1.5375634245324422e-10
  ],
  [
    1628035200000,
    1.5425833054747417e-10
  ],
  [
    1628121600000,
    1.693948625364136e-10
  ],
  [
    1628208000000,
    1.0335629421688553e-10
  ],
  [
    1628294400000,
    1.4942647575015062e-10
  ],
  [
    1628380800000,
    1.2101840433508737e-10
  ],
  [
    1628467200000,
    1.6758437067181335e-10
  ],
  [
    1628553600000,
    2.231487421954548e-10
  ],
  [
    1628640000000,
    1.5654551110494243e-10
  ],
  [
    1628726400000,
    2.1524791901052755e-10
  ],
  [
    1628812800000,
    1.9530635759868725e-10
  ],
  [
    1628899200000,
    1.1492221966982655e-10
  ],
  [
    1628985600000,
    1.1384213483915848e-10
  ],
  [
    1629072000000,
    1.1436053398992825e-10
  ],
  [
    1629158400000,
    1.1462412951945581e-10
  ],
  [
    1629244800000,
    2.045237581757989e-10
  ],
  [
    1629331200000,
    1.0572095979030604e-10
  ],
  [
    1629417600000,
    1.122859163839178e-10
  ],
  [
    1629504000000,
    1.1965019781246835e-10
  ],
  [
    1629590400000,
    1.1854706998055133e-10
  ],
  [
    1629676800000,
    1.1542312416249518e-10
  ],
  [
    1629763200000,
    1.291636356816374e-10
  ],
  [
    1629849600000,
    1.2256129108329591e-10
  ],
  [
    1629936000000,
    1.2842555258558644e-10
  ],
  [
    1630022400000,
    1.2322886950914152e-10
  ],
  [
    1630108800000,
    1.2584569682695387e-10
  ],
  [
    1630195200000,
    2.209833500514414e-10
  ],
  [
    1630281600000,
    2.0464710195402999e-10
  ],
  [
    1630368000000,
    1.898511496114576e-10
  ],
  [
    1630454400000,
    1.1915327448673702e-10
  ],
  [
    1630540800000,
    1.2510068728138464e-10
  ],
  [
    1630627200000,
    1.2466721737073308e-10
  ]
]