[
  [
    1609891200000,
    0
  ],
  [
    1609977600000,
    0
  ],
  [
    1610064000000,
    0
  ],
  [
    1610150400000,
    829132.8987849413
  ],
  [
    1610236800000,
    575283.0182547311
  ],
  [
    1610323200000,
    579463.9647005135
  ],
  [
    1610409600000,
    518598.0783429412
  ],
  [
    1610496000000,
    422172.65180190495
  ],
  [
    1610582400000,
    443693.30268724327
  ],
  [
    1610668800000,
    318688.1939110088
  ],
  [
    1610755200000,
    293966.0926944363
  ],
  [
    1610841600000,
    425510.82542939665
  ],
  [
    1610928000000,
    392877.48206186196
  ],
  [
    1611014400000,
    348493.2654949669
  ],
  [
    1611100800000,
    335567.8932648581
  ],
  [
    1611187200000,
    337232.3102830562
  ],
  [
    1611273600000,
    302081.04716488713
  ],
  [
    1611360000000,
    280555.3834096453
  ],
  [
    1611446400000,
    335853.5813684403
  ],
  [
    1611532800000,
    483235.077648572
  ],
  [
    1611619200000,
    472151.7743473819
  ],
  [
    1611705600000,
    633072.0335610204
  ],
  [
    1611792000000,
    542965.5148201558
  ],
  [
    1611878400000,
    476058.7613807746
  ],
  [
    1611964800000,
    415963.96710156056
  ],
  [
    1612051200000,
    396690.77671191253
  ],
  [
    1612137600000,
    544977.215767887
  ],
  [
    1612224000000,
    464943.68684546754
  ],
  [
    1612310400000,
    427669.70003388927
  ],
  [
    1612396800000,
    420714.79612816963
  ],
  [
    1612483200000,
    350475.6993675375
  ],
  [
    1612569600000,
    295268.66303162905
  ],
  [
    1612656000000,
    323606.7982378634
  ],
  [
    1612742400000,
    275241.41741591133
  ],
  [
    1612828800000,
    436022.9682546657
  ],
  [
    1612915200000,
    334894.6218235763
  ],
  [
    1613001600000,
    317760.47609084443
  ],
  [
    1613088000000,
    334481.99051443447
  ],
  [
    1613174400000,
    305460.75393676123
  ],
  [
    1613260800000,
    312806.5781206461
  ],
  [
    1613347200000,
    289484.8753743374
  ],
  [
    1613433600000,
    275805.2165801369
  ],
  [
    1613520000000,
    310060.2646755989
  ],
  [
    1613606400000,
    327210.6960734279
  ],
  [
    1613692800000,
    256722.91383901323
  ],
  [
    1613779200000,
    232009.4584038393
  ],
  [
    1613865600000,
    233108.37228897592
  ],
  [
    1613952000000,
    223442.9423315487
  ],
  [
    1614038400000,
    199724.9526595537
  ],
  [
    1614124800000,
    125196.17869619942
  ],
  [
    1614211200000,
    126588.3953499382
  ],
  [
    1614297600000,
    115206.84649634031
  ],
  [
    1614384000000,
    122756.37412509674
  ],
  [
    1614470400000,
    89783.37814739587
  ],
  [
    1614556800000,
    77807.18438544008
  ],
  [
    1614643200000,
    93575.0902997959
  ],
  [
    1614729600000,
    92353.04978825839
  ],
  [
    1614816000000,
    84740.17509476861
  ],
  [
    1614902400000,
    88260.03798519823
  ],
  [
    1614988800000,
    90145.24042699553
  ],
  [
    1615075200000,
    85318.43041690439
  ],
  [
    1615161600000,
    79315.81737698932
  ],
  [
    1615248000000,
    88220.95624523946
  ],
  [
    1615334400000,
    76939.60239007228
  ],
  [
    1615420800000,
    76951.99011108853
  ],
  [
    1615507200000,
    71129.177457184
  ],
  [
    1615593600000,
    67175.19291286713
  ],
  [
    1615680000000,
    67175.19291286713
  ],
  [
    1615766400000,
    64571.180681568556
  ],
  [
    1615852800000,
    61615.13469720366
  ],
  [
    1615939200000,
    60015.73058358036
  ],
  [
    1616025600000,
    58439.66524440593
  ],
  [
    1616112000000,
    61375.96529249245
  ],
  [
    1616198400000,
    66661.50011284392
  ],
  [
    1616284800000,
    68592.546182674
  ],
  [
    1616371200000,
    61294.85371000079
  ],
  [
    1616457600000,
    60650.22205859249
  ],
  [
    1616544000000,
    52448.991152889525
  ],
  [
    1616630400000,
    54511.29067496939
  ],
  [
    1616716800000,
    55037.25387153475
  ],
  [
    1616803200000,
    58198.08425598412
  ],
  [
    1616889600000,
    76848.36605095577
  ],
  [
    1616976000000,
    57201.69773441935
  ],
  [
    1617062400000,
    50631.203408188085
  ],
  [
    1617148800000,
    53105.46546291343
  ],
  [
    1617235200000,
    53120.85481182816
  ],
  [
    1617494400000,
    46617.46462159022
  ],
  [
    1617580800000,
    46617.46462159022
  ],
  [
    1617667200000,
    48551.14736561868
  ],
  [
    1617753600000,
    53825.14564848117
  ],
  [
    1617840000000,
    46798.181503295935
  ],
  [
    1617926400000,
    48251.49502426906
  ],
  [
    1618012800000,
    51181.15684810213
  ],
  [
    1618099200000,
    52339.20603807051
  ],
  [
    1618185600000,
    56268.79821278137
  ],
  [
    1618272000000,
    56268.79821278137
  ],
  [
    1618358400000,
    55069.98808217686
  ],
  [
    1618444800000,
    53304.70488421423
  ],
  [
    1618531200000,
    55938.49795212577
  ],
  [
    1618790400000,
    55938.49795212577
  ],
  [
    1618876800000,
    55938.49795212577
  ],
  [
    1618963200000,
    51324.32369600756
  ],
  [
    1619049600000,
    55700.45882235494
  ],
  [
    1619136000000,
    55700.45882235494
  ],
  [
    1619222400000,
    55700.45882235494
  ],
  [
    1619308800000,
    56395.94003218736
  ],
  [
    1619395200000,
    49884.76071172528
  ],
  [
    1619481600000,
    57330.63368201969
  ],
  [
    1619568000000,
    57429.344133573715
  ],
  [
    1619654400000,
    64717.124310415056
  ],
  [
    1619740800000,
    64717.124310415056
  ],
  [
    1619827200000,
    63592.04730194358
  ],
  [
    1619913600000,
    66131.27409425075
  ],
  [
    1620000000000,
    65896.28034038143
  ],
  [
    1620086400000,
    71827.60074461969
  ],
  [
    1620172800000,
    71400.8782960075
  ],
  [
    1620259200000,
    71566.25834618403
  ],
  [
    1620345600000,
    75483.4423526673
  ],
  [
    1620432000000,
    74720.26465447967
  ],
  [
    1620777600000,
    91717.99813819192
  ],
  [
    1620864000000,
    91717.99813819192
  ],
  [
    1620950400000,
    78836.5783920465
  ],
  [
    1621209600000,
    78382.52803227615
  ],
  [
    1621296000000,
    78382.52803227615
  ],
  [
    1621382400000,
    69161.17398572773
  ],
  [
    1621468800000,
    60377.94525841329
  ],
  [
    1621555200000,
    53391.99370633371
  ],
  [
    1621987200000,
    54010.585240921755
  ],
  [
    1622073600000,
    54010.585240921755
  ],
  [
    1622160000000,
    55229.08408949122
  ],
  [
    1622246400000,
    56428.02983993097
  ],
  [
    1622332800000,
    54301.40411684968
  ],
  [
    1622419200000,
    54301.40411684968
  ],
  [
    1622505600000,
    50336.87331426839
  ],
  [
    1622937600000,
    53594.16841655854
  ],
  [
    1623024000000,
    53594.16841655854
  ],
  [
    1623110400000,
    52598.750714521106
  ],
  [
    1623283200000,
    54625.34606437545
  ],
  [
    1623369600000,
    54625.34606437545
  ],
  [
    1623456000000,
    50745.77290967922
  ],
  [
    1623542400000,
    50745.77290967922
  ],
  [
    1623628800000,
    44903.628663606956
  ],
  [
    1623715200000,
    49282.41558305314
  ],
  [
    1623801600000,
    48893.41769355785
  ],
  [
    1623888000000,
    48893.41769355785
  ],
  [
    1623974400000,
    48893.41769355785
  ],
  [
    1624060800000,
    45763.056760244974
  ],
  [
    1624147200000,
    42333.78777114262
  ],
  [
    1624233600000,
    42333.78777114262
  ],
  [
    1624320000000,
    37548.2038639406
  ],
  [
    1624406400000,
    37548.2038639406
  ],
  [
    1624838400000,
    38406.72188432523
  ],
  [
    1624924800000,
    38406.72188432523
  ],
  [
    1625011200000,
    41125.77889393311
  ],
  [
    1625270400000,
    41520.086211668706
  ],
  [
    1625356800000,
    41520.086211668706
  ],
  [
    1625443200000,
    42748.42852315266
  ],
  [
    1625529600000,
    44133.12357732792
  ],
  [
    1625616000000,
    44274.033947901626
  ],
  [
    1625702400000,
    44389.816973868874
  ],
  [
    1626825600000,
    44242.25649624086
  ],
  [
    1626912000000,
    44242.25649624086
  ],
  [
    1626998400000,
    36147.206942817626
  ],
  [
    1627084800000,
    36897.26208138241
  ],
  [
    1627171200000,
    36905.211022420124
  ],
  [
    1627257600000,
    36905.211022420124
  ],
  [
    1627344000000,
    38816.0591444629
  ],
  [
    1627430400000,
    38816.0591444629
  ],
  [
    1627603200000,
    41056.87584322406
  ],
  [
    1627689600000,
    41056.87584322406
  ],
  [
    1627776000000,
    44696.48258129223
  ],
  [
    1627862400000,
    43023.53495530338
  ],
  [
    1627948800000,
    42553.22154427727
  ],
  [
    1628726400000,
    39839.933171817596
  ],
  [
    1628812800000,
    39839.933171817596
  ],
  [
    1629590400000,
    49809.970186982246
  ],
  [
    1629676800000,
    49809.970186982246
  ],
  [
    1629763200000,
    50188.93250925484
  ],
  [
    1630540800000,
    50262.03767537783
  ],
  [
    1630627200000,
    50262.03767537783
  ]
]